# Created by Octave 5.2.0, Fri Apr 02 16:07:31 2021 CEST <br1@br1>
# name: ptcls
# type: scalar struct
# ndims: 2
 1 1
# length: 2
# name: x
# type: matrix
# rows: 2
# columns: 320
 178.18453725892783 81.338624799682975 81.687187565201029 59.479374825255732 85.887290976534331 106.43090764841018 45.20703594797105 66.440522514118243 57.802998520592496 117.23915541739164 87.248305142918738 82.32475395903036 101.93404613091667 107.61561366860943 105.3608823630548 109.40453453481679 42.435219388256179 74.238924839126526 82.537738637596178 83.973931624328685 86.952957560735385 153.82653827878329 106.52419698597838 155.01564804345259 151.04391266111415 140.61648640990546 152.17809408382385 150.95229388378999 157.30195247777743 155.45527542837826 142.51576596062256 154.70685562650817 150.29621792823005 128.68247577524721 156.41133552672466 152.37312328815591 154.07567251807413 156.26150057644375 156.89372971578572 154.41448498365375 155.77901860084944 157.6704135035734 150.47263374663279 155.83878171327049 152.73363478745466 163.36730010149941 171.91956414990247 170.77779600602602 154.40676993456242 151.6327290700913 143.44054859840054 155.31911998057049 157.67981652372978 153.41240465107225 172.98696273310279 173.91957221153046 155.20462175971298 169.73159305382302 174.03887691249315 174.41961810218822 171.72187013554029 173.10783929234617 172.79253730601957 171.73456939803415 71.408824555478418 73.032556110255513 71.833334566415004 47.034004307469303 73.044674480562435 72.572390015905611 70.833570008658029 10.765525688339819 74.108215733182689 73.404555806309148 73.48654953209693 72.421598380128927 74.774663917500405 72.982057954670623 73.676710956831528 72.421061758065122 81.821020820236583 79.581244231611592 75.684551494500013 74.144471214658807 74.5893761866608 74.257694520689668 76.219354472072865 75.250754042259743 82.78449086312078 80.717828694679639 78.390917464914509 75.244236723818645 75.658599483707803 75.316636757907048 75.730974267885088 76.401120284781044 106.28794955946357 70.144799949234724 80.777377393908154 76.464281042593058 76.511850774216839 75.970986106937985 77.29960827828782 74.760100198292378 83.573531929415381 85.621518570243367 82.933814149223025 76.691690891501111 77.634001289182947 77.984291403788546 76.964263167916528 79.085882597576116 80.649189832894237 83.414901823148213 84.967169186403723 81.145902876513645 77.663817449570999 79.9564618512359 95.799874733648863 77.761018241167719 77.285818536723696 86.582110863547783 81.449218062104933 82.890083088159884 79.567620674684264 78.42759096011784 78.952237118711807 80.077852870563618 117.27165340529641 81.605421822155023 82.398172704496915 84.833778052572313 80.394062762121393 78.559094913001573 80.932359014747334 45.353039079272094 79.048969626289832 77.929608834623423 85.309653579940772 98.411571209750463 87.376105634069233 82.22676261259403 79.368356333082772 41.270998627186941 126.00931806717432 120.59382702536233 47.812164647290786 84.425757230596247 83.426427157443086 86.187339726894493 80.98845421356684 46.426323118785483 199.15619095545406 128.47404602006901 138.24712187072157 78.716695059912539 82.832158910418343 85.968905647198838 105.92621536910045 43.235930614061068 122.09935979750607 119.50340373448327 111.10001285794741 107.7258138257954 75.128516873980061 79.874680191724167 57.537614632942208 74.384164773140014 118.25446310196862 121.17979519187408 124.71829529960104 76.14841066677684 41.994450502133525 42.890753713722987 92.726662375663722 73.267383000612767 116.94578459819954 105.25389239268561 97.548036369029489 72.484273279808164 96.925370692458372 118.8789762681115 120.13712157854761 92.046272268497589 89.447132481973796 169.46196465464197 139.36852257918889 74.102473051768214 158.56780267922997 58.353438822255441 56.986828736694235 71.986338556148283 140.45856484998197 144.12367861703035 175.23876705836841 163.32591639809038 162.38665698039006 150.21199178426406 119.65780471225436 126.95507994804032 136.82220767511643 135.69238623214255 150.24863048022286 160.98391881254037 157.59610904637424 149.45425124373565 151.49611901031426 153.12027392111861 128.15400479169898 131.31527341362826 153.18499459736705 153.12118986100228 151.43773172649935 122.38575260450418 150.5598406425033 156.53214852455488 154.11257274425245 123.79365601573653 152.33428455604033 127.20766936050043 129.63616513768685 122.18463350408281 154.80337537665321 149.95456648835278 121.03205934975884 128.5457114007344 150.1815546138063 122.64568288793366 198.01143042212595 153.84541355495776 155.87787015029451 152.65979839778493 183.65582112087955 123.76285880668648 151.3995865398974 151.61160435175546 156.7095276385881 168.28050879531204 165.39363744312402 172.91839562134624 146.20580061851763 99.583939935284178 129.01780984440026 169.0370700184682 169.98766327202134 156.22866772052643 170.95165607131392 171.83647965634245 145.10784707526349 128.71695775211873 168.21008024637894 170.38137075670537 170.5701474851617 169.59259568509125 153.27038098965792 108.50204991350978 178.33162767061194 176.51729603738494 111.54661149562662 178.07070652437889 172.20029316401695 170.78925092039614 172.77802705767357 175.19269764935493 165.4210849230094 161.54496304636515 161.66466703577376 171.71903401429083 172.87415666903263 169.68016293717221 170.46771701261505 173.28704599558409 170.98100153419497 177.01931198197377 173.41142061391403 171.56375076848536 172.74723019485396 172.54743099655482 173.68403639915149 169.09703474774705 171.34950259318811 180.3986821480689 177.41662984757124 176.29853161475225 174.78570804002391 175.45800125850513 174.06401569904688 174.0907765883222 178.71642880568382 176.75300475053859 176.09818685216123 174.96007291160123 175.08486952872499 174.39911229722441 176.94146784881664 180.70618929166827 177.81754685922721 177.34842628525797 176.81921476809478 175.54120428966544 175.78454084163218 174.60454827095134 179.31333358487896 175.21527467082879 180.56381378615464 178.65569162401016 178.1266279871584 177.59255267285619 181.18034838817999 178.18169542091439 176.85550537207234 168.22511505540251 179.73346831940941 179.44874381918277 178.73923768959881 176.20011457374576 179.45097647551827 179.42267965395092 178.18930773423622 181.92654481831855
