# Created by Octave 5.2.0, Fri Apr 02 16:04:20 2021 CEST <br1@br1>
# name: ptcls
# type: scalar struct
# ndims: 2
 1 1
# length: 2
# name: x
# type: matrix
# rows: 2
# columns: 320
 127.24704698691593 106.03486913946611 104.86196448271117 96.794402338244495 108.21907706917679 114.9929691847687 91.838615289439502 100.96124772473377 114.71355934320387 114.94830577256097 107.9149947316191 104.23657992246699 112.69494236127501 112.63124420467371 113.2414671466459 114.51352450913792 115.19026791380777 115.75753690136027 107.53803049922645 107.24880976385313 109.27663911728419 137.50339673956825 113.71476839591743 137.44759327035328 134.29667604055467 124.69179611222171 135.92474199221837 133.07769661374965 139.69716060739239 140.69081846768799 136.06417116956948 138.78579791656867 131.83731857208033 122.75275100984236 134.78593693963981 134.27354263975724 135.6041169971364 137.51068808836055 140.88924202235367 141.79820528345499 135.87537294708665 136.85055268161625 133.50809723385146 136.72449230236305 135.1812949139217 140.65007013870047 149.86153838313555 147.54538233029882 137.3987538926873 135.05570658775068 136.66056949216926 136.28184129137358 138.03179374761945 137.67779144180727 149.0919348411006 150.37546687836294 138.48358322415922 138.7106651175786 148.79919728937472 147.97075774805316 146.5117597873344 148.20587216436584 148.39800598362274 148.67891565332246 96.410088941177435 97.469432417334204 95.639404773035835 87.41155075198796 94.706554585563282 94.010301251128226 93.834497557672293 65.206375436818831 98.653690831554414 97.751602458615181 96.614265904829324 95.77018144239328 96.551739083811754 95.022086116230412 94.953583635094859 93.216967761821479 100.86566629668157 99.582473661542309 98.526205573018089 97.324496627440809 97.217286838685297 96.146070147073516 95.912166409620781 94.89958319296052 99.797238896790375 100.52470337813311 99.330081009296123 98.186947855789441 98.071972195923337 97.044218380917044 96.65560312511198 95.650053089715684 103.56722796086936 105.39558423251091 100.60076053418064 99.351390537218123 97.805612059319756 97.525463852373306 98.685382262257718 96.515868427412215 104.85688218331087 107.99147386780189 103.52804403707545 99.140855576340982 100.18555981037964 99.943680042240771 100.51007755760897 101.57549621389401 104.76919747043954 105.82250936148168 109.82912302543475 101.63184753803742 100.42112362097407 102.36490402004394 104.38879782045518 101.31159938291712 105.47661051630423 106.67228356383536 106.53746974626644 102.09239066106619 101.52241411740535 101.22422744424625 102.34677939260155 103.38538283824414 107.16304452130397 106.96738969745812 106.07672961031234 109.02429489772048 102.24493111988841 101.33370753254934 104.3729061346846 90.771865469356015 101.84916126902921 102.82197616509853 105.53547448149713 110.27858786109435 105.85328094120267 102.74900493596988 102.44516954750651 90.915076335022604 113.23640826452208 110.41363909659721 100.03490772259846 104.76916290201659 110.35777194016862 107.17462034669032 103.18844129488497 91.897867517634737 111.33319761275098 110.40680685668852 112.34342719468583 101.79094537909567 110.79241870220901 107.72909983364028 111.91996935287584 114.17674547202279 109.37431736543459 111.48789544348267 112.58359169499921 113.50793225639808 112.84549462609469 106.64029376516692 118.1929637536613 116.86517162482689 109.61175436656333 111.50239825645163 112.37205678949913 111.71470339257492 113.45203967287345 114.6475267258582 112.27472707300458 118.30113089318 120.45670807682518 110.82357817203332 110.21184288447245 112.34398073616958 110.81522465884771 111.30494551429265 113.89196602673108 114.00507057932266 119.42715051820994 138.87196589394279 137.49953083819133 112.60515419152902 130.92366209990197 113.43608418560217 116.18427350574356 115.19987329792733 136.37533930134933 134.71635441656548 133.32331353652867 132.09197303112913 133.49696026723953 131.89875503147849 129.59736560196131 121.58553252972828 134.20642439169097 135.35150003285585 133.67902941341578 132.95457173725902 133.40721541398878 132.59068637188133 133.14712901889186 135.33457236607529 136.51636869393857 135.7550586578742 134.7591127336058 132.43162870628544 129.69190664267978 131.26038132742954 134.81342926646002 137.72083255929547 134.50033367140665 134.17242956888938 133.18231959491041 130.41005929905879 128.5476199526295 127.49802779753966 134.4504551958828 135.64125935751463 135.4036975006712 132.14593772755896 133.30912577902089 129.66531484812492 128.22880943500567 136.76683133031028 139.66040617517803 138.42010688555928 147.74531768107286 132.21571532507735 132.35090877409502 138.79028245946571 138.72435824053355 145.36549137694163 138.80397677698625 148.29074594782247 138.2200455263301 128.75872252106183 130.71362142596163 145.11573772730469 146.44036003383161 143.67631809276926 146.99994674724908 147.69431974462682 137.1257652088122 129.09882647142555 146.85698697958418 146.1407484539281 147.50357918580883 146.24505413106183 140.32848286487484 126.50784477281064 148.41372153066888 149.47310270360913 144.13160858259249 150.63279305213976 148.36902943639592 145.96020539767244 149.31683109191002 150.24669299902112 148.01641542820803 147.61448952595589 147.67830383346671 147.90781018273151 148.22555309728259 147.24772517832511 147.31010316949221 150.24715196217832 148.77789107915956 149.31706728267139 148.70153061339977 149.76891385468213 149.27176688904098 148.29494366964863 149.3773536926619 146.36281689739207 146.98478394474512 151.73563293121342 150.40119248050397 151.0212008074385 150.5684912409499 149.49513535178099 149.23880036557892 150.18851776181432 151.53013704108099 150.86893953996085 152.03797762056763 151.63033379018583 151.52899507236569 149.83493570971351 151.00414112999835 151.24273166495283 152.89216833092976 151.97266330475583 152.78218663773791 152.56934051747081 151.89861333808713 150.86420687197159 153.09636060045585 151.34772497003812 153.98850310706234 153.10020977827165 153.6098820747076 153.47275276204201 155.8257255545725 154.30901948255283 153.74831318349021 150.99982056506755 153.81848484871352 154.01224919922609 154.84297778274623 154.48463846879812 155.65155805772193 155.50587286655335 154.9353997405008 152.14084038639578
