# Created by Octave 5.2.0, Fri Apr 02 16:04:21 2021 CEST <br1@br1>
# name: ptcls
# type: scalar struct
# ndims: 2
 1 1
# length: 2
# name: x
# type: matrix
# rows: 2
# columns: 320
 127.31494545333686 105.90109401911761 104.76796954118277 96.676316808140101 108.12916671450543 115.03840412207279 91.640541417426377 100.85200492343435 114.56902176976129 114.91710700460716 107.87673601796773 104.23228328041748 112.74612315592883 112.44103947592427 113.21967913226953 114.44492278383012 114.98554886636536 115.73847818886173 107.49316950423588 107.2701607723822 109.26838386324827 137.48120609478812 113.62053614131993 137.53232123181368 134.36684917654253 124.70127800920946 135.99736862317224 133.13426179498396 139.73757112806555 140.70807554651179 136.04479841546282 138.8448834079098 131.89590954519022 122.65837337823126 134.79370298592823 134.3712648934758 135.49233494478216 137.69203072723514 140.99811081383038 141.84380249425408 135.99991101729677 136.83788610889414 133.52820579292401 136.85521319522749 135.28255960696251 140.75768901189738 149.98766122513703 147.49718275058146 137.3796423833368 135.15215935131693 136.7199457963892 136.36400163873805 138.11091468773057 137.59829523312803 149.05509067437245 150.40914072075549 138.58735525096208 138.823199410174 148.91044178037725 147.91137920061644 146.58915948576617 148.24771081314492 148.52803001295504 148.84412606107162 96.245980584551404 97.334802362497058 95.573765162197333 87.283773706277458 94.65321428895794 93.978686376241768 93.831919541647196 64.965958028194962 98.665753094626396 97.693864233334196 96.548652748854451 95.788249993774713 96.523664340203595 94.952331974069082 94.827237119602472 93.195265634044588 100.7020555388702 99.528245298861989 98.405639177032242 97.312597357236129 97.14477850909249 96.039294997694796 95.86359272762121 94.847058600126672 99.699331837030769 100.44949750579408 99.283185681807922 98.160507399804942 98.047636046055416 96.948682158567124 96.608400371693705 95.564229612273294 103.44758847538753 105.33683446698478 100.52975640659481 99.205593015136444 97.899588698568351 97.474258691770757 98.583300695671284 96.419225387966947 104.74022377932495 107.98963670742242 103.44479178434169 99.054690559825431 100.18709490715467 99.93620018077138 100.50059835614593 101.54809055469494 104.65563331315843 105.7180021115161 109.73255159075619 101.52903140871862 100.19713047936756 102.23625329884297 104.46765026534659 101.18815331083579 105.46159134032933 106.50987090395876 106.52277594840649 102.04640890125413 101.39249527328467 101.21870728425034 102.30558226871771 103.48815552858112 107.19616984864538 106.87903756044149 105.90280076579086 108.90200142434647 102.1305071988196 101.21991745782189 104.22093593112236 90.606824080058246 101.82822970573773 102.77442503353717 105.51365500849801 110.23259706435908 105.8093931240056 102.54013095899866 102.49967947859092 90.757974823288947 113.36296222766987 110.38401826031902 99.869645877423437 104.70455504822519 110.25720292327385 107.03373871338773 103.10012306904936 91.825786734229141 111.23042253655127 110.39334234007553 112.30945310491535 101.63548247492193 110.76945956067701 107.64349555982207 111.87419240546511 113.99807895792721 109.41805721452111 111.48667838321738 112.61376873156044 113.56125699016003 112.78362064649004 106.56265890146057 118.07757668435617 116.79113398779836 109.6466057699317 111.5429528051567 112.36908528213402 111.73809550516805 113.40618869372588 114.53473795842227 112.23754826000989 118.22616679772743 120.49391313684485 110.79248839202548 110.07987243331225 112.28948269512559 110.65599702273812 111.15558986968172 113.83662766828267 113.98336444113497 119.35337280559105 138.96728316667691 137.52724804235285 112.55426136710443 130.99368359721012 113.32285332259953 116.09977657288211 115.21765040212266 136.34720302166744 134.67586413200021 133.2956739113815 132.21007055227471 133.59449398974277 132.02268434026902 129.6436650111836 121.63321017081064 134.3116913542797 135.33034680172884 133.70389590230675 132.98913636054425 133.39999734844406 132.66559043327632 133.15807702957437 135.46788741336439 136.48968020000078 135.84097330966867 134.80018418668504 132.53216239883153 129.78998075437701 131.20789327164715 134.85750752598113 137.79826424163559 134.48328567253981 134.14811831239578 133.17771251724605 130.45287986855848 128.52760777736682 127.54034255534511 134.49733143941987 135.5971630573581 135.43032804793651 132.08012020782584 133.30807679197443 129.67205033935014 128.16573846065634 136.79540124668887 139.67916392123402 138.47398462633902 147.85895851474314 132.25370420131736 132.44189868626697 138.87291669627447 138.8366093628095 145.38145677475197 138.78424925512476 148.44551382712163 138.3030828659434 128.69110315956607 130.67001426000309 145.19778175774908 146.45740608792326 143.71604071817356 147.18317316035862 147.74956491054951 137.09259928579851 129.08026160679844 146.97155757694108 146.20852179509444 147.55354144057438 146.25841993341371 140.49919495361402 126.45086440933184 148.52915259908553 149.52757292566776 144.19771240126826 150.75621903712317 148.39498991538551 146.13944718189097 149.38885071901237 150.3905706393555 148.1611531229573 147.65857322162861 147.83993185726797 148.03736067813577 148.17335410722052 147.24164905347661 147.31598195308035 150.29427349755034 148.82810461518775 149.46072407221033 148.72484831863744 149.83833600690193 149.27895989405724 148.34160242840005 149.5168134173924 146.53431995429463 147.03729488348367 152.04860986485187 150.51873530712629 151.12709776757316 150.68275639565866 149.50723328025919 149.3358315759682 150.29950628279516 151.54168498191993 150.97631744968251 152.24886043822184 151.56908562453256 151.5639373849001 149.89415004786815 151.18483517766512 151.29810357174887 152.91351378103499 152.00407373163338 152.93210836891333 152.54613479206506 151.9627854755758 150.88815214108325 153.1539814295306 151.46654418858844 154.0958485289199 153.15323654934122 153.65558532520964 153.54831427232463 155.8773420588752 154.39151516311068 153.85784756468686 151.03107592212481 153.81735430750408 154.01818280709688 154.96156676909237 154.5460142434965 155.65802655500406 155.57604513406491 154.96752230183995 152.34939271384428
