# Created by Octave 5.2.0, Fri Apr 02 16:03:42 2021 CEST <br1@br1>
# name: ptcls
# type: scalar struct
# ndims: 2
 1 1
# length: 2
# name: x
# type: matrix
# rows: 2
# columns: 320
 122.96944360239746 110.19099450405531 108.14455689127198 104.23379073482137 113.47880911881977 116.37686885541018 100.82051911294975 107.84354420659699 119.83340726421252 116.91382815365104 113.62074413058792 108.70657210895529 115.21993930868553 116.61576233336223 118.0341033215698 117.1967592838772 121.64761727789266 120.047179577845 111.29273947397701 110.86574147524523 112.33087815929115 134.46075889527708 115.87277513713006 133.31639880966466 129.25008351907343 124.09443660199341 132.00068979956649 129.51409019598844 134.99085056386414 135.40173816014564 133.48129298157107 134.46530709388912 129.76000315789565 123.654006975306 130.16041146650716 131.23233575380843 131.00845963750075 135.64764410498191 136.42059612093635 135.97625240201171 130.71024749258493 133.3412862997005 132.74482749857651 132.29065045676509 132.07743438226748 135.80432447248214 144.16422642216781 141.92258776990712 133.80223474863942 131.63137140429549 133.09768813594405 133.22792221656124 134.12331213633718 134.22086112255619 144.38838219443355 144.61305863780504 135.2641264699011 134.1547468570067 143.01869853060629 143.34784431988118 143.00202809997279 142.57965936381729 143.69864109530735 143.50695735542419 100.93609423696425 102.4975054811071 99.862369259191624 95.461504631749591 99.242771098129793 98.166740988763905 98.003961104441672 80.352672180122624 102.73386622095137 101.66169808151699 100.55179806251009 100.18756357424128 100.1800874227193 99.266971609508744 99.126025576706169 97.230071724072033 105.74862309697117 103.66599290903072 102.56989832724013 101.39716898797674 101.16286879033281 100.1613282172795 100.08733833337337 99.058361419865037 104.76422723215801 104.54531238577661 103.4821152713611 102.21268890833356 102.13626850609424 101.20728917541091 101.26828057788958 100.23307649737563 107.64069711718351 109.67730634551805 105.67385826044212 103.14513180623763 102.26954205434727 102.63290812694959 103.41598491336937 101.09433027740795 109.45024463128507 109.01696360298354 108.57043812044591 103.70750250397406 105.15519545224571 104.55876584647196 103.74027835670795 104.27067679343662 110.52772988060133 109.32599883308028 113.14868414505251 106.79550925278784 104.24412116926908 105.67195686200002 105.97586240534066 104.83244452922571 108.92503345200419 110.46489340468122 110.21568048285634 108.05754845346286 105.23914342851999 106.28868319634918 106.92604737480997 108.1660672748478 110.27403689293749 110.0716229687205 109.24778048947979 113.15948995433374 106.60245657272445 106.52216083726321 109.25426978576735 99.605742774800788 108.4467802270169 106.85682137143026 109.34284000520643 114.18675261140557 112.68728340475576 108.95212238835978 107.51231513931648 100.81247157424301 113.54234129063192 111.02415831849198 108.27232945788751 109.75730531327999 113.35608369983406 111.0070306413182 107.82343951375528 101.49943720581672 112.80077268352593 111.73104954078764 113.97118206420872 107.44112846418965 111.81465022607844 112.40725337506045 114.80391703975179 120.64650019516571 111.4736556520883 112.03806071795171 113.23005306211853 114.81453125575456 116.03940537957104 110.25066760713736 122.76912903556887 121.91675643747628 110.57117921891943 112.72087306242197 113.8455142424209 115.1928263751584 116.31823890832443 117.35054652435234 118.33884558332325 119.75361963466015 120.59786119884706 113.18842449086311 114.16700593777409 115.26821599189395 114.00182273755121 117.55908495958762 117.16008593268394 118.69957024620116 121.59007450994127 132.86697771169315 133.84245193221273 116.33142495161292 129.29316996770177 119.24841168523557 120.80842219406718 118.35227209567658 132.77700063851032 132.58573590850017 131.07909534248162 129.98127870638265 130.99008475754539 128.91112301056378 126.68050282095732 123.62637596757538 130.60110855600124 133.89246018463095 130.56126115685697 129.37769410684359 131.41559646120351 130.35664587314758 130.01446013025264 130.36488329280795 133.25640316292717 131.79068724053815 132.49375728666271 131.12282270980378 129.68859093864378 130.66002564447606 131.00329510897151 134.75394209478839 133.39924047052452 132.51815146788911 133.35947715560664 129.85533306304009 128.68705230516571 129.96385887268778 132.01063230939653 133.79737361702192 131.76568195504774 132.40664324421343 132.2093085994818 129.66936281364599 130.54379748382462 135.58767235542896 135.95327600972894 134.89419503891827 140.58594515984558 133.4209188539466 131.89413739481242 135.78530323126418 136.56292377662623 140.68107194471321 136.68463983963659 144.04795240523697 136.53622110498731 131.17040868917948 131.26074914479483 141.50935094974227 142.17655552082209 140.87057966593164 142.25795860368487 143.17924754906187 135.66769038437911 130.94152296331069 141.79169511606398 142.27580257562124 143.4136471291074 141.69024398548996 139.84889405526638 130.09760767196983 144.08286749287353 143.10017544146049 140.24835944034646 142.57584211503558 144.20393567775892 141.62214686270127 144.50689657365839 145.38426498978367 143.91595505583035 144.58281604622957 143.1445901792309 143.30422233490486 143.95184683926419 142.93757703089827 142.52617801775912 146.0412230462571 143.95871382023893 144.34611849887111 144.27991341588825 145.35071615771537 145.10205962182536 143.40329697931739 144.1772326330144 141.53629077522615 141.99161403377144 145.0078517937996 145.63884462980297 146.27302051819751 145.80165996289747 144.57212156358023 145.14369461753213 145.71331879546059 146.86789693264939 146.42463870188561 147.34340199831902 146.91586056167858 146.68252119912214 145.32456894486143 147.0858670029258 146.38105096833769 149.40397509015142 147.80910851832564 147.99195996685418 147.76902821694466 147.20246883818166 146.54759395386574 147.99009403054401 147.19679643617431 149.61031462986793 148.44396492585881 148.95212268742696 148.31552834941343 150.22272096180353 149.18573790132425 148.98584501670439 147.31602006250702 150.61868121722031 149.3042107374321 150.02144892256172 149.57242704533067 150.86723970846239 151.37132689373678 150.13591385559047 148.18800241196845
