# Created by Octave 5.2.0, Fri Apr 02 16:08:01 2021 CEST <br1@br1>
# name: ptcls
# type: scalar struct
# ndims: 2
 1 1
# length: 2
# name: x
# type: matrix
# rows: 2
# columns: 320
 190.52248047542679 76.613855218689906 77.325661934363808 52.276157488887648 81.941541846804981 107.17731137270796 29.564624123164982 59.776711634856603 41.937933257771057 115.4001337388447 81.55110363851071 77.705636985723089 99.673425298308956 106.07949217579694 105.18679243564742 109.4211734989227 21.476286196976307 60.56910887281191 78.685053470956973 79.751201484525154 80.602795126434415 155.50974155059637 106.37413212642625 157.460962534201 154.42465461070657 141.6826156268902 154.6618323762815 154.40276993908259 162.89538512731079 157.42787963876964 151.70736503332171 156.36586256163508 154.95802397195371 144.67763961507819 161.44592463578152 154.33955947112077 156.6692999370627 160.01989698455657 159.49997808259852 156.30017584555171 159.53886941072963 160.22735280721383 153.78404049185559 162.79916625813385 155.76973673918252 168.54046377313287 175.89972122885086 175.51290841332974 157.68115344900872 153.47620756144326 145.15555835264064 158.5335096399852 160.25616074656602 157.28157919240456 177.15316378809953 180.32938801727136 158.48768937459451 164.20592036600502 179.7135047735789 181.92373652430342 176.53995622322626 178.31167933156726 177.60350587102531 176.53115854869935 67.275417078298375 68.031171272543062 66.899911278596122 39.239604519128676 68.120526507216681 67.932952570223534 69.950102910537638 25.430987614398042 69.453495287099344 69.28843296215932 69.103669973492728 68.268259900924249 71.040274526292379 67.922346780231649 68.59756394530838 68.78326639292024 76.82038367404833 74.893474669600195 70.597624434298297 70.009632237394754 70.342605402238632 69.00483695117299 71.992736601304372 70.083019135458258 78.359508224783056 75.747288578535432 74.741962960031003 70.359938972692987 71.399696453195745 71.21405802587023 71.686895792812109 71.58949417105913 103.91942042985656 51.232237409177813 76.0284492021175 71.565818585056277 72.165396930425274 70.496626125419951 72.953703568715511 69.421311700545289 79.317052412510847 81.515217628278378 78.157630119459213 72.37244583279012 73.192552878205206 73.893481863801028 72.797318516306674 75.043572322704065 79.222721692536084 86.306178983233252 79.764565798619515 76.502557314440821 73.565777008089356 76.068927104980929 92.803678534857056 72.745066668608899 62.923809833232298 82.739225368174758 77.454732864274447 77.934245387826294 75.476424313879093 74.092356769220558 74.212621287283682 75.500156854857138 117.44455203819074 78.180739316097572 78.059082505254025 80.537876999931925 76.180175642549258 74.274403773080323 76.748258169590329 40.47003224531035 74.289584279645254 73.395612641761119 82.528256903539102 97.605888602351229 80.432480227867615 77.582944925618605 75.115101901615006 31.687806411433783 121.71759983135249 123.75500490486841 37.731192091614304 80.454076588486117 79.168560674053154 80.98673043099113 77.054654094962316 40.404783049848717 230.72607627556903 129.07441585244069 147.33441326482398 74.349395058798279 78.551630611151651 81.683418806841701 106.80790236374136 22.736562398737654 128.59274834630671 117.12760980429053 99.21129300242913 97.38227900699863 62.166442142246048 81.252032211317157 42.512206925780532 62.789103014723942 121.8924131888099 125.89432583047329 120.14227026984888 64.594016463162944 23.624679292351967 24.611002721973978 89.082867400693459 63.506245288976622 119.16035502530102 102.61975725456578 91.256311297252211 63.613222368632847 94.612975069166012 125.76012864845428 123.17543973452194 85.314903094317813 91.155121291325742 175.27699802799643 145.9604664921616 61.830159649603253 167.06289580986845 41.68141998198076 42.72271308919165 64.147498903185124 144.8778047905335 148.42297598221921 185.59469265682085 176.36783523703383 175.57367983226197 156.46406601312668 124.84197343340036 126.01897586667533 136.82737028307079 138.06662278570698 154.20748583505656 174.53700132857344 166.36805972563548 153.9990419189501 155.49172245597356 156.80493699455209 122.59056039387386 130.73504586212024 158.82445471450941 164.42671497847715 158.05629671332255 116.48084455358583 156.08555712490596 158.15321519979662 164.02794967537463 117.33561775656648 159.09599261276034 123.23344427989812 122.04148587126672 127.2095802935393 158.45951171982207 153.76035903740015 116.60775068953743 121.34081670052791 159.01124929706697 117.68147348733977 227.87658881952547 156.57251894457707 161.45751352530101 155.87632277133818 190.58791197476629 115.02071652174602 160.10205628724472 154.95458592635549 159.18736766755612 172.61715348002306 170.32894717810626 178.17950793647691 147.74697246661427 87.776159291864531 128.96172627702387 174.37823088868885 174.29163175449025 158.65174787018842 175.52444528590448 176.78888928805409 146.95673409423455 123.41798349342159 173.65102660012965 175.78248276997778 175.02851314229233 173.96817752472245 155.42537952324761 105.02624774130297 196.12613069374103 186.01342582642798 105.14134736206989 183.06333426986774 176.7048390668904 174.77465610067804 177.58618823824725 180.12495687139941 166.91089564134955 166.03087807075838 160.79479647435369 177.90973166226149 178.51102092346278 174.35552341212536 174.94234074741198 177.68579956576929 175.55386705863552 181.28306266776374 178.63060104137767 175.98850395432871 177.57318714422081 177.52380590332194 179.41229379856355 172.76974194504135 176.35050272582652 184.6375442259511 184.10035558440993 181.3922284720351 180.21250186047638 180.87782454088645 178.94263819098779 178.82660904052128 183.86671881571149 182.3166092249694 181.75882507935611 180.51390757862285 179.21384677986242 178.65679694300692 180.82983908542786 183.3197406298884 183.6835262004308 183.05906613170421 181.14197661191122 179.86530220900934 179.68041959295337 179.15780138768184 182.33817055189311 181.36603484718083 185.26033718858926 184.20342616545668 182.30499808753902 181.51682529211476 185.37746548403345 182.09144587238595 180.9538156085205 171.51783590165752 184.02720801585096 183.46505719490216 182.91079589265178 180.43144411464692 184.73222352076306 183.11486316889236 182.04801054178716 186.17498895685563
