# Created by Octave 5.2.0, Fri Apr 02 16:04:08 2021 CEST <br1@br1>
# name: ptcls
# type: scalar struct
# ndims: 2
 1 1
# length: 2
# name: x
# type: matrix
# rows: 2
# columns: 320
 125.82117919207644 107.55438821480899 105.17552396557917 99.274198470436787 110.03706455356337 115.98040298849969 94.411198358715524 103.25534655202151 116.61699179083951 115.60347989959099 109.56755415212477 105.13765195719614 113.70474413353526 113.80642268967948 115.37221339706109 114.82388054864565 117.68908253555782 117.64502720184009 108.72433968587731 107.64834992038791 111.2196139055399 136.29444334301451 113.94368285753602 135.22259265258 132.02602302973585 124.49267627547894 134.85953133755055 131.88982780782925 138.28652333839574 139.3215438905489 135.13093287768086 137.45358281415207 132.4278012093412 122.75202605769825 133.30903152064522 133.08990591979457 134.20807062576654 136.21232243810076 140.16382023367001 140.30850694853822 134.60134161624123 135.66228598826078 133.62810607323536 135.25735408911333 134.1981477819466 139.31139710254672 148.27540747331983 146.29502603264226 136.40004782449557 134.1549497029776 135.41581426025274 135.30806301431537 136.57022754263301 136.6980636837564 147.98924761727258 147.77099842157043 138.62217042451766 136.77924272546818 146.36972628301621 147.16007312534481 145.82294098171624 146.7102598309454 147.24891124671166 146.84902323091345 98.136008080859028 99.295341740244012 97.28828166624892 90.094868711908504 96.275751126866965 94.681529901418671 95.465987164492361 70.255141017920096 100.28214653179752 99.252151478213491 98.222104045153145 97.243473982235528 97.663718271513133 96.516927074201689 96.334792314756456 94.324079224491243 103.19041414010331 100.56980682264744 99.54198735129944 98.55079751493075 98.519973881186829 97.391499790686169 97.179542591139892 96.118832351858231 101.95445389197053 101.73187762690266 100.53625996469282 99.677400053055806 99.549817273316975 98.20977570446415 98.063743676690564 96.886468387253998 106.18509618194129 105.22834280002884 102.78557599572454 100.66489157011844 99.228862454970312 99.296147980192885 100.2457406540186 98.467107688924827 106.68857513549492 108.86065646503621 105.25475265085042 100.6320708192989 101.56954512220392 101.35663152943548 100.84462397558703 101.7706965980107 106.95866295464791 106.42224887465325 113.05788514272044 104.13319926249946 101.62637236857005 103.02908121034342 104.21044098241011 101.85498702036942 107.41277484453134 108.29857244307122 107.93169636755796 104.16542458412096 102.7592665798642 102.72687997861664 103.9629710357829 105.07581326721851 107.49728823904896 107.73655853106494 106.35125563220514 110.8062203588009 103.70413005814689 102.5100692538611 106.1098309832271 93.715923748665858 103.15970956672818 103.26455784242923 106.52504229455623 112.29690086107402 107.80706876856962 105.25817894963616 104.1892259245497 94.214208081429405 112.9775140963618 110.19747165426296 103.9775401287514 106.37016997497773 112.59154574899912 108.8303949384526 104.95843107005273 95.520343108094565 111.84152306052459 110.34203889135522 112.77276451939109 104.26853932614719 111.30573242342916 108.6511045307609 112.88128524850116 116.6215687349254 109.20255316784777 111.06400782426383 112.02503695026246 113.45460253851023 113.87139367026946 107.31554178356319 120.08722170498758 118.76527086946582 109.42078259967103 111.21700958131747 112.76800482383003 113.15881775134066 114.31129498442819 115.62022377115288 114.58561982599043 118.65561941093566 120.566238361788 111.97242231156736 111.77536476551383 113.63008965556342 112.78152912596838 113.89687798781149 115.16533788026763 115.60541310127822 120.08564593783157 136.87030316652624 136.33103544151385 114.69837394274646 129.7746097355629 115.37581703591403 117.12520763798305 116.61437700020333 135.42262936957655 134.51861067572119 132.93580473711228 131.18245310900298 133.39197566276647 130.34042669868023 128.62507800829331 122.56695728297588 132.55191331006509 135.41054007787417 132.14781585032722 131.46456232511122 133.20260935858653 132.12703019809075 133.00892510956712 132.87349832309806 136.28027418022941 135.40591354099809 134.42537841269757 132.16559262776636 130.28843052903662 131.32422746570617 132.99958075205754 136.05607440286192 134.59944480821721 133.879541502308 133.47629284618151 130.6527139059323 127.2934844993803 128.10976154834205 133.80843532535465 135.0550656442843 135.13889700084846 131.47934428303205 132.80431324890253 128.68151864873167 128.15041502046694 135.76243365939024 138.3243844365802 137.44162433600425 145.3588601739971 132.4064805370262 131.5319815329083 137.37508191398095 137.9692475018675 143.93118482478491 137.26824598513377 146.76370045054028 137.75383284287872 129.46936954947088 130.33146348794995 143.9197171280918 145.03881782187088 142.94414367822921 145.64935104970087 145.30462313129527 136.54467814367152 129.30485185329601 144.99355708775946 145.44252834380535 146.18699948629114 145.00859819781303 139.36792729101711 127.70443240586545 147.13454392380564 147.1843532104912 142.77031723356609 147.56176767998929 147.23830654447448 144.64878567563233 147.80841940176794 148.81026485731124 145.71806670771576 146.68873191682866 144.96339466231359 146.46475361406218 146.94190861381662 146.10987589400298 145.89891798393955 149.28201797724654 146.26222473053781 147.66998268852953 147.45646685271012 148.45463552673112 148.21434801870819 146.79584900137951 147.53403374122047 144.27624115696565 144.42510205447306 149.51416665100984 148.5192265216194 149.33736234511957 148.98761979682072 147.74357938403696 147.91237363083044 148.95545289782461 149.73438560802916 149.5009322343443 150.47796984904406 150.16440642230486 149.9576474530337 148.43383447227811 149.70916746834595 150.03286108652262 151.7143787887569 150.69874470999153 151.27217916077106 150.92797025832468 150.39544967939003 149.27087296630094 151.43360043993783 150.20497463055804 152.5637455020894 151.51344647863149 152.06201848851768 151.54026556864781 153.57142024568842 152.47958410131227 151.76891609352526 150.60170705876945 152.93792693719885 152.36710841841938 153.24337002572014 152.95401597061817 154.15078985664405 153.7940202992952 152.81498333443469 150.77243317731615
