# Created by Octave 5.2.0, Fri Apr 02 16:03:05 2021 CEST <br1@br1>
# name: ptcls
# type: scalar struct
# ndims: 2
 1 1
# length: 2
# name: x
# type: matrix
# rows: 2
# columns: 320
 120.86665366049024 113.78958237249022 112.14057669819566 111.31892254108506 116.65768438418107 119.03763680832466 109.72222709192718 114.39811228456196 121.23520115919912 118.40358160010649 118.11514088285294 114.48122134295059 118.02628927563771 119.1759970310745 119.30771283385901 120.09400149764109 123.41842796032392 122.10030331817238 117.08848812758195 116.15885461842214 117.79398357411429 128.73006077578074 120.36723025789429 129.87642357650725 126.62023642128979 123.52552278272836 127.92512959803094 126.46610342552758 127.5514358069488 130.28695316401939 129.27273676635875 130.87734968175025 126.46780536548867 124.64403374555947 128.09258926005646 127.08439252773314 128.52442406698867 131.98890988795856 130.71831764249106 129.64474502558957 128.25638123764679 128.59094446064807 129.17336773783751 129.3718994640478 129.62173755304684 131.66524249508916 136.01783799776197 133.31575073265489 130.29910675442883 129.35249771019389 129.68860510763818 130.62554012360087 132.05321253464399 131.13351369894428 134.64497194493882 138.29390934934619 133.14245182952385 132.49647254502861 139.00245234471231 135.13699129580147 136.50589006269766 136.75207355824264 137.08488347133485 137.87658720337188 107.28366470709061 106.67642507307878 105.10325846540951 103.44433624245696 103.41656990912786 102.09685702857787 102.51247129166387 94.777716697554808 107.68121948387906 106.3162286904315 105.44396609219451 104.31595392520551 104.40098673892766 103.46384474412045 103.48950068103676 102.50701949909512 108.69098642911447 107.43882469702523 106.53145597947875 105.3464153561779 105.55039505677951 104.47524483379851 104.64259804054565 103.70973056741262 108.74083570059254 108.38090215875738 107.53374634773262 106.47610903778052 106.57675860405696 105.55897475383819 105.91378998605279 104.75437540459227 109.70567684045723 111.8286876619498 109.51084853346218 107.46663950154579 107.69228603417581 106.89937170446258 108.06396090301277 105.55800665713889 112.02778800404758 112.28752646732924 110.63831405689704 108.66241587008584 109.81085252667735 108.86196284879109 109.11864186390687 108.2013260468481 113.17313686257792 112.79257396791085 113.02794260235285 110.65163754054446 109.5377367022336 110.09846262424257 110.11141115631671 109.21794568917696 113.71662447891161 114.10665429520188 113.84919165794406 112.22384965000577 110.24556478004557 110.88760487558761 110.97480768196678 111.21199529606226 111.86881250673973 113.19638310377226 113.36889584091516 114.10649788843241 111.60915923660856 110.5834875914136 111.68630031794955 109.09304486819074 111.12593393265585 112.87652385361451 114.564281349947 114.71881545343469 116.86184872428572 112.76459180538714 111.76922853108219 111.06491234743299 115.22748256244411 114.33795392561954 111.89911206605343 114.80404793684173 115.18159684833553 113.5460560255374 112.6294088747086 108.39583974726797 115.49592984949351 114.25966730640801 116.45229672377728 113.80860433760355 115.97097883351348 115.78720703224906 117.97048562347953 121.0837063953002 115.21838949669424 115.96077508226647 117.01331672261925 117.47797515737615 118.89184927277788 114.89795369699971 122.43153482445358 121.72968922483919 116.04174868276226 116.6127530119346 117.68759456174986 118.10652462975384 119.27600823445154 120.41859773482325 121.39378398651301 120.70621022803469 122.82252700885256 117.21758111257054 118.47439558996811 118.79793955457386 119.52408001203813 121.1207994813347 121.84899144061886 121.01445649040504 121.55976785589122 127.1488730677883 128.21207900592483 120.09240476817767 125.69026899557862 122.35279801957986 123.05391217362427 122.42731939066452 129.45097898209568 127.84886295771331 128.80962886453145 127.35401999428878 128.54139973762369 125.90068908523213 126.6446378636241 125.67637749460498 128.4756638332783 129.23287037965557 128.7065604648424 127.42954948337353 129.4249443221097 128.30914874362176 127.75130335361362 127.47995285571929 130.42660857906648 129.36188902061602 129.4383120406593 130.60860168345127 129.35821448116167 128.95351240037837 128.55850849565903 131.41165785015815 131.17576147761039 130.47923969247992 131.4768517368031 130.79257210037031 130.22293678218853 131.7015658717859 130.27062006004616 130.30989475519925 130.05406675507885 133.99771790552126 131.7315108742707 131.39545860207966 132.82814105672148 131.50823196606649 134.14753594982909 132.41511136430429 133.67391569274116 132.8624687457241 132.03727691529076 132.6296016159969 133.59569536254656 136.75467296360856 133.59195484300005 140.04956818539338 134.1593854964845 133.97398083246026 132.48768595505925 135.75023381734226 137.68030000638228 135.65744678640451 137.23006205542859 139.25429462039975 134.62289863775987 133.54424802745021 136.76111945839614 137.69288218720001 138.70808320577538 137.77332792161783 136.91235699489513 133.51642948068931 138.07343618721325 138.91552931860235 137.22757053070455 138.0838035508028 139.72148730492086 137.80702658921044 140.04987260019638 141.2187112979671 139.39708201163407 140.782513368628 138.57377868821925 138.79651191628503 139.87012526445707 138.85355249110492 139.08509660976344 141.81579776352234 139.17386312067853 139.90687126918922 140.06843598323334 141.05161166413143 141.1272513979219 140.1509938786898 141.14847598847928 139.29724778743852 139.6585040314383 140.81974688926044 140.91679851993365 142.16940653146878 142.10408079891195 141.20438957261578 142.09185999599347 141.08972212931945 141.88805675757393 141.89822474569749 143.04624391028085 142.98747432913234 143.03538446905372 142.28009451849744 143.10454819927443 142.28874417176445 143.72996818962724 142.74934538945755 144.0724475415428 143.99417347856499 144.13148804050925 143.38946242005957 144.32085824018753 143.47091270519186 145.05950087564051 144.13863814036813 145.12529219589825 145.07083814704117 145.80940024899769 145.00950216888157 145.57395877713367 144.83554928048022 146.19115120474336 145.16541184870221 146.12550405306987 146.18337692025167 146.93478505046545 146.27081762643323 146.93013113051478 145.88747778171023
