# Created by Octave 5.2.0, Fri Apr 02 16:07:29 2021 CEST <br1@br1>
# name: ptcls
# type: scalar struct
# ndims: 2
 1 1
# length: 2
# name: x
# type: matrix
# rows: 2
# columns: 320
 177.57775316631313 81.570990516780995 81.899557103608345 59.833631415568917 85.971766780165794 106.2854158665623 45.683986811005688 66.768250918016491 58.7463776655757 117.37408351369866 87.23937917170332 82.132246153834274 102.04522420465148 107.70380526076755 105.47666586084385 109.40371622510666 43.420327250305256 74.911210870256753 82.796333209801801 84.254214604798889 86.999232713330315 153.76716644815212 106.48603564822238 154.94452104473274 151.02884150628012 140.58473960135859 152.08111644710843 150.78259834008708 156.85309644892703 155.43547502065323 142.04303432869304 154.62135931520146 150.1861702552327 127.89691680629115 156.04015256256997 152.38952444665313 154.03295601723232 156.07217981402636 156.65255042468544 154.40212960482029 155.6002726490135 157.4497586058452 150.38100498073428 155.72846526569879 152.52108594179796 163.11288221600924 171.77733589352144 170.61069899916072 153.9711084649046 151.31352370362319 143.35620385638873 154.95868330711528 157.78920471253929 153.16526416194176 172.74126258736871 173.60461257978125 155.15752015823978 170.03505854982427 173.80572631064553 174.26843306523207 171.59424232717117 173.11995979417719 172.31611052612217 171.37368524104352 71.861053412230163 73.142945313961391 72.114705521165163 47.417335444600809 73.282357395946505 72.889926602978832 70.751563992376873 10.044273462468103 74.385621616242872 73.522767360135646 73.77698054059951 72.560375557252996 75.059399443985427 73.200075792321471 73.850434721283392 72.436176766423088 81.971622942128604 79.587237103742808 75.911286908572976 74.496252609078553 74.887019444051475 74.473182950598783 76.373744333881007 75.539108995838049 82.863664610008783 80.703690635066522 78.580248366149235 75.429341109061312 75.991239409846258 75.533343970242854 76.054406982226439 76.763743064868734 106.43889324576358 71.074925975794756 81.052485076358181 76.570473166897003 76.545251715379194 76.387832098177952 77.526301367244486 75.355345348718544 83.912033889271157 85.803686370820998 83.079587747952559 77.096581249998323 77.860250800052384 78.22058456062986 77.185336008462954 79.216966152634029 80.934800911449344 83.501179928173144 85.197670362587033 81.028194527202729 78.189452721381286 80.236642042321733 95.947228645064854 77.85670676827128 77.992146833616715 86.890969715876011 81.645588473434941 83.328339951172978 79.905489379824104 78.644771713543676 79.157323585215167 80.197276239896738 117.17573951446954 81.987288419251783 82.303662445366626 84.98512597693005 80.597235070678721 78.942174368969489 81.237528375004899 45.709742450958238 79.425931448078501 78.159228569025402 85.417297683753148 98.451194944540589 87.498179743664707 82.184516145138957 79.630310749691034 41.742303162387913 126.13012624757083 120.65066591933645 48.307950182815858 84.670013109508346 83.559419112492805 86.389657391250566 81.199802175004052 46.898257018214061 197.60357364462874 128.44343120186713 137.80020590051981 78.781950300801611 83.173243019946099 86.191275362957043 105.8828537136263 44.472521303605909 121.78001281969624 119.62024605891898 111.68470399838273 108.23451225950672 75.78785124613438 80.252390138350336 58.13624079982457 74.764578246244099 118.01315548173174 121.12169196345104 124.80224175113577 76.71665956203654 42.843008898342433 43.661865140090697 92.905865407219636 73.670562521155901 116.98667402007464 105.38344002242921 97.857465470920175 73.036390793142019 97.03909506737439 118.49770916560966 119.9876960954669 92.377323211490037 89.363133032333536 169.15127100869825 139.13377391775265 74.561190242200112 158.14767307016754 58.94412921507179 57.894785857803768 72.645714757142727 140.15177987927771 143.91223776300467 174.86378311100933 162.70759004240955 161.52841433625505 149.90451272382819 119.39149897188294 127.00111785368122 136.78023164670716 135.6173426296574 150.06588651131204 160.50399481857667 157.16703977954003 149.21878311280801 151.23305542182766 152.95411743941241 128.4858368635158 131.34358428393253 152.80167730763634 152.58192639910504 151.01783700643279 122.67072956381469 150.18884679410004 156.26939151926172 153.66840317678884 124.12118669313892 152.07575620790129 127.55762875881423 129.765001020884 121.62829756428427 154.55940912567939 149.87723295708039 121.44368160360588 128.87095912287879 149.86934259404703 122.99254515519969 196.54265214028663 153.80655121890175 155.52646803720688 152.68608004970005 183.31489861986873 123.89177078430362 150.91568671876263 151.43906149822899 156.51520979819296 167.9824536277583 165.15091729222326 173.11533775874696 146.04340991203131 100.16465045873105 129.02056805263189 168.89254363230825 169.66132718632358 156.10949984431355 170.95133047723263 172.09201320140886 145.10351357517274 129.2028256227085 168.13787037250566 170.07022190947168 170.4737211663998 169.42964991494978 153.28607079083173 108.67299100394618 177.45648817767116 175.91594939191643 111.86162448580154 177.74279919476123 172.03893355693472 170.35966620068777 172.43378602938085 175.06131923713917 165.3478155434189 161.41268627151891 161.58739445682423 171.63028230011997 172.68989213040803 169.40836939419191 170.13967277584862 173.03891859573184 170.85796649828748 176.74601368156505 173.11016488893983 171.29235522489347 172.44171172569295 172.2445336187707 173.3046380436592 168.70571967036048 171.07078640886434 180.09413373997612 177.23058093687658 176.0445679046299 174.87079652707041 175.26575551073603 173.89141275522016 173.61454376946367 178.67944729298983 176.36089469431448 175.99991730372693 174.64924657753014 174.83402370414066 174.15870124569386 176.69858687424454 180.69147411685671 177.56970752718783 177.06920625683026 176.56765238122972 175.44214530272401 175.69216377862253 174.54650729978655 178.87189554096204 174.82003794962614 180.52772144395794 178.25461661615972 177.80650571872121 177.20142915054694 181.01619456066567 177.78623702957933 176.71269838128754 168.06317796460309 179.62274378424328 179.00032877665242 178.29316144576399 175.91039808628014 179.05988353084814 178.97959449648872 177.76970481236927 181.54737211581374
