# Created by Octave 5.2.0, Fri Apr 02 16:03:01 2021 CEST <br1@br1>
# name: ptcls
# type: scalar struct
# ndims: 2
 1 1
# length: 2
# name: x
# type: matrix
# rows: 2
# columns: 320
 121.41130505635294 114.35509931715617 112.86538956074743 112.26360678192022 117.41237260987511 119.38379328239121 111.19598499336878 115.27205469495729 121.39134768570666 118.6566328756691 117.86910132578633 115.47070004135486 118.36885190889194 119.83566114764123 119.37873810472004 120.46402478761146 123.54010040888343 122.52267655809885 118.10407394877049 117.52194245952768 118.50599594498179 127.71491315282825 120.80348640176149 128.86828188219053 126.34655345774726 123.44966760682635 127.6429779187702 125.57853672783573 126.94239938110374 130.13105446668058 129.05878220039511 129.81223214830973 126.39559822540103 125.30937075011498 127.5047495025306 126.67136505093629 127.9085549867557 131.46365008761035 130.68820663050943 129.46276496162565 127.91217327676753 127.92297228542843 128.72989927620006 128.75349327833368 129.03385635159643 131.08229330583731 134.91450209307999 132.80426470337468 129.73868305877414 129.23114369987476 129.45189985412358 129.8399810219114 131.58412313089397 130.48234163497509 133.93078144458991 136.97139241990303 132.78176821570588 132.47030870490727 138.13894283227489 134.1467532565899 135.44962891713777 136.01976343596527 136.08947128483061 137.03228703645536 108.16201218192137 106.79956985844152 105.63301146532444 103.76879867550045 104.01015819922527 103.10748815073327 103.34902642693321 96.701055966545766 107.70850160911237 106.60663596933568 105.63996699596225 104.76997454201036 105.07842501381869 104.17375784695831 104.38887834051361 103.36500950247363 109.5193325906325 107.76771055619672 106.68113537600971 105.9761947989364 106.0756173972817 105.19597260409421 105.43538937997351 104.4290438312626 108.77746642129081 108.75774624842994 107.74081438031047 106.96908702419513 107.15139671068475 106.31867512821687 106.55691422911299 105.49737458710523 110.13077758807715 111.88696041550963 110.00071394934734 108.396914650535 108.26354970682303 107.44967898841055 108.4019621879186 106.95179220270505 112.35561790964772 112.05852743244975 111.35629266857251 109.40358074594145 110.32620063749417 109.27712071373054 109.38031410372437 108.90419681789368 113.51287774797692 113.0005893799607 113.12595335630375 111.20733985188251 110.49526041769172 110.35479685188355 110.51523179033191 110.0045861667424 114.06796341650288 114.58331934251952 114.01355696071599 112.43719335115919 111.30433155221904 111.51554143445252 111.65185565469817 111.72170271106067 112.35853737773952 113.64058925465098 114.59615296735858 114.0645241375054 112.43144903068482 111.61758215614051 112.28548891173818 110.23748768439262 111.78497973415854 113.46394759705596 114.79231773172435 114.61197860663405 117.02274876163469 113.05098801342241 112.55944119806442 112.40464632163089 115.57152431814141 114.47665377426243 112.59626863912155 115.22266091088036 116.01163379360928 113.43803469528744 113.3565803040794 109.17628550702781 115.01178323150133 114.62886919689598 116.68516527990418 114.67500515233826 116.34989001178189 116.37403883297813 118.65068364353066 120.45308152727213 115.83738600033621 116.24595255856072 117.45445794789556 117.82334607429513 118.907988732684 115.63649929910788 122.40866691804956 121.43969121213598 116.92015131565265 117.14248516068236 118.37165058471329 118.81200858583459 119.97557707099945 121.00366478648627 122.25199499536934 120.55010755181605 122.81609704045731 117.92206488376081 118.97190875540913 119.5779352091985 120.07259305201255 121.66487511108311 122.19356690174257 121.73811562536807 121.8587790450806 126.40788402317416 127.76883328172512 120.65398807845517 125.3980823358156 122.90324451150603 123.36176281773767 122.79635563838579 128.84974858499359 127.00706947962473 128.2578662464004 127.34324201090197 127.87408493196843 125.56902687243506 126.42540221180782 125.87282557504543 129.13795288846666 128.58907521370111 128.11001144323836 126.85816704566476 129.08774572706903 128.62977813109066 127.76848477522354 127.31315038445587 129.9243822650636 129.13692420945719 129.18921265072456 130.68490105681062 129.74562122729708 128.88819903338779 128.77273919145392 130.65537895277978 130.93407963249695 130.31537955007857 131.41488475266107 130.80939140734839 129.95534049075968 131.35836410843731 129.46322424805953 129.91293181467142 130.07449550447035 133.75943268224009 132.04800572790856 131.1910373603466 132.93649532032313 131.21583535093185 133.80302502099067 131.94409696310257 132.55353074452836 133.33720528009883 131.90292041950229 132.05765176828157 132.99691513842521 136.25834719982811 133.51399290352967 139.40209803548115 133.78233436038389 134.61096553255811 132.31309638180429 134.81051984852536 137.25029166656373 135.34662209956571 137.05962354930961 138.02876392889249 134.58556510737964 133.57272198361576 135.89170622400866 137.01997490226796 138.41861983026371 137.31223020291071 136.55263585367425 133.97227238851858 137.64740266412508 137.98569140674638 136.59271970166651 137.48893683637121 139.33277487159117 137.62633209708093 139.64123784481674 140.84615920654829 138.86797476779407 140.12667576425946 138.10789557086852 138.03898391968835 139.45824979524011 138.45834352503334 138.61100089207378 142.08438182839816 138.99956406428973 139.15709508359717 139.30477908596623 140.28069173331161 140.38881034964379 139.50309973175459 140.40266649716469 138.63510386173968 139.92956742760478 140.13450586534256 140.07517453299405 141.26645687524183 141.67996534394086 140.70957255962392 141.48925659083247 140.68599648564305 141.22788603432082 141.21130293040591 142.09036654794721 142.4213979241967 142.89612446473114 141.84660605953553 142.5687223298396 141.58780023857909 142.94878064424401 142.17406836444948 143.46253619266136 143.54929250490164 144.00296556899846 143.35112217884296 143.73712426468407 142.98242560346682 143.99687851519397 143.31544281904706 144.45723561477357 144.88156493672196 145.17107238699668 144.51289143239316 144.76903128648112 144.25896041267825 145.19409295878552 144.29719076224174 145.55380279918771 146.04562221775021 146.2277134600935 145.80028250535602 146.50250653897697 145.42906346244246
