# Created by Octave 5.2.0, Fri Apr 02 16:07:14 2021 CEST <br1@br1>
# name: ptcls
# type: scalar struct
# ndims: 2
 1 1
# length: 2
# name: x
# type: matrix
# rows: 2
# columns: 320
 171.712173604371 83.81719244872852 83.461869402468466 63.258111788596366 87.086415245345094 105.82902034809547 49.394926155028948 69.936292155699562 66.703610187455084 114.88915337167271 89.791350196553751 84.309878201219249 103.11994558408793 107.38439934093493 106.72748449263025 109.39580589790877 53.298573248878412 81.409975837848947 85.729269983292539 86.789679266548987 88.605219154215391 152.39583813810376 106.44731306836599 154.01583869361355 148.50034513197244 136.18044177949781 150.46299158117668 149.14220808429224 155.85471312532249 154.81309236209555 141.57070722594946 153.14815922646525 149.3263751221869 125.0325132921927 153.99395492462537 151.34775634646039 151.81981052985367 155.11081910816361 155.4128313043658 153.5569569697374 153.34147906318412 156.06090783259748 148.17082332932605 154.2913405269594 150.72850899091858 160.65350932293759 169.91363941868238 168.12597612791163 152.2062470580336 150.02940014142453 142.54087135027459 152.79070303185537 155.69674496733077 151.52404791802607 170.184585513629 171.67470961606239 153.79263555338164 168.9249544760556 171.84401432029142 173.28120590133304 168.91457005138292 170.71030418036156 170.57662820561677 168.92460349295263 73.829457544493692 75.008768508012992 74.588781637984766 51.122869770205369 75.605522478075528 75.011976810248328 73.512104076289745 3.0721686123748499 76.307078050726275 75.238510402751899 76.104396301079518 74.075242537037312 77.335445162669203 75.730159612724748 76.189169030124887 74.918414435106371 82.909652645894369 80.678603353921432 78.202164983195004 76.822605687221539 77.187571337080058 76.811444014870204 78.657287426844817 76.337673155994736 83.571290446043349 81.857795593310868 79.410047004577763 77.897436638042123 78.358741153727323 77.946865526006633 78.185952182811789 78.215437523697972 107.65816664635196 80.066144232541731 82.283420715372571 79.035664612065403 79.129990649123044 79.24954043200681 79.823596267875956 78.979985174264641 86.394016276440013 87.501348242426218 84.467495292329218 79.439151488553392 80.290156885855666 80.399715430024784 79.209795207131364 81.654206804932244 83.663001336324314 85.406427809708063 86.747677286825976 82.572925049529886 80.35267589695215 82.971208122754945 97.371649788752762 79.723958813082575 82.513243989550162 88.521785489404266 85.028285155892974 84.802656611290914 81.497354023990312 81.041782008088504 80.905944591252691 82.407165363211405 116.24857190314319 85.154435799336653 84.532795763075654 86.077958700965439 82.416979089614628 81.374846222813247 84.342330235873717 50.578122801435349 80.428828245855087 81.482389063602 87.080844598092071 98.834224380845143 87.645298933939728 83.728774888924249 82.162376348182192 46.29824700266397 129.70515162756877 117.90056178732793 53.100543692891563 86.471459562151523 85.138275411958091 88.09989319365323 83.247861685098087 50.939622620490987 182.59493963998392 126.14936826268132 133.48001818856949 80.950315380219067 86.06119589716333 87.037325415522034 105.46281535312485 53.559244961806684 118.69299203420123 120.7497218617975 117.3414706626149 113.15193045204944 80.13682823664206 83.677141182246004 64.738677530310738 78.981057273218028 117.06748270290485 120.44114513639751 122.8825106267288 81.079850421978833 52.580351073319193 52.092780925321733 94.63816137892681 78.721846950919257 115.99497088140366 106.63573377661733 100.84861345586347 79.408326840109652 98.138430691562561 114.86966373202115 118.53849745232921 95.5774823270837 88.551138352477693 166.14789909790886 136.53545030150519 79.731568760926109 154.09562582901233 65.8848783760033 65.78734476049118 78.710211487202486 137.10682394633892 141.86830950742308 168.24348965735228 156.46064520023606 155.21444807567789 147.50770152178433 120.54890866402238 127.44615094154327 135.68816317757916 135.98667577196798 147.39316845850374 154.13579457651622 153.02651029196977 147.8487842005116 149.09363748448504 151.18593778503185 131.82292421950478 130.97124628972034 148.84099775419193 147.06140753242906 148.01030358450893 126.47088329623244 148.2682668678849 155.03106522038848 147.89266308812418 126.86272040334734 148.67411666694281 128.53335663968301 131.20256513531487 119.6688125389541 152.71625961189903 148.92498386402181 124.13782691284396 132.66658650294755 146.94658640629027 126.03331720365203 182.34446208250654 153.05644817498052 154.14952515526488 150.28051257645046 180.01931444343077 126.11423929326989 147.4633107901669 149.32074813795313 154.6706721808192 165.24254366250321 162.80462250018252 170.37137142538762 144.94876080377881 105.77906120963559 129.04723073220427 166.24953073323798 167.34312132878824 154.957543707589 168.24290882014526 169.46493159821713 144.58649535318006 133.57246414093987 166.02239749286224 167.46990867940082 166.97479916050503 165.96096324015053 152.17532245264542 110.32542154483139 173.63073182595718 172.50805890330773 114.90675005749245 174.69734319918211 169.98206975533589 168.34741434545433 169.58433871289029 172.58957726031673 164.81808436018801 160.13425909700987 160.84017787797544 169.8135628567766 170.79454307343636 166.25043825382244 167.82118296724551 171.53491176200328 168.77444451991647 173.46690220148523 171.11206910157816 169.04919158344123 170.18749835596492 170.54142493115771 171.4433320151573 167.39892335102209 168.68268208920534 177.60695938615899 174.40106921255685 173.3795300565431 172.31438073164804 173.00459898271686 171.35400990319465 171.60401907406694 175.45586078305175 174.17922104300919 173.82195843468048 172.62109179083546 173.16579714425143 172.41576587910021 174.04474025290119 177.68425656447647 175.19458218025164 174.93191079834739 174.84359389671297 173.46772620892926 173.52988899809483 172.37530075698371 176.28339679245298 172.62647576040052 178.64786375738393 176.28949270566821 175.96014776510359 175.41760367472722 178.99385687380476 175.18102425849838 174.62738516223766 166.49778608687529 177.53942565177712 177.13239473388194 176.52428690421746 174.36263402401724 177.33043463394588 176.95056746269577 175.75040146502226 178.34457032504321
