# Created by Octave 5.2.0, Fri Apr 02 16:06:10 2021 CEST <br1@br1>
# name: ptcls
# type: scalar struct
# ndims: 2
 1 1
# length: 2
# name: x
# type: matrix
# rows: 2
# columns: 320
 148.0587267903777 92.182358264257232 91.444255134586342 76.011349039871007 94.552807266534259 108.69012292938363 65.116817159255731 81.734514696036513 93.310435052212455 109.45732261269031 98.369746187520946 92.472122926684023 107.12235623854093 108.08742798971024 107.95883486971121 109.24127630576618 87.065192431124487 100.56799875585504 94.332446416146411 96.232546798857129 97.442239540489012 146.69474161435383 107.6064567288302 148.93336285748083 143.02150754293444 126.36060998206585 144.91551442772743 143.03316851098731 151.15348520900039 150.48630099684996 141.15708253211162 149.74176423336613 140.80785992113064 119.87592976640033 148.74830892375968 145.8344167875585 146.5015292410846 150.03686300248586 148.89264475580825 150.85062718018975 147.72416324167909 148.52977409384943 141.6806393145043 149.02214767930451 144.77937002820832 151.49446544529147 161.32079551421319 160.20740588657867 146.08344930641442 144.19547944692744 139.55937168056724 147.78137817162764 148.01663186212321 145.80149665563047 160.9655157350868 162.24838471266528 146.89754518436169 154.91110483262386 162.6644953543547 161.22374732515758 159.77816659872079 160.76204138587062 162.20373992566081 160.26073013036131 80.946560369984269 81.750926517691269 81.286022292347596 64.922790706939594 82.452040207266265 80.32405198286618 80.211849009973378 22.892911519006955 83.948642292605797 85.142596563836136 82.936817687889061 82.044340541693686 84.26599136566422 83.043374224395151 83.609181370807718 79.250750004890648 90.529061227412228 88.282250680138986 87.423801646749709 84.207812901012105 85.128757224269251 84.085436675477069 84.728584884970061 82.999046318050219 90.529025690306511 89.488204270256816 88.24502448741859 86.374853396929936 86.098086659782126 85.199899114983097 85.216710133320944 84.31278261089227 107.99417546048035 93.40385343641573 89.403499667112172 87.17515863317665 85.90783753751343 85.365647876169234 86.000599494380083 89.01585483927829 93.91135547633715 93.793138952145327 92.218869616316667 86.983250848334322 87.763967490175517 87.154707939281238 86.393313139963354 90.077140877527285 91.408584075531664 93.283270180309657 95.935896972846663 90.313606563242942 88.105045656537087 91.214964666703025 102.67639059972842 87.498201712758302 91.597975632453384 94.699595049231903 94.485361269855645 91.641437275848503 89.172361030392324 89.099683861850366 90.556598401328088 92.345714754841168 112.79567183337608 95.243298230317976 91.457974845164671 93.204865936095374 90.281002586517431 89.001691762617114 92.541641346084589 66.472906242464418 88.901974399216996 89.60215130087326 92.780529517034196 101.55415250289828 95.604513025573496 91.322514385573925 90.296238801819769 63.265210269898944 131.34374487622523 107.74766137897352 70.948822971794186 93.706424132367715 93.231052554302963 97.181700918276121 91.480762829275591 66.324121004612806 127.17206068329308 114.24515253786184 117.34008973561657 88.543531684455871 93.404772671326597 93.870660037279876 103.93222711782342 88.120197399174913 111.71657659808834 113.28209718715058 126.37186689210444 109.67536635636618 101.46166559178256 92.435409512629192 92.973930733762046 97.047668877370953 112.68359938770183 110.81193562000645 109.97539049214508 100.14520977273153 86.797470091748423 87.83735175741711 101.21923198565634 96.010329444253145 117.58396399092186 110.1809004222175 105.25909122841036 99.208710200959146 103.65562545308715 107.23485998500445 112.6851874976491 106.12591019073014 110.93051500801481 155.64780589514811 135.26489662522215 98.09294877467579 138.72631082996784 94.140158848619109 92.237785341434744 98.039439288967444 138.31308431686605 137.37344776853618 150.54286349162987 140.4983270958835 138.27100126363175 139.2845261358477 131.2611916092697 121.17574817873856 137.32821266570204 139.40716901427302 138.38471997309685 140.39235594859625 137.84479792304694 139.35280385037669 141.80624010451848 143.76075451659585 135.00615795411497 136.47489524788998 136.10961661395527 139.23877578338036 132.33235208212525 133.95636488111973 143.04924248428105 147.18409881114928 136.39195186717797 134.32972802221769 135.39749738558035 133.10257778378846 133.31789689245653 130.23284812951991 146.98510419170259 140.85264450476129 129.68130400993979 134.62358188067205 137.08711610817042 132.90075167970093 133.88290557210289 146.22169761754449 147.29764620017022 145.23818139086939 167.74610440704114 132.12342640314503 135.68612176294349 144.24585228493478 147.91785360051071 157.37646598108176 154.1108509477115 162.40976648289586 141.4159249276116 126.70431308407954 132.85243305619252 158.17308040285442 159.21808085038595 150.66750016392515 159.97358945257565 161.53945673809159 142.70725512906463 135.13687882168225 158.52934915147682 159.44538333763134 161.22038380730885 157.10616489848212 150.93964617578493 116.47930080054181 164.46014001521684 163.32931134271507 126.2472177037896 166.92429660301906 162.32941626976623 158.69284028277886 161.48054557026279 163.08693973027067 160.1987421962217 155.37321996435554 158.05744027398683 161.36890413993339 163.03945789274641 157.99444247803979 162.02210019291564 162.14600639576329 160.80662310778678 164.51302505285625 163.4754045662755 161.46060027139964 163.01909659028846 162.37515678967185 163.49315559879102 159.16228537473481 160.23780865402182 167.90561476039653 165.86197570579614 164.77556337694648 164.12614173577569 163.53320405296972 162.63493977096977 163.97775010648812 166.07449204132089 165.18514990413422 164.55979844699488 163.9444128525931 165.70281729720207 164.58767865156133 164.45842239512552 169.46432273920317 167.29328616734003 166.47399761613664 165.66971099570679 165.17466581962819 166.24251456014716 165.00294464834667 168.88460224504462 163.23547696347589 169.34666176502645 168.20459163323537 166.77975498405243 166.2401807810256 169.15907460441275 167.55762992943122 168.1497002685993 160.66805081809594 169.54049403078449 169.19043239705778 167.868516969132 166.94579030374354 168.48536360933704 168.44159221688315 167.40483440483007 169.12525393066616
