# Created by Octave 5.2.0, Fri Apr 02 16:07:28 2021 CEST <br1@br1>
# name: ptcls
# type: scalar struct
# ndims: 2
 1 1
# length: 2
# name: x
# type: matrix
# rows: 2
# columns: 320
 176.97096907369843 81.803356233879015 81.90762622207761 60.187888005882101 85.839761732388851 106.10915203371695 46.226699104801455 67.09597932191474 59.688229887791344 117.29301672193301 87.682690553840018 82.548969443750394 102.15640227838628 107.72766639409278 105.57870917065814 109.40289791539654 44.589592661417242 75.58349690138698 83.044328690292289 84.380785582249302 87.010046421809704 153.50678397127211 106.59112389243519 154.74429023320448 151.02907277172611 140.56541806306018 152.08142988844517 150.61290279638416 156.70225391587553 155.51837591669133 141.55787742651503 154.34635470058649 149.94540064711092 127.14866227590902 155.79349134608483 152.4211141100858 153.52066166935418 155.92853684724369 156.55769610673892 154.42227676462363 155.5463959854294 157.23790157023643 150.30669945616577 155.54011813815143 152.30134527116763 162.85846433051907 172.05313178425206 170.21891129245267 153.77142150119079 151.21475705688894 143.27185911437692 154.71693804047729 157.50694217640608 153.25677327222087 172.59445993242841 173.25574608038252 154.95163578867928 170.33852404582552 173.70357530881492 173.89309403535671 171.32517312941985 173.12586918925945 172.20938203363531 171.06025372934761 71.835740298109968 73.221288448823827 72.343886385176191 47.800666581732315 73.576140393543554 73.268282014299359 70.824134374434678 9.3230212365963876 74.383128138044313 73.640147634461442 74.024312465442136 72.754882423650102 75.333438613683612 73.537524893766729 74.245552830885387 72.652209730390055 82.023467991590778 79.841261025079959 76.254985426672647 74.691533153315774 75.081521058361275 74.848215046329244 76.575666079777548 75.832841490591775 82.873658700822403 80.977810253245408 78.401121844109554 75.477863203184398 76.33843109050305 75.833078526607892 76.084629323698465 76.957039402647482 106.5554300478999 72.005052002354788 81.390363160558096 76.573764411217908 77.107078849424781 76.909023143452458 77.684765912223384 75.709815440948233 84.238839423161522 85.987090074277901 83.208226134686186 77.38329536313671 78.164057760211875 78.383197038727118 77.260290339430867 79.50217449853092 81.208078156612231 83.710944832293137 85.303918252960344 81.13893126636151 78.629635286601101 80.599992119469775 96.094582556480844 78.163818287029827 78.698475130509735 86.965555369956746 81.958614557368364 83.680336368968852 80.048459424410183 78.779423067092068 79.11702695441106 80.11144708048451 117.07982562364268 82.367754071754405 82.232816767341447 85.104213844833836 80.871457795887622 79.162503938927685 81.50574541651001 46.145600056388908 79.598825227242102 78.643503575770012 85.61627597980555 98.490818679330715 87.754982365459256 82.260701180822565 79.952986639461741 42.213607697588884 126.40594267732371 120.09641816239863 48.803735718340931 84.821698893301217 83.676427754880635 86.594466838407641 81.507968968841766 47.225275253137042 196.05095633380341 128.37534720895331 137.35328993031806 78.796618311973162 83.448078103428728 86.27256522283686 105.83949205815216 45.592391575829758 121.46066584188641 119.73708838335469 112.26939513881806 108.74321069321803 76.294713989797017 80.956105512223246 58.662878498157994 75.243049004415496 117.60563266905393 121.02734782802605 124.8863529388085 77.28490845729624 43.729180715223798 44.327926014044017 93.085068438775551 74.219699044548392 117.19377863439058 105.51298765217281 98.166894572810861 73.777617737012662 97.152819442290408 118.24161366002546 119.8382706123862 92.708374154482485 89.279133582693277 168.84057736275452 139.06434834512353 74.847873293601225 157.71764244049137 59.669247556393792 58.741830421724174 73.196473007206322 139.67967181976627 143.70079690897899 174.35847377174636 161.91607693195743 161.09533126704412 149.59703366339232 119.21601652266651 127.04715575932212 136.62626852415573 135.6542861213145 149.73247068689693 159.77209800446016 156.74787153331948 149.13398683738478 150.98224269972982 152.64849738544197 128.73535834412903 131.36876104055895 152.39102708503856 152.06999587007491 150.69498405013954 123.01002778441871 150.04062753258708 156.19458198585383 153.16419559007235 124.38678719090878 151.60173078753812 127.75257990777169 129.87707161350653 121.71928918239959 154.3371747788901 149.62207387086116 121.93423010430404 129.22767702332288 149.65005796779931 123.17938110082771 195.07387385844731 153.77103005792162 155.2148339101447 152.39080289496607 182.97397611885791 124.10939175504676 150.51735283182015 151.31936215853037 156.3478509696524 167.90190850714751 164.90819714132249 173.04878653150573 145.95250144443301 100.74536098217791 129.02332626086351 168.7295506412612 169.0698045174862 155.99033196810066 170.68634276695562 171.83811995540867 145.02769783619385 129.7594333104548 168.06929921088286 169.90361523641346 170.16697581174407 169.07132568992671 153.18630207070842 108.84393209438258 176.58134868473039 175.44492813835188 112.17663747597646 177.65679874995388 171.81406072834349 169.89050155969943 172.41863117205406 174.78090190478369 165.2745461638284 161.28043518450073 161.51009619004677 171.33338150521183 172.57003557767777 169.1233373217552 169.93514751228196 172.77949961190851 170.73073634444017 176.41020546692647 172.92802747261339 171.03199121772812 172.1396785725336 172.08166816851383 173.36651269332225 168.53950045932245 170.93152362315104 179.5426928886188 176.97775396271209 175.87200295621014 174.70678418137658 175.10786014786461 173.67567837362583 173.40498091295839 178.28444118101186 176.32040843197112 175.53516793757998 174.43042594355848 174.67555187847276 174.0938547980447 176.05507629120794 180.51547222836527 177.40969070661757 176.67051132195206 176.41047387258516 175.39334119857227 175.4662753479102 174.14232175852956 178.61012501311146 174.38914911622084 180.38094265437198 178.00120780930183 177.41728418268744 176.91697773509429 180.82539851486715 177.34879067887078 176.51049970629339 167.90124087380366 179.38696446612491 178.57477276781219 178.18419822247591 175.86316971213733 178.71811117653365 178.67682651587137 177.55082949934427 181.01456921914428
