# Created by Octave 5.2.0, Fri Apr 02 16:03:37 2021 CEST <br1@br1>
# name: ptcls
# type: scalar struct
# ndims: 2
 1 1
# length: 2
# name: x
# type: matrix
# rows: 2
# columns: 320
 122.35835740460911 110.80146336276522 108.49741822215614 105.29656050576092 114.13767549523948 116.5020056802631 102.18009720089896 108.82672941829173 120.85532481573406 117.1945783258243 114.97705688738928 109.60101210484126 115.50257083961844 117.37055804925077 118.54412483386764 117.65196461326515 121.8537450744567 120.46807721912417 111.90811967088005 111.86209409570476 113.03245211479862 133.99535760104993 116.24888314342927 132.99801096254967 128.71027303532986 124.00909952910365 131.30428159727458 129.0050035648797 133.87448760343256 134.56572891165942 132.57832435538938 133.64801465229306 128.55479376239288 124.22666330459109 129.92969558130989 131.08422217009229 130.32146987233645 135.23739715978161 136.03351305000407 134.69401576053173 130.20727561338376 132.19477199050749 132.35167817118202 131.15005169420735 131.69027275512144 135.20411984616482 143.27072369147353 141.68283354064462 133.54270873240637 130.89370111829257 132.88075065705848 132.93493133479396 133.90982292856418 133.30235760952564 142.52253334341384 143.97963320243375 134.83772273509041 134.08839119216762 142.7380329655229 141.99777091526894 142.86766677124714 141.97148622844782 143.10590773049924 143.23273584570978 101.55717136856474 103.02038940824464 100.50343300670529 96.61149804314411 99.846371335908529 98.980773573500713 98.791228513754803 82.516428857737452 103.4750713419953 102.34084760896943 101.3727498827357 100.82906959505159 100.78602854503683 99.952279966325378 99.603207446542768 97.810924954619793 106.50219523653334 104.4477425101402 102.64117903026387 101.77623582780561 101.83579379414032 101.05218515610706 100.75576347769803 99.953297697125009 105.43881338571764 105.29750424421091 104.18470498690151 102.94320535165221 102.80601461088489 101.93136270622128 101.47474273639247 100.79303691363212 108.47899256109238 109.98866606433621 106.36227941733968 103.90890139448682 103.15663540631347 102.83910834690079 103.87528944630103 102.23598419956252 109.35713449393161 109.7221870829984 109.78248826461663 104.63875706767145 106.00912978585328 104.95689499015785 104.42304452762878 105.08370524422355 110.65356518455778 109.48047068091532 112.68685925814215 107.49620040826116 104.9522036877832 106.23195269359245 107.24466568591917 105.50775688481258 109.20592150354094 111.33619621080082 110.67796092494039 108.71765714491754 106.06907692107308 106.79363321246112 107.40463946669705 108.37371211697146 110.17767327656215 110.7281135242189 109.98933436999694 112.80005062236 107.4546107021213 107.1186545012617 109.28666074579216 101.07471009360177 108.96445698852419 108.32669154534356 110.25455209347359 114.65239911858819 113.77046295524455 109.54603889977953 107.82416786452869 102.22638517984592 113.94177885027045 111.59844877627123 108.86841286006542 110.64706198245682 113.65119711265829 111.10145122742991 108.48447904784716 102.58765620151469 113.28311712427573 112.20305709301205 114.4110579783149 108.37755831311799 111.73130700584669 112.47237978891503 115.21594830585944 121.22200415137158 112.1580354216846 112.6744648230957 113.79535492988957 115.02033071225159 116.15093304346941 111.2529300770677 122.51535513067282 122.11522273590585 111.31629414944715 113.22128271032801 114.3765750479203 115.5885520892103 116.49691507972256 117.6953732734754 119.78947706306127 119.5369533971988 120.86513565839887 113.67400606405067 114.69661545698696 115.68394730806099 115.0198143394817 118.05919134497169 117.20054995368761 118.88692789696465 121.6519539237826 132.00912225708606 132.80247523277401 116.92220730609627 128.78442442968327 120.0730591033617 121.16198061522086 118.34685418737305 132.55222853403436 132.28575214730381 130.67046727970953 129.26354796040624 130.70117781216993 128.14212331458012 126.27578972416208 123.47401955304893 130.06837310167887 133.74778758573029 130.3405340323003 128.97974938764409 131.05883747919427 129.97250209480751 129.49172910711604 129.78394410163912 132.54788283548729 131.28748623172282 131.67951581011982 131.21794304522089 130.10253376748202 130.52899742023232 130.58728337401178 134.39352792975487 133.22943230404164 132.38335901293578 133.28864016855408 129.68705628053615 129.13550769028259 130.30116713979007 131.77549648642787 133.14724805394169 131.468522293722 132.29769274180236 132.2405278814646 130.37124147253209 131.0535872290352 135.29754776985069 135.86192438280585 135.04709050362115 139.56317765681311 133.30868532800699 131.58264743117084 135.76174012055299 136.57329677356839 139.62751028040384 136.24576620174258 143.75589198648683 136.20212199935628 131.66138553229064 131.17825774800673 140.70088001104673 141.03393033666481 139.97702794513825 141.94181587711037 142.44266937505236 135.55294674061346 131.32452039515763 141.0478649269518 141.38362779543473 142.67833195543699 140.82837429861956 138.95303721234922 130.61043094327775 143.03059708932008 142.62333423073608 139.79682890780711 141.78684228477309 143.5632013210309 141.18421524300072 143.64449829579513 144.26156245204228 142.87822822624534 143.953443587885 142.58009881713426 142.56447546256919 143.28350329053706 142.31727881200928 142.24897037066489 145.31582636238613 143.61831948284322 144.42485208826804 143.91954913379351 144.61404978730201 144.27555068735506 143.02915682656499 143.63180137822442 141.69706282865874 141.62675950980247 144.37632507977756 145.25235843300428 145.43024743830838 145.20431613018766 144.08489495960055 144.8631179055362 144.65870618723463 146.33632881258012 145.9852529403978 146.71104173415404 146.24185538630397 145.88194374331101 144.80024281086264 146.30021377317422 145.50661057015895 148.48586609892214 147.3550097632436 147.55010244741459 147.2159348055587 146.7650261251857 146.02296044034026 147.05239510355335 146.71434284618877 148.86159439491479 147.75952404042295 148.2446247802682 147.90451319346863 149.26826400346033 148.11803870441673 148.22272905192492 146.70121633066162 149.62300022550406 148.82730299793144 149.56617960072651 148.94189221982367 150.07047290193196 150.34484887614178 149.37841443348094 147.80103066256106
