# Created by Octave 5.2.0, Fri Apr 02 16:07:22 2021 CEST <br1@br1>
# name: ptcls
# type: scalar struct
# ndims: 2
 1 1
# length: 2
# name: x
# type: matrix
# rows: 2
# columns: 320
 174.94835543164942 82.577908624205747 82.695052008848009 61.368743306926049 86.422384933877893 105.82202643210303 47.383543455369647 68.188407334908902 62.508129016036428 116.33356698626434 88.230901739009752 83.450346324262384 102.5269958575023 107.73117735255113 105.91123268536391 109.40017021636278 48.139197452769949 77.824450338487736 83.987991124650563 85.27480082514198 87.345130725174343 153.15769463612045 106.60544173571259 154.55337535308894 150.26235623049917 138.80971572961738 151.35255671308371 150.04725098404111 155.88839634670612 154.94350413432903 141.63198495836988 153.75842902395007 149.4675723725648 125.79432586639865 155.00923394779551 152.13101250290927 152.88041806205578 155.741174602657 156.19323631267642 153.92683351816399 154.42115004906765 157.13854500663388 149.35663934200832 154.81839129008526 151.80206586946281 162.0104047122185 171.5455334292966 168.82727620790209 153.20741883303043 151.06346908209989 142.99070997433756 153.93220575560284 156.50398561067101 152.40157689868497 171.6833289964849 172.66545858480691 154.75886595875625 171.16225826413876 173.36476491935738 173.2715121771194 170.52829749778658 171.84238514690102 171.17983800121019 169.88639486573868 72.700668303799205 73.60617590864517 73.357992735157609 49.078437038837336 74.436634332581306 73.803157105247834 71.872392880871999 6.9188471503573341 75.158992940009853 74.003099520487083 74.609574601693978 73.476062250110957 75.932562002516761 74.285429774674384 74.906351417715285 73.839404060957648 82.537187086888764 79.997898858566202 76.829107028271622 75.465284957044858 75.713880050174083 75.672624682103788 77.056255526859758 76.602702298301963 83.049925723021715 81.518618074849272 78.26360751249905 76.3727792763775 77.04899301418466 76.447422869206932 76.765703526132242 77.480441133796589 107.06308885521671 75.105472090888227 81.911505520055542 77.541175247332291 77.886222292015233 77.769884503862215 78.380630584684837 77.085558506742387 85.413539907108699 86.585654618061838 84.052308372999263 78.386732304203576 79.04965690906765 79.014137532164014 77.864644274031448 80.049202166351321 81.905798399350942 84.431308256754292 85.803687337963197 81.851096597767039 79.509137578549655 81.500067649208077 96.585762261200813 78.598963946699683 80.734842039573692 87.235318567324015 83.011839479647747 84.160176969696153 80.759275968411416 79.768569017222532 79.874625448696108 80.924251272970309 116.7601126542198 83.621262420129653 83.029972938620062 85.506610194313055 81.296379799447649 80.151758652106324 82.550499795640974 47.727318700993152 80.242506016517623 80.021791708837682 86.166806697099986 98.622897795297803 88.091327735555652 82.973592173310351 80.893673194532269 43.784622814925456 127.69878079274193 118.95008320521329 50.456354170091174 85.452829576563246 84.401670135864904 86.80514786954086 82.01165243180138 48.838672705129206 190.87556529771899 127.56303381992421 135.86357002964553 79.014105379895682 84.723741724142897 86.325162909878799 105.69495320657168 49.203292685821118 120.39617591585365 120.12656279814038 114.21836560693581 110.43887213892242 77.688275844887229 82.08112693234574 60.808787746948767 76.565353616525229 116.39864223891993 120.35375521170009 124.61224495193696 79.131853714522578 46.703856288594778 46.99730578656402 93.682411877295266 75.938750743129731 117.73270840331844 105.94481308465147 99.198324912446481 75.981267746539274 97.531900692010467 116.92292144865372 119.34018566878385 93.811877297790645 88.999135417225745 167.80493187627542 138.95715910298105 76.821601033809912 156.34600919159939 61.93779584078257 61.642983179604514 75.008522387201396 137.98110696017136 142.99599406222671 171.54378970042231 159.50484532770926 158.82639572416605 148.59964516241982 119.78534264781919 127.20061544479179 136.25967985438407 135.63145134937403 148.86434113570087 157.93062183898815 155.28884186255573 148.60807605578603 150.43168559276234 152.2851142564065 129.4546649590952 131.37072926569934 151.06716784466778 150.29104423787166 149.52526083583581 124.27928148061875 149.19335713825745 155.91103136897814 151.40466395153402 125.80393084331099 150.57735571621032 128.02896705472122 130.44845032764999 121.68054917508597 153.665998932728 149.35442424821247 122.95833266173359 130.67726628651093 148.48259615765971 123.96867662159246 190.17794625231625 153.72447843745172 154.6812348505162 152.45002292826294 181.83756778215516 124.60927677972721 149.24276297758533 150.40543749804863 155.4591926056722 166.47489425320009 164.09912997165327 172.2689159674475 145.60779195975567 102.68106272700081 129.03252028830227 167.61891145914026 168.60251386772509 155.59310571405771 169.88181599756555 171.10130598551126 144.81665996561446 131.35083855319172 167.2398429817558 169.06114146186397 169.03756612266002 167.97348927429337 152.82336716198245 109.41373572917058 174.98584092274874 173.87137045412112 113.22668077655953 176.42828252858862 171.30136084198065 169.08366732258557 170.75486350809663 174.13876336838328 165.0310844682989 160.83959822777348 161.25243530078856 170.95253226726655 172.24779757354918 167.89261073415884 169.37859142901993 172.24672410599243 170.09745110456515 175.40513656623227 172.27506458041645 170.46966793352155 171.45444545819066 171.70519606507204 172.88077891392925 168.08727712681878 169.9426547402735 178.28352662891359 175.88611784280127 174.70531180058376 173.5946269960358 174.4780385956023 172.93542504388708 172.98849110025824 177.06781710482849 175.55914906011978 175.01275421735735 174.01924757017153 174.18227082202611 173.40014007762309 175.13565650248904 179.44130255982176 176.7276869683237 176.25255812203812 175.58323603584233 174.60005260152508 174.78118500357797 173.553211686341 177.54296050525056 173.69268727846833 179.3498301777546 177.24686898921453 176.702279683299 176.3863605775324 180.14170992449567 176.28102099197753 175.96005767894525 167.3614505711389 178.73240532760073 178.20904063073533 177.54126262122253 175.21314284303969 177.84413456025939 178.09054750764267 177.08976465276825 180.30399069284877
