# Created by Octave 5.2.0, Fri Apr 02 16:02:36 2021 CEST <br1@br1>
# name: ptcls
# type: scalar struct
# ndims: 2
 1 1
# length: 2
# name: x
# type: matrix
# rows: 2
# columns: 320
 121.23866778271606 118.66541194204571 118.24434429176522 117.22820005585453 119.36830739872489 120.92606218990228 119.55432573393179 119.948995055447 121.77116341532111 119.64796780298906 120.88242709456672 119.64319076137777 120.68711438729636 121.99216326728003 121.63990847870744 122.15244205880502 123.15983256674538 122.36362970043631 121.83669771939408 120.79469785291798 121.75731630523678 123.50156384037975 122.67391855140923 124.27404740959673 124.38247483251983 123.28436221726693 124.05022318294166 123.46870141151085 124.72473234557691 125.7362712702873 124.95570787912283 125.39992196260515 125.95711742518503 124.86128745352373 125.4810722776744 124.50524595248329 125.54251321102608 126.922380628723 126.14787715858176 126.81790474971737 127.28224701174055 126.50191294612803 127.6228479043676 126.66671817463832 126.83067031401647 128.11915479271264 127.82064693047143 128.93917057679636 129.35895322751429 128.34925774093057 129.02217893052861 127.67847635265846 129.8741796781257 128.96651450615221 128.97142120377805 130.45017023353944 130.24494217627009 130.43789554282171 131.58518549937671 131.11803729589624 130.2480869901211 131.19880005077513 130.30643394625153 131.65849758108598 108.12000805101951 108.15083511637926 108.03870771013737 107.14685969077959 107.51996241375826 106.95238625882818 107.5314558116754 107.04583434666498 109.19480427473928 109.20223155719361 109.21139288936664 108.24188988737666 108.69478030889466 108.05470258960845 108.62869095632756 108.13126055687779 110.10222077537738 110.19401079619372 110.21796365832932 109.35809784036414 109.78720733996964 109.12130524822025 109.70964025522463 109.31248763425951 111.01977496320634 111.21324296051827 111.27733291553128 110.43430386550848 110.94043800475622 110.29478488784372 110.75828718432338 110.29244739003288 112.13087926407444 112.54364842382299 112.40220835352939 111.50073179355762 112.04260063471423 111.33982982757642 111.89116511200137 111.41587300996051 113.00133055538062 113.20761377357228 113.49226673183693 112.59064460699533 113.13020045914283 112.54323670661161 112.96681876532344 112.55027156056558 114.38272770441178 113.61452681888298 114.47374340722639 113.57241647345037 114.21818936404023 113.66451767002661 114.08674106622195 113.68756813692528 115.5329955413998 115.0885792232329 115.74991922031317 114.73301000123365 115.34437460069162 114.79815642444684 115.08580935635386 114.81762108657831 115.40998860095758 116.11530935145412 116.89021401653737 115.82657077393894 116.50010173198262 115.79338322327963 116.0365698188758 115.76627454169176 116.30539494400844 116.26347807107042 116.89685159163925 117.02033881979338 117.59479073226208 116.97646193404371 117.02227850429234 116.3197836702856 117.69898463760715 117.11519330688371 117.71554473611738 117.91448989238151 118.07806212039507 118.19193153801139 118.34562326198342 116.63574754717159 118.90701018394725 118.25978186464339 119.09917063701188 118.5122719162092 119.15855259573881 118.9590938817164 119.21101835389454 120.23916930241288 119.97049833288311 119.64615492139721 120.48815240931643 119.84028164200093 120.79809036569019 118.92578454936248 119.98884490042943 120.73425769301898 121.02488787165358 120.88885236775843 121.64518854570012 121.39164285584701 121.94065424857955 121.1534551876597 122.06207163322527 121.04593419572089 123.26013058166349 122.1899168083802 122.78934643270938 122.52605206621892 123.58972436778561 122.70927195976591 123.72211489954179 122.97911281684858 124.63893788241744 124.34387853131834 124.62263966818645 123.68520749115888 125.01650323427627 124.10896137277398 124.83964024127235 124.26319462887092 126.2653230486108 125.70154695210138 125.96236621529262 125.04555463952801 126.41892184960425 125.81758109193756 126.20281269534478 125.68417066898002 127.86315659533014 126.76917289948253 127.02491095000687 126.28233485260674 127.96695570698249 127.5987982820966 127.56699762124741 126.72262222830697 129.02235081393928 128.04169037886362 128.08858444122743 129.01984076781389 128.82636822844611 128.41645280455083 128.59644258779144 128.29089068410471 129.98363014451837 129.0655957871306 129.65723461586029 129.97245029462871 129.97731038172876 129.36924521637374 129.837417073643 129.42501929744483 130.05238871674121 130.44342418344547 130.67970310882205 130.82143026449017 131.26370341189963 131.33278268118448 131.56033372966635 130.56435359374842 131.21119657000935 131.72295533467118 131.90566708121764 132.02285555504787 132.34132052783872 132.67589535549641 131.26056419124404 132.56771556098653 132.70668483225762 132.86355362759164 132.9853354824169 133.00514195965459 133.33602572920111 132.46428777076326 133.36631997158125 133.16025882829206 133.72555644176225 133.95684475841389 133.80113982181933 134.02468610304302 134.44018992220109 133.72655627427187 133.6279834448014 133.81570718610743 134.88953371699361 134.64537242138925 134.87699314439195 134.95923193382137 135.36670049455381 134.58810927851471 134.83198488722996 134.46643151129234 136.05662297419536 135.93934414155152 135.82635676725141 135.97194022899353 136.3645606746455 135.63068660275721 135.8701727452945 135.57036406381178 136.95976089986686 136.75247456767406 136.86698924358853 137.04514088552682 137.50776783066172 136.65395903604818 137.21549120457544 136.63936494604661 137.99841515380515 137.71567260712706 137.76707780768604 138.10249814805681 138.62145499858664 137.98932089337455 138.31684699104923 137.68849958153322 138.97677852505754 138.71372733152822 138.81658812532294 139.16991088503124 139.80690929333511 139.11284712711915 139.61458715224202 138.95646777795162 140.21824563644222 139.76414851217189 139.8252836092984 140.39249715284774 140.97284447532954 140.26536755710677 140.77107099257606 140.07624400312534 141.36751868395535 140.97025595461309 140.85628474405047 141.48108087590145 142.23255662255369 141.56113961001174 142.05344214960962 141.28948269827629 142.4441162592102 141.99579411605919 142.16258661206209 142.64367392849942 143.40237291501373 142.76043024854877 143.4004620128959 142.51785128569756
