# Created by Octave 5.2.0, Fri Apr 02 16:07:05 2021 CEST <br1@br1>
# name: ptcls
# type: scalar struct
# ndims: 2
 1 1
# length: 2
# name: x
# type: matrix
# rows: 2
# columns: 320
 168.03153879938847 85.211386751316638 84.97795971748323 65.383651330475473 88.793888072674022 105.88273034436955 52.087805773786449 71.902662579089053 71.213321885988606 113.25954731939994 90.826448600140012 85.462834036672547 103.78701402649676 106.68041143787897 107.40574370622154 109.39089603964801 58.476171528247313 85.443692024630309 87.591310460201242 87.79466304289258 89.884116985678872 151.67331139772475 106.96380056123733 153.06464505863659 147.30919245983588 133.2225085856133 149.33095899751902 148.12403482207475 155.48056676948372 153.88461164476706 141.50176977697649 152.08304437533934 148.77979178494653 124.17308270456064 153.35049322791116 149.78120035213092 150.40248528977133 154.21708123162176 154.36183624912368 152.55898229718713 153.24306432600824 154.8402913238825 147.09177290574868 153.31622602098707 148.85829627053158 159.12700200999657 168.72755319169178 165.89497445735367 151.4537377277652 148.38918803153837 142.03480289820374 152.19625767437489 155.1216088041962 150.48913240354 168.97031862466358 169.89856686540347 153.03696190064667 166.44921185999272 170.40999261794295 171.17878813012265 167.51248145170217 169.05906913744869 169.46326965204548 167.06640859541793 74.2803308374083 75.694819265193999 74.951473895080284 53.422856592994407 76.821070173564507 76.141347807169865 73.696851208063975 1.2553447428554743 77.541583520519808 76.448907655836138 77.210386713122489 75.446534473573792 78.603820801067627 76.543179293731029 77.221567558081489 75.774783004640142 84.395072342252988 82.108243826512137 80.660918417669606 77.819328276747157 78.304614916931314 78.149372669863865 79.774276145864476 77.571148132484922 85.59700652492252 83.396807266890619 81.791535071181684 79.481587895142781 79.44875282183277 79.012165730995335 79.269380039406599 79.9991174599445 108.14129178653111 85.640955105219362 83.964676921253059 81.063288930353394 80.163055908487124 81.029224045522483 80.852189497116754 81.28176437585438 87.203481907657689 88.462083574450048 86.08098337066923 80.410749358213508 81.264666714994036 81.618294027806684 80.453407889837692 82.963939795453825 84.660151084333464 86.322760536840079 88.635712668615611 84.296782752289658 81.728978725600427 84.094160359764118 98.255773257248705 81.144287126466509 85.409664792817296 89.376082198531293 86.677052719565452 86.315487480367935 82.865376607983492 81.939028196225394 82.441674705184212 83.698288667188564 115.673088558182 86.648425398003994 86.050037286336902 87.538097247618708 83.693228361747927 82.350653691249903 85.158718913447871 53.250786865485885 82.161947209420475 81.798308038593404 88.22688438274227 99.0719667895859 88.679683114390386 85.273635946103525 83.274657227478571 49.126074213869799 130.00423966843871 117.52281651892663 56.075256906042 87.569091145290358 85.873510113331292 88.89653828171167 84.398430082338436 53.407607742579195 173.27923577503196 124.57060620751744 130.79852236735894 82.932298224140567 87.653755692772791 87.797937673105878 105.20725736098474 59.061802575126322 116.27141961167032 121.44415048907528 120.92819928021959 116.27910934268797 83.436074163595052 85.688462794293883 69.607462944094863 82.024910663905914 115.27434128095982 119.21778418748471 120.88392638648114 84.416371304057023 60.161275536837195 56.87991081413832 95.713379568262297 81.819961351561886 116.5110503790758 107.41301955507892 102.70518806720759 81.783123679834489 98.820776941058668 112.56438953666664 117.56336277885197 97.563787985038388 88.0006008707538 164.28373722224649 135.35280403739443 82.911904730326683 151.58502792644643 69.96518151346902 70.572461465456911 82.465667072643811 135.47322387506173 140.59966438326899 164.5293582126624 152.49157270155504 150.99493200190597 146.18192858299676 121.41454575158939 127.72237837538867 134.42779209558623 136.68522942492103 145.7737022143329 151.28998245721988 149.73735766822784 146.88228121250614 149.68690749797486 149.48903559166229 133.78147399430571 132.07160602805402 144.78977321222044 144.99364326978176 146.59413757374844 128.30576909445159 147.67350563098873 154.00365441872495 144.26428942873892 128.74569482734967 145.39288071242251 131.05887407107554 132.7525572784042 118.48439667822456 152.15246009346313 146.22421866851568 125.45870620552648 133.85382227051278 145.93947131992255 127.98097664943347 173.53179239147062 152.10590953620746 153.33473774252346 149.20989355134205 177.97377943736583 127.87391861061437 145.3483775128424 148.11234077108858 154.12432342413032 164.05096925737556 161.34830159477792 169.08277934384697 144.28873467516013 109.25871240961209 129.33745354927291 164.72931888059517 166.10419227279488 154.24253645031169 167.20574609328361 168.21171999651125 144.3228728754822 134.97169868189994 165.16228701586894 166.17207258415462 166.31421916666949 163.87199583854706 151.0705040563148 111.35106808744979 171.62575696477464 171.45481053593454 116.79682799854197 173.42867616110661 168.58749626322296 166.91832888480704 168.14545119843197 170.54613076275302 165.57953969139774 159.34075257490082 160.37638827731067 168.48623644139994 169.44995290624681 164.81807637221024 166.63722488026531 169.93951342515314 167.39813889976244 172.37398345848703 169.68261319509455 167.71586131075333 168.7719703874229 169.34820374672398 170.06699592067787 165.65205230701685 167.35024386514203 176.27996368840442 173.03917168856228 171.93944642086757 170.63955243479671 171.65864599549568 169.41938854345668 170.08811019269103 174.1114651564896 172.80597508991829 172.36341540698172 171.25589664059862 172.36590118409072 170.94442977460773 172.28804114520514 176.16920146560503 173.8590648547526 173.50880663123962 173.32480940427075 172.06897055752918 171.83900497819556 171.14487751425722 175.35534810968841 171.08898300925412 176.89918495079223 174.87938367861707 174.3626490700633 174.04677999999004 177.53821438822447 172.90453580919117 173.56575250804192 165.52616354207873 176.37927680805618 175.87290536296788 175.27036285496732 173.00996771375367 175.51972706659575 175.9345956440846 174.78767153752173 176.54832689907198
