# Created by Octave 5.2.0, Fri Apr 02 16:04:20 2021 CEST <br1@br1>
# name: ptcls
# type: scalar struct
# ndims: 2
 1 1
# length: 2
# name: x
# type: matrix
# rows: 2
# columns: 320
 127.179148520495 106.18500865519636 104.97816502625662 96.91248786834889 108.26114178271322 114.93284997367668 92.021477182578053 101.07049052603318 114.77253306515701 114.97950454051478 107.97923496276354 104.25940348090408 112.66046335161761 112.7715831956223 113.29051775736313 114.6159368606675 115.27295176688577 115.84413337131575 107.60881468040337 107.24367256360929 109.31708025324131 137.5417547809426 113.79577565454476 137.3709499653942 134.21792984304545 124.68231421523396 135.85129615527231 133.02113143251535 139.6928802593637 140.65030097306564 136.05527595590593 138.71125549562876 131.793465210687 122.822550493119 134.75210953171111 134.20401347649374 135.64931623362051 137.32507722715343 140.77672812595446 141.74798787723532 135.8053665656364 136.84300418319722 133.50596276164129 136.63108283122577 135.11488447742471 140.52125382819466 149.67104157871887 147.50901172271992 137.45839151383061 134.9657031232542 136.58343159780958 136.26931039235834 137.90611703254294 137.68285065650738 149.13623155284611 150.16347963903107 138.38192419550947 138.56520525138299 148.63765637999285 148.0194538344056 146.46287091972661 148.21828249619821 148.29327804842956 148.57130247238078 96.538693567921982 97.643531963445298 95.703233550359073 87.539327797698462 94.706629521719989 94.020190478603098 93.98319304741598 65.446792845442701 98.67735339849483 97.788984780803816 96.703674793795315 95.799162367573771 96.491040210932582 95.112515134316965 95.116478491368923 93.169858383656603 101.04003305900738 99.652474376464156 98.569622826755747 97.381864070094153 97.29332334290126 96.245612582203535 95.9601227194823 94.958366743322728 99.85664602199742 100.5496174360138 99.41410161866564 98.265367864088915 98.12947837606346 96.974999763323012 96.73492348236114 95.694454841519871 103.70111908794739 105.40471278705779 100.68532984577885 99.452282389130133 97.893969738612654 97.634541928208378 98.776702683158618 96.600005946461224 105.00144425712946 108.11291414778326 103.57429572798543 99.13428846563329 100.14852183917021 100.00767340515293 100.501670849853 101.60024532587121 104.76763565871029 105.9366646207273 109.91429288560153 101.7876397067069 100.4957257116489 102.49593913372253 104.39274335553583 101.42895794773092 105.64492608880742 106.77797928838811 106.53925558740413 102.13477069971725 101.63280100037285 101.27309743658306 102.37535652107155 103.26760351698611 107.14845010051465 106.90239714706046 106.26150174422439 109.18753156377697 102.33276738854678 101.55295885657577 104.4604534855663 90.974823636315136 101.89367063395055 102.85338641612697 105.55309411442252 110.26761466957285 105.8704704577662 102.96883970954607 102.40012955623774 91.072177846756261 113.09218851493168 110.40682385084486 100.20016956777349 104.85837610704222 110.52810170570653 107.23483664707088 103.27733562394495 91.947243502253514 111.44487822939303 110.44417633298278 112.39108351063369 101.93897136217251 110.80633348052413 107.80593670172331 111.96574630028657 114.36721547243384 109.32477342102342 111.50967096839601 112.50902431052164 113.40577798464074 112.93525834551131 106.72203946667896 118.3070532821518 116.95234093812626 109.58385030192032 111.47055731624283 112.38575101384397 111.81851391549387 113.49317472690913 114.69655351041537 112.34170842783682 118.36181280167742 120.52049353222432 110.86590748994414 110.33180205753622 112.33705621476143 110.81650780177398 111.49797763855069 114.07204589608918 114.04294315270157 119.39993771541006 138.77664862120866 137.45228694959513 112.69671426482432 130.89833139484392 113.558496490671 116.3449523771353 115.16559977331428 136.38321095992671 134.71753544294049 133.37605290914846 131.9650783703969 133.40087217405954 131.77241619810684 129.55106619273903 121.56243303698038 134.0706770546152 135.3743118631516 133.67432860803669 132.92241356300181 133.40560442491775 132.54399866296961 133.1622996855366 135.29519766142056 136.5389371037684 135.68275100414681 134.63609930384689 132.36274482775514 129.70184690772808 131.28867371891275 134.73433763899641 137.55681327631299 134.47909424153241 134.21947228665221 133.28579248760371 130.35582974190694 128.5411213843451 127.49753300498082 134.39323858573781 135.68436309302558 135.35498472405902 132.08596613195124 133.34825580398135 129.62689967034066 128.30895267216309 136.73587638698507 139.58918493137355 138.40674075423019 147.63167684740259 132.31072595869009 132.30069860490281 138.74103166415844 138.68203438246235 145.37041625654288 138.77958322700096 148.17556240381654 138.15712501959956 128.80408670655129 130.66382631342452 145.07404027869657 146.38112922195711 143.63659546736497 146.81355070775388 147.65850641159102 137.13881429894309 129.05937712666292 146.75608291426988 146.04001675755606 147.37838206454896 146.2686315083109 140.15373842022925 126.56482513628944 148.2968545058564 149.4200684379463 144.08826447986795 150.46514736104274 148.3065461167495 145.82117130651952 149.24117999319097 150.14739409657741 147.93816695393892 147.57040583028316 147.57526250449484 147.83723157157274 148.27265878779968 147.27033366425178 147.22326970470826 150.20113058806535 148.75592634383935 149.07812004730073 148.66567160568459 149.72184184442256 149.25064280171065 148.30827631139235 149.2091607722958 146.21766802821637 146.81369488503023 151.48870435137704 150.32427893302508 150.80542402675263 150.48634516443391 149.43230451936969 149.07880426690298 150.07394888539693 151.5400280960302 150.76134149009934 151.90685920778898 151.6902433137264 151.48445720132506 149.83340498416706 150.90815076922379 151.1817844094152 152.8902216596432 151.93905521862447 152.71507067005021 152.59523647423222 151.86505128543754 150.7657957800308 152.98679798101887 151.2453783621001 153.88494406449189 153.02692272760444 153.6253024942946 153.30883606347629 155.73604078378114 154.19513316199703 153.70551200299695 151.07627619407623 153.79349899457338 153.96551484280664 154.71060791585276 154.46033733541202 155.62019757666087 155.4257583027794 154.92591989858431 151.95609195284331
