# Created by Octave 5.2.0, Fri Apr 02 16:04:45 2021 CEST <br1@br1>
# name: ptcls
# type: scalar struct
# ndims: 2
 1 1
# length: 2
# name: x
# type: matrix
# rows: 2
# columns: 320
 130.03088411017825 102.63881553366812 100.44157299217882 91.952895603964308 104.45888332126117 112.01764108319682 84.957478713326807 96.482292871457702 110.82769207974911 113.66915628645474 104.33815889815739 101.22055422047406 112.13753149416016 111.7234350334208 111.09703401635571 110.96218308568929 110.25696955065467 111.95260086116269 105.84559754508824 105.28470546433849 105.9324523055502 138.23249671805482 112.44444045559187 138.67274283540249 138.7585688289148 125.08055388871949 138.68889065369513 135.39686904435615 140.59185454687434 141.84172385606777 137.46032635724563 141.97299443070335 135.85315258832492 120.63499707834455 139.83068209520493 137.34669255766588 138.53037402221986 139.34314966903705 141.72411260585847 143.40453942893464 139.51585899608088 140.75370778701526 135.43212253443977 139.65725104193118 137.11300563513672 142.91570065135883 152.47942455082838 150.30734676535181 139.57132396222178 137.55484178209093 137.93280590486469 138.51218834006966 141.88628037883987 139.64410721081137 151.27767425070806 153.54741883405654 140.6494571592952 141.40976698293289 152.64615097620336 150.25675682823226 150.05127627619828 151.83624399777409 151.34201280737227 151.52589582212391 91.320448091691063 93.190525566656262 92.196583772512724 82.172691877857375 90.942988413913938 91.206007245349483 88.879027664637022 55.349261683237614 95.950060311491342 95.038514232463257 93.064482504276839 92.047426840300403 93.337969139363082 92.168403106178303 92.417681450761876 90.192637009906093 98.167322250346871 97.196367842240065 96.327107919994859 94.133091750149063 94.472995645750188 93.692926358673049 93.981909863421322 92.846260963632957 96.771245655191976 98.251134200132242 97.773253610961106 95.360553633939531 95.560041644859893 94.684361728017734 94.779858452643737 93.74195870172754 101.71769267997897 102.88933797287999 97.896392699994905 96.383315136378187 95.876210757585383 95.818236105740311 96.792151400602407 95.607865512071257 101.17015259987913 104.54365441325498 100.88304816553593 96.733735271217114 97.830871508465151 96.823713532574885 97.575878793380639 98.861709686017363 101.65900222742412 101.97464406876969 107.44061000522537 99.035574718531322 97.613027913863036 99.722418455509015 107.83661789251451 97.887187929090459 104.25344824268841 104.38661629093288 102.65721980666774 99.734280776522667 98.652791773096865 98.879535784554363 100.38817339035045 100.77443110484865 108.47954674616719 103.48177116282166 102.21937125867969 105.63080372030625 99.293552179838073 98.615968594414696 101.07158892603672 85.304836653505205 98.589118752688961 99.022292494501158 102.59119832993399 107.25355747448015 102.40228328426466 100.21801774107863 99.51933107052794 84.473914353942661 117.50408867121337 109.25976385886452 93.259172070422466 103.47280514792334 108.36939699785215 103.36366143940832 99.844947168352647 86.402995076223363 110.8940108424537 110.14337635473591 112.01542419427498 99.668902005943607 107.53651194429158 104.40480457717453 110.04311450903593 108.8665717184702 108.82932795763382 111.12553094512273 112.1710897643202 112.40531746972994 111.79559164280626 103.5253222227476 111.65296152762518 113.07430516191805 109.6321454838321 110.76523100396291 111.20614177238106 110.67438989188558 112.1488612824557 112.78182514390274 108.73739468344635 112.58964073909836 118.88139396350026 110.00750564717939 108.79541582615786 110.88661559585731 109.59198371705993 109.77206627593419 112.93762165540704 110.46207134820619 119.50298587496525 142.77997407604175 138.56850685857509 109.34836818846439 133.33284422434451 109.79246813716132 111.52986724545271 111.57764017614087 138.35325163679474 136.48883768904878 135.43829566236258 134.3471264939551 135.18677208699322 133.40448136067673 131.49564138007503 121.7885868495475 136.19249120577285 137.32895857279013 135.12334993150884 134.58229181516489 134.23261703972719 133.79610954341504 136.27445190066709 138.5288983505915 135.2301758586033 137.16494471408561 135.45745536146271 134.11242469940615 129.97516749318913 131.18342163348882 137.48388407930329 139.59951176154058 134.24583015281604 135.45701754285341 133.16681622792819 130.59102627390388 128.32608045869318 127.08604888434924 137.1415909885213 136.77702723445651 135.90511027035282 132.19537131519283 134.2961348981427 129.162001799031 128.09515251378164 138.02339108825473 139.84353717213784 140.59314850641468 152.40459186155411 132.28131473642236 133.39353275671925 138.95148063018527 140.32650695884524 148.08050124052332 140.79412750257501 152.13250274751391 139.07917208203563 127.97930706777264 131.63872145255493 148.35566480282768 149.09114698670339 145.30494573434535 150.83807590163642 151.24574493008478 138.31136673369159 129.35086758635055 149.47434907171888 148.6598165081158 150.22210828964279 149.09024542990079 142.49048462654611 124.17164987017983 152.59142744075547 152.26134970301007 140.42280226166105 154.65680511756747 150.80846305647549 148.69510165169416 152.44311872888449 153.61454465754227 152.37253069852912 149.42192104853763 150.71712507036918 151.02425292757823 151.92760292633415 150.1009688356867 149.75779090894855 152.39157727928853 151.76914790628615 152.68323579022857 151.34454161876485 152.40517245522364 152.36966452729629 151.99608497079711 153.40064432801049 149.947342443167 149.65628457302728 155.86592975273675 153.61895867880094 153.3636022221776 153.21325654870594 153.08682489162373 152.89828576990084 153.95234289963656 155.25769127864106 154.04284030767801 154.32969681423981 154.27521058249468 154.85347357426323 153.63973706854009 155.06607274451881 154.96602884962559 156.4468510977633 154.52439702804259 155.470309303471 155.36716452214935 155.56856101982217 154.4708446891361 156.12231646203978 154.484507926844 157.54237214430637 155.76990333420403 156.35770307226358 156.2642220698983 159.25764078036886 156.79870438462555 157.87372568213047 153.36197592162276 156.98600404744343 156.51597216340838 157.37468220622691 157.21050887012686 158.19685071732104 158.85768778192841 157.68502704192611 157.04519739194114
