# Created by Octave 5.2.0, Fri Apr 02 16:04:54 2021 CEST <br1@br1>
# name: ptcls
# type: scalar struct
# ndims: 2
 1 1
# length: 2
# name: x
# type: matrix
# rows: 2
# columns: 320
 131.11725957291537 101.39953170914535 99.176774346635924 90.063527122293991 103.77927989695986 111.31411949475924 82.451585298872956 94.734408050667042 108.91613582826282 113.16997599919377 103.21221795615052 100.093543386588 111.53468387086446 111.78646411540635 110.431169557385 109.82011770561968 108.39962951838729 110.14326688916212 104.05979587774777 104.2448706596343 104.73961190373021 139.29723557218617 111.60920954511937 139.60428512763988 140.15318673446259 125.23226424052351 139.79337804470987 136.30191194410503 141.59513202578577 142.76206295439849 138.51299181755579 142.21734092444834 137.11485388442142 120.93718545817975 140.67447443801731 138.57416192837545 139.59100447740983 140.38504264073018 142.2270081045898 143.73345229321185 140.29385365550607 142.5732260234374 135.6381936421019 141.18747149775109 138.7891091282882 143.40092437842546 152.80001446346444 151.57799289867222 140.46718338736122 139.14346058057092 137.59142897611943 139.97147351944599 143.28086619940416 140.86654223062794 152.39896048390801 154.04957317022797 141.6431762138703 141.83208069078282 153.76829015131889 151.32878154226 150.92923441844249 152.9719691356905 152.09229445847205 152.19232779476786 89.375488906649508 91.674231189502692 90.597871444624417 80.128259146489341 90.10357282765996 89.789807120305468 88.338591754081236 51.502583145254562 94.482574075728962 93.465850226128836 91.889577286185528 90.858457141973247 92.198738098286896 91.049746557383727 91.381397975469383 89.040604606682038 98.002402543216107 96.155635603728101 94.932104166494852 92.821532965354081 93.216571840170047 92.528649297829247 92.985564644119805 91.784005292876344 97.06819019728789 97.229864257745803 95.996210259049548 93.98576702406676 94.272406176432625 93.588573744172848 93.729729626258674 92.685993476102013 102.23384045933354 101.08966837190783 97.051977108104026 95.137733261633372 94.600994036588574 94.790840323612656 95.784262388409729 94.66767912541836 100.87554326580785 102.85136744561025 100.05376703277365 95.267776271007463 96.388971326814655 95.633591294687847 96.961635842989864 97.750133010212139 100.36002696392403 101.15740000707532 105.74937674272665 98.060563605262004 96.223397405624866 98.699508234198134 108.55859218696948 96.733033462263506 103.15975082605121 104.01550871826574 102.17897225160526 98.914140920941577 97.239172882341265 97.54859422550112 99.711361036954315 100.2802683184929 108.9910874972438 102.19248915708589 101.16659810769612 104.54795546164972 98.161086559387158 97.299979198082724 100.18588595599876 83.110912808668346 97.612832446468403 98.510258783205032 100.57528982302878 107.00356889292104 101.4567385951554 99.242650976440501 98.659403939353837 81.960290166204146 119.144344221437 109.0573326470158 90.614982547622077 101.98544865035093 106.46267372198709 102.13674051610793 99.229439867558099 84.139675620050838 110.72284799474927 109.85338772660258 112.16332086242471 97.574092439035127 105.0740664620033 103.72935379317767 109.31068335046426 107.26519852590705 108.74713219887839 111.02044690406019 111.52632581035479 111.75463964028158 111.81956270099478 102.7198610758177 108.870503707078 110.64914101624038 109.54598095572887 110.50362326699013 110.65160721838203 109.97252176621939 112.29224119483403 111.41103645193759 107.22687246496869 110.19012060636422 118.32198640592709 109.42184011214529 108.04892820105707 110.60572239722917 108.84869042637104 109.4834134485115 112.78136525220211 109.82660117243732 119.47723099095025 144.30505043978769 138.1367399064757 108.61645456853807 134.27244448995771 108.26775328401698 109.60190814053853 110.90962420036728 138.48428638493812 136.54885799873867 136.31300454795826 135.35133411773734 135.4371777255495 134.21796333864523 132.2364319276316 120.7391986212524 136.29139915780337 137.57839269031049 135.50644949606718 135.47816479774306 134.33182404757676 134.45391769163254 136.65086007745117 139.44442907871993 135.04565347619885 137.39099257561077 136.35467673384159 135.00898766548221 130.21636525642367 131.26754851607521 138.09388969494003 140.9647800258206 135.35251814437839 136.23068022517049 133.30853408848395 130.90149886232589 128.47873598335767 127.29416300852601 138.59937956734493 136.57480729012644 135.17118792510567 132.2983466438437 134.57751878701936 129.30592059728656 128.97187781260959 138.51991526168345 140.36463895539512 140.31840494596946 154.2228452002785 132.34700792025325 133.57754108487143 139.24360374874706 141.21344348099586 149.63797397977407 142.89835201906061 153.70031186778522 139.29969798688836 128.0479273413878 131.14005891587101 149.18643170954184 150.68143258014189 145.94050774081407 152.04180638336163 152.7181675912023 138.88878349443286 129.50742444073077 150.3190408217788 148.75019943511666 151.84398974103692 150.23656513306415 142.83317555463015 123.25996405451903 154.37295860955567 153.19823918181484 138.74273298072814 156.10621897590499 152.15597378595709 151.09733641276165 153.45774360800522 154.52150038143489 154.00325033945612 150.12726017930123 151.08387801727184 151.86476882990311 153.36369666916974 151.40731414277602 150.96716945234729 153.66398811165757 152.95832616094407 154.14341030462094 152.50687967832459 152.94189915585514 153.6475233764674 153.17775786585992 154.76141306394334 151.6590669792073 149.93653646432227 157.33336982383369 155.05465525932468 154.56365030084723 154.91702385570986 154.27589703492725 154.08151983957194 155.23016498683785 156.62842301164997 155.49475746688566 155.8824421793957 155.29915165709346 156.00405576703346 154.94538836912304 156.3593148100172 155.69373238522584 157.86901437383844 155.78031078810778 156.98750381851937 156.38578786347551 157.10167542462659 155.73998641228906 157.54089318727296 155.11806913862611 158.97943866809749 156.78067790294861 157.92496538742785 157.07171362519446 160.93922747988356 158.26368779164062 158.98210149212562 154.24454621638534 158.35007839457219 158.05872057425336 159.13304279888675 158.02856259782212 159.98968119903157 160.17969693784602 159.20834592205833 159.33321388379719
