# Created by Octave 5.2.0, Fri Apr 02 16:05:58 2021 CEST <br1@br1>
# name: ptcls
# type: scalar struct
# ndims: 2
 1 1
# length: 2
# name: x
# type: matrix
# rows: 2
# columns: 320
 143.84186362092316 93.654007805878024 92.693594226594627 78.254974111854509 96.010999350555139 109.21482817673937 67.785002958625199 83.810127920725421 97.873476391896162 110.05009920381271 98.363501541632203 93.648201099894649 107.82648403886137 108.76834482111327 108.20527989260526 109.47060180751212 93.391123812525734 102.32307659240396 96.423645855884146 97.731956650435137 98.820040517790787 146.05173386301573 108.18089454556714 147.33329648261366 141.93196001374869 126.18045393929859 143.85316131317057 141.95843006753552 149.5886796314532 149.25641347086142 141.08431522486237 149.08129073268586 140.1929854554939 119.02169311937767 147.70677743454814 144.61556110399994 145.75376314552562 148.16678857664738 147.4860153356471 150.01213836412106 146.5815810364507 147.38045829927034 141.01949241134361 148.6469266300407 143.66507511582668 149.84589281361235 159.39956434256163 158.31510841528896 145.01555692193702 143.01982611785593 138.91789073580989 146.84994488220292 146.75875662487312 144.74080888414321 159.36287598829168 160.4652295678236 145.76849805328848 152.45911291240665 161.41751792745427 159.26105572987674 158.26514038529129 159.72027751650825 160.05694486008738 158.74582147801786 81.790611470856902 83.098479258962399 82.0346165693431 67.350554575439133 82.989026117066004 81.882362164787665 81.008593052526138 27.460842282861154 85.340151445995943 86.390991701326058 84.093467274202851 83.034783888914603 85.52048472198355 83.906556070050428 84.470669084477436 80.782228150157835 92.062732476274022 89.602659087785284 88.526693933694972 85.41761520127541 86.386487148529383 85.682022331572426 86.605619831761743 84.425096720062342 92.277129451661082 90.67024829941009 89.597241035157154 87.38531573089189 87.408348215832902 86.477571289344283 86.490766006371771 85.193083862309848 106.81784490425413 94.392797937233581 90.885267596906601 88.385712051937134 87.545822755330022 87.279327440839253 87.65266235110515 91.014888228985527 95.398317922274614 95.076299547222689 93.958789187680651 88.34696939067949 89.477649432902041 88.771064152063374 88.100180437273366 91.11556157969963 92.598206581688203 94.748055100440808 98.033058209507658 91.786355232326045 89.697035091795087 92.025817590171243 103.60963203869636 89.666754640457057 93.836616401829502 95.922475181165453 95.822994967496456 93.050433453575806 90.686515959748007 90.338449462247866 92.118689554221959 93.51271040126251 112.1882171914726 96.40706987711259 93.509880195019633 94.999153934180441 91.507256685678655 90.537539984255787 93.428940046992693 68.82099943114865 89.831979796683953 90.300771958041352 93.704458587584753 102.45013866779097 96.904885788901595 92.923843559060899 91.44143365588765 66.25013899283843 129.39594141033467 107.76560549082667 74.088798030119648 94.885547750056915 95.268560898155457 97.90551670623752 92.325225386906624 69.576566866171973 118.41182676748947 112.11228580565863 114.55748803142754 91.169872011325779 94.584036592938148 94.928435883860743 104.73298860939131 94.300750104335151 110.67401684791081 110.84747888135188 116.62569462123761 108.02076198394332 102.98686943028777 94.035797186144336 97.62185378465351 100.79470734422431 112.03055368688551 109.20733595112071 108.31114867862645 103.96832904622954 91.927573163378213 94.529430968972491 102.60700748373151 99.10061999653675 117.83345761954244 109.90950745181911 104.77611066514336 103.01719948544256 104.88951834346709 106.49364083239361 111.25904415014797 105.24409512864669 115.76725585251127 153.83677771319981 135.69245379774782 101.98265881909697 138.45010915012844 98.711401018320061 97.951741719282893 101.18742809314567 138.67121100954105 136.95369888714779 148.13671791609744 139.30141670572289 138.00209524216632 138.38628386539494 130.92032753446279 118.52593057207777 137.62651954673296 139.83230422692779 138.10621542885644 139.93499562500608 137.14689160031443 139.34864621002566 141.10836895343493 142.89018928590687 135.05372440536763 136.45275952531452 136.07741157519888 139.07730799064018 130.66983791533804 134.05952458457205 142.16417746340923 145.89056405390573 135.8828102154331 134.51855928881278 134.83111526755548 132.83134031142993 131.96135513951677 129.54038481032666 145.69746369390509 139.9881808215213 130.55784009723519 134.09716896361871 136.97142062008888 133.06339674605576 133.00479195199176 145.15310204044948 146.33225776144786 144.63573580734246 165.58692856730593 130.76339445179025 135.15756979542198 143.73590700088894 146.7312161225228 156.00223375235075 152.58714356842401 160.90393013534808 140.98989404084176 130.14906427663283 131.87106845575141 156.33556929137055 157.40398148764001 149.91277028124355 159.38574910457393 160.35535507155888 142.18572910044176 134.07240831657847 157.05350903503899 157.86347253054839 159.71727196538012 155.12966128790046 150.21977532683701 117.56192770663901 162.5408363825172 162.02049045638392 128.24229997489743 165.37626237339512 160.75346956701662 158.17611197697838 160.22493851902442 161.47197798399614 158.67534254869656 154.53562974657376 157.56911018186941 159.35136971990289 161.08819566957033 156.33103431597434 160.02238139203672 160.4073973179475 158.90577282280807 162.78964827193826 161.90552924411475 159.51690278648823 161.7838941044146 160.31906698682982 162.16688499492875 158.06373485086925 158.24522203455709 166.36779124519532 164.20032093196056 163.02755337572353 162.37871803022648 161.45937815364596 161.31114268214841 162.59383703384574 165.32770957066614 164.01969607584496 163.36506705168338 162.76927847135048 164.58393431420967 163.23562959404416 162.60242053863152 167.5859875781355 166.46767146717588 165.04721287100176 164.56555293967145 164.00500716788463 164.72143222368595 163.65715333177238 167.44650410400254 161.47200109820966 167.74098519910854 166.25120468273323 165.67124067099306 165.06919032379631 167.70141601771132 166.3004042438771 166.90154679270779 159.6424492430329 168.81485065332535 167.38848752824993 166.66218731732187 165.80282052802104 167.61417246914186 167.69984492908853 166.41418333789613 167.96536577975868
