# Created by Octave 5.2.0, Fri Apr 02 16:06:37 2021 CEST <br1@br1>
# name: ptcls
# type: scalar struct
# ndims: 2
 1 1
# length: 2
# name: x
# type: matrix
# rows: 2
# columns: 320
 158.04603429698057 88.696872507786935 88.05979755039921 70.69750018517324 91.687769693660357 107.65695340029477 58.867130143494165 76.818588637562783 81.294700622743903 108.3914175708079 94.068620328680495 89.186073731437872 105.45468513251885 106.80112622686902 107.80174428086133 109.37862139399611 73.025880597728289 95.527982491583714 91.37165998901051 92.068644937611225 92.909949960651318 149.17465011145703 106.75047608384976 150.69437017406059 144.82066767342749 126.78736650353304 146.73985564065913 145.57860166653103 153.24379977866909 152.67729146428488 141.32942615454405 152.24541676328036 145.17691372848194 122.02450623548049 151.02064413171527 147.66509601316335 148.76175740144703 151.89943374982039 152.0672211854156 150.4078782276859 150.40381075273527 151.55620740109859 144.26240488563749 151.50020157359148 146.16728106129901 155.31073372764402 164.778968590456 163.97652863003736 148.57279808182133 145.98310188022015 140.76963176802661 149.9084021850276 151.76362301634643 148.02892286202362 164.86959854385037 165.4377457635195 149.80922229205848 160.71788992310016 166.62662403556845 165.5008672853811 163.33994452776216 164.29619215913601 166.7442987811005 163.73045759608138 77.790663552920734 78.832243558007917 77.73502137581346 59.172823649967 79.363333352455939 78.366019259943542 76.592236367968738 12.074128130931218 80.714219767972125 79.575637214709459 80.25779973835715 78.833034191508602 81.405352608429581 79.784354404902757 80.324841417212852 77.131291958199469 87.843428801929932 85.764321234149293 83.877490571371084 80.954133738223547 81.412048286099775 81.307484731328188 82.474195577111644 81.69236950551678 87.835223422082933 86.736854556528527 84.649427278534588 82.620664260652603 82.494223626429303 82.314503272654562 82.301257957663353 82.763118718306842 108.63266269401366 90.137192008609532 86.640608272577438 83.625185585673705 83.388993975408908 83.70690298985852 83.929908500471967 85.406609522879037 89.118097169039459 90.945636603655231 89.771673489852546 83.829561300221116 84.591549526191926 84.538397689034127 83.433248028134415 85.672823883348372 88.594334532671809 90.390040963632288 92.71805305830911 87.462075533012197 84.898279692744865 86.880125971431781 100.46608192848856 84.137969697693819 89.400843221174824 90.742144273089949 91.201777560856826 88.92908669062561 86.029102215928631 85.043493402767908 86.525291924653374 88.162509949851284 114.23438019577904 90.994814221556652 87.987043257462531 90.663335985217529 86.815711130093206 85.790432612242924 88.718359877685657 59.7920354781442 84.953452549562712 85.976483852851061 90.974979736397131 99.666322811437794 92.545367439950795 88.559800537289831 86.456894780545056 56.195642241884372 133.86257644676954 111.86337224946722 63.512039938918093 90.348459511962361 89.835579911957097 93.186270817487369 87.595676295160715 59.670856772454009 149.98997611265207 120.20626090078082 124.09478281432884 86.040169025936649 91.629089528949009 89.551864748186617 104.57047999013288 74.210282849140242 114.21455298479047 119.05982386213206 129.92865594503016 114.30399935810938 92.311550080898414 89.865650640198282 82.385799014456168 89.893991936032592 113.77735156567148 115.09784117430877 115.25890979021391 91.723540918374823 72.779118759157114 72.184403860881574 98.401425041601016 88.669962618561385 116.86597838765616 109.34321408406726 107.40424435882304 90.91238946351443 99.52823928953849 107.55071882010121 115.11924566356328 103.52795540518197 99.240833361448736 159.93708316818356 134.91621994468278 90.765162781794317 143.90345223830425 81.455323686919087 81.832396871762413 89.802222654069652 137.75927504036761 138.67022629414097 156.24162932841722 142.56484971082133 142.53658749561757 142.57492945810972 129.02948441597326 127.45325605736925 135.14482280053744 136.31495540822968 141.91075118030955 144.03978509695071 141.38715324772988 142.98722643352062 146.32340262246166 145.50778748274107 135.94771164273411 134.41924516099687 137.13196717237886 140.73728350771663 140.05718973038961 132.80269032618762 145.49381813782276 150.73509280734046 138.7175895361442 131.86958335374382 138.35291988825003 133.1635382335372 134.90933001971726 125.67393443915368 149.18638917482627 144.65025071129241 127.60529748739808 136.03786591143685 139.69019643772373 131.62778048091116 150.50251843640538 149.62289988395707 150.39442939544708 147.44847125857203 172.85994192220349 133.22820249896023 139.66076907270687 146.53295169609203 150.94824633270628 160.37558215567572 157.71963158286607 166.07956659111292 142.71734777587176 117.95572280005482 130.85143940345216 161.66982367406808 162.45384266788952 152.45501830711842 163.2159880770927 164.62134110107183 143.65004602778777 134.84834049427459 161.69156414447718 162.69004693777075 162.73409746787416 160.61948025531368 150.69884051734076 113.9151844439958 167.32407337701389 168.1109360523067 121.52202285116579 169.60109908412835 164.85316724823073 161.95449807620454 164.60985926754739 166.99511563893131 161.95342062853717 157.35698626962818 159.21691427564875 164.77501376809835 165.9179064156427 161.38130522167734 163.84456512376047 165.88765084819767 163.75711625906817 167.41038940568765 166.6647595941545 163.97025932381487 165.86804959752214 165.57909585717505 167.19522373217438 162.46421136340626 163.4359884237999 172.31786768614802 168.77649351118959 167.69895223607733 167.00827651542298 168.10676829714998 165.85898045722328 167.02898034063074 169.87692349500037 168.96614781278873 169.22342148994139 168.16847806367355 169.0472503564844 168.02056423524235 167.69374456406089 173.17937263756235 170.85100803914554 170.58127657206535 170.25591700171103 169.1111390759425 168.82636085771668 168.01680090256284 172.59188174161116 166.58806323133436 173.36784949823831 171.6461087068765 171.31105483891793 171.11291562317919 173.56383197562997 169.84189989219374 170.86463507934613 163.09710718008733 173.61079480163266 172.44160325537695 172.13709859127874 169.9620131702263 173.43142094502144 173.00863510151427 171.96284085397238 173.73345645337784
