# Created by Octave 5.2.0, Fri Apr 02 16:02:33 2021 CEST <br1@br1>
# name: ptcls
# type: scalar struct
# ndims: 2
 1 1
# length: 2
# name: x
# type: matrix
# rows: 2
# columns: 320
 120.94307741211864 119.16240238868292 119.64536738872714 118.0482935024156 119.94476587491636 121.17556699241096 119.9729961270199 120.41087380495846 122.10353937731287 120.50143760080897 121.57396781598874 120.73825362549854 121.11065507949328 122.84763870648835 121.68102041563594 122.21425714864849 123.65781799918908 122.42116543702687 122.57822453422614 122.01170734806927 122.8352353349395 123.83061349776463 122.84439050912738 123.88617829566306 124.8141533705314 123.79154815167875 124.08729716920898 123.35678870303086 124.47473212870689 125.24342607507457 124.64724011841467 125.00009558884076 125.77621995960332 125.00904247468794 125.43581809045425 124.6152859506077 125.54874112465068 126.28504441119122 125.8044049606637 126.40106040809151 127.00569674050563 126.19030254934044 127.21822453732773 126.36423439477706 126.6173818144314 127.56840946694831 126.99289889466155 127.9631304065659 128.72203594899165 127.63197096510289 128.27975751944729 127.51530583226767 128.7369577535666 128.66550991254994 128.48170865294085 129.13693926994318 130.4703260570536 129.31968620547408 130.45449334889631 130.04961501300519 129.73215574224156 130.64240744648887 129.56229771239353 130.17346464128906 108.07237528837047 108.28894429490511 108.1208984724242 107.49360779743331 107.9898717590974 107.49673155815114 108.11546625862854 107.46995988663306 109.17034420925511 109.39136300152535 109.23026841642023 108.62709048278971 109.02007513075927 108.51730828822603 109.16076507417367 108.55593666446168 110.14608482043941 110.27897565237063 110.29987657758195 109.69251225758742 110.06336841486473 109.55367210106172 110.32498805343479 109.659602345789 111.16636305266158 111.29674739814529 111.36718635973169 110.77326166471001 111.23487566683089 110.71563198308752 111.42619211763827 110.73902249070633 112.24759200780858 112.30980981304096 112.35311224694907 111.83774545084135 112.36097368966175 111.83241870513135 112.50683264439303 111.87229634391986 113.42638378877868 113.16723066055771 113.4114405623599 112.91575919917369 113.49177529256518 113.00819615290267 113.52659547177782 112.99227012155012 114.18816036446303 113.87606576420264 114.55533102714597 113.98399194963102 114.68089843982801 114.07813422580682 114.58610178179455 114.1448361491462 115.29537651505923 114.96774634547901 115.71437716747998 115.16623720813361 115.74349763691367 115.16354002470172 115.51060958985244 115.20233168481808 116.17838942212104 116.14460862327724 116.90391670050086 116.23921748406183 116.7113677231563 116.17252311113501 116.58477289531045 116.33441915892973 117.27562118783659 117.05564986980681 117.65231202083821 117.32605185196888 117.75914335997804 117.17711714006401 117.60621019171646 117.15785688538872 118.37046920749717 118.00909683132065 118.68028409239835 118.12803695702762 118.41588220012032 118.16358294537329 118.9026384649724 118.22091373216901 119.43448464706664 119.0618933435956 119.75832831017679 119.1746936816176 119.94198308147844 118.81888651798079 119.19230177458722 119.86058060525896 120.48589218910517 120.10930071719007 120.86136791438496 120.43073116602332 120.99500398098205 119.598800963695 120.5058356872438 120.1898467569364 121.65239987629093 121.27848666028589 122.02329713712174 121.45135848833431 121.97464354176945 121.6983690547258 122.29517863922909 121.28147662044937 123.77296753570953 122.49218948893733 123.0596432755906 122.68166329962513 123.26800344744085 122.57951309700368 123.6900396679371 123.05293019307956 124.80937721909773 124.33286303244751 124.60966968351489 123.86729568240511 125.06685483843798 124.27008520599901 124.71661341356456 124.22721662083789 126.08603933077207 125.39433454169644 126.04010655589998 125.15225063359891 126.07264618529281 125.50632341743521 126.28278782166016 125.40865540126585 127.41780450217988 126.69288718976804 127.21966474721667 126.36920728220754 127.08607322123952 126.58238428459408 127.42894434759646 126.49861491334687 128.50717197269964 127.69771875277063 128.27393323346365 128.40501156108178 128.66481527927925 127.93374076295235 128.5423957123258 127.8500357135856 129.53931057251174 129.11409691930473 129.35932364821085 129.41516888698555 129.89948211347286 129.37473700187923 129.94840017633305 128.96127181673864 130.21420840683055 130.12652271577042 130.48616601255472 130.60468880714507 131.08458349365276 130.7626669199592 131.28114693313665 130.40262826021166 131.57909671629005 131.16565636147362 131.5696109274937 131.72114544300436 132.01134472760469 132.0582445289642 131.50260611475247 131.45291126100076 132.53983892299837 132.29963473353706 132.49687118433584 132.78356819159154 132.99165129420399 132.35898505782288 132.74568432470105 132.48855766983829 133.53570817528995 133.23175782351524 133.55889470044951 133.74500949390094 134.09834158080176 133.46247580260214 133.77720095683839 133.35738470383299 134.84336963433682 134.29063094384321 134.55157894212394 134.70972354093055 135.04889657666854 134.44725307034449 134.8793012680182 134.5466090445079 135.76410486746659 135.32727156020999 135.53906765449895 135.78450380511501 136.16715439453651 135.4452435532049 136.05078920914153 135.54351754022224 136.83429722048024 136.36072016202382 136.4959926610598 136.95130680054245 137.23657332796679 136.54628395484244 137.17883497226927 136.59153088531625 137.921413517389 137.41628916122914 137.45137570200981 138.01998944633976 138.31537872477904 137.69312295618556 138.26493120252968 137.66258784987795 139.08063583441873 138.51723181233297 138.47779577358409 139.08062950026448 139.33602581849956 138.74744161165469 139.26604268042709 138.76911234062379 140.2041576624917 139.61217213110879 139.57274439292578 140.11839697908903 140.41579517319229 139.81110215103385 140.32050160082193 139.95071526308908 141.32386341912522 140.71154391706159 140.53812090649168 141.26165881273428 141.47410134937854 140.91817390935253 141.37937448285345 141.06541128298349 142.44796357717684 141.77053047132702 141.5959978562353 142.41239812822039 142.50881911854626 141.97469456433137 142.51769906592386 142.07131408549796
