# Created by Octave 5.2.0, Fri Apr 02 16:06:00 2021 CEST <br1@br1>
# name: ptcls
# type: scalar struct
# ndims: 2
 1 1
# length: 2
# name: x
# type: matrix
# rows: 2
# columns: 320
 144.50768412136335 93.421642088780004 92.424468896011476 77.900717521541324 95.881261427330216 109.38689547194815 67.295188866778602 83.482399516827172 97.311252288857133 109.95650289995127 98.310497256952956 93.639043983207628 107.71530596512656 108.67484858313173 108.18691629678645 109.23564334089299 92.384663598463121 101.85758219053933 95.800565642737041 97.560490281249258 98.659052124595334 145.9164383660794 108.0202890522004 147.6411740630852 142.06283617954574 126.20889963026184 143.92120380449819 142.12812561123843 149.75793768338877 149.4482742940954 141.09580479969119 149.5029631939961 140.35454096126944 118.99308630041179 147.90330627216426 144.57819561076113 146.07191087724718 148.68275232114442 147.72108115384839 150.26251480456244 146.88413689983798 147.49411978153657 141.35623534687514 148.48484105039907 143.8072225659231 150.1216688597724 159.72720821499016 158.69981348420646 145.08729198800739 143.26675760914199 138.79211587094989 147.1008101299995 146.98275671653894 145.03518734788472 159.5841047063854 160.72814737134391 146.00606335964534 152.84647013378785 161.72213454902817 159.40414285413169 158.54049553428317 159.79939137320471 160.30105782859471 159.1679535609274 81.72160577727827 83.180216413093433 81.811282298913838 66.967223438307627 82.987888678981449 81.737310872726781 80.692110378622885 26.739590056989439 85.19272070157119 86.02192981968571 84.19725544649134 82.659807811042882 85.339201900389469 83.891470170096895 84.387617314194642 80.533452359713934 91.711671872668404 89.260825411886785 88.253304013557482 84.898142008510746 86.194162202138727 85.355893816538369 86.356272208095234 84.420892753136172 92.039801968425579 90.239030127102595 89.263945680184861 87.246238601814881 87.227106089538026 86.275035399508553 86.232161979435304 85.176060088910646 106.98275405589857 94.39144118181531 90.513556532743863 88.235304946023902 87.283546488030822 86.919070099597604 87.397743016052289 90.564899438328013 95.320141036758358 94.854649965910255 93.857439361417732 88.309652841366798 89.35448991018373 88.50237398283474 87.832418841181607 91.013293228048411 92.394511162091675 94.726841687937565 97.857089601080702 91.454653825482964 89.161715266031919 92.08191392251878 103.46227812728037 89.346968389734585 93.263043097384738 95.785862039166972 95.522231542708838 93.001251794864004 90.184933813669403 90.101332216163982 92.101633378440923 93.46776286778676 112.28413108229947 96.476158911550783 93.27213754668054 94.828085498166374 91.18105704712049 90.235941573745151 93.273986575765974 68.535908207352989 89.635613445608399 90.302226159233086 93.576974955875656 102.30866716807107 96.58556077576867 92.689674022646614 91.072750872033836 65.778834457637458 129.7034893260016 107.76277221000775 73.593012494594575 94.697554607019157 94.662417000168162 97.644459218173267 92.060479369027178 69.045884047664757 119.79494879563224 112.19996001951023 114.99684619524686 90.692947364129893 94.468826464100928 94.682152481729005 104.59565776715912 93.29332626509968 110.82913467268095 111.15817571843218 118.16456392716395 108.18247197663058 102.84290499683267 93.969539631103174 97.013581893787006 100.07093676728067 112.1543071365229 109.31118220987086 108.44617913654839 103.66285866533377 91.051764008158031 93.577755803320272 102.3822948571453 98.401704123586939 117.95815292684279 110.43218718620706 104.67930452404066 102.41991672125366 104.70558796749701 106.56202323718277 111.80938453619926 105.49437542036195 115.00355992969604 154.12272953140217 135.5919714718901 101.20077556752268 138.49371994168203 98.13719629079813 96.910292372599216 100.69803479644581 138.55579420600571 136.90539735766382 148.51663563854993 139.68374348240206 137.96834746144313 138.84060765631051 130.85487520658907 118.94372007717448 137.25622525621623 139.99526432451196 138.35140635166016 139.91971053060439 137.21326841348636 139.41800314085322 141.24808290338299 142.89452462343141 135.23555812674968 136.37271913127091 136.08558310170409 139.09601292061521 131.03452422207042 133.87828999380864 142.44226627281006 146.04840749177714 135.90506284737381 134.6415598281323 134.84473340924609 132.82042525161648 132.24764635022336 129.35773487171244 145.89415051752678 140.05391142418426 130.41943966239907 134.12260859075576 136.84853437612475 133.03876467757041 133.27295025279503 145.44184851880621 146.48355509598611 144.51210610592747 165.92785106831676 131.22776567854081 135.17645801132699 143.66265403635694 146.88657133855074 156.2300163437601 152.82772894410098 160.99953379878869 141.10742067645248 129.77438729674799 131.94751773820255 156.49543800926594 157.45905431379873 150.03193815745644 159.40007574376398 160.41874608418055 142.21781671462995 134.09902990690858 157.29047744340858 158.11047384687674 160.00454428243256 155.47088773853159 150.27489924978204 117.39098661620261 162.86123382573098 162.20979688459599 127.92728698472251 165.66300708176635 161.13476498679927 158.40601930894132 160.48913598193175 161.84621525799307 158.88224261740734 154.66788083359194 157.6451828511737 159.58504697708759 161.36434967935304 156.27044554189612 160.33116953097863 160.52658254375504 159.24830833751903 163.19397755512739 162.21071019240691 159.84768185261711 161.93779121207447 160.69296201685927 162.32309408052248 158.22067874360093 158.44784756098099 166.7595856379539 164.39266225553195 163.39727480959971 162.79134312140545 161.8445288878118 161.60654321074929 162.6801580830506 165.3936468018843 164.20325846863986 163.51247198112932 162.81564856541857 164.75147940196078 163.62653616839034 162.78056181644624 167.89149595222992 166.57105627875907 165.29503551816606 164.67723480347857 164.16356942965197 165.13277497575288 163.88339025920976 167.61574087613926 161.69038784537872 168.45427703921277 166.50987907659956 165.91538415720697 165.27528167737509 167.81371964098642 166.52550515405014 167.06467175398652 159.80438633383233 169.08176441974487 167.54577518842538 167.15418788420089 165.83783214411085 167.66451657458217 167.84363681095326 166.51863798331738 168.20162619197043
