# Created by Octave 5.2.0, Fri Apr 02 16:03:41 2021 CEST <br1@br1>
# name: ptcls
# type: scalar struct
# ndims: 2
 1 1
# length: 2
# name: x
# type: matrix
# rows: 2
# columns: 320
 122.76574820313468 110.21220835722853 108.30960133853021 104.58804732513455 113.67323871058157 116.36383372543911 101.19782304638579 108.17127261049524 120.22734622708083 117.00742445751247 114.06954882876214 109.20187373635413 115.2068717235245 116.91698122982334 118.12542951114162 117.33219341903872 121.79656391545645 120.10682665869798 111.48333377055854 111.44922706436542 112.60858969480519 134.34968921006148 116.20553160428753 133.51006215328894 129.23218099207367 124.06599091103016 131.81419333363164 129.34439465228553 134.66328969081081 135.1180501669638 132.96632856478769 134.13550742166356 129.42232828084246 123.89319884939866 130.03896417283266 131.12816647007969 130.82677542053597 135.6896181631036 136.264947695187 135.57518949033917 130.75204344229297 133.05193225103542 132.41462653443145 131.93749486838394 131.95516562718313 135.37634554921715 144.06756474433206 141.67934372856033 133.81751487368095 131.26299748435397 132.80978128645938 133.00322801983108 133.84547907427631 134.23579976645036 143.85974222101748 144.34110168049918 135.05381994200144 134.11203974772133 142.80586508277065 142.82100644871014 142.8813003559136 142.21298316964399 143.49958153460929 143.54194820208778 101.10657602981567 102.64470328736887 100.0021221780611 95.844835768881097 99.43507808860636 98.504435313657908 98.042820442437502 81.073924405994234 103.03031603446109 101.92992174736905 100.86336317325977 100.34726531073443 100.45612071996098 99.514714269970085 99.236568369581505 97.3954557035281 106.03310534287799 103.96658785603931 102.52345364562369 101.45480714152646 101.53154410510248 100.52460869967116 100.22340973782777 99.400245151342176 105.01297775430611 104.68028150825219 103.53586188620798 102.57866901319493 102.38030889690903 101.50102310701698 101.41058704391141 100.37456685643986 107.8204782336533 110.02100760041245 105.79836480872935 103.41172027908834 102.49326941082269 102.44084399640246 103.45265658972993 101.77024541855995 109.37837214397921 109.15385004524221 108.94867171339835 103.84276374426912 105.37941707011194 104.6169790356122 103.80572527752518 104.50755511247526 110.64213884032489 109.18966637086422 112.96363799223531 107.11142245250537 104.4971416091518 106.03068596857787 106.51672605418348 105.13848945132118 109.24537436702573 110.75649976739771 110.31514326707141 108.36202139250133 105.70725007873986 106.65449087284578 107.15824214346229 108.01488789790803 110.23711889320727 110.33983781872139 109.43986073817202 112.98621393458703 107.05945662625091 106.65622703733224 109.24697113166707 100.12866102862655 108.63204266484719 107.28734095693434 109.63029490815242 114.31244422016208 113.13628259590909 109.12907579323344 107.60311138856352 101.28377610944398 113.67647148397224 111.05431934581736 108.4709158611696 110.02641733032661 113.6542122595734 111.0994605466791 108.03185867397757 101.90480315270429 113.00448806930338 111.91551476276787 114.20205933148783 107.79441215139653 111.62461147293055 112.30745345746145 114.94124788198398 120.96424927215334 111.68010468355779 112.39230996087288 113.47164315119733 114.92729356878139 116.04726365757125 110.41799646652245 122.82004929004593 121.85310856338752 110.75405269553472 112.74847726330847 113.98024140789353 115.24853988402874 116.3538122654131 117.54473942922905 118.8467003265621 119.62943711896699 120.56023907047458 113.13969434561044 114.25901909852276 115.3428014061588 114.4563464909634 117.82904099433262 117.12223993371866 118.58715030968901 121.73741459611144 132.58102589349079 133.62885018130638 116.78983653096181 129.21529642870749 119.64071616629548 120.99506452981768 118.19822896699441 132.68548284611904 132.52040525898772 130.82272505285127 129.73264496650066 130.87626732113463 128.74248329082602 126.54160459329046 123.52728406506891 130.39178316431185 133.84292655322471 130.26031998886367 129.41896237048803 131.38286511595723 130.28840331235239 129.93789344445096 130.2097860508832 133.07133408295832 131.46493042801407 131.9215398365647 131.17775452006487 129.78001211925192 130.62823557547804 130.54474155706512 134.60824911728335 133.46391627222474 132.49712473605069 133.3775197666331 129.63536581496061 129.01297373740499 130.1581413404387 131.9357771435146 133.73592906797228 131.59958558891466 132.4524700016627 132.34446882068247 129.91620872719736 130.69004636460841 135.37425552338945 136.07385635763566 134.96722888265765 140.24502265883476 133.62905463628837 131.65109553408257 135.70222665523374 136.65206244728819 140.63209675491777 136.44031512218274 143.97923049690687 136.35043736102926 131.24812449730175 131.15375735726434 141.19048653858482 141.80703050675544 140.65275747617397 142.10040440954964 143.00153253782756 135.70385987853831 130.89820034479717 141.65428697351078 141.94987331510106 143.07726858315471 141.59330460805185 139.4343939087924 130.2685487624058 143.6804492783821 142.99288978452594 140.03363160101975 142.42839659109168 143.98427994434763 141.22992009629164 144.18014027214656 144.88614698070049 143.90820810291211 144.28690247083387 142.60575880770762 143.10719319277339 143.47579775086339 142.80293219459486 142.3686793001425 145.87345805662736 143.47678315480763 144.36460086480716 144.44483828735071 145.09998761989627 144.73431914194211 143.29758345653241 143.88440073868989 141.70986470514316 142.09948199790057 144.69481158866472 145.39396455419745 146.05841817221309 145.38271812707484 144.23791457934416 145.17743783218893 145.43551587714401 146.7888482842001 146.17925794076152 147.12970270515484 146.77870666733497 146.43710336072493 145.13586404570194 146.86785309900372 145.96422147987514 149.15539580957449 147.84881739768622 147.77734478908104 147.67057830423278 147.20772826148865 146.33795281039843 147.78319070587554 146.97072878734861 149.39943139987869 148.29239712396159 148.61073116234786 148.24667530537539 149.88911452339855 148.87316277889374 148.84250814236486 146.97768473065162 150.32006697055851 149.19274645668079 149.93221552276415 149.33810356071263 150.5897857768058 150.99302977588437 149.97104795300302 148.02967681567873
