# Created by Octave 5.2.0, Fri Apr 02 16:03:15 2021 CEST <br1@br1>
# name: ptcls
# type: scalar struct
# ndims: 2
 1 1
# length: 2
# name: x
# type: matrix
# rows: 2
# columns: 320
 120.44055749203746 112.79371041853129 110.92539674330308 109.54763958951914 115.98233135089868 118.29965730560218 108.24848017167977 112.75947026507072 121.46268729915602 117.8285876376687 117.3963244861237 112.6737244932383 117.27699120374919 118.41847740168664 119.04082291284681 119.95833201351971 122.91922479869177 120.55327506968291 115.59396642155052 114.91080875719109 116.38014218788038 129.559687690673 118.84142200092768 131.20186280315224 126.93497728653907 123.66775123754462 129.19357859041716 127.14524390991066 128.71556513898702 132.88096418461572 130.46215676562787 132.41359301014393 126.71699438529826 124.43588411299808 127.96616331991154 129.25716828992529 129.16236337583626 133.60336256187824 131.7428758839655 130.50449297145963 128.80626380016997 129.60627563637681 130.25493659790089 129.92272934657296 130.53748701425747 132.14914717365045 137.59020379354698 135.41976416839543 131.25646163045698 130.0621798632362 130.71104251430197 131.48153386244164 132.67084879331881 131.79324937087233 136.7014454601152 140.5723059109441 133.65899298759527 132.7002142614663 140.16319092216349 136.01173754523057 138.7282202893698 138.28428173741855 139.65890185013328 139.7734011444289 104.35103984754525 105.2277666009623 104.2882517210152 101.28399967282451 102.73842829177337 101.55699839137856 101.56999311601736 91.171455568196762 106.3339343527648 105.34543359061391 104.39265139262726 103.33088011241338 103.66127492948955 102.70147836617227 102.29926507694246 101.22993827118512 108.6326277726788 106.41626298084972 105.45239220199394 104.37381903272602 104.51707442522499 103.58300355638407 103.45963925377654 102.35596850202498 107.50532174750576 107.58345148299499 106.47523343071055 105.24291391853281 105.51491805758822 104.50754406489027 104.47510112166924 103.32955255016773 109.71069219604749 111.56469970861261 108.47151973899578 106.37235646267766 106.52705665095414 105.65064440872837 106.89631204068384 104.10821053399758 111.16846886362224 112.02687066449168 110.76188326337015 107.42979083830996 108.47379677866864 107.5224376776259 107.88263632746853 107.08709023841797 112.80004483362943 111.79329193034074 112.73075558513388 109.63977024815065 108.18360886328334 108.65527804250577 109.07355839488231 108.41402533173836 112.72759502918008 113.84780630182132 113.14180048737812 110.48169039690848 109.19104981078527 109.69075939397457 109.77580410524691 110.11307770958025 111.25691974209182 112.12638668764154 113.39037304583479 114.02056789425471 110.41752982581711 109.41246288012839 111.06728394793507 105.92799929922717 110.08992712009886 111.78475900740118 112.90345917827524 113.96924467489234 115.53527034113623 111.59059025720721 110.86378925506446 108.44357869481443 115.30958959695428 114.17773209187615 111.16790566639185 113.75838406804145 114.91315210104631 112.39124352896312 112.04437959029966 106.77150254234526 115.52659663249104 114.2370841628483 116.28803798701036 112.42591878337723 113.71204248644486 114.98801313867386 117.35306474714163 122.08511794830567 114.02773899724338 115.02535615769774 116.07014448049007 116.76833747802209 118.06390428672664 114.13458530151829 122.58924175633952 122.02149219304914 114.58176495588201 115.44039706812194 116.44505385674174 117.22449716386792 118.28475871665368 119.34940557036407 121.73441727388534 120.69823278995533 122.50423691248972 115.71840538538548 116.84455485554912 117.62395389907867 118.01753301465898 120.51497470128957 120.26314172102883 120.27679364519697 121.3294681632651 128.5777004386577 129.34499984859104 118.64477828362132 126.37203546812715 121.28444334188133 122.46118193321738 121.39528923647745 130.45421804855192 129.51716877504029 129.1368410356913 127.44205448226622 129.26352714226186 126.72823069150591 126.63807871092568 124.94599840367665 128.54274244356225 130.81102456188091 128.90634980837027 127.90163220978627 129.67350001505056 128.50183611731367 127.95116453589563 127.93315937677461 131.26171512006195 129.71555059166846 130.49820809898921 130.28385457064971 128.9888702715356 129.27151307730338 128.94934444698561 132.02390256993445 131.52703164289829 131.08499059861646 132.23575848760387 130.89213724875691 130.22835057581793 132.1155864145322 130.73629320919429 131.14527969867814 130.1457275362354 133.33587906369593 132.03462586200689 131.29353525443915 132.58583665924635 132.44448997515389 134.27695015479375 133.18715972100298 135.47210764468323 133.00253105133245 131.63619597744972 133.50219016999662 134.55136338118032 137.98538692696715 134.72791476994314 141.05776712887655 134.61993081988982 133.47549308239627 132.07898553519394 137.39084270482221 138.9703380070583 136.98555539534712 139.12987509590914 140.78216617189796 134.59914507897037 133.73324160798225 138.38140415900028 139.08688082315408 140.13130735730428 138.84564252875279 137.73242725323806 132.66172402850944 139.15116137611443 140.38632348683066 138.04466323576605 139.4505952657353 141.11816313971099 138.65119205138134 140.93980454438588 141.93232197522491 140.64685044749675 140.7227725671012 139.5954290445124 140.35253094178788 140.91998068914643 139.93982640524254 139.66866701503673 141.66711626270441 140.53730017573807 141.41981393923933 141.08498732776349 142.30311529427237 141.95473613924145 140.64322783171852 141.76895520734379 139.97528761057339 139.47610299313143 142.26885348074896 142.20893653058235 143.14796167846066 142.89918147831477 141.85974935242351 142.64295192307691 141.99939284237962 143.18988977006728 143.32222134829365 144.12186392678225 144.06545414671149 143.78988166409215 142.77108270893746 143.48651726674672 143.40779445191012 145.45625116168137 144.2723259295563 145.15458853451568 145.04481383687292 144.81301018510911 143.80471003702849 145.13087430917801 144.66792353866586 146.49458458911025 145.1708509034778 146.13229701139406 145.78525983383565 147.03785519578994 146.06704241047279 145.83482974049636 145.50451842876393 146.70566738500048 146.14665082493806 147.23946619614802 147.30147123191014 148.17289997021538 147.76287911370872 147.08039885481756 146.64805687730413
