# Created by Octave 5.2.0, Fri Apr 02 16:03:55 2021 CEST <br1@br1>
# name: ptcls
# type: scalar struct
# ndims: 2
 1 1
# length: 2
# name: x
# type: matrix
# rows: 2
# columns: 320
 124.32741293081602 108.68246136010823 106.13307266893838 101.87208013273347 111.9712172376407 115.89782977858684 97.617906212099456 105.65868818060866 117.99156482387615 116.28985279457483 111.32576081934359 107.6730265869809 115.00872495875684 115.65766550521745 116.81470464073691 115.51883730845674 120.29190084013138 118.9139049050378 109.77561348504672 108.98366521724944 111.39417870650772 135.52065089478393 114.85422622681465 134.04973509305808 130.97012542527531 124.28407454174842 133.31494209632839 130.64539382067454 136.58496896494668 138.07057318933349 133.97185053647578 136.24878221484511 131.12349935279863 122.62041237724716 131.36688711814722 132.01536540466932 132.43496998404069 135.3295993884991 138.39939030305788 137.86098992257794 132.27291064847572 134.27464278235936 133.73503890250876 133.48735949606126 132.94447017770528 137.05039799915104 145.85680223407485 144.23135687919716 134.8479997204152 132.97345176756789 134.05009647582204 134.05180606132168 135.19135281891261 135.38435727333024 146.58270065324569 146.51916101375656 136.64879109919926 134.99938889216551 144.36143202431413 145.4706544736199 144.37845047222586 145.05681212246748 145.25511095627843 145.30014636023381 100.0154868516827 101.03873659912375 98.02242212314431 92.905963717539549 97.683726980769933 96.702847273279232 97.163649881019822 75.54432400764523 102.05899707810649 100.89971252135562 99.372698009867023 98.591753370126668 99.163143555464146 98.297565485549242 97.670918330291613 97.078564669904225 104.197236238201 101.8960639864973 100.88032402035297 99.89602602443928 100.01273943123714 99.140643708113629 98.738059561373419 98.073180655942608 103.03219724367381 102.74439689539788 101.82922699890953 100.73927370656148 101.02207405984193 100.14507795411805 100.04565918708275 99.139117645076055 106.73970010398753 107.73809575240341 104.0440707330599 101.78381985475794 101.1102276422077 101.18209251882365 102.24497292019898 100.15113702579232 108.46069615412411 108.70369802588789 106.78435520086784 102.07151402859841 103.40546411223715 103.10471695897314 102.09115127152936 103.48078220943427 109.45741381190874 107.93370744811423 113.59792664391337 105.1111505775973 102.75735701020689 103.9521390444059 104.9937055203177 103.08298798995293 108.06549174065722 109.03190079234733 108.73807666058173 106.2116940511162 103.77953169441811 104.2273026459992 105.04649262408921 107.21990034580648 109.27011962931743 109.62861243047294 108.02415405927954 112.80092754987464 104.89586287289725 104.60856085155332 108.06299534612529 96.928661249098241 106.56680290995487 104.80468598680392 107.87378116888327 113.72105844350904 110.49210583107413 107.0689472787889 105.34363153975032 97.670441339569862 112.79423022534827 110.45115759677221 106.27399566248897 108.06455058198573 112.43482898206285 109.90244456986835 106.05950850418802 98.67521073804032 112.02281263691506 110.77417546550744 113.1638383966947 105.58742607724399 111.81630322193556 110.43478258270461 113.88837809153721 119.0992494786103 109.89741317989782 111.55835082851716 112.75194004327163 114.20291364858917 115.02352462705747 108.99985552056971 121.63765024599846 121.10194349314956 109.34547771547209 112.00277902412428 113.14845041278124 114.42600916249292 115.46042496579244 116.56144698836258 116.59642223976263 120.43302216541345 120.23771826499427 112.28326860286791 113.36833564764972 114.45753303454315 113.66827479372958 115.60849823246272 116.08600809309729 116.68178507636959 121.2187643918089 134.77332316637558 135.11497879433978 115.51139702131627 129.91483128874637 117.73998559382595 118.87899582684142 117.77705562618232 134.15967417624162 132.96215636462941 131.82681020342051 130.56001763673618 132.08508822606424 129.32412641911407 127.60649100540303 123.72597075505931 131.40068992992076 135.25638634068127 131.02157053844064 130.10960996528291 132.18925086127388 131.23258654151303 131.54721186549401 131.88000277272201 135.61589024935301 134.62301221055603 133.03473490091568 131.3789755821594 129.69129624920592 130.48975741567668 132.28744055346237 135.49790629715994 134.60759872165031 133.35162111311951 133.67083365046091 130.17692625289578 127.94561076845906 129.06498126596642 133.17126095178622 134.46143572570907 133.82351022159204 131.74290729647058 132.45678941098984 128.70007562393459 129.16433906392817 136.00918367963681 137.13769561337747 135.97499012349067 142.85876183325107 132.71889567892632 131.57019707179029 136.64876387510068 137.51159639548365 141.75868356481479 136.37937185204819 145.23977407694304 137.12250444754002 130.16292802694127 131.12408564643053 142.37755268516722 143.22301556692432 141.31478793677078 143.80811136161194 144.04781060361179 136.07883537381878 129.87897507717648 143.38740494781936 144.06367632703302 144.93373272704346 143.24112583313931 139.66866586317551 128.95800040239666 145.87093676222779 144.71013198161222 142.1491299472728 144.63090423093595 145.91353586846276 142.99783941800194 146.14157654826118 146.89112436016322 144.01139518574166 145.7188906120287 143.10064229239703 145.1128017509557 145.30667888187597 144.23562276494229 144.08091194802947 147.69207126808055 144.81786602470714 146.14014641535729 146.02885175097134 146.93856151590603 146.59500997413923 144.99785023402501 145.58988838536854 142.89764315233859 142.97816291003085 147.19078882740354 147.10521299870052 147.76308616425541 147.32266172684467 146.06759523383758 146.37529900892676 147.35214527880058 148.14500143078467 147.92870817992673 148.60430082794272 148.47412914286028 147.99435485968769 146.8340713585813 148.45142562168024 148.06382188493606 150.35384648734112 149.09375327537168 149.49212431978671 149.32141968725563 148.94072892962726 147.60234818109069 149.60330296493814 149.37528391237416 150.91032424107408 149.81660931180065 150.43745855678776 149.99138654839803 152.21601963282774 150.63926273994483 150.55254574949598 148.53213763958755 151.94614677994167 150.51504719971817 151.4038792722618 151.1609303816312 152.44637195658771 153.33419332961404 151.64826070971029 149.20389693256757
