# Created by Octave 5.2.0, Fri Apr 02 16:07:19 2021 CEST <br1@br1>
# name: ptcls
# type: scalar struct
# ndims: 2
 1 1
# length: 2
# name: x
# type: matrix
# rows: 2
# columns: 320
 173.53252588221511 83.12009529743446 83.120778478753621 62.195342017656813 86.718945279181227 105.78912365785045 48.153257771710166 68.953106944004816 64.50177661572377 115.69172506846292 88.890914165619023 83.651170265622682 102.78641136288351 107.51497540533524 106.29007976216947 109.39826082703915 50.276653370680997 79.393117744458266 84.601065906215567 86.019066871159382 87.759857346127234 152.91319337381051 106.49250862923479 154.0039847595344 149.66022333897462 137.65940837644007 150.75023386852575 149.65129471540098 155.95441808183523 154.77610329833016 141.60517595043595 153.51171233645991 149.32384564689792 125.46222858600873 154.78852432898094 151.8421815147818 152.54233231946827 155.29014630129114 156.16803596760434 153.68294086949672 154.09019337521349 156.68442012621554 148.73427603556297 154.89298407705536 151.00499846959428 161.41676297940811 170.64852862084908 168.23189737593248 152.67836511113791 150.43717314428321 142.79390557631001 153.63079662859425 156.26486407058766 152.04850846924629 170.97314212537015 171.97840702377394 154.35587088523138 170.1827909087344 172.75466719170163 173.43855253805808 169.81343944318525 171.32253205583248 171.14181714906525 169.1986411945575 73.547373863141161 73.983081480613322 73.843645368843795 49.972876358810851 75.361791714068744 74.673055086509223 72.779285729308512 5.2359252899899973 75.822793930796053 74.854643827572062 74.930333591564946 73.714344408789856 76.705603929815055 74.884656958791837 75.668869996009349 74.691121454708792 82.75117243744333 80.455709797084339 77.296173354308948 75.978778036649643 76.355593651641811 76.361903964815795 77.829188892789503 76.802286543356047 82.979928905734283 81.731458532022458 78.300496621364232 76.944425672499889 77.746365696278758 77.230442182771029 77.404694223034738 77.786643772335424 107.44589947185862 77.275766152861635 81.927861304309403 78.19858579685247 78.379911984207126 78.531038201077038 78.966860427570282 77.83291357771995 85.716136578021789 86.989094235747913 84.483342647585999 78.905394863110061 79.595737074794968 79.516947504463772 78.432844096159727 80.57700472480559 82.857073284930138 84.794089415486113 86.092952094125891 82.439349386257661 79.926767191353349 81.776710378154363 96.929588054504791 79.1014198648394 82.003943819576577 87.810731249165002 83.831459806699257 84.061922260107309 81.047306791834899 80.06038052141561 80.300571879952201 81.377417558978351 116.53631357562378 84.16759509655644 83.681815616761227 85.787372403703245 81.801279701646308 80.59706716719954 82.963068257100673 48.906124741075153 80.244505019565196 80.864792949998687 86.55801486493317 98.715353176474764 87.891706560973162 83.503167206281034 81.184450760732886 44.884333397061056 128.8254639932365 118.41810712374145 51.613187086316344 85.904339952082324 84.708834826998384 87.117320276900784 82.478429140635257 49.93652466172189 187.2527915724599 126.94455513863045 134.82076609917476 79.736724328873095 85.219059079487408 86.805903389652698 105.59377601046535 51.303354776938967 119.65103296763071 120.39919488849037 115.58264493461823 111.62583515091549 78.537268607567967 82.920131798189701 62.465255410587396 77.430407934645032 116.65981664332881 120.33561211451166 123.85429046383318 80.152464713877421 49.206595239173332 49.220241700021099 94.100552284259066 77.216858885682427 117.0038915360652 106.24709088738653 99.920326150191414 77.660918735497816 97.797257566814508 116.0345321590446 118.9915262082622 94.584329498106356 88.803136701398472 167.07998003574005 138.32268152692194 78.254171447040818 155.33613467553107 63.636644504257859 63.388875846316765 76.473438149220556 137.2850416812401 142.50263206950012 170.10055537969723 157.87302131176673 157.40737938078831 148.04200688782686 120.11940277990809 127.30803722462056 135.96433149178011 135.72071828655368 148.22547495498412 156.41574706137786 154.31781715297691 148.27111400354656 149.84891528177926 151.62957171033403 130.33276595326805 131.16421456593909 150.01333858604923 149.03261617080383 148.77594307742487 125.26651399211008 148.68250722447294 155.56743726676862 149.99377639755869 126.3166140843788 149.63957995302405 128.00074153788421 130.99525307692113 120.92960104716882 153.24197685068023 148.93503713628982 123.47158141813551 131.5776197624688 147.79568905686875 124.78304689557551 186.7507969280245 153.4783744636822 154.63975733233667 151.52490664902928 181.04208194646324 125.28151831281681 148.5504300807641 149.89583809045115 155.29771243013758 166.03552587818484 163.53278295288482 171.64844362268059 145.33224573489863 104.03605394837683 129.03895610750939 167.10026018240086 167.87050362333187 155.31504733622765 169.15182726775484 170.21709018854972 144.70318304179165 132.26564967567305 166.77086479352835 168.23139180736356 168.36137318595544 166.65496381210397 152.37507514475433 109.81259827352218 174.45771407071413 173.21018827282845 113.96171108696768 175.34934040076337 170.55077329928579 168.77401288440646 170.16864213942492 173.47647231648065 164.88261344302816 160.5310123580644 161.07207267830782 170.34231906630171 171.47636125546094 166.94873713290679 168.5355785570635 172.19248116099294 169.46457650600732 174.11200415386199 171.88278032629441 169.75906415664502 171.26178096616678 171.01638151288131 172.0989247603342 167.75493136750117 169.29977319762386 177.86969580162426 175.14294123015804 174.16906848659275 173.06426408842529 173.81854497335004 172.26981394439693 172.47100646892207 176.65640631777947 175.08127977501732 174.57301780679506 173.42025438073088 173.89079039579312 173.07894512536976 174.65597161440917 179.06282398263596 176.43756095063446 175.71149722786231 175.37406291648242 174.17449522657643 174.04907624422199 172.90469584003927 176.93522479602078 173.11115780727184 179.01843602893709 176.8901470513463 176.46414715888898 176.13082636832317 179.65028188307298 175.81922240281278 175.19033392334308 166.98359735927357 178.51729229803334 177.55307264226812 177.33104470988869 174.96288529779778 177.53390831023037 177.87937424101622 176.72914726261376 179.59656616308772
