# Created by Octave 5.2.0, Fri Apr 02 16:04:45 2021 CEST <br1@br1>
# name: ptcls
# type: scalar struct
# ndims: 2
 1 1
# length: 2
# name: x
# type: matrix
# rows: 2
# columns: 320
 130.09878257659932 102.56136029463545 100.30069769266674 91.834810073859913 104.3514200496645 111.86825461726484 84.802392453960508 96.373050070158286 110.70193638478104 113.63795751850093 104.25259952084996 101.12834125230933 112.10166003045448 111.72546614002144 111.07996002121831 110.88615188055057 110.10513062753232 111.92564695375313 105.73863852038383 105.35114208909597 105.83090254732529 138.1294609920898 112.44256148783175 138.71223554751785 138.90218480955457 125.09003578570724 138.73771951045342 135.45343422559046 140.79768664579242 141.93821057486215 137.58166761901771 141.97837913097581 135.8639281518135 120.62185725736781 140.04284760633095 137.51314590526673 138.70143386746014 139.40997137856573 141.65393989702312 143.44071696636871 139.5609758855488 140.794939047828 135.48706215769818 139.69255643364241 137.15249960677349 142.88523058734194 152.55762407814376 150.35259185516148 139.62366809457077 137.67538315650978 137.90896874864197 138.56357277996514 141.8477689027475 139.73574957159767 151.28735176053073 153.57359757095978 140.74622429297048 141.35937937226331 152.761561947139 150.34097740691178 150.06441972792885 151.92393359864354 151.36724900021531 151.55258308771258 91.154225296401833 93.075307669374922 92.098880431100909 82.044914832146873 90.973406324268666 91.085682624385825 88.743669252288598 55.108844274613674 95.947797692809488 94.96823140541548 93.050655291724013 92.014730979921325 93.162418337542263 91.99736990448072 92.371544863040299 90.125398303810172 98.142867347279221 97.01056472165449 96.203977664923059 94.149494983844662 94.488854731017241 93.564741354715409 93.896441296368977 92.783985723723646 96.741933034404354 98.206136611788907 97.633239958320772 95.268263647153887 95.546916847955302 94.704635566835378 94.670328291911602 93.647384904171503 101.83821219936077 102.81281435660526 97.81803389541659 96.356063518505351 95.839296676196611 95.791316190374658 96.804533566028795 95.56938338946388 101.1009004865149 104.48323784578159 100.87295851692085 96.700002514598239 97.696628227993969 96.750798856880039 97.565771015593569 98.803546648066472 101.64020618469611 101.9663225051504 107.42436657188672 98.841217672065639 97.5351193006953 99.737735149452121 107.91704597203744 97.83018754305192 104.23566726570806 104.41727211016672 102.6392597452396 99.68361590266889 98.65822108786098 98.81801354056978 100.34403686476062 100.721477917942 108.51151804310948 103.3524458183242 102.16964584561964 105.44843695608697 99.14081651386276 98.404343349823392 100.9351221321388 85.142918758450946 98.419835204536682 99.043248096280109 102.41786219842423 107.27212074025239 102.36019857635596 100.0840749659551 99.49398191243759 84.316812842209004 117.60660464310234 109.19898510788859 93.093910225247441 103.30424196348356 108.17250670423063 103.36426673425851 99.810876220227158 86.284803185927444 110.84964520687886 110.03227267681595 112.08615924760004 99.5932843532904 107.40912219618768 104.31135263665207 109.9973375616252 108.77181804320104 108.86434792723306 111.24052175528983 112.1323840890298 112.28429721594196 111.75941179373187 103.42762025346552 111.50377206939636 112.89967392398469 109.60354621320791 110.76471863405541 111.23468784759687 110.67796874847024 112.12348413490515 112.68363842645715 108.65305378698393 112.39570558602601 118.81150352776615 109.90857432884948 108.76579804277358 110.89939183840826 109.65215375744214 109.77828238510759 112.89163858553813 110.29367113282375 119.53630365810012 142.87529134877587 138.55671083962767 109.33076705848474 133.33949472401304 109.64919759917187 111.50604481512391 111.50242363375654 138.33379278985839 136.50918563822131 135.49620763944827 134.45078241722413 135.21238898427052 133.41924794692014 131.54194078929731 121.7550266799955 136.2963757026001 137.3236948128023 135.09792087871676 134.54533906079348 134.20395800421608 133.88721214470476 136.45649925396458 138.49987606436056 135.23512463541505 137.19619900973117 135.43344435968515 134.2940164140071 130.01093087944446 131.26655645540336 137.44777786739067 139.78701372326233 134.28827636192889 135.37671120760317 133.24995436802786 130.70018885149565 128.30440877231001 127.0661768642838 137.36670376444391 136.77371338851125 135.86268435197101 132.10818635600813 134.32287650429373 129.24307226010117 128.21059773942645 138.02219930898562 139.77533099031388 140.64957696233154 152.51823269522438 132.30936416226962 133.44499656367898 138.97282101024481 140.34242268825821 148.15639226276284 140.91709826415496 152.21899580406051 139.05561732274501 127.9584233445635 131.53124159712618 148.44357924069098 149.20315529541256 145.34466835974965 150.93003127972761 151.31857151354768 138.38479290958182 129.30456921214846 149.65342325723171 148.79655500531467 150.3283114063729 149.2583122785432 142.49306486086743 124.11466950670103 152.71929424514187 152.30338418909901 140.31779793160274 154.77115553246676 150.86646189392366 148.76349915709835 152.56674360673722 153.71297263828694 152.48678382751552 149.46600474421035 150.79289404128482 151.05723035249707 152.0193734522187 150.14237349480987 149.830683645389 152.49430028151102 151.79097906135272 152.74762521657451 151.46631946686762 152.38303907552657 152.41159827281751 151.98755376590694 153.42445329202192 150.08327912572074 149.75051167152702 155.91250720272637 153.68695240694271 153.42493396920403 153.32299883127814 153.08976442608764 153.05828166843841 154.08425779186965 155.19595534658364 154.16519833061179 154.41287771329561 154.27997355354722 154.87414179587645 153.76717208372938 155.09962489296441 154.94230117670534 156.5533902743301 154.56622147098471 155.55995231179153 155.48676616957027 155.75561697301166 154.63179181419031 156.19372296332341 154.55623252418582 157.631632152283 155.69619133102555 156.48262155090578 156.27186433455867 159.31934192774941 156.87446340922682 157.90858811719485 153.42398673593027 157.07333194113281 156.72106186112316 157.48849792321201 157.24149851406122 158.31836757254899 158.91417419984938 157.85329683729643 157.16434047281064
