# Created by Octave 5.2.0, Fri Apr 02 16:05:15 2021 CEST <br1@br1>
# name: ptcls
# type: scalar struct
# ndims: 2
 1 1
# length: 2
# name: x
# type: matrix
# rows: 2
# columns: 320
 133.42580743123176 98.766053582034459 97.067687218982655 86.048619098744567 101.70773619940259 110.3289677077865 77.457043402667466 91.020152806486891 105.66337912502824 112.10921788876421 102.4186232455918 97.982934998682325 110.27240166102709 111.27404150060234 109.27674099253781 110.25485895939597 106.0482420170466 107.51742904950329 101.16595125691022 102.60429608794202 103.86313613748739 141.78312066875711 110.07130857221576 141.03958246543419 140.50664015858123 125.55464873810703 141.25551978281135 138.22512810607139 144.00659912642666 144.63299826462477 140.3177335895989 146.53635531206723 138.80492416339931 120.18328421997464 143.39724513519181 140.47865930871947 141.58368196805958 142.81582000556332 144.46036870630098 145.09746716492631 142.6513862780165 145.3016437333261 137.62899692318854 143.5660673266043 141.11250568596296 145.13884635144387 154.55769843983407 153.8655755000614 141.94964032395822 140.24678956921079 139.42517307950129 142.22372677171268 143.06614045598641 141.57154436477373 154.99617104163079 155.78780912585216 142.52196896539891 144.84786984372073 157.02570628391763 154.05911277575646 152.93719594485981 155.5157793239899 155.77887937972474 155.07598360676081 86.350760312322421 88.570897411313936 87.419147470056586 75.783839592332271 87.947368912502057 86.871951675521245 86.240240598779451 43.328391252040575 90.900158158733959 89.895842396839811 89.198533651868516 87.996210767942856 90.06180112233902 89.058634231135585 89.070168670615715 86.114002715581833 95.654419175856873 93.542026673549699 92.460835635438201 90.41253910421996 91.118081671019709 90.075854574949489 91.585963468709977 88.852105950106079 95.575365266043534 94.586723162863834 93.888442919259333 91.804408794777203 92.303330114348029 91.16228225971048 90.912423312542145 89.892028480928388 103.20171804777785 99.113185276454118 94.590628493993592 93.003777168844309 92.349862841541309 92.291247369316807 93.047501378415674 93.063338983911493 99.02373756570374 100.04112976836323 97.965630133189521 93.460360745179457 94.360605493051594 93.382742417872137 94.057495163145873 95.196931202013573 98.119239051268863 98.799385529992762 102.34501385789358 96.085105353534175 94.368278389464152 96.540164401725278 106.85141808984815 94.397755463441925 99.670946374173511 100.13359132877143 100.1527323093101 96.725387611114613 95.003898941735898 95.391803207033064 97.642386021140439 98.354251554793407 110.07811159328159 99.371316677225963 99.089640076401977 102.45132308175313 96.105279195438939 95.214492219743036 98.176965054674767 78.146913935170616 95.243758606331099 94.865583342319709 98.839901492134203 105.56251166162873 100.32530628932652 96.880885950128658 96.311213107994092 76.618838767259803 122.62988726566221 108.71812629606751 84.996079811671251 98.281826921681443 101.09409084405017 101.27217470092651 97.202583839055251 79.301550869394291 111.72600955673613 109.88309004155576 111.76930803774124 95.973691353154308 99.973704048103926 100.87419334072985 107.75426713849946 103.92186195795779 109.31337466337177 110.69224556874418 111.09824147542892 109.6488160539635 109.6673914898341 100.51211037870578 104.96706449627935 107.22888745454024 110.42580150047827 109.6667522884068 109.44617936556246 108.54861116501573 108.09682243552454 108.3880405385524 104.47604706489511 105.70255874366772 117.91658610936234 108.53859408164584 106.44100090832384 108.69722220068287 107.37316607934669 107.64285787964477 110.78206862193997 107.81167635888937 118.63916109914014 147.54583771274781 138.0501255472864 106.75347103760713 136.06250720943416 104.85993957975161 106.38956009088577 108.75204225554864 138.32530343175287 136.96869701659051 139.77852802214267 136.4449875454651 135.87099836755709 135.35181366317906 133.81061184118931 119.90530018148014 138.03046738061585 139.16094127290125 136.63170742412882 138.26693766677658 135.06285532876421 137.17587338766106 138.40585609242589 140.79532662357471 134.72891966403245 138.05288234528223 136.97465001717447 135.92903434645029 130.09547573930902 132.00698991452921 138.8967772251101 142.64281811623957 136.02729301658852 135.88783631346431 133.52069907249586 131.57781622142357 128.49535855311566 127.7061105169649 141.82467595588537 137.03263717418633 133.60264966362971 132.68885680727675 134.42975090881305 130.04372369166299 129.05864571961126 139.99518039735386 141.73124726538489 142.10143439717524 158.08663354506783 132.45713836954062 133.64318808085076 140.49743919932902 143.02482102070735 151.30924295155884 146.4927427735868 156.41603866755563 139.83485010013101 129.03213942624785 130.32235931259578 150.38451049197934 152.46905823935097 147.29107700456009 154.84354601033044 156.00384658237431 140.04925954557737 131.22929865841152 151.80772457071868 150.95059385151976 154.08515655487327 150.30218026212236 145.86103997457133 121.32263169623982 156.71475256370414 156.63308910382699 135.1725857587457 159.85662817392978 155.07943008963483 153.80855782731106 156.14507660822275 157.21853594071351 155.82838265823219 151.62610583217389 154.07282858334386 152.92342310929024 156.056622526327 153.20711035213068 154.35784745941893 156.5783923441744 153.84135094453146 157.00934157554266 156.06374947456882 154.92352178617003 156.07492212998915 155.47567802187865 157.47528552317047 155.36420807207634 152.30408150896358 160.72126860086402 158.76377958304312 157.00317306677775 157.63882747870454 156.7339703840488 156.91698371568444 157.95149590298365 159.6684182172564 157.89302227964808 158.63402613376468 157.78848926335408 159.34271919288588 158.0937164680013 159.01260718924314 159.87920995989046 160.55147855283366 158.38481640803883 159.68405391898884 159.07530741330913 160.11029102024037 158.56235468289381 161.14360751532178 156.97498943382138 161.47833104406953 159.38221521917498 160.92661712455853 160.1049708399425 162.53843394971383 161.27376980015606 161.80623342453288 156.07983324544551 161.59556998122861 160.449839637737 162.0719440636523 160.54913667394851 162.62213129882826 162.95072399399871 161.27467746966664 162.93080513982719
