# Created by Octave 5.2.0, Fri Apr 02 16:05:29 2021 CEST <br1@br1>
# name: ptcls
# type: scalar struct
# ndims: 2
 1 1
# length: 2
# name: x
# type: matrix
# rows: 2
# columns: 320
 134.91957369249531 97.062038323315647 95.443473482254291 83.450737436447881 100.06245855784313 109.88215050406822 74.638070473039846 88.616811177899734 104.3048555758366 111.42284499378037 100.40437073250722 96.355283401903804 109.45709578697185 110.5755504603313 108.92854572343441 110.16779722674259 103.71461872420133 106.10585849947377 99.836673604053729 100.77810465126069 101.59674073470346 143.183391855309 109.19655098829467 142.08166780605114 140.78220166762065 125.76325047183755 142.05051024510539 139.4695620932261 145.77642828054113 146.17934881828853 141.04586419085527 148.48050770889998 138.56909231311795 118.93665101624909 145.15975513673635 142.05815890103372 143.14620387529851 144.02611532134904 144.96283594572424 146.10673782360095 144.24373779538476 146.37080949866382 139.86573653465152 145.13041335318869 142.1549742074551 146.86402145924501 156.2997422871139 155.52725022804734 142.89998404100365 141.04448551363427 140.18689060435619 144.17126601243413 144.08163797726888 142.45137054867817 156.60031263819388 157.49203301541758 143.71161749053931 146.3300540504496 158.78266472210771 155.76622453915451 154.76872975694829 157.02495483227221 156.93755689796893 156.18618407532369 85.167267481384229 87.21786294109549 85.516687128812023 72.972744586701225 86.326087078112522 84.997281275877299 84.325432528665431 38.039208262313878 88.988780995487005 88.672372178317644 87.786119409342447 86.641742350233073 88.189702627009368 87.434338834670768 87.223061874641175 83.83352102221113 94.308959630911033 92.367940523806453 91.573514055673883 88.58096692859425 89.697661964560012 88.534202793890785 89.726908833222566 87.662565068570942 94.552985264149655 93.397592109717152 92.57184849432025 90.5109182478067 90.683047283458933 89.258055150450346 90.09135963580492 88.814510804186568 104.40709366660327 97.584655908030754 93.103412503062629 91.575398600353495 90.62460553793197 91.110533815310134 90.917311570666072 92.193155842471796 98.226829876001418 97.529832777697735 96.300897838586735 91.584720969625309 92.646072112941056 91.690243877185154 92.049698907863686 94.117324908770726 96.612378092311204 98.04908316440995 100.23889451920193 94.431980590539126 92.484524298446388 95.05463733400174 105.77082273946422 92.956986958805118 97.846856313103373 98.674365153654875 99.531959162541867 95.730187237501852 93.506127305035548 93.883142022026732 95.152680614616273 96.558144611867476 110.78148012601193 98.003634243765802 97.639737301892552 99.74779166533412 94.527119335692731 93.656217677611082 96.676723081393192 74.800127502917036 93.304928076161445 94.412764305028531 96.39899547081329 104.52505399701614 99.23987261943256 95.374420611764975 94.717741689671229 73.162605509119345 124.88523864721969 108.29441461088346 81.360319217820717 97.730562026880591 99.024065449833884 100.59362992190918 95.599473687242195 75.89299724751325 111.73465513422846 109.50350125219587 110.93544849833545 93.438537742030562 98.586333300013152 98.78066694982283 106.74717429546341 102.24812050225684 109.94091764662298 110.26450199486787 109.84388785074384 108.37656504353862 108.29657913234534 98.860212940551662 103.04129290442376 104.80300966121435 110.66546425888613 109.03200735493695 108.52917303865391 107.55463623934951 104.74830103596486 105.77164301329513 104.18859261258967 105.96044261691047 117.85662365846829 107.71058603239177 105.17317350786017 107.30053456894827 106.81164927431952 106.27778435098287 109.41694115163099 106.0737993868742 117.89452519285034 149.64281771289848 137.27341757269542 105.16906313252721 137.20242635339943 103.25142044026808 104.14449009270083 107.05311070403951 138.48695892688318 136.94492917381501 142.56459132012759 137.30729299245448 136.14399162721017 136.11836168537806 134.8291988440796 120.12453359357352 137.67219309595401 138.69424861622366 137.34606886704904 139.4873042891717 135.61058349242322 137.81791404527394 139.61909479330623 141.83950422097169 134.68068458924569 137.70020985858696 136.48819874082309 136.72140197078096 130.70384586058864 133.52562537138695 140.6110980990459 143.79241868543789 135.83846536325501 135.31957023021363 134.0603335555011 132.0400898251155 129.39892780682993 128.48908743104204 143.35217193205813 138.25763811012749 132.5877131414982 133.44250792212395 135.12458476634004 130.40131275411008 130.27464261136933 141.16161929396966 142.45258694400388 142.71988066315993 160.58673188581386 132.82564617052782 134.68008340638252 141.67037479517154 144.58402052758746 152.72141276071221 147.53182884154629 157.85104362517154 140.16289767571573 129.55967434825462 130.6729856921487 152.04089892913566 153.76117876236356 148.16497476345458 156.7106030975765 157.7170080940474 140.81838313518432 131.33667494396403 152.9340297190156 153.50741270072973 156.04827590000085 151.838456571488 147.44554641881106 120.06906369970622 157.99520838167558 159.09046167631226 132.86249049746294 161.81679655144751 157.27584392696642 155.94138643298712 157.27525118906851 158.35032670641672 156.86694367037995 152.59594713697385 155.71474787039736 155.0236987152521 158.36000587498376 154.79384747679771 156.12686018540106 157.72044176225737 155.50207580621111 158.90332282866166 158.17263980090655 156.572408613421 157.34833458774708 157.417704172745 158.95219949680239 156.72785949343807 154.06023860554171 162.07557735041078 161.00978465086027 159.09256307510191 159.39247627520746 158.53014116689337 158.13732233744221 159.17939325465736 161.0703381459715 159.90302350985306 160.41611632055131 159.67005974367606 161.08108260608654 159.91355564907525 160.4663560905845 163.13315433525867 162.05022213423857 160.12325711709852 161.63841535300125 160.8269039413982 161.39002684315727 160.26526014583663 164.09203923194633 158.72271407608298 163.42728648787426 161.15071531510407 162.7092056378772 161.87901162198247 164.16496840444455 162.87852846132475 163.1808390753103 157.26737191130798 163.68252398102581 162.35544458282314 163.84458791129427 162.16718060138672 163.06659329964242 164.16214572677907 163.11425371232144 164.31635776405491
