# Created by Octave 5.2.0, Fri Apr 02 16:03:52 2021 CEST <br1@br1>
# name: ptcls
# type: scalar struct
# ndims: 2
 1 1
# length: 2
# name: x
# type: matrix
# rows: 2
# columns: 320
 124.05581906513231 109.06581918810005 106.56616486601332 102.34442225315105 112.14149425697512 116.20559921526869 98.225905322144897 106.09565938580633 118.37833848666399 116.41464786639007 111.28354833218425 107.90226248253529 115.25389817857108 115.81633738136381 116.81401109682545 115.8380795532097 120.69041724588564 118.99891604626674 110.18161582481953 109.80384953343162 111.7325547908888 135.38318235077134 114.9369069576238 133.7998082467235 130.50209381451234 124.24614695379742 133.07505441732343 130.41913309573732 136.28793574807497 137.58081161443263 133.55680784333697 136.26669939216811 130.75675708752399 122.65948766110536 131.17078913107963 131.54272968701648 131.75161440006707 135.18742734554655 138.22768081217717 137.34593512841184 131.92671425307836 134.19263468561505 133.62173981977983 133.24992889053328 132.73324177186831 137.05098053135561 145.51419756392252 143.73096821868305 134.81289207974964 132.70641317135033 134.00421961361204 134.03424965710025 135.25223713193995 134.9880016874331 145.9841482103943 146.09881053466458 136.21730621187916 134.98467185839917 144.37824457438933 144.88101566895861 144.37253213362308 144.6994721306728 144.90163650230457 144.95156824906712 100.0634097066703 101.15574229331685 98.271920528796201 93.417071900381558 98.110386696143209 96.915651381397723 97.27515481385538 76.505993642140709 102.19738044755333 101.04091611386217 99.532804024918164 99.003095745500147 99.307562613026619 98.501869937156812 98.301607169799837 96.775270327112224 104.39298781327075 102.4251816395705 101.12153631228144 100.16608604026182 100.29041879762687 99.295798496445002 99.129151488073575 98.099521965996018 103.36646828466439 103.31752438377309 102.16702206135136 101.14696053559507 101.25169066795321 100.25807134255734 100.23394947830187 99.236252644290772 106.78123420111112 108.19237847758386 104.30525713238683 102.14894963871018 101.26700356846031 101.27695187544514 102.3379380131619 100.15750329855648 108.83554107940731 108.6022488093575 107.23585192504359 102.29953078535833 103.973270495257 103.43855446787758 102.40193824522592 104.11623787604883 109.8264717599032 108.04446292917193 113.84116513267384 105.31314786500204 103.18284601842666 104.2804858105647 104.97714959775249 103.35158011601976 107.94971269779397 109.31408377499606 108.9302717918092 106.50975249464038 104.11903440971675 104.85947763220693 105.43564707611949 107.72245952903059 109.58791713615781 109.90196571739534 108.5741089370423 112.85487643849562 105.25052696929058 105.03778888732046 108.28364614867229 97.39837645632737 107.07962530745927 104.91428882612678 108.10012128733585 113.78059142576491 110.76001377556325 107.28665271416872 106.12373262926369 98.298847386504491 112.62270665759877 110.63656359808662 106.74331393776173 108.46517895393195 113.01872970761561 110.02517640905852 106.23501672295386 99.338280599631602 112.21342440071176 110.95299518774486 113.44183398376218 106.05251234195046 111.88278317365456 110.20570361002314 114.07148588118012 119.76992312605269 110.35251735369984 111.6821377428916 112.87385261899095 113.93628479913731 115.32659220307669 109.20492171540808 121.71966880196985 121.43216032314129 109.44871856885618 112.022081915744 113.40819265655777 114.63124379536744 115.6441351323756 116.68385635870179 117.09055768693486 120.2735442649754 120.35289638184365 112.57172787492935 113.69530536229736 114.60655624362097 113.24087068029488 116.20021586941741 116.31660118290422 117.18471043154061 121.24987688535651 134.39205407543909 134.43685697452858 115.60657177435263 129.72372719838924 118.02623687318169 119.14649619008745 117.82387399415315 133.90744983376933 132.96811800858785 131.75816630337403 130.48886968158183 131.59398362833483 129.47334628028545 127.42129336851389 123.87369543331606 131.32111255031705 134.99056459653545 130.66497228054592 130.30001720558255 132.25393615120694 131.05708345803404 130.96679909288133 131.48313304384766 135.2550542240273 133.89332956407759 132.70013263731664 131.29945714220105 129.57743261003631 130.80990456075966 131.86909113546037 135.3831658316343 134.4250176316587 133.42374609033067 133.62037569557148 130.02109129510987 128.12586303891808 129.20488537525944 133.24350917416604 134.32735993095503 133.55940538382632 131.82509070731072 132.5186142875813 128.74805328077036 129.65541141638946 136.20619869929993 136.99838313535136 135.89072372427697 142.40419849856997 132.63320277344172 131.6070098927527 136.44987067292527 137.29729872419301 141.74271251836174 136.11341156170485 145.21271157770582 137.03846709691874 130.47313721066035 131.05644442606288 142.23777045802126 143.02667653290791 140.81718185813656 143.37587011127658 144.26585402454597 135.96338705804169 129.89903924542821 143.06788429434533 143.76224994197568 144.67320553759919 142.70946129968482 139.66811781479993 129.1859218563113 145.52183291346731 144.37963066847152 141.98416213526764 144.24993095278464 145.54100688885737 142.56452108092495 145.69242262557941 146.51471238312976 144.06076005230503 145.54216836889 143.26649524061418 144.88732280855223 144.79694015954834 144.05963444459931 143.63347084179745 147.32602092204621 144.60541925562731 145.86284159297711 145.7911284987519 146.74572512422114 146.10860483134815 144.51617109576861 145.60693346738049 142.55150087308422 142.66010971144689 146.8844269896897 146.90776396554077 147.38589295610115 146.69434762141256 145.60104246056517 146.30312116099532 146.89653371459153 148.19354021084541 147.75895720137206 148.52186948752902 147.99386374138334 147.75005059072615 146.62635802742975 148.13220884847976 147.6593188987072 149.79395859830953 148.80433302806321 149.30483832452998 148.8987556423794 148.4510276491601 147.36165084235705 149.25048944733911 148.9910933516808 150.81384819378306 149.68963904888813 149.88997963992475 149.74001724216012 151.82817874397344 150.45696856816269 150.14317610792526 148.35369363800595 151.76715265811276 150.41056762586192 151.23433961243319 150.69680237101076 152.0938717471002 152.86363317426446 151.35492368147794 148.71657525477255
