# Created by Octave 5.2.0, Fri Apr 02 16:07:43 2021 CEST <br1@br1>
# name: ptcls
# type: scalar struct
# ndims: 2
 1 1
# length: 2
# name: x
# type: matrix
# rows: 2
# columns: 320
 183.24107136405036 79.402243823866144 80.306158595340634 56.527236572645862 84.558259183644211 107.60631260173126 40.766220241666886 63.709452481633029 50.368320749254281 116.48194560637499 85.885045030321635 80.848080456216834 101.00756218312662 106.56045584010356 105.05426303853234 109.41135378240118 33.103692261645733 68.636541246374634 81.121534635854772 81.990136484689017 85.579601730281254 154.0762817404399 105.88067788547485 155.85389087576198 151.72871855849905 141.05208470275181 152.73904618971403 152.36642341464761 159.67782210738997 156.57390732444409 146.28415467174511 155.76646315438907 152.52590146683772 135.23917105672388 158.35928622832296 152.89446719818321 154.71364772978174 157.28541157228696 158.47269725872258 155.11677850265272 157.35749033056797 158.67995579378879 152.24751415308816 157.89498264789444 153.35236153131058 165.48744914725083 173.13710174848265 171.56270707941709 155.54665763180773 152.24719423933311 144.14342144849894 156.62609530008163 159.20602968324513 155.1479393265831 174.12369497143837 176.71039272218562 156.68619445555527 167.20271392047925 176.69703604768699 176.94104706695342 173.45593864403176 175.14617010858569 175.06698763683286 173.17138448152406 69.478868313265195 70.337202014772274 69.432511643921714 43.839578164706751 71.00237425045583 70.366101283199896 69.757061051587684 16.775960903937452 71.323583447866199 71.862612644759139 71.31776236664615 70.00215945255168 72.683304397196835 70.557129716099041 71.483902263522083 70.405025547231645 79.637042339505214 77.812508405289051 73.533585451726921 72.311935345297059 72.421602287694711 72.060176799914345 74.42936573633888 73.044397444723799 81.677013843700848 78.639978130590677 77.530387895496247 72.810296750753295 73.530651153671371 73.54060861084325 74.372922010437676 74.00974706751272 105.69062705431311 62.393749727900754 78.795370439387398 74.010622166599276 74.548616111429595 73.041169901609578 75.852810853266178 72.084467672670698 81.562955899787625 83.750556372323942 81.288003178290353 74.781324379813441 75.836395776797431 76.690357007361172 75.341950735129757 77.768511597086487 79.837162158605622 84.800737023842061 82.588849865124445 79.518558124502619 76.397397910956443 78.954959210059286 94.571925471848942 76.137789152431651 71.399749395948533 85.05090812429286 79.750992397216834 80.827045220155838 78.319603161126636 76.86832333363499 77.332949750269748 78.504140231647597 118.07093582885361 80.353831840966336 80.817264841333866 82.695639592505756 79.138679847743603 77.246381073995977 79.900299816034078 42.142268243682622 76.160159920868722 77.182838178159699 84.235688940649425 98.081373419832744 84.735661244070855 80.521870836654443 77.995514367436641 37.343460833845512 125.25874157298925 121.86400310021108 43.680618517915178 82.920119206955945 82.144793120602074 83.588441821759474 79.942804959687578 43.198008542767518 212.09466854566512 128.71879896490523 141.97142162240289 76.753635446132947 80.768894440421775 83.814512181475664 106.28756249805164 35.111547190878859 124.76058461258798 118.52971769751903 106.22758668765303 103.48666021153443 69.858848047076677 79.33163424402359 52.211121598778 69.487294905566614 118.14599972115818 123.31280952778333 123.53578711562601 71.413003206279342 34.661824566118099 35.667887081443439 91.233303779364434 69.930355701302446 118.72439963202532 104.17432881148896 94.969460519940441 68.42538044083102 95.977667568158225 122.0745661606144 121.38233393755348 89.287514410227189 90.147127895642626 172.05107837083972 142.70310101720267 68.881868595397862 162.07520820231119 51.665823726977528 51.096841089212141 68.826582923934637 141.6367666798061 145.88568573391103 179.29021251869256 168.94592885038162 167.5946403628501 152.77431728789628 121.49128292763378 126.57143073436615 136.97607498304325 136.51368251500213 152.17578120717423 166.46003125928411 161.16536082243229 151.01220134877121 153.41859964006323 154.30144043184927 126.43141830306399 131.07747523678071 155.82384939648668 157.74180510338891 153.96706519017775 120.2112069761244 153.6063162630378 157.00184615134899 157.88389424436482 120.52964736404277 155.05159629070081 124.02973810747946 125.80304754321239 123.91651105786046 156.20038362506918 151.09946875850397 119.3234726234715 126.76371090732962 153.97703617256684 120.47252655870103 210.25124943745362 155.57353130938108 159.10488220308702 154.06637653068248 186.49684196263641 120.58413627143943 155.00404514277284 153.01847384142337 157.71923001113998 170.8226184013854 167.41630536729707 175.01983954841742 146.86873559934594 94.744685573226946 128.99482477580338 171.84420150486656 172.09293719572946 157.2217333556338 172.86763664592127 173.97537640453805 145.83428048257781 125.45834035504511 170.87262686052921 172.42711601789415 172.67711591969825 171.48680335683076 154.62940816209721 107.07754082653977 185.62445677845173 180.60193885062455 108.92150324416895 180.18230878918678 174.64634307555937 172.26441986261716 174.27817065470416 177.13585746386585 166.03166308626356 162.77925876015965 162.17661593694405 174.31866377557844 175.42576029714809 171.06586584488431 172.7775181206182 175.67911732746862 173.60180485878851 178.96968270818127 175.8469117046574 173.80371779280014 175.00784390877462 174.81398176483464 175.87336369457503 169.70925858461561 173.61213116273871 181.70671215381034 179.34166011056681 178.12796383451354 176.89955873719049 177.83205258879954 176.06394261683687 175.85631075318224 180.31645420040743 178.89620391926596 178.18408126355996 176.97913826429073 176.94843888462484 176.21603470005701 178.44055440023013 182.11847369180197 180.35597229984302 179.30392239468051 178.64645257483639 177.37511387075477 177.64627702671459 176.59663942096185 180.60337936437554 177.80375378214319 182.40287386614884 181.42374923681913 179.7556847625539 179.16910307534073 182.58467016833575 179.54374881082498 178.79232421680359 169.5745908120644 181.30254746170314 180.59354992266705 180.26595312133537 178.04582199815366 182.17349046652737 180.97939827843015 179.89870401047219 183.55928310662176
