# Created by Octave 5.2.0, Fri Apr 02 16:04:38 2021 CEST <br1@br1>
# name: ptcls
# type: scalar struct
# ndims: 2
 1 1
# length: 2
# name: x
# type: matrix
# rows: 2
# columns: 320
 129.21610251312541 103.5682784020602 101.53940471005615 93.369921965217046 105.57627479258475 112.98593113635222 86.978930091356091 97.793206487050696 111.84792661124682 114.04354150190046 105.52401041598415 102.97657185856652 112.42806646143065 111.89446450271174 111.4904968005507 111.99738919946361 112.18364016733932 112.9776957185902 106.26945554859199 106.06160887673599 106.49448245596673 137.7782572273552 112.92444896078516 138.25268579072605 137.9975699449995 124.96677112486648 137.83419967657568 134.71808686954449 139.86955565637916 141.45768632857497 137.16674864243734 140.59969744459775 134.96365009917901 120.95914304026016 137.41391163243762 136.5361581894725 137.52194390262056 138.99080251800433 141.39003014486909 143.54026316114511 138.8171641931059 139.49740823746401 134.45269030737057 138.48608062291169 136.69725829647521 142.57389138899356 151.54539719038311 149.71526375332274 138.94146840853375 136.53220213147316 137.56796992904543 137.54031299998164 140.51205811628748 139.26523585437258 150.55603975134466 152.63630999380575 140.03834567582578 140.98615759647723 151.35860385627012 149.52053892468919 148.59519185313329 150.75811607538429 150.33719447497765 150.61921337784528 93.175798900350159 94.469257831316099 93.41983980319894 83.7060164263834 92.07219619771125 92.409612953881165 90.799992670793671 58.234270586724904 96.787873546278504 95.631513005792598 94.105986311223717 93.107496371526139 94.337918317807123 93.244867350588805 92.954571239437001 91.140398941561642 99.402414658594807 97.797223439832493 96.917080747985494 95.129325064045446 95.318352691413281 94.135281629823922 94.507131276142943 93.438052771003555 97.706556851870914 98.843159805593942 98.040193490022546 96.206819213722184 96.36357948528169 95.341200473364935 95.61545035950877 94.980359118602209 101.61176201493541 103.95971756055718 98.886612887888106 97.298725720113367 96.344562425896328 96.74682177780025 97.706887540912504 96.031229068027613 102.43411116537294 105.57048593102783 101.52280373126158 97.343650303780791 98.30168897631485 97.678704257246139 98.295530939261624 99.231281781128587 102.69695628077876 102.69766279752064 107.4283315512874 100.03960866367592 98.400203285214644 99.879618034514451 106.87148093823933 98.605576356992188 104.27796054227602 105.0348873597988 103.51581406499946 100.50907084828417 99.459477809571155 99.167683527840424 100.29733966095151 101.29750982912128 108.09589118285973 104.35017511708516 103.39799989654105 106.56571405741145 100.1897398082254 99.264581553326366 101.86839665552462 87.00510427346282 100.2227007332732 99.307464469663131 103.81316411055379 107.54324728272533 103.51116160717633 101.06279037713455 100.2289210058002 86.359132494746547 116.27389700854565 109.7815393650544 95.242314212522757 103.59446001611985 110.15333697879386 104.5374900930437 100.68635263633639 87.903628614834005 110.95410431670068 110.42156072517128 112.0939748907354 100.43749523851631 108.95075440551436 105.42555200768611 110.59243787796468 111.11629087961721 109.18536509819288 111.48365408858389 112.04734876675631 112.6763663318761 111.9011746496971 104.45321555866381 114.3271998548868 113.96456646590116 109.77652890997112 110.95384995190508 111.58647439235909 110.86940773923996 112.25206593618049 113.36614158618073 109.78690344597911 114.12208528771927 119.49670232816143 110.31909917927935 108.96357071928516 111.09682201295081 109.6384600483743 110.07729136160131 113.03571542595833 111.54940449735297 119.32654934149531 141.6361668032323 138.3565298688483 109.98565398096707 132.64612188994548 110.62865642580961 113.01557959665566 112.56612729859093 137.76948473915937 136.20771117594325 134.91187768738365 133.91233212628745 134.87608427063549 133.16203364401929 130.9400484694076 122.02484077397688 135.53232513084316 136.69664972813317 134.31329546539479 134.22329862023443 134.23618020007979 133.38609598471089 135.53171282756082 138.45870058969913 135.40106538563359 136.95743177825037 135.34458558235829 133.63506713813169 130.19957290017081 130.97369809844903 137.0160666778097 138.6518598361211 134.42826519709772 134.81859445304789 133.30813759755083 130.05510258295288 128.1840466406278 127.15692524160688 135.50533658801146 136.65545888295563 136.50220442142529 132.23971745679768 133.74957827117004 129.04185479289404 128.0049050017798 137.7067084842499 140.09688861142135 139.79609652282932 151.04090185751082 132.48640978321515 133.07758372569668 138.85678351467558 140.37941862358397 147.27682933525432 139.87061934628869 151.11582778439976 138.82097529203827 128.00664786829631 131.18994151085263 147.09064776106601 148.06171071441503 144.82827422949381 149.58407148042204 149.69241555558125 137.97110652449336 129.03305342528779 148.45186819446462 147.67806951724492 149.23610319771845 148.24735359215825 142.12756541504228 124.85541423192544 151.22222696763066 151.59173469043128 141.68285422236073 153.76110502885717 150.25562762964771 148.4232772522914 151.65288121967231 152.77894625919359 151.62800685707077 148.89291670046492 150.2259447077374 149.87836898388068 151.21608158210626 149.15147535990874 149.41301933414101 151.46085612072591 151.05097020757717 152.12783078562541 150.30319408320801 151.35371042235542 151.55458405970165 150.64584861008422 152.25844326780188 148.68498795784259 148.98547445133681 154.85401170318369 152.71062809835982 152.53224469616941 152.32090293867822 151.72768522765162 152.03449742477855 153.0957629498175 154.42326022644795 153.20310178691344 153.28540971120015 153.29588533881781 153.5746888683131 152.52529878081072 154.25159326472016 153.87901466817058 155.44223249421924 153.67930897804106 154.34666604905661 154.59506370460457 154.52666148867939 153.31073531819274 155.41969633763628 153.78875784494576 155.85212188452115 154.61053765020151 155.67229461660648 155.49414555628499 158.13777243881276 156.60122147022088 156.53923045465677 152.60144451613871 155.90953292945164 155.53110434250368 156.63268471994155 156.54782968048096 157.59382199224817 157.57025689474321 157.45723205807602 156.65365518990933
