# Created by Octave 5.2.0, Fri Apr 02 16:07:56 2021 CEST <br1@br1>
# name: ptcls
# type: scalar struct
# ndims: 2
 1 1
# length: 2
# name: x
# type: matrix
# rows: 2
# columns: 320
 188.70212819758268 77.310952369983966 78.277997856095084 53.338927259827202 82.896753862830792 107.28044113788373 32.359398376051665 60.75989684655071 43.711283518919821 115.67058670572727 83.003003112750321 78.560676366056114 100.00695951951337 106.07567674560906 105.23664183894691 109.41871856979232 24.300889484370636 62.585966966202591 79.441935794049641 80.216889840355037 81.567813990814614 154.91737841848069 106.34286074070445 157.12002866720181 153.75627129362547 141.5249828958556 153.98544363636682 153.89368330797384 162.09099437233058 157.11926665854099 150.35156244292756 156.17085465143333 154.30445718405193 142.31802247548961 160.78878332689496 153.84551257094563 156.13595399474681 158.82656712573575 159.1565174423759 155.90576703291353 159.07243428393014 160.24501652692487 153.38548049908292 161.92082286862592 155.10358427638377 167.77721011666236 175.2183889912136 174.56963051281528 157.01732265197035 153.11743652393994 144.90252412660521 158.07378037241384 160.25586135757172 157.02363502848277 176.24362471956584 179.58588026476252 158.09806207545014 163.86384087453129 179.01380074936225 180.67647652828214 175.70330783201064 177.438300278197 176.91282707677294 175.58220699265013 67.703325888798801 68.679363302740413 67.790758721891066 40.389597930523195 69.025545071891884 68.67153697922501 70.273260681607695 23.267230936782894 69.532298072154845 69.528084099901079 69.613162566547331 68.52727266851754 71.517368835863962 68.510146352041446 69.510561864101106 68.882100214510942 77.589438919833526 75.656828236484188 71.073888703440673 70.676967787814803 70.77399653546739 70.034978239759852 72.393467285817636 71.008027786806437 79.355593383688515 76.534623004405475 75.314701353153353 70.863338003827025 71.759850808641602 71.583909721291818 72.449863100648528 72.120100187585322 104.31532504722099 54.022615488858548 76.755789976605456 72.059193848165691 72.57880255437324 71.112608847592398 73.486174438848678 70.032484132311993 79.804646439315647 82.188157561901349 78.806611215287788 72.907071909181923 73.939696984251427 74.492239713883819 73.39279482425215 75.531310441629572 78.721129923743192 85.929818493385454 80.610802538604347 77.393196220808207 73.870734721313667 76.669423539724704 93.245740269105028 73.869963973238328 65.042794723911356 83.190484844044832 78.242368990514791 78.683837019146623 76.327033153883008 74.794654234366462 75.147260141654598 76.316455570755252 117.85811066342775 78.627771441484356 79.07587164837291 81.011088720078249 77.288159849922522 75.190486997309677 77.480749290913366 40.82072959508438 75.379431748242595 74.213707037211691 82.868462014129165 97.724759806721607 81.129820162878829 78.653869401320691 75.919526890291905 33.101720017036769 122.28955940220773 123.4350128321111 39.218548698189522 81.043134894179516 80.205462945214549 81.76319763831188 77.812699981264288 41.176075849636234 226.06822434309305 128.98551163055683 145.99366535421871 74.456963585989598 79.067296845046528 82.083739078156569 106.67781739731893 25.567746395981825 127.63470741287644 117.47813677759765 100.96536642373511 98.908374308132579 63.967909455739566 80.79586100781799 45.065848995719925 64.570832341828691 120.97674081632805 125.21871906355784 121.08062600519877 66.298763148942044 26.756837761934452 27.347162090264511 89.620476495361203 65.297671977057803 118.77347250497942 103.00840014379658 92.184598602924268 64.665085810371579 94.954148193914065 125.00013311048406 122.72716328527983 86.308055923295157 90.903122942404963 174.53283088638779 144.52671017343818 63.370996900942394 165.84970813755774 44.192767980599257 45.006331236859459 65.51958969311309 144.68696021283534 147.78865342014217 184.02237372307769 174.7113402145705 173.42917967641372 155.54162883181908 123.96313706092478 126.15708958359804 136.80762689846267 137.73530727763202 153.78783970434199 172.46851752554667 165.033650770256 153.16405175014935 154.49182541659258 156.01836610272267 123.54292853864352 130.82065320578536 158.07430338500373 162.74541879986003 156.95019090784538 117.65638497659504 155.47443682741348 157.65601328567033 162.50200452746728 118.27219751150942 158.10002338353885 123.64810208895271 122.86341694913368 126.27154728594478 158.10046248026538 152.8088982689352 116.55109644388511 122.60501790657783 157.59720526710291 118.73371623852732 223.47025397400751 156.61124052396397 161.59305932150392 155.62171832947232 189.56514447173382 116.41165453450948 159.05171232336303 154.84049347972316 158.6943943396567 172.74829914553041 169.60078672540396 177.29510280653889 147.64673234045736 89.518290862205134 128.97000090171875 173.85035832411742 173.77736480229098 158.29424424154976 174.81890678017609 176.06509190709897 146.55680160066004 124.02566938916952 172.87861248860477 175.0024394189418 174.27418837165135 173.12173684502955 154.81375718330349 105.53907101261217 193.50071221491871 184.65675298168833 106.08638633259466 181.8285888371031 176.40166506552364 174.01635159152221 176.85735658412727 179.18974345683998 166.69108750257806 164.75727503833403 162.69222742486701 177.587826682112 177.88512211795435 173.33622835192827 174.19696099645023 177.10536583604014 175.35239804510283 180.6192376073881 178.37710033773695 175.40044059767587 176.95769180293806 177.09121383900117 178.5918036336264 171.99255521667914 176.11221534873829 183.85919210062926 182.05907334469086 180.70403680687002 179.54495597375742 180.07493332507315 178.51557337254675 177.9466695626065 183.40017916284981 181.47332756369332 180.87480297161349 179.74831412631943 178.73083342664961 178.30114522537238 179.78614652574694 183.71655560821742 182.54621399647334 182.03493842733835 180.45000998051825 179.32599732342388 178.91504218505895 178.07038166373431 181.89966331871253 180.35256069619302 184.46733483158567 183.26006416759625 181.59502791651585 181.01547749040836 184.34707688812594 180.92972265843662 180.68741193015572 171.03202462925924 183.47087261848574 182.80022089900655 182.33583659814457 179.90754071905354 183.88687243894734 182.47333358031878 181.74409628555807 185.60814789380424
