# Created by Octave 5.2.0, Fri Apr 02 16:03:31 2021 CEST <br1@br1>
# name: ptcls
# type: scalar struct
# ndims: 2
 1 1
# length: 2
# name: x
# type: matrix
# rows: 2
# columns: 320
 121.67830712255362 111.7428726710597 109.57557064804355 106.47741580680487 114.71904391857589 116.95338810142293 103.67712193555485 109.9191574312859 120.95623628548694 117.48471427166639 115.98898842250291 110.37271308882237 115.91336394481728 117.85637984077056 118.96669046228749 118.11818847326771 121.97590506841146 121.30890029579206 112.77969093893888 112.91123731150047 113.91425247585404 132.91347660815202 116.79420624786128 132.59987333673234 128.56220279735425 123.91428055922614 130.73194755630854 128.43935175253665 132.62616542473435 133.8040515221592 131.88382242714729 133.31136159197914 127.52845318823799 124.73574779514489 129.87775906456608 130.82598364478534 129.77430851256113 135.12332727012628 134.77236768589958 133.58405948898243 129.72381200919108 131.55895180918924 131.83855419158894 130.19272337436726 130.88474912496281 134.3885080994317 141.67142512752028 139.59698033611232 133.17539671425783 130.46687732834818 132.59472501438077 132.04529820380409 133.80694503495869 133.12041894737456 140.58126436866235 143.58166495129549 134.44080003360617 133.91553155206191 142.08937780051411 140.69104717321517 142.5745466493093 141.70574147842595 142.35416930101201 142.68857109489204 102.31277313675457 104.14069580065998 101.27494011940722 97.889268500249131 100.37633177010652 99.339230674056708 99.615849639676128 84.920602943976149 104.8300823567206 103.62240381705902 102.55204079894366 101.35585053470183 101.58763021388326 100.57371470909884 100.60955470457699 98.141197767678861 107.32999726063245 104.82445096709408 103.88547913956651 102.3988909276457 102.61124435120445 101.66974329110364 101.59160187834476 100.480336510203 105.94437947945661 105.6762270667451 104.64014423107413 103.59260846822298 103.6245800437338 102.69374959074069 102.65480703406992 101.58103139072603 109.56343572387503 110.55756398273903 106.9182893481406 104.48918564455572 104.53937548662492 103.63620155527695 104.73066228663363 102.76642735898062 109.65162401697461 110.11856513052007 109.26518676459655 105.56130439898686 106.49138324187575 105.96088575582942 105.32429843377084 106.06057629785616 110.94682979835794 110.26519287473889 112.65395343109159 108.15389034572043 105.56409125082011 107.0554343165644 107.60080289531825 106.45982194748711 109.72821787287674 112.1235255979915 111.94478282071421 109.00472710025826 106.61314449762452 107.28961037917004 108.21443174961571 108.82030435872501 110.11814374132302 111.15537307420786 110.77624280745897 113.0290449748414 107.67742967604934 107.56738747621327 109.74049876798274 102.67776269204118 109.22710322822178 109.88086745097277 110.96354800273738 114.74043015427205 114.58050348741729 110.06383412295227 108.43294530771827 103.79725154624954 114.18059948482421 112.36915423902327 109.52570614688962 111.31410857083557 114.18479280807566 111.50713318737255 108.86403281390011 103.83968806651717 114.39831190271697 112.92678858625551 115.0972552430499 109.64080802086958 112.0006154281152 113.0634022090717 115.69556951366371 121.11688989884485 112.60900396456951 113.49015566280265 114.47155433150623 115.51210439724601 116.41958853171279 111.88007449650358 122.18323880061052 122.2448643831296 112.3143020690848 113.76438168033837 114.81686564862051 115.91048558752298 117.14769260483541 118.2191010480549 120.44124770742847 120.12729334633912 121.27908938723175 114.12465498133987 115.21287466688362 116.47233235618685 115.63170779792526 118.72748584949683 117.93563773328513 119.26130964279277 121.6037267209423 131.05594952974485 131.64981472335481 117.69535020049193 128.20972999653199 120.04942745314142 121.28926919658741 118.9572011717074 132.04146034089402 131.40630150468962 129.9709440906116 128.80925337391284 130.22884074035281 127.82205298989315 126.06194460358836 123.43193496778261 129.6532856160841 133.19943261833697 129.49367335330993 128.55431201588365 130.68765528232473 129.37734635066326 128.60137774101435 129.47577413490913 132.11500356648293 130.65509289634085 131.63922790609448 131.04041886978061 130.08773313009704 130.0204399517317 130.54307073945881 133.69776826548284 132.80973211856096 131.82750101523195 132.99439370980633 130.38947283961252 129.52725044229106 130.94752101715127 131.47864562946097 132.60403801278289 131.0975270986913 132.50821357810017 132.69025243351894 130.52722905497262 131.40737307533112 134.44401362389397 134.96760466950855 134.21469347651538 138.42676932011037 133.06962022997487 131.80293572370476 134.83261767008142 136.37984100051563 139.01631740354651 136.2709343978018 143.13778701656696 135.84969709293685 131.95921078988181 131.35468093617172 139.97076499108621 140.44947085454004 139.13752628438857 141.29451945291072 141.66167376870987 135.40665748103658 132.21794743849128 140.59556643119637 141.20145040390551 142.13248416828975 140.0651006669834 137.97526661866124 131.18023457806433 141.8694513243 142.08546709100295 139.15510510019593 141.25175819919076 142.77678481406704 140.66737829942224 142.91253987127681 143.68938984500832 141.96860107318886 143.00484608234217 141.72154431881202 142.07856823628359 142.64737692238521 141.67277665632366 141.48050680435063 144.57006645482721 142.41318436282953 143.30990596182525 143.02844878795426 143.95412829681118 143.74288572039197 142.26533219048235 143.17026878166942 141.32444184693674 140.81629101341409 144.16530998063263 144.24194650431687 144.87447906376576 144.62722587928255 143.39829989333225 144.14931461318344 144.01630014108133 145.59822608865647 145.14056476511831 145.89237460250456 145.77994522325966 145.71245608512561 144.22917460264415 145.01440232265577 144.87572192394865 147.37349742655169 146.30363452297931 146.89888326673176 146.70822071783087 146.39026344528151 145.26775245653195 146.1215810213441 146.47667178851574 148.27504392270623 147.05918520998642 147.74024896548895 147.67777214794694 148.42202566655547 147.3203744636684 147.1154677911336 145.75194037765152 148.57282369319356 148.01546700550944 148.86543450115528 148.83730685174416 149.49770431582891 149.5308444718662 148.23430986294213 147.42845904674405
