# Created by Octave 5.2.0, Fri Apr 02 16:08:13 2021 CEST <br1@br1>
# name: ptcls
# type: scalar struct
# ndims: 2
 1 1
# length: 2
# name: x
# type: matrix
# rows: 2
# columns: 320
 195.57901458054931 74.677474242873075 75.772389091200267 49.324019236277778 79.92308664157558 106.42355166946508 21.801362309590864 57.045641602372974 36.759957589961864 114.64887549750422 79.083443256077814 76.322620015678524 98.74694135051891 105.30097574186978 104.64556130460811 109.42799274650709 13.667699306271746 54.966725280060018 76.765318938618819 78.672353676921375 77.908618696762787 157.03139909248497 105.86332149624693 158.97639672010152 155.39182015345256 142.12048432420852 156.01661217289208 155.81689946994021 165.12980389114469 159.8636610333748 155.47370489507514 158.87372666895521 156.62994871768717 151.23213166949091 162.00642328095134 157.08544270856339 158.06101115069572 160.80925450176088 160.43261161141606 157.92415639584118 160.4268193554332 162.06962597375781 154.59838567060694 165.73634160931942 157.25361425771325 170.66061281888429 178.07840027751726 177.5296281125417 159.25319813244772 154.83926803249358 145.85843120273904 160.10784544474643 161.68543441547968 158.51029063467422 179.15911049844541 181.86183779400957 159.62544401419501 165.86761470963685 182.10862920313335 184.71574386606545 178.79514192079151 180.262031331294 179.8494338482196 178.57716233516899 65.583963219342053 66.747625302521243 67.354182960694047 36.045178376366124 66.017922588876246 65.361223993378729 68.009855516428999 31.441422829995673 67.477170885644142 67.951225161029555 67.048257648802775 66.446682327379932 68.794348386484288 65.927688698086726 66.763189317645953 66.971899674967688 75.825128232698106 73.018394140424888 68.744542087844579 67.980393360008293 68.169085608871328 66.510204577867043 69.870512991149212 67.567921044330987 76.788646666012013 73.850987894398855 72.854017859033931 68.638083646916215 69.586863664729435 69.079096505052007 69.507651130549107 70.386319071283793 105.0765245228839 43.481187187842437 74.627382034058186 69.203640631416448 70.222429290210101 68.128098642012034 70.877393532077051 67.037729272876618 77.11040837113741 79.630775959796651 76.865623890582739 70.957693963495444 71.396685036113354 71.749489735547172 70.766615062579447 73.008477937688838 77.248937792562955 87.351624788366024 78.240676745529925 74.633702208034805 70.180238776261774 74.181211112546606 91.575729273057135 71.548610166518714 57.037740692457135 81.176729651850806 75.608915363313727 76.784970098879867 73.646226058695049 72.336153925600698 72.61073708634072 73.635476644614243 116.29577807919902 76.035569461888187 76.220961741233893 79.35679132292745 74.592514946147105 72.378699632557002 75.159218449988245 39.345254401646166 71.681705169739075 72.814231415032921 80.793534663077665 97.27569081243351 78.315068953756509 75.745262544551295 73.436659597804706 27.760268618091466 120.52602888249986 124.64387177363874 33.599645962238696 79.625479062791783 77.442390557669171 78.601142955407866 75.761355738453261 38.412921589175319 243.66455386578008 129.32137202434032 151.05871301650529 71.940015419768429 76.979956179070356 80.52468591081481 107.16924949269256 16.25913081530561 129.53692717181787 116.15392376732629 94.190044365367029 93.143125392737659 57.863965801340584 82.433421086069018 34.916859979554793 58.003425143618188 124.43594755681504 128.02777376478792 118.59436393395197 59.858609002665446 14.782491553578819 15.727805816796154 87.589508804394171 58.250084801594305 119.17639131945377 101.54019367336913 88.677735448163162 59.986653298493749 93.814094411633846 127.69226034103433 124.42065209352782 82.553341809833768 91.855116704994572 179.27327388926412 147.09475899068599 58.9151621748994 170.58466435343252 35.589717661706906 36.248964475238097 59.090561226073447 148.25629255984691 150.1849830990999 190.00220814129057 181.39434782906301 181.18796600202424 159.02639151675891 127.40305916518871 125.63532665300116 137.80042012463434 138.06873653492949 155.19577901984061 180.20031084827747 169.92294848121057 156.55613117750369 156.40564952265706 158.32687888439426 119.43361203124296 132.21429367484095 160.90820840758076 169.02523533899492 161.24705702724751 114.65235679643183 155.81575271187384 158.86598508725336 168.33843299964738 113.82185712313368 161.99500933654983 121.68441139566802 121.22830833439924 129.55846506619676 159.37620289029803 155.18340256616833 115.14853547736215 118.73478116029119 162.63231694992044 115.85041296930365 240.11640783485313 157.50729253789524 161.02077937863496 157.40409039948625 193.42893281652314 111.15699981962531 163.07583112041024 156.3093166165236 160.54595070393299 175.30162934058643 172.35161510227931 179.70746362852117 148.23445930815981 83.022658286997611 128.93874120842699 176.68088883817498 175.5687526298687 159.64481350529579 177.4602043456191 179.01668223751705 147.85861564083169 119.92494302548634 175.38389909059049 177.87132347437506 177.38263525256397 175.50571566524269 156.55478125771481 103.60173865433296 203.41895980158083 189.74199861552216 102.51623911061222 186.2878202301284 177.90921846875892 177.01215835062257 179.79574368717709 181.98290403584966 167.52147380460372 169.5685961748427 154.81274950826452 179.82400310882068 180.31513013886141 176.14737940504554 176.34950925075904 179.56198161264217 176.51034157722208 182.83165985974892 181.79382271714928 177.37764146767344 178.46596599846944 179.03762153178596 181.15919241217657 175.79343571262612 178.52395504024597 186.77775525759998 187.74529806651032 184.15324152603171 182.98628132434777 183.41584282003495 180.6443751418301 181.25036428622178 184.68075023284086 184.52119561713261 183.673963976495 182.50394441838503 180.76476642562218 180.36071614309995 182.90709538034287 184.86145405661304 185.42075604354667 184.72558012788886 182.64805350562938 181.44257531496726 181.89086612080965 180.94048927560695 184.03735159692664 182.99238403656511 187.95717962254244 185.53473897438587 183.58806571142691 183.60174633342601 186.60874763786038 183.90856308531892 182.6315097916671 172.86731165831941 185.67980055254006 185.71519075732715 184.6566893604834 182.186469869468 186.33210206724337 184.85663774715368 183.88012684968444 187.79168377339033
