# Created by Octave 5.2.0, Fri Apr 02 16:04:38 2021 CEST <br1@br1>
# name: ptcls
# type: scalar struct
# ndims: 2
 1 1
# length: 2
# name: x
# type: matrix
# rows: 2
# columns: 320
 129.28400097954648 103.49082316302753 101.58710724704797 93.251836435112651 105.44420964222691 112.90486561860139 86.791234647397388 97.68396368575128 111.65716445474034 114.01234273394665 105.38634255660098 102.88906117374985 112.42219133917642 111.86648247743037 111.47769961877387 111.88095756762505 112.08442846411604 112.88861952212766 106.26395249177372 105.88085983804893 106.47020992975769 137.83649164522373 112.89038944861373 138.34703722780614 138.04954510869803 124.97625302185423 137.94727300053481 134.7746520507788 139.79682884797052 141.45970205843483 137.08646440848392 140.71838526099722 135.09105036520654 120.96065329691997 137.53906082945181 136.55165021483418 137.50879071903259 139.05806552700963 141.44274239550276 143.57199815543242 138.89931330655864 139.66590869557669 134.5335211177987 138.51479763006066 136.76655805714915 142.53132396576046 151.53059229390337 149.79118645127573 138.96858721310434 136.67314594022875 137.57111778349699 137.64994775741422 140.6228944795256 139.35721251842278 150.56083193227482 152.74397956724476 140.11864242520957 141.08526467521293 151.44992168842825 149.54115910627922 148.76586719243079 150.85649307484104 150.40595142638372 150.68762961648454 92.99583943253549 94.388731270634452 93.305461144807097 83.578239380672898 92.046088388683785 92.198756952577369 90.599091309556869 57.993853178100963 96.67332482624785 95.627699898641879 94.136527488408575 93.072989768371386 94.229680841813064 93.130779468098723 92.923828318062704 90.998053084254067 99.3686523497243 97.737088520117226 96.901799056491555 95.042061187451495 95.281717953450467 94.068276794623458 94.49739634316299 93.438492427725535 97.621250343933454 98.851088370435534 98.021369871931469 96.139147877262644 96.290288447667976 95.196439300482183 95.51038993783483 94.932263887853964 101.60607186848812 103.8537653906501 98.813267007126271 97.257278679822548 96.324301153818098 96.51786431430908 97.618619244944924 95.968690548240218 102.28674923137061 105.51568388458195 101.47760305460768 97.255371130833964 98.218194267113105 97.59092392105967 98.229603787490461 99.17684200005678 102.71109370655168 102.56061940241902 107.42177173893106 99.859318743135674 98.359116493855637 99.890927547064607 106.95190901776226 98.534668160727605 104.34551459223587 104.92625843429471 103.41048924522698 100.44869038259546 99.315481062198671 99.157586915430343 100.32262557158194 101.36378518035183 108.12786247980202 104.22474008685261 103.39478783311034 106.49925391743572 100.17148281437011 99.253077197242007 101.72074501974008 86.863447780808471 100.05776931330827 99.262244345800582 103.6956815956608 107.51835707851451 103.41582793590388 100.9490396870099 100.23080427198389 86.202030983012889 116.37641298043462 109.68709166789456 95.077052367347733 103.59339552940243 110.04930224678871 104.40946610297861 100.59462737678116 87.797784506730594 110.84449118820216 110.47303919624096 112.07839020633426 100.42370118331719 108.86382115099541 105.35977300261378 110.54666093055395 111.00579066990973 109.19237229134123 111.5424899989105 112.07467275613089 112.61259928106846 111.94884450814969 104.34655322516437 114.1405154885356 113.84845697070105 109.78867059234291 110.93109177710353 111.54550200732612 110.79708787963841 112.21857832246417 113.306343991639 109.69478753720348 114.04813673216211 119.44262459639603 110.39729079748832 108.97637710837986 111.09229234320621 109.61073807182532 110.06187121889153 113.00815262359427 111.32548774426726 119.34405442066145 141.73148407596642 138.29867251154124 109.94251268410838 132.6564974633155 110.51310458199177 112.78634717159927 112.59186771180792 137.7962410096296 136.12822968298519 134.98166424532542 133.89037093080083 134.95019424033512 133.23575538751206 130.98634787862989 121.97663052678833 135.5388941143616 136.79367496839296 134.4059224676829 134.33699450110774 134.1717634212138 133.49110278104786 135.56839793629126 138.44170882832114 135.40558699608246 137.05576576005109 135.38095263895963 133.65725980124614 130.17594224323304 130.93554830341904 137.09403049601141 138.68391068993898 134.45760143018254 134.90503625831639 133.37195769659508 130.11946075228144 128.19397319401367 127.1240941341745 135.57582737151213 136.70056620842914 136.47590796836511 132.24909673602565 133.83089993277699 129.01494706139513 127.95730247836508 137.61828841365357 140.15810546979941 139.86559980353192 151.15454269118109 132.41893505765677 133.07293029611361 138.88348295905502 140.43853644817568 147.4885099132035 139.97996223215677 151.15179568432259 138.88715478899633 128.02476953333067 131.22114073928549 147.23191864953165 148.08792053227106 144.86799685489811 149.7012092773254 149.78130265085113 137.95479844413495 129.01977668390012 148.52079422744984 147.79803733838875 149.14893853535057 148.2704723346595 142.21572687787503 124.79843386844664 151.32365670136153 151.66020624717578 141.57784989230242 153.86041644914872 150.40969775956648 148.43308666696805 151.70331249432766 152.91902263202229 151.73322597130834 148.93700039613765 150.201017423731 150.02682108102687 151.33754338895889 149.2882764974575 149.38297935171414 151.57397349200409 151.04709285999675 152.2653325522829 150.3596899093755 151.40888928476721 151.62685411371331 150.77172061589638 152.3512595656556 148.84653681670076 148.98944805017652 154.93639016460091 152.80032889195292 152.52935953532952 152.38435272917465 151.83442969717487 152.07977668007987 153.2200768433058 154.49455076884172 153.27407102883353 153.35231633366706 153.4659930452064 153.68925157544345 152.50885165928648 154.35114097159052 154.0770649407807 155.56235375719388 153.71155464438229 154.36724613250624 154.61910915594981 154.60872148876115 153.45090341735519 155.47230757240823 153.84826586239302 155.91209730255832 154.76263234289519 155.70211854726296 155.53333504993253 158.25684364211503 156.5567298074713 156.62775945055247 152.66100207655239 156.04652126442505 155.53018285623921 156.70032770664969 156.64885733973867 157.68516862267768 157.74802558006709 157.52698057244706 156.64519102076406
