# Created by Octave 5.2.0, Fri Apr 02 16:05:10 2021 CEST <br1@br1>
# name: ptcls
# type: scalar struct
# ndims: 2
 1 1
# length: 2
# name: x
# type: matrix
# rows: 2
# columns: 320
 132.8826196998632 99.385695494295845 97.500228938410842 86.993303339579725 102.41229213532759 110.43395547181832 78.614306315023725 91.894095216882221 106.58479219829749 112.35880803239469 102.53947607434162 98.482207853596563 110.5688765243199 111.52235528182864 109.40229697425917 110.19878114841811 106.80327257389125 107.76572873960529 102.07437080467429 102.85717811265282 103.87020317437972 141.21571998518561 110.54137352154761 140.8489254690183 140.24926435715756 125.47879356220503 141.34112864522763 137.77260665619696 143.08003946695587 144.23169029582218 139.95119167566358 145.20635535074425 138.34640100229896 120.65707727737855 143.26268453340322 140.17909343954463 140.86539100063729 142.30574294677308 143.42333791148087 144.8697291791546 142.17668061495749 144.28893582956272 136.45161674881052 143.19074900370006 140.4191253464621 144.40582935904686 153.90414000262049 152.96304154200928 141.56497439955248 139.52597060613866 138.57867528492494 141.80139866802597 143.81185334154307 141.38075517647209 154.26792989463598 155.15774511682429 142.96349017812884 144.63401839664726 156.29114978512408 153.77099336592374 152.43383574604493 154.98293584800251 154.94343899766284 154.25664970612956 87.537400567730558 89.315947046526418 88.357874612748162 76.806055958016287 88.644493846742023 87.572070654243717 86.591097037549503 45.251730521032101 91.709827735098159 90.772430955022841 89.609269132524929 88.343469259146886 90.578649927455544 89.694912548643686 89.681326625354643 86.638524991734243 96.319943858546608 94.347347719694667 92.859183158241777 90.597029859454821 91.608092252915327 90.721512877688014 91.922370490253428 89.21673944166038 96.201449594820645 95.441473284390369 94.672930166356551 92.512469343823426 92.627902364390181 91.786499372859751 91.670224561310675 90.375739560954401 102.76339964093224 99.530091789514017 95.26233400419197 93.674065613821355 92.812188409914015 92.838581319439228 93.857478550277534 93.799857669287348 99.4906867106031 100.4305538584595 98.131354132663631 93.7448547064091 94.774474933643518 93.994542940068527 94.776704856531111 96.035919120081232 98.992105186424666 99.28308717872234 102.81616900587454 96.376604285806536 94.60660303649307 97.219553128128638 107.24436185362413 95.032772548662351 100.78153351647724 101.51208713412619 100.56229373058392 97.106908759347661 95.524315498995691 96.043709450869784 97.678635073462161 98.568440292193074 109.82234121774329 100.08244258977918 99.743809963613785 103.3869123030566 96.654900039354914 95.78946163970511 98.673977578703514 79.294249768880732 96.491524038039074 95.261686804645237 98.700245230364445 105.93976899421513 100.31562399013211 97.301945987745697 96.887276180703367 77.87565086112906 121.80975949055039 108.84726109176849 86.318174573071445 98.875995674091001 101.89368823668902 101.34126673237385 97.709412974641438 80.478520481059633 111.03257480888223 110.0641146010751 112.05903323634563 96.121387251333388 101.16459723126184 101.9345119001993 108.12048271778529 105.1136354133137 109.31623101274894 111.0006233614602 111.40946488053035 109.99275800065801 110.33008482374218 101.14886136336345 105.66263373497868 108.09446077635305 110.21584793965434 109.83407593795039 109.76832197571518 108.86162186194223 109.36344583045049 108.9354398386771 104.96612321417223 106.34658624286941 117.9651281927581 108.8867752780606 106.91014370471622 109.22590238806367 107.93255149699807 107.88437552486067 111.01863701987348 107.9485020604847 118.88320023653849 146.78329953087484 138.22899424498266 106.91695742674585 135.75155693347003 105.73137245022457 106.87418297250461 109.65465238468806 138.95412274690889 136.69972806158427 138.76541409560269 136.25519990401253 135.71868043313916 135.27600331405111 133.44021656741103 119.80510704830623 137.69220460769415 138.67687805022246 136.66577472140051 137.46325669414861 134.6057230215591 136.70018692331391 137.67971269028462 140.3645574795309 134.95305525132775 137.68037921187087 136.87103606760169 135.65824070781912 129.94380594889444 131.69834276023735 138.78940458406424 142.4034212767227 135.65573220165746 135.96186099539372 133.62513091505909 131.37325127708388 128.47180833308849 128.01999158755913 141.21032959847136 137.12908916846428 133.97171748985934 132.58028351188889 134.56652937700781 129.60495755202192 128.7583686122131 139.34714385576754 141.29011391793114 141.82942867370335 157.17750687570563 132.6060043261688 133.58003347620075 140.36562258422421 142.2406249166456 151.21230300090258 146.01631453162167 155.65242290814302 139.72038745425724 129.05785851766905 130.10838411862312 150.21000095501381 152.16037943828493 146.97329600132574 154.07232520361231 155.25878812325934 139.76475085865417 130.72843134351035 151.36891937157986 150.44887474628169 153.28859614698891 150.16173396045264 145.53172000273139 121.77847460407023 156.2803900649304 155.70824127879834 136.01262039921215 159.06085414401281 154.18279887618425 153.04993843239311 155.42474351071209 156.47300954837806 155.52023952074975 151.27343626679209 152.87301757393493 152.47757854633022 155.68277933664581 153.22478028177721 153.95011112482356 155.84341503890744 153.66097151725705 156.86540452301065 154.98429595563127 154.68185414957853 155.75693017769342 154.91720671417454 156.84712194634767 154.26405464655861 151.66327279962044 160.0116056556985 157.97149200153595 156.54227223016693 156.87404938765883 156.07503623982555 156.0931350725254 157.17439299035152 158.70422005444371 157.62389978352326 158.05311329646045 157.20068725607339 158.84511711213207 157.65797112515193 158.25256003822477 158.45421610916685 159.80215327605563 157.75499133584552 159.09276445335084 158.28270216225994 159.09705242394051 157.967378749885 159.65421736412094 156.33142497350337 160.99397019474688 158.86774121049052 160.23965383459529 159.55821813209334 162.71831920377684 160.63658378734456 161.46467407335433 155.64800100331371 160.87007918013842 159.92363391276882 161.37654678792575 159.97087223501629 162.13779023022238 162.16465149574702 160.63733712742146 162.52548636209062
