# Created by Octave 5.2.0, Fri Apr 02 16:02:37 2021 CEST <br1@br1>
# name: ptcls
# type: scalar struct
# ndims: 2
 1 1
# length: 2
# name: x
# type: matrix
# rows: 2
# columns: 320
 121.31568527972406 117.92506278258016 117.41266440979582 116.94198107037133 118.80248556931583 120.65020750066995 118.72120359870405 119.65056143750553 121.78506861198885 119.49825735656705 120.60877305762953 119.12764519761501 120.30780209949452 122.08041233870142 121.54824492182273 122.2031510637426 123.39518254160873 122.56479736260033 121.76784117868813 120.19036711253892 121.16716038074992 123.49072697164551 122.63798217112223 124.43290424958619 124.25447975436784 123.43828830597481 123.91585173245113 123.53831192408363 124.78634379774743 126.33048168013433 125.4247860731062 125.6096853960521 125.91266873787595 124.80022091917596 125.57203823086181 124.57720648017941 125.71337884648473 127.35837835699057 126.46150848784065 126.99629318881514 127.19482874795511 126.7196287013596 127.63606786624207 126.69196508364418 126.86745222481062 127.79123587689692 128.34971274019316 129.48408460024024 129.72698155456055 128.35337558128478 129.04708355527629 127.72482400882365 130.4267530337452 129.30226640398482 129.56625909414797 131.41702852867715 130.46574721505633 130.94141008539461 132.43397148751407 131.63879222110435 130.33558290386571 132.03862559765562 130.72149028419628 132.29165219991529 107.94436299560107 108.07326233604255 107.84529154725618 106.77704392819696 107.22205967996773 106.55805443814509 107.01737701289113 106.43831469206138 109.09067882187979 109.14307075262805 109.0000635059954 108.01220126976661 108.37483999655147 107.67089394333875 108.24746609997247 107.6577901358572 109.97230554920181 110.1321535081964 110.08619202930208 109.08768499087903 109.52333460614564 108.78682115870896 109.37759038978577 108.81411132858719 111.04529994402451 111.26883099209795 111.10273426126379 110.02434324469439 110.54968809273028 109.97723816413558 110.53944743143077 109.83514255266113 112.05423049097693 112.53287638681768 112.0897690180005 111.07150143680909 111.86324034886763 111.25008578108547 111.60512048524321 110.96723405200936 112.7793352233237 113.22195133742574 113.30494851772441 112.14880135133697 112.99380458293578 112.31268782406059 112.64779186313096 112.21302673557111 114.37741561979406 113.83970089136218 114.37783790369767 113.62974390853971 114.11694815940271 113.47965787587869 113.87228167583667 113.35966529015036 115.54340164807159 114.87560697194509 115.47185388428109 114.61126256997812 115.11733333204475 114.67222617597712 114.95784665078169 114.49315716406083 114.87423786225116 116.35095901288335 116.72965249496323 115.72393636256305 116.23836231723379 115.79141036798573 115.81616870471909 116.00492795273767 115.79206976792078 115.95038995457524 116.54170080277075 116.78977987879976 117.61059499329815 116.80692823262991 116.76789464720801 116.09767465863824 117.13633357390167 116.82517112882854 117.27429167331438 117.82168883931486 118.08981011584625 118.08238574615571 117.66669267447885 116.3280284177298 118.53068806253461 117.9792777400465 119.00023611461826 118.05244881200603 118.56271722252632 118.93263871556738 118.99481140996262 120.3032272928897 119.60149657404043 119.54926756316385 120.36895767871619 119.7688794510488 120.6504541588917 119.11089235996562 120.04491956029254 120.70949991062074 120.8462118526669 120.6224143530968 121.45397466306746 121.17568329364587 121.79594919446116 121.01344739889268 121.97677012624442 121.22771386609736 123.0894515929936 121.79602193599602 122.68735723294576 122.4838238891443 123.73685833295994 122.81796637152355 123.51576846353994 122.90505958567319 124.27207211797126 124.58264303729888 124.81922505161006 123.48009492975999 125.19771197448928 123.92175002488703 124.95705650101236 123.95743665824274 126.33790189694524 125.60494584774153 125.82951664605056 124.99911389627088 126.61355800889059 125.94790929363671 126.26710093201143 125.84746071644881 128.08171230550744 126.79885249062188 127.04739288122435 126.2510020681928 128.0363802168344 127.66478458088369 127.6245458092623 126.91912518624704 129.1713240507151 128.14522320766415 128.03075239237563 129.12235251289226 129.03864442784948 128.45746995440376 128.65430647538795 128.12369830180089 130.28826175695602 129.35078795780095 130.01046032874481 130.26853083297885 129.95747743230172 129.57730409585369 129.69888795311692 129.40697651273578 129.85856432727883 130.60508285071558 131.15829283226614 131.06353428126289 131.19184410965335 131.46573491809912 131.73627968881658 130.43448633690713 131.03237016209604 131.64115154189784 132.07604009545648 132.08653690310345 132.24409189225867 132.87959405077609 131.46037042128941 132.6570228664624 133.00063143695408 133.27200800728752 132.90575043107097 133.06908620706378 133.28043660774998 132.57372143765511 133.35392606981981 133.3321274127608 134.02740155683816 134.08946912559426 134.06836842301274 134.14519297540321 134.48318330153404 133.94389534867096 133.67998665687716 134.18615642948797 134.97142026694877 135.06373531487102 135.1600273227634 135.07379543791939 135.56383136037257 134.92050154044421 134.75124681540962 134.49985834862284 136.07001378304889 135.88955167440332 135.96490340865498 136.01237291741353 136.64900628437266 135.80748819989847 136.05576551588138 135.66235832339461 137.17582045641012 136.98690694393346 136.9501426872863 137.08453188311816 137.76345961537612 137.01401585929159 137.46783293718141 136.6572976534074 138.1700022271844 138.02014553313956 137.9692027395844 138.1860652676622 138.80725971610556 138.20333575195531 138.56373892693242 137.99618244000996 139.02614932017573 138.95367599176268 138.84437458553984 139.52625082035124 139.89170606013249 139.36714210474881 139.97165336683568 139.21332175950437 140.27392619517209 139.92827040913554 140.23010027260975 140.68252150646987 141.28453878626135 140.54840451616155 141.13411117162391 140.58517109617043 141.44102883943191 140.96049495046 141.25797447765322 141.88544367762918 142.42122721605369 141.69932512421872 142.36108817569681 141.73227312721411 142.5074218908992 142.35864310015299 142.32198260339888 143.04999448209028 143.49639344497078 143.06613680858368 143.88693393739982 142.8996538816659
