# Created by Octave 5.2.0, Fri Apr 02 16:04:49 2021 CEST <br1@br1>
# name: ptcls
# type: scalar struct
# ndims: 2
 1 1
# length: 2
# name: x
# type: matrix
# rows: 2
# columns: 320
 130.57407184154681 102.01917362140674 99.595541292855842 91.008211363129149 104.01509165973575 111.49262224457438 83.692300744063189 95.608350461062372 109.94091679390353 113.41956614282425 103.63540098133267 100.59139134466282 111.83958303728485 111.73448143192644 110.87459873862201 110.23118246779258 109.1438986815083 111.05641146250561 105.0513019523691 104.77237301445402 105.06313812624768 138.50337693032679 111.97888276974227 139.10641264238265 139.45886921040119 125.1564090646215 139.33371036006528 135.84939049423059 140.95775865844186 142.39229697645163 138.03146484165032 142.13625085666862 136.31112973731709 120.72303095615869 140.4439304011926 138.0928994183943 139.13868161031644 139.84621301777491 141.79448413409079 143.77340012512357 139.46728654181257 141.49704988366702 135.89947000965108 140.33607834154995 137.38237105594789 143.31383901441745 152.83775616032631 151.0530924713064 139.98376576058425 138.45817627830235 137.84183122596454 139.17063932064897 142.20510829893325 140.39450001870151 151.65345824205585 153.94118641816755 141.03745579873126 141.7820117410019 153.12398134732416 150.64046043184146 150.41844926139461 152.19988131120164 151.6399029698901 151.85902391148105 90.255925929951786 92.418917705829898 91.392306051713021 81.150475512173358 90.463674957197455 90.42831715942927 88.2752408140108 53.425922414246088 95.332880148851956 94.582338746304785 92.528378702529153 91.484649563729675 92.964990487014106 91.949352779935779 91.810948438602367 89.321520366508182 98.290546648388073 96.435097031403913 95.584864591869064 93.778799916336268 94.003000443177498 93.039908526259921 93.540642072661953 92.300296606318824 96.53881026545298 97.653456709464507 96.560087553543767 94.856135760624284 95.020638637538937 94.147241271465916 94.078136479464078 92.98035434561433 102.22750313468676 102.03157095230232 97.421398882950825 95.876411954628054 95.165333799124099 95.179648867344952 96.338070126883878 95.202192210275186 100.92677799201043 103.73943707938942 100.42511267803742 95.983851473981773 97.164590797330987 96.314974692666766 97.568788845679009 98.448217962038697 100.87560637263235 101.62622763467201 106.64228910883753 98.431838797922509 97.007672793469979 99.42606045064484 108.48526907858383 97.360904081592437 104.03995721170476 104.48727679358387 102.46824410817732 99.337644011601228 97.652432968506233 98.446610531009313 99.98977291577539 100.31341029657554 108.73531712170549 103.03640335538374 101.61171608356693 104.94712140953195 98.532009426737417 98.005690576876546 100.65959438425386 84.187412176276524 97.770974856791426 99.002724905641216 101.36174693607228 107.2372280447902 101.96414933033925 99.587587520698136 99.201112331286424 83.217102260073403 118.32421644632518 109.17041005787134 91.937077309022271 102.86581342267286 107.48695292211379 102.5776760403138 99.634217606438511 85.304029164983945 110.5493528989896 110.02329698254236 112.34847767904181 98.715048698488516 106.33721807734516 104.00873989848027 109.6768989297501 107.95014796110722 108.92385716471584 111.31825090185001 111.76258917050086 111.97441375607124 111.67703937438019 103.09788780168823 110.52936011764284 111.75003051464631 109.34934365168125 110.64131786633722 110.92633875383677 110.38806395062157 112.52675336859548 112.09225100808089 107.75802860482101 111.2828847228398 118.54276866321086 109.85211799680133 108.54852894270614 110.71445055570952 109.29296545489612 109.62845188126367 112.75389407992425 110.2113860219812 119.54902995446061 143.54251225791472 138.37279101050595 109.03353351774581 133.7532250465585 108.94333647330419 110.44359955608235 111.30578249686822 138.42106843051488 136.34109970592192 135.80729069989152 134.90212770516368 135.36652672687882 133.58585154949748 131.86603665385331 121.32695304750339 136.25285941860204 137.23547143234603 135.55684377983673 134.86842704089372 134.23395182436036 134.31211574251338 136.8076071661788 139.0802389207297 135.68379606136881 137.34612359587254 135.46466799778133 134.61804815401297 129.98359519369697 131.10524396748204 137.46667954977858 140.44639686653142 134.56827493786372 135.66429694894305 133.56240727071261 130.8607475517158 128.28022517412836 127.29608613287026 138.55314246561818 136.88699338346959 135.54051839416749 132.66335015243286 134.36424157305072 129.09304807410172 128.73874249504902 137.93819745283656 139.80782122195612 140.51238069089501 153.3137185309163 132.52157286406327 133.35069620579534 139.13099609575372 140.75771385066926 148.90620319261117 141.53650351464822 152.70163424731828 139.18684486207877 127.98512561763359 131.38190303916954 148.93070267607555 150.05172364876924 145.62272673757971 151.21149466496067 151.9856801194417 138.60266528644541 129.3511285917119 150.1220065510571 148.82958610185372 151.1584013459248 149.80871631460954 143.11638718734858 123.71580696234943 153.50439976031942 152.70758770724871 139.58276762119459 155.39014263260549 151.6036827690159 149.70303104025945 152.96921144654044 154.24556083801815 153.20638288670057 149.77459061391943 150.9398938910501 151.73742056676215 152.73995760018585 150.88338412050817 150.41851686827096 152.88206360450857 152.5646605478492 153.73810395807499 151.88074161426624 152.7053876500176 152.92166863932647 152.31235347265181 153.82618451225937 150.89461063198559 149.77490748954116 156.44055319926375 154.33650954545743 153.8282659772905 154.01984202571913 153.48708726463462 153.49205490636385 154.64777504520779 155.69107115351324 154.70292327795073 155.23010691882882 154.51350795505235 155.52290142621607 154.23300316018253 155.77772783873476 155.39935495499003 156.78851627288327 154.83265954477059 156.41124256079578 155.5971716620808 156.23090243651981 154.97697528888636 156.8992817431506 155.05593377674077 158.38217536128789 156.10280046451254 157.24913819851005 156.42105365928913 160.11011674796805 157.36971915504472 158.52792035533449 153.81271397425354 157.71894091797884 157.31159570372853 158.30126370346358 157.71838953934409 159.16610511278799 159.56079721711154 158.74562167926223 158.44054075399637
