# Created by Octave 5.2.0, Fri Apr 02 16:05:55 2021 CEST <br1@br1>
# name: ptcls
# type: scalar struct
# ndims: 2
 1 1
# length: 2
# name: x
# type: matrix
# rows: 2
# columns: 320
 142.95410295366958 93.963828762008717 92.890322811826053 78.727316232272088 96.305843663775775 109.20050555832607 68.350963992345271 84.247099125923086 98.787485976780005 110.17489427562795 98.320038958313177 93.800197106291861 107.97472147050777 108.97568514159354 108.51490711803181 109.54785435875468 94.590146960882208 103.06541470572205 97.047590308089752 97.915048564732899 98.973867692381262 145.90176836265431 108.04741939949771 147.16395112103874 141.70506502656212 126.14252635134758 143.87824216085184 141.7321693425983 149.15290086231877 148.96268304940142 141.06899579175726 148.84929333427016 140.1350792695774 119.23031184944584 147.6864937466645 144.41740080046515 145.44169610963624 147.80587770988825 147.4429742583832 149.3455816483727 146.51519276593066 146.85015154544297 140.75319910490396 148.40832990229558 143.47351082987564 149.48832754187399 158.95661801620517 158.17474365820752 145.09340735122458 142.77937407865429 138.84142939762876 146.35556970244619 146.14436634531455 144.30399857358188 159.08009766333964 159.9699294775437 145.45475143492368 151.93184086628654 161.40922525284401 159.08886792600649 158.0206472474529 159.38184124988715 160.02378053750786 158.34033276968785 82.067755693876947 83.15974846257518 82.334366157566905 67.861662758281142 83.189123440710432 82.091232398325602 81.160129440092675 28.422511917356776 85.673037095464593 86.632605869902577 84.322053118543394 83.156024269120877 85.779876769532237 84.050413890509873 84.677198600692122 81.091945241368776 92.248354069122456 90.358373622667145 89.094467425195802 85.862678186221117 86.785376108435486 85.82409159581934 86.688100238979416 84.809014479622491 92.726428398393324 91.268180300583637 89.887467231067362 87.762997861104395 87.832947565245249 86.827744426343173 86.698826682321339 85.561295812070966 106.59868570083133 94.952980646151374 91.216029300711526 88.853074702152213 87.946937752271495 87.812374340327381 87.74167632103746 91.03904924435092 95.373321267962268 95.264144068955204 93.92545135592691 88.869848655603121 89.684589289318879 88.807458503783607 88.840495529929058 91.027617161367303 93.259750363505987 95.130707712714113 98.163079321429507 91.919095684678098 89.882579985379863 92.429267537629613 103.80610392058435 89.8109424463171 94.188590643783058 96.036814912474298 96.139826846398037 93.252416151996854 90.834592684238658 90.725766022359991 92.405507467590823 93.460006226250087 112.06033200370345 96.61761753112269 93.646217752108072 95.318643956875107 91.79098395437758 90.764808346794737 93.803739138521308 69.327772734548006 90.441366002105653 90.376597956069588 93.967266992663824 102.63876733408416 97.451958381793858 92.880776956863627 91.720276234733134 66.878545039773059 128.98587752277876 107.76938319858523 74.749845410819745 95.154193346346176 96.003294061673259 98.298356468284652 92.745960520663346 70.244616707918368 116.56766406329912 111.76486776256247 113.96921953841165 91.380442203982071 95.050592292670885 95.148767966166673 104.91609639903423 95.656005260976926 110.58165012967928 110.36311671824535 114.57386888000249 108.04034001672736 103.73737934979519 94.324222578663708 98.464111309526984 101.17391669387307 111.62826126577986 109.11641131407376 108.05776644480193 104.80228979697712 93.339436744630333 95.685113581616051 102.92577073835285 100.43852067552031 117.67958878290355 109.09954174725614 104.94114190361837 103.7287834104326 105.13475846473037 106.21606192040102 110.81078552252134 105.0774953655621 116.61305947298368 153.45550862226332 135.68877691457848 102.34067368101795 138.39196142805699 99.467175184810159 98.857930300243439 101.98702460621213 138.67394109141318 136.93914504998 147.63016095282745 139.22598712121797 137.87686039892824 138.10914681538509 131.35897939270245 117.95846763068811 137.55601691930016 140.10164570452591 137.96386535314682 139.97792521822839 136.82981379513708 139.00525399207234 140.91944663701995 142.91344891053285 134.89274175666714 136.5697217288251 135.97161695836587 138.95871530334358 130.60504222323269 134.27203627168828 141.95238334369114 145.84410408859293 136.00931935142245 134.63590648889235 134.88911325994368 132.91386724351131 131.5832320425896 129.38522725495127 145.60414783767109 139.96032435201022 130.74237401035001 133.94091340304283 136.74866401674475 132.83722472387501 132.71740773044667 144.80387398760013 146.07544573599856 144.75226284720961 165.13236523262484 130.65992531506035 135.05516510427222 143.64653039418639 146.63839883242139 155.61674284723645 152.26636306752138 160.64751505110061 140.93548438697556 130.18015052813874 131.79190390107595 156.12464403083064 157.50683779391807 149.75387977962637 159.21384767926503 160.35059566366274 142.04065308790956 134.03354570724457 156.74655704797374 157.20844420819179 159.43904691804471 154.99045331478959 149.93922065297429 117.78984916055421 162.05852566902394 161.82319600797601 128.66231729513066 164.80744044405293 160.53519041864362 158.17957033183302 159.9778758956177 161.04410909851148 158.09007775696406 154.35929496388286 157.48698630540602 158.87655602357927 160.78330706133249 156.35954481984129 159.62266777284862 160.05322300394639 158.45922644158031 162.70711148736717 161.62266353491856 159.06692384284918 161.09025547159032 159.95689403698077 161.73248626546939 158.11260384976507 157.71842837042391 166.21820720088937 164.11607175308373 162.50925542461931 161.81181702700221 161.0147932634726 160.92199669370166 161.91400776830159 165.22670722670711 163.63088734625504 162.97822548451194 162.56497994753394 164.15190170965178 163.04524804505405 162.12821059877007 167.10788872205848 166.36399047681849 164.74911337125488 164.05135173901743 163.59511551380265 164.79057198530259 163.14689891930465 167.0655540047043 161.07940396398965 167.62763440541832 165.90825366813635 165.30185288943468 165.02351206486449 167.29843105145204 165.9591810947027 166.59803284678424 159.426533121967 168.28278527135183 166.93049178819959 166.46395912311888 165.34582441703253 167.51650811973639 167.40709994513506 166.06473500266915 167.77490876306766
