# Created by Octave 5.2.0, Fri Apr 02 16:03:45 2021 CEST <br1@br1>
# name: ptcls
# type: scalar struct
# ndims: 2
 1 1
# length: 2
# name: x
# type: matrix
# rows: 2
# columns: 320
 123.3089359345021 109.75436139445851 107.79617038801251 103.64336308429939 113.36363715812247 116.4309145324508 100.00307944889762 107.29733020009991 119.41495934368052 116.75783431388199 112.73100437716769 108.36885023492734 115.16909382341365 116.31331591287933 117.59601723578108 116.82313214576565 121.33781709484117 119.53190422486713 110.81792481022406 110.32348551773873 112.11876976349417 134.45775285562567 115.59267963437809 133.32834798076021 129.44207519507813 124.14184608693216 132.53435003712798 129.79691610215997 135.41970064771903 136.27573162198652 133.10392652815435 135.09881590174606 130.28645200833449 123.33233957825857 130.59343582049985 131.29638425840611 131.24300633079937 135.40956446387861 137.26985243005564 136.61307430069562 131.08464819252316 133.4160286690751 133.08175690514338 132.42558093030581 132.18698483764024 136.28530837841384 144.32800838994248 142.69325019732523 134.14098148829726 131.97217816173037 133.49902450928792 133.67891910440184 134.4038201084345 134.34228022617577 145.03018889130334 145.28803582899695 135.31850067031721 134.69026009957969 143.684539359121 143.94912409450436 143.13138472278951 143.09729954684059 144.04457272276278 143.6871314354749 100.6424442042161 101.81206068690361 99.653500701835071 94.822619403197081 98.711156290647253 97.715624994136078 97.781256553358446 79.150585137003276 102.3595874543 101.28194457620326 100.20971591979169 100.02719927587616 99.707978369147469 98.78976363237301 98.92096997981082 96.999762911670359 105.4314783891207 103.35633037348963 102.25109744674559 101.12770516913088 100.99174412544558 100.00367887097811 99.886976578227234 98.669987629242542 104.37767211291623 104.18358962311245 103.05228117952608 101.83257912115836 101.99699683272496 100.9421958436092 100.8802381460864 99.729283332172798 107.13429667806319 108.88477988926709 105.19648855503608 102.67101924325938 101.91491446613186 102.15232895268899 103.13133256304006 100.56422971284769 109.46550773165018 108.62410951943059 108.35647961579234 103.18940102529753 104.80107919422245 104.15629041231955 103.34340661531876 104.01468526323575 110.66350630130795 108.92242090653895 113.46813405279343 106.21128369902459 103.94075578777279 105.28362900216102 105.89378260559572 104.57601349537352 108.70129395909909 110.05591778004299 109.76599580783365 107.57876509600463 105.12679376846725 105.91309129755523 106.68538576678159 108.15931710980118 109.88590175144 109.72447039453685 109.25245316806016 113.06989564726169 106.2119216637409 106.27748775129967 108.76848227514213 98.894845863867573 108.1708881601546 106.05050928892983 108.86366010464519 114.2655400538295 112.13552272870893 108.36190298981833 107.04818444632754 100.02696401557472 113.36257837101863 110.81876264073721 107.89935046223958 109.29532395269941 113.38095447670051 111.02415368603293 107.18227219710027 100.85179355721969 112.37536752215668 111.22630238793225 113.73113696465352 106.95027438819213 111.89322636744144 111.81820994681792 114.57503230269815 120.61433536381737 111.63512719408772 111.94644486190111 113.21111169096082 114.34202286810486 115.93399386955149 109.92784314850385 122.68415664497383 121.60637227979358 109.96747270053588 112.62405909587834 113.79302761023712 114.8894173809758 116.09362681822962 117.16204850987653 117.75538341027395 120.00335437923151 120.34452371428686 112.97165864855809 114.10289888864988 115.17418617947884 113.78288295206977 117.07013458237992 117.09830274385448 118.01687211028829 121.66054873150516 133.34356407536376 133.74130276987586 116.14309592954297 129.6242977789226 118.76255678371348 120.45051670933104 118.09568480294678 132.96379050944603 132.66411711500299 131.50681629848336 130.35437756880884 130.96397426664532 129.11629518759682 126.91199986706874 123.71454341197901 131.00504237547514 134.16377645151826 130.72947988476318 129.78993494773124 131.78881915164081 130.60382586118305 130.17645160369679 130.90969432262361 133.86159260700612 132.00708581745118 132.25143579512925 131.03508142455976 129.5772986273879 130.82179296022278 131.17434415602139 134.81950105177083 134.10098560024267 133.0133967049276 133.37985880244872 130.0029318624552 128.75094500375073 129.74103472540526 132.40429838474475 133.5505576970676 132.39950381765428 132.20164924635299 132.24877392948019 129.42073405060239 130.07401280845471 136.17460034705991 136.27779480509312 135.25254913329175 141.15414932819695 133.00831201986631 131.98558167691013 136.06663208106875 136.59221142368247 141.01537344492894 136.73002846696508 144.26994619663159 136.63586746083197 130.87174018800678 131.02627499975441 141.91527118954559 142.6592286832458 141.06116335024086 142.73283438256641 143.19162110954571 135.81740111153255 130.54903540819262 142.34207513149417 142.82795523262672 143.71840438229776 142.08992294544259 139.64421615624954 129.81270585457654 144.53991282928175 143.49263655742874 141.00119643925652 143.06185417171108 144.64777280291003 141.86991063105884 145.25013978745238 145.80122119031324 144.02691200952887 144.96829340425438 143.10140097114524 143.98167701692722 144.10268397101964 143.66090704161508 143.04078187192604 146.34396640323658 144.23683553175744 145.15593368893516 144.72525176543752 145.65506409031326 145.26527578062709 143.70242955937508 144.87641089631092 141.65794195825549 141.8488261170931 146.12896832790597 145.95856213356444 146.34170478585702 146.1912347777704 145.20159988950715 145.44569465088361 146.46823205843651 147.03491412654986 146.70693174320294 147.57088203126494 147.17828414691473 146.96695344048925 145.98927603822889 147.49874943027433 146.90391193480923 149.69019077792086 147.60665223818432 148.27307794956147 148.04195729752482 147.55343203968505 146.54418503845767 148.47177897103214 147.55953836588048 149.87977764151427 148.71368041560046 148.99839191555574 148.77994167140849 150.93238177664247 149.67188106356565 149.25274697083336 147.73369059049438 150.83861804023135 149.57285657416725 150.24394400690431 149.78713551598625 150.98001174427145 152.08319048143014 150.39682710655984 148.19452016826381
