# Created by Octave 5.2.0, Fri Apr 02 16:06:06 2021 CEST <br1@br1>
# name: ptcls
# type: scalar struct
# ndims: 2
 1 1
# length: 2
# name: x
# type: matrix
# rows: 2
# columns: 320
 146.72708578949732 92.647089698453271 91.663004079144656 76.719862220497376 94.743983156780146 108.97055490274266 66.196975268594883 82.38997150383301 94.871160583804723 109.64451522041317 98.601081340212986 92.690730635509851 107.34471238601054 108.2557534908326 108.10759095028251 109.30240726274432 89.383046047141065 100.6937442502049 94.432733257291233 96.955593497111792 98.229290315997176 146.53973947978767 107.71014143420344 148.19920915568594 142.45594288104692 126.30371860013935 144.48909741359913 142.69377742358148 150.66398591680681 149.82263506512894 141.13410338245396 149.92302803513218 140.51920009518881 119.58922190244643 148.62527694380773 145.05684589135819 146.37032918154063 149.60575388050384 148.49957540765024 150.96757465335594 147.44451803498816 148.36966615229252 141.34477391772518 148.80265262361448 144.277470082441 150.98462418725117 160.84973959339942 159.87986478653889 145.69198618176799 143.598704429116 139.47411577480435 147.49300331110456 147.76346827971091 145.63798012535813 160.4227119227925 161.62307349340128 146.70793174392301 154.13686682056036 162.24851710137872 160.44130996876788 159.34649781867978 160.51839330290306 161.32881083171938 159.74991013824234 81.174717593648055 82.211865894165143 81.649600196089494 65.689452981202606 82.751090453803101 81.031412502355508 80.572358032064074 24.335415970750386 84.480860240955124 85.63441129869139 83.389243415595971 82.406591167412529 84.623737014839833 83.563818713865217 83.909584975497054 79.804527030383383 90.965139315072008 88.985387749775171 87.806084968741033 84.39694963279068 85.443005083239797 84.626801081701984 85.492352723465856 83.483980437704361 90.873427228766928 89.838023919880484 88.821338004013313 86.684937870140018 86.508867178574505 85.606041030524779 85.67313919225036 84.533088586716062 107.57274093694242 93.717923707460528 89.958740201053729 87.717355800752259 86.575744942699416 85.562931689924099 86.375560766273068 89.288929620834253 94.451778384799908 94.024596955149008 92.73459629990694 87.450752302775939 88.184627293375897 87.531549504919212 86.742685594018667 90.469825905615167 91.772802416761081 93.629468087107014 96.815974496519459 90.73035806148205 88.544231134273844 91.619363347013177 102.9710984225604 88.022241128320829 91.870482773909529 95.162994715343373 94.975839116729375 91.912448485380551 89.707518481172187 89.653482050042982 91.486020511423476 92.707194253606716 112.60384405172235 95.680978132672507 92.164305376457733 93.625778538023468 90.567489334939722 89.409943245438654 92.659056386577461 67.237797229077103 88.911711646563134 90.143345144759635 93.039185401330244 101.83709550233807 96.319725661819703 91.774510713258408 90.707371786619532 64.207819340300887 130.72864904489137 107.75332794061136 71.940394042844332 94.284445811672256 93.281302629952208 97.40355178984808 91.717543208192126 67.09024817695969 124.40535555610812 113.44663510630572 116.46137340797793 89.33627418738287 93.737430656982738 94.299707560834719 104.13788829305183 89.885075485829262 111.33537383324033 112.47216088780816 123.29412828025175 108.88333722061624 102.27335863103919 93.205720750863051 94.567046339240832 98.193136664973395 112.53691446802546 110.21867937222441 109.29196848826381 101.29587273265923 88.348240677369759 89.886586217465961 101.65510242246648 97.15892553218805 117.67992640610049 110.77029607003739 104.83873681392831 100.23333736232276 104.09248671426342 107.04297786282662 112.40392213470547 105.90382523691919 112.45790685364527 155.07590225874338 135.30191875854896 99.090875666220981 138.63908924686066 95.589235868014754 93.85663456434672 99.396985984688371 138.25787623496856 137.08122346887617 149.78302804672489 140.19256291045468 137.92895877855921 139.12285217051786 130.90699329599411 120.33873764065203 137.25241324537993 139.98352197951701 138.10481592875456 139.88575668028415 138.18371304845138 139.33214429276433 141.67103702846524 143.37785376398443 135.56223652967657 136.45264066374185 136.26845392462269 138.91304398735102 132.26007128773713 134.29215311660269 142.74091709450451 146.84781999404683 136.12369785991783 134.24533564500999 135.25072500929619 133.23482467135835 132.72641574831269 129.72159624510354 146.27838062806762 140.50556747973081 129.95810487961202 134.44488202481205 136.98965570007235 133.18524001459932 133.62926678833276 146.04566808336295 147.12677777927445 144.91509641933433 167.0642594050195 131.64971111942288 135.19178875694041 143.85295533929985 147.62008090402358 156.95709678419919 153.62968019635755 161.56867982872066 141.25125046980793 127.85260921943632 132.38846200783382 157.37143524897567 158.23735204612885 150.42916441149939 159.9189702369496 161.12277799074354 142.57270108727062 134.8416108487136 158.12047033399705 159.02026976630859 161.02000071880451 156.19466887723985 150.77387507963752 116.82118298141461 163.93653516750629 162.83350844757365 126.87724368413944 166.19994462515257 162.182999696472 158.70810027173684 161.00857257596553 162.79128080266062 159.75250377330312 155.10871779031919 157.9028437404319 160.79084501518088 162.63582316938655 156.9564529974644 161.32558895639025 161.3539741667646 160.16421835603677 164.05261044453582 163.44215422789114 160.84762654252339 162.85317693020818 161.9778617171155 162.73148762852443 158.74434330894681 159.66209547657385 167.28552495674151 165.17493565975849 164.5376720166073 163.66191836865366 163.14545903325333 162.15294570545595 163.22924370243547 166.0110537584807 164.71251538571931 164.23515317814207 163.44384308423298 165.34598430170092 164.2620613739638 163.6729124520007 168.90802987897032 167.01808784268812 165.7418863944167 165.3167544052009 164.52748769970876 165.77283886149166 164.72217024749995 168.22999116123384 162.47187286872239 168.84833907498887 167.79212255656651 166.7139748304524 165.94752320167993 168.79350585277774 166.936865310645 167.4927061497564 160.34417663649708 169.43304689102206 168.89083772099892 167.83129102406622 166.44180581287048 168.13515272979183 168.20687123336594 167.08680449517075 169.18299399523858
