# Created by Octave 5.2.0, Fri Apr 02 16:06:56 2021 CEST <br1@br1>
# name: ptcls
# type: scalar struct
# ndims: 2
 1 1
# length: 2
# name: x
# type: matrix
# rows: 2
# columns: 320
 164.26035896775568 86.528125814872084 86.144236623857324 67.391105342250185 89.448591509727279 106.69646587895586 54.602775598302806 73.759790201179129 74.692719863646317 111.58678202372315 91.505817906098855 86.714909226017198 104.41702311099399 105.95161854920178 107.84516406332193 109.38625895129063 63.40063422497029 89.253312867701595 89.717183077717593 89.502670216030438 90.382999229316169 150.22070512980747 107.22836579545712 151.22821239473126 146.11208936299289 130.42890501361126 148.21093252798087 147.16242674109156 154.1843834575719 153.90959010220814 141.43666218627979 152.14623128592203 147.81024499079444 123.36139826068592 152.1803329864415 149.2942335791393 149.87927894783525 153.02742468346338 153.70276074169885 151.01141615376548 152.65276209739619 153.29108712395669 146.26880308159303 151.99059594844303 148.25967997219701 157.68530065888561 166.49514845797671 164.85456431495547 150.51206815792148 147.29811816218159 141.55684936013682 150.91714529457082 153.79351308623475 149.23709148312361 167.05718308374728 167.82014091376215 152.28057416651305 164.33100064606319 169.40596731328 169.36565706552824 165.69367618295314 167.36936407697715 168.16278995116238 165.48529305340367 76.006936066901929 77.097601162880537 75.600818485945894 55.595066370072942 78.165091929409883 76.477538316418318 75.02156672598386 5.3424406894618706 78.49298921298417 77.774870173594223 78.224254800897612 76.610353803911138 79.839637996960647 77.800006273681802 78.606924578588433 75.395750229904152 85.992468618940194 83.070827066871075 81.039382710102799 79.207829055653491 79.48052357868842 79.444665175699939 81.160343539077189 78.972357543049881 87.003352734225174 84.699337844125139 82.151203172592503 80.434854615844188 80.888892334858227 80.348158835516358 80.496479638237076 81.275364723740879 108.32286893694746 87.361775101984037 85.158989567405754 81.475696789083642 81.582537903002816 81.557960858151617 82.206820515703669 82.758308450377001 87.558158215351682 89.264399606398584 87.24313743562567 82.014309868446787 82.700399006602552 82.926306213966882 81.816391005397051 83.990543271140723 85.400458168085763 87.786445511312138 90.582771175220486 85.305920724569788 83.119458161663019 85.114410495862629 99.090778755272652 82.316667586641117 87.542963747338305 90.695574470096815 88.585917896684066 87.886272826282138 84.227687910326253 83.200479635309151 83.934797718308275 85.891989775008383 115.1295765101631 88.447365697209293 86.299844382715051 88.543817961111046 85.073614695695753 83.84603111224925 86.251006367858679 55.672771073125254 84.196711440075518 83.337758154556639 89.443745071705948 99.296501286729949 90.754126539291946 86.831344845930957 84.368184132871775 51.796799913341971 131.62825956449709 115.97866818155852 58.884708274017413 88.576298529756912 87.238037706390543 90.556188296094476 85.667834516251162 55.868986470603282 164.48107101368845 123.46599955842643 128.26599853621565 83.165159060974091 89.563744251039608 88.203078831191988 104.96669702088515 64.627711183231867 115.55298037936238 122.07333520684533 123.85638445286914 116.99731911884227 87.08940068205294 87.013091955691038 74.63140645230817 85.561105301757408 114.57593673869697 117.48819561514084 118.40950728077837 86.552085404189796 65.510990682936296 62.807578483510426 96.728863413745813 84.830166974381513 116.41923179006861 108.14712279029264 104.45861964458814 84.328679715377248 99.464762690767486 110.52087904291774 116.64002964640957 99.440195703477372 91.162425609162042 162.59817448758631 136.86671937804044 85.922318461778929 148.49212587782677 74.109786676672783 75.154880829200394 85.435450366041593 135.54516792521645 139.40149954379012 161.02156740378862 148.84557983894055 147.31293344124418 145.18661790734939 122.72660659932156 127.98325984068711 134.07133913594376 135.03255948915617 144.56396581495062 149.01771348815976 146.53159951435245 145.62519262439423 148.83106821023964 148.4364563512797 135.20863070214455 132.65099304122566 141.52194417065681 143.66886371327999 143.69266901524489 129.89801680335748 147.03247183046511 152.70915223098712 141.99630320029178 129.8569057676379 142.74543131355966 132.10253712104281 134.10507889605753 119.96497471629827 151.5391398448682 145.11936951335241 126.31356009559434 135.27377666428328 143.9563042390063 128.73993172014036 165.2087154610478 151.53623639226035 152.04300171457641 149.02851760988901 176.04188526497117 130.64494400122848 142.8933704177293 147.35919420776452 153.47275404073801 163.29423230574233 159.97288740634025 168.21464104520675 143.68384690440155 112.54424966822378 130.4794320279201 164.09044675427722 165.61667650977134 153.56725181843868 166.37973116013072 167.40371485518256 144.07994656404719 134.13254764527298 164.39677919876058 165.30967692110087 164.76653925176669 163.10883838476863 151.19898116133569 112.31973426658939 169.71584689966184 170.47639866296723 118.58190160953319 171.31346770618714 167.11936077348111 165.54135182704562 166.55445892664881 168.5453600900172 163.69067074305795 158.59132974846449 159.93836476557172 167.36265324383376 168.51166475368541 164.26734618151727 165.07349346794442 168.2154458014071 166.008092566073 169.99979724733751 168.32615239671074 166.19929327005289 167.20599240435652 168.36948324945803 169.17813215205106 164.3988539166501 166.33150929719764 174.56613765826748 171.63793929837411 170.51358313073337 169.46632914175314 170.4948107980569 167.4920545393677 168.87550020651096 172.55496358307747 171.56638927513816 171.22860868060118 170.33444503942394 170.89737014164874 169.93413604721201 170.12756784455408 175.34294034427174 172.56043447227489 172.2135822637386 172.17457205241368 171.13972857473468 170.69181250138774 169.83796463234611 174.4223384746852 169.11891636571067 175.32491894276973 173.30508964184031 173.03896512635856 173.07287060059565 176.07170276488029 171.7573097882906 172.89113090679132 164.60852002754865 175.33437431845729 174.12654306637788 174.05491541960751 172.10183707197737 173.73697276629142 174.75318886869778 173.64692726186564 175.5068093104056
