# Created by Octave 5.2.0, Fri Apr 02 16:04:03 2021 CEST <br1@br1>
# name: ptcls
# type: scalar struct
# ndims: 2
 1 1
# length: 2
# name: x
# type: matrix
# rows: 2
# columns: 320
 125.21009299428809 107.88862063153458 105.31423252272438 100.33696824137634 110.45415322967479 115.52758209777849 95.531003261314154 104.23853176371625 116.90317113208393 115.88426881117529 110.47242716280782 106.16292028656355 114.70192905349363 114.63464757263223 116.04284414963124 114.86724148220578 118.59468085909747 118.00127807118717 108.97754020653092 108.01338595699897 111.48412162671961 135.59741279346349 114.36100117887537 134.96867428852002 131.02190052081704 124.40733920258918 134.48472146594324 131.38074117672051 137.67513159786773 138.92920766484281 134.55591652095521 136.53414004731815 131.57083058943377 122.53563435285157 131.94014449184266 132.75323785999339 133.57307935783518 135.81604205582551 139.38313676822884 139.25315879804489 133.22576126502761 135.39576633551115 133.92359896852167 134.58069049348731 133.93646529992432 138.26082060709598 147.58153329370739 146.54024798335502 135.9219153234948 133.68127001770705 134.81046872031683 134.9327672039968 136.17549742859953 136.55877655829428 147.95620841562047 147.35979754701827 137.78481034262032 135.99899003511851 145.75038114927082 146.74083417224887 145.38507441639987 145.64495780441894 146.46356305887477 146.50994647287973 99.144336887219623 99.826214724073196 98.182355192563918 91.244862123303022 96.47825023242244 95.113104402094265 95.842883922869873 72.418897695534923 100.96063156597475 100.23703390616915 99.224057511801377 97.889243372756795 98.020615006352074 97.011154821229553 97.074402970884677 95.713446013713678 104.05189750962326 101.2559051314509 100.0304732510788 98.932386921236059 98.961908181094742 97.962229002625648 98.016179159302879 96.67941988338842 102.78009441334437 102.1605166628419 101.07962093846905 99.711207010296434 100.06749553774198 98.964895826846217 99.23769608995832 98.222199972989458 106.77324061298366 106.04875985956529 103.33551022816268 100.95672795038797 100.12025695739113 100.17103747484092 101.14382408378512 99.162699435855671 107.68230552270835 109.09276193065503 105.69279068431034 101.17335521834092 102.21578585368128 102.19463718569497 101.26971397343026 102.48949225823237 107.89847107402213 106.97040951543389 113.2624426754514 104.52345454198638 101.94711139167475 103.15940838672933 104.38654350538141 102.19374481884449 107.55631492404025 108.98347855285095 108.17285314892412 105.22319731850817 102.97652895652794 103.11860550164496 104.15388795644282 105.98232591057578 107.96267378790647 108.6656853366261 107.01403377070055 112.01420203103173 104.10225339454433 103.47499025490964 107.04574856210982 95.498275894198954 104.32293264362352 103.82054288109393 106.76569527433011 113.24919334138944 109.06061015799301 106.06001535417568 104.55949116309803 95.628121687032319 112.43019368519391 110.58631987735592 105.56146667734275 106.89402136910496 112.86816978468086 109.33251406260158 105.18130414614176 96.534950462410976 111.67122582402827 110.73088452793654 112.89655636153434 104.4682716598104 111.51129727975206 108.96886878835222 113.29327777519772 117.16702990266438 109.47770287046919 111.47676981249816 112.43504945394584 113.62911432545003 114.37134442397138 107.97682775977168 120.78939855100651 119.70661695743863 109.64190785944037 111.53411744802713 112.691489621881 113.72943555916015 114.8669667907615 115.86269472207682 115.48346754804314 119.47166359213269 120.42935356977206 111.91582748232585 112.75705812046169 113.84095841133001 114.01545819742061 115.190643057816 115.56889137370824 115.90276067223645 120.55168460324076 136.01244771191915 136.07858404210637 114.90180629637216 129.73395096303355 116.22099841609781 117.80142810725289 116.89804223214379 134.81459453090366 134.07591287097154 132.2056538033365 130.72191909921767 132.77320875810676 129.78655956551694 128.20838332529274 123.20364890258121 132.05451485410069 135.24837101714962 131.723046815385 130.78527101139116 132.77690097476869 131.7150423953089 132.66169076522087 132.12407090152038 136.62663774711677 135.72280580421119 133.85755772090158 131.69784114905019 129.91234710663349 130.82133136782937 132.65091515387758 136.09560913867688 134.66647240955601 133.91153572750682 133.55054679406865 130.62422832625316 127.55762748256494 128.51148330463838 133.32550110059904 134.91907266401674 134.9576450240024 131.59547082500799 132.64250437109703 128.50867499462686 128.61006922039709 135.76448724659082 138.00845442568985 137.02662878699996 144.33609267096463 132.36284287298179 131.40980819091263 137.44784785652467 137.63700407467849 142.91471769775237 136.96461767266956 146.53033890908046 137.41946061639442 129.49804499029793 130.50085455918034 143.11816116758354 144.01621968134702 143.05096355576038 144.81859175754093 144.88854031401362 136.43020762075935 129.4777605643001 144.38568513344867 144.98132072135942 145.66862937030896 144.07752103581419 139.54653024021593 128.21725567717411 146.65996416676882 146.12982135325012 142.52924140401288 145.97505328795256 146.49769831425027 143.9385210562501 146.99261123342802 148.11428952755099 144.69828866471386 146.29197865577413 144.12752126733295 146.02964537820088 146.16554880030927 145.32591328199072 145.09168986397887 148.4718989864823 145.21542494486962 147.20236526143759 146.90008948661767 147.63773567699167 147.21581429318991 145.92531036881837 146.79465538094107 143.35204831252429 143.57616636176232 148.32717579381244 148.01354196813784 148.29365631551414 147.92249108474203 146.95844114181969 147.56862238080376 147.95669851458857 149.51069452867807 149.01896864694103 149.69686805641257 149.11979329258182 149.03118593641474 147.95703379106396 149.48332396362954 149.06898204004275 151.33219011706646 150.1973329270279 150.35693393138004 150.17155166036952 149.73859817446365 148.69961315852879 150.70826487596159 149.46170832457227 152.24220706821205 150.77822346328796 151.18763694333384 151.10089132600734 152.97432941046824 151.88745769486033 151.50496109147926 149.52939826654929 152.26517649438838 151.73873174844636 152.32750433362395 152.15242152050999 153.36638531466929 153.75836559854611 152.69601764269652 150.28128285687953
