# Created by Octave 5.2.0, Fri Apr 02 16:04:34 2021 CEST <br1@br1>
# name: ptcls
# type: scalar struct
# ndims: 2
 1 1
# length: 2
# name: x
# type: matrix
# rows: 2
# columns: 320
 128.74081324817791 104.11046507528891 102.17344510177297 94.196520675947809 105.87288391137589 113.42178189008024 88.111484687968371 98.55790609614661 112.52059039122416 114.26193287757714 106.27499213582021 103.63358105729191 112.56588568210931 111.71042362658311 111.95131237729878 112.68282241672217 112.87608268947957 113.75049368043612 106.71016563016234 106.75333300037455 107.04874992354027 137.74686208708266 113.33604800601341 138.48275147416913 137.33166610166964 124.90039784595223 137.40785544689379 134.32213060090436 140.34040652810077 141.72741438445885 136.73003355967737 139.63558032979549 133.70174061881826 121.38061604647643 136.87605441409002 136.20153709768672 136.97781326344361 138.59165801495712 141.15501265704575 142.64357132966964 137.99036907938 138.84837949383763 133.96075502530414 138.06748667799519 136.65398583748825 142.32364234615019 151.16911207352021 149.11278321757911 138.40431408272676 136.2804351997473 137.40696298456538 137.36117037448577 140.21775024203646 138.47393112289845 150.06218142610527 152.13992932385599 139.49713653636317 140.53854171946128 150.77050665036674 148.95274682095805 147.72915786194272 150.46914356144714 149.99961196438335 150.14444835004824 94.256353455896686 95.152200302939761 94.006097207865039 84.600455746356914 93.038356219329501 93.076880022695633 91.516946027231242 59.917192447092489 97.148034239828078 96.132119848122841 94.953564972522287 93.923772498018778 94.739425120388418 93.707602241038884 93.506436854867516 91.692783854208827 99.778167079596429 98.104119397100732 97.018174916430738 96.012644080967036 95.722021886809642 94.749595873699349 94.949714807714429 93.868317696298121 98.143289224695209 99.283483311053914 98.038677974452156 96.829935857997214 96.670398178021799 95.682703344842665 95.990336093820346 94.993466653593785 101.51005959298556 104.51537533892879 99.205193148884447 97.732516158998862 96.705657031052667 97.030800118701777 97.967060766232592 96.19124839359381 103.30634527796094 105.79575528101701 102.16918459958474 97.596081575957101 98.776467512386219 97.96852238994127 98.889045141806335 99.909008801281914 103.12876834103119 103.408115058593 107.83853512571552 100.37034551844273 98.774435793280773 100.26302039320434 106.30848438157881 99.160176041468858 104.42755029991957 105.09673983370151 104.23881865547212 100.89805121028833 99.752239399084814 99.600189130206829 100.56451525731499 101.7545610526489 107.87209210426371 105.34332335423636 103.93524060144379 107.28144984966423 100.65417949845941 99.630572625945561 102.68331476897313 87.583202341082199 101.15841443767934 99.980121182939556 104.66066293741179 108.37611995048023 104.19016773519741 101.51303948784104 100.70850319970319 87.458843076882147 115.55628520532281 109.79989310063146 96.399147128747927 103.8485870219136 110.43981013928325 104.90708858934816 101.45367061872717 89.239348263617487 111.00153342940123 110.36433535814727 112.19984283947198 100.39674401401977 109.57534090281405 105.56803596399712 110.91287650983979 111.62270421255243 109.0851364286662 111.86063574622402 112.34933480096785 112.97610740315334 111.93677630499124 104.78807149271965 115.41662614412867 114.82622470337914 109.8462063704208 111.15721419179802 111.61037586284327 110.83112034088776 112.69579159543221 113.98461354417468 110.43598983903929 115.17787519036602 119.83746428774153 110.46172530977505 108.81223754041089 111.45332793786568 109.67344891516814 109.91184322704261 113.03088484049616 112.28701420377197 119.24179595011005 140.96894589409345 138.15125680496249 110.69394932310769 132.33865345257544 111.52189490307379 113.7629299876665 113.47675252738247 137.03398525838978 135.96755054540174 134.19829076323123 133.44967201859089 134.85738273518371 132.96610155198601 130.6159526048516 121.93026770146191 135.3105873345109 136.51222395380842 134.12478714521319 133.75012927842792 134.29564809848671 132.9657785858081 135.04356036323779 137.78910918045096 135.32525225854889 136.74514857892441 135.41703424798376 133.39358802300873 129.60253158558692 131.42497154975607 136.54945088019394 138.3332200919551 134.28283039234469 134.57890717447387 133.27637756825152 130.08341626721619 128.21573301932924 127.21548967460795 135.12898668388775 136.4324582628704 136.51072456890432 132.29331674711557 133.54726405086808 129.36075041903442 127.84679601196422 137.40090258141717 140.2181322427937 139.40120802047019 150.2454160218189 132.40839742800617 133.03897454884972 138.90341604569539 140.03196850058845 146.66065051727642 139.26101234077663 150.73260609263644 138.70087610532337 128.6372796330493 130.86077528803153 146.98030511568692 147.68852236172529 144.55021585166375 148.81654724152904 149.94256268320527 137.74210579501084 128.99362456970997 148.02272266562349 147.21924454018992 148.76812829688365 147.57726627513946 141.61646162495882 125.25427677627704 150.4482114778921 151.17644114684282 142.41788453276888 153.22997374211471 149.5573602518931 147.6071324912821 151.0446578209899 152.22520012782849 150.5985542391233 148.58433083075585 149.37601157824068 149.02766744565025 150.3480039617582 148.50167612616335 148.60603865199496 151.03905851309693 150.35469871116544 151.59154784335303 149.82618783848355 151.01929822714743 150.8078357332808 149.9309008668958 151.77777643641483 147.80657986589549 148.2757419977012 154.64119819541583 152.00666571022634 152.23294068677265 151.74454442876097 151.06214507528895 151.53473795877491 152.54924699543838 153.81542663378656 152.71438481467632 153.01147712656191 153.24675545206352 153.0484462903471 151.93980889598842 153.72052728947645 153.61546400916919 154.91551058611972 153.33306067656599 154.09674234027253 154.12560798376245 153.98818505105186 152.83860360098387 155.01764900313003 153.1645301151101 155.6282655214309 154.38568421067211 155.01033794648063 155.0952146685589 156.89344471722106 155.78664094683694 156.09883178552641 152.15125136680589 155.73007663772597 155.17286811054032 156.14605512947892 155.96311967036297 157.00595727294825 157.04292178385438 157.04249776122882 155.26596307296842
