# Created by Octave 5.2.0, Fri Apr 02 16:06:20 2021 CEST <br1@br1>
# name: ptcls
# type: scalar struct
# ndims: 2
 1 1
# length: 2
# name: x
# type: matrix
# rows: 2
# columns: 320
 151.83170962620545 90.865619200701786 89.979481636747266 74.003895028096295 93.254586335541234 108.07312632163656 62.665651120586091 79.877387073946437 88.582014871724311 108.25179053985472 96.330980710602191 91.102953049033033 106.4923471540437 107.78778824630366 107.55143839565677 109.33924746281569 81.899219035917085 99.807113816702852 93.520052480866511 94.283570004829045 95.278183119627357 147.34384736811288 107.00032660019826 149.53631063360578 143.92673168496006 126.52180223085762 145.60438597675702 143.99477659197049 151.93995050588885 151.19757153445755 141.22219012280831 150.47097042562305 142.62149989686947 120.68761421027506 149.55099084801401 146.43413966794904 147.70161954875886 150.8811905037067 149.86930027924171 151.08450191617817 148.48513161997542 149.50207430043605 143.15255185059115 150.03067615132417 145.2620653140097 152.93616679640243 162.9816273980301 162.06589332539986 146.63464614638576 145.06538412698879 139.99150462887133 148.70100916229347 149.59133876205911 146.18618771616528 162.75209312629227 163.77252195450259 147.89769458330653 157.10477920013713 164.51012103605413 162.7046853722579 161.52424975244196 162.21914548384345 163.88099496073332 161.90865801583845 79.925964907830576 80.716819514128844 80.139010099423444 62.750580929861059 81.225685624386102 79.339556352401331 79.083806200992456 18.805815572400565 82.570490141680182 82.456539714323554 81.828832986266647 81.021887135108088 83.016942918590246 82.027629886168313 82.168393795136993 78.307308112266327 89.207567053615875 87.315293522889448 86.207485523455802 82.77863055516579 83.834761182237884 83.230681792101564 84.166757955979278 82.219554971840807 89.473613084426233 87.989810075917134 86.964628171962971 84.775668204781454 84.803546112543501 84.003616960955739 84.326280790534838 83.750398804261806 108.86049895798304 92.110270408534774 88.458383664453038 85.774418629962625 85.021891982334708 85.002869898596529 85.880887459188031 87.530327812636472 92.462790171777741 92.791465712925913 91.134179180640245 85.810744287301077 86.741116783518791 86.706699762924785 85.426279201299067 88.563672296589601 90.336383948262053 92.216506666135388 94.661249731224288 88.999457361093206 86.837300317991748 89.57717505719593 101.84138510170447 86.444227865266313 90.855361400203208 93.183609282297724 93.928922490342586 90.32340903713451 87.9533474684266 87.566821639617515 89.533149542567912 90.919193993054265 113.33918388139497 93.411804220769497 90.808910021322021 92.262420114597262 88.876703944076141 87.860756495746884 91.070545059332716 63.795708700087225 88.486773012870444 87.366048473253528 92.06180098052377 100.75248067115218 94.411660926418719 90.016658594381838 88.682566169632565 60.594484570426772 132.58852407053871 108.40675913862074 68.139371603818773 92.400441802718561 92.701068036548108 95.281788276457377 89.866337057911309 64.054151825479906 135.4988812116157 116.59983372817948 119.82978599725939 87.387760714970355 92.624169849860778 91.807515402945356 104.17426295938061 83.028539636115141 112.5824595975773 115.36834591298415 131.33508155149252 111.15885934508744 98.181852911818012 91.334394794547762 89.087448864062054 93.588764764341803 113.23109369906344 112.50166693364274 112.14846266339867 96.752118955019711 81.533331520636494 81.591367366496598 100.07398666945622 92.737068802072457 117.3127249852437 108.89588212722418 107.184613932711 96.330818009335758 101.50338845362154 107.55534801558916 113.59846168071698 106.45621989104363 106.6029047787285 157.26819953162817 135.71444268012388 95.694839308878841 138.97343864877152 89.707911448714256 87.970271385434572 95.174629302793306 138.1768128166907 137.52790489255426 152.69573058552731 141.07415104332992 139.12301742920354 140.19337854842351 132.24274396745602 123.5472780366504 136.91421794111491 137.93021219146161 138.8914198407536 140.58261916497244 138.35843899960386 139.49153620151253 143.75849845535231 144.46168370429632 135.09943494598949 136.38764250652619 136.11611541678406 139.92335315589295 135.64986759351132 133.83467205007804 144.30213095637887 148.64101841414484 136.91327816056841 135.14185782289732 135.98490122267287 133.31247614016243 134.24270263822217 131.07292515862036 147.3922727843559 142.02613061229511 128.89703487920181 134.73790348060092 137.96278007607867 132.46913125655843 135.03460748582415 147.31843612516721 148.40462291738575 146.18822816567865 169.67799857943581 133.36212196529584 137.30276560624262 145.52685264645021 148.85152268750662 158.31307362414745 155.47416807654767 163.72205806915039 141.87843606190123 123.46097702706888 132.99313612164391 159.84282595615844 160.3208140671785 151.34278479579817 161.10205457544205 162.44392455090295 143.09255807696871 135.20746156908615 159.50471506236721 160.85391894742841 161.48390617852181 158.734645770588 150.9092276401903 115.5106346214022 165.75537518599825 164.92239811001372 124.46214409279838 168.32155743676833 163.23390533439513 159.93076297267996 163.14121977161446 164.63330500444283 160.76999465963655 156.12264279079187 158.49546378572578 162.9982924099875 163.78282217600832 159.27552153047074 162.53555600719992 163.8121352722456 161.94818084956697 165.44079779468606 164.62304404452658 162.11419320551528 164.36781035873125 164.10121105708095 164.77280159782941 160.78207160379364 161.36737596717154 169.12034066822321 166.99802510143422 165.65067630125156 164.90434623863044 165.2119884741731 164.1699194631866 165.2278775267649 167.11125751428077 166.05508983180249 166.36224485649024 165.62560832931783 167.08521764779508 166.03538824536864 165.69400486520703 170.93453119670301 168.0126000254088 167.92286851157772 167.43526869795161 166.78978073656421 166.94695069067183 166.38686913271286 170.31878459568864 164.85977792721209 170.1980969302779 168.97895702077696 168.53683506011197 168.15421713321589 170.6425435412242 168.39244858468302 169.21378598795729 161.58569433262602 171.11211895859128 169.57963776334537 169.27811378841744 168.14534794511431 170.0515234704489 170.17234020637326 169.1552937609936 171.23967879269736
