# Created by Octave 5.2.0, Fri Apr 02 16:04:10 2021 CEST <br1@br1>
# name: ptcls
# type: scalar struct
# ndims: 2
 1 1
# length: 2
# name: x
# type: matrix
# rows: 2
# columns: 320
 126.02487459133923 107.38770384010481 105.22462335112856 98.919941880123602 109.77876753688764 115.90523194748265 94.067398950357969 102.92761814812326 116.45536151418341 115.50988359572956 109.3848106733012 104.86801276279105 113.4205720853243 113.62653336238361 115.12895552879625 114.83612504833168 117.38282638626092 117.40616026569617 108.50610262843433 107.60794011464169 111.16448920965027 136.53622780016451 113.87929566941901 135.52117317563253 132.28454165493682 124.52112196644219 135.30048224127026 132.05952335153216 138.17158223158467 139.49600307554192 135.44377844595834 137.39969028853702 132.47260120192615 122.85856759161967 133.51965901357772 133.4674933222108 134.46618916523474 136.39349651155192 140.47011864947049 140.73908056409317 134.59011653252819 135.88790226174356 133.64019271271565 135.5806938630376 134.33789042219064 139.51630164807568 148.27149222709411 146.34932607082035 136.35249161521182 134.2968759860473 135.33798233283633 135.28753211008549 136.8721005812761 136.89872399830185 148.18128440712925 148.32938712543569 138.63530242575899 137.0974476048124 146.61546603510618 147.23024469606662 145.7279670717943 147.04757969809305 147.48461457364255 147.13724978384781 97.979584241768009 98.867880124177901 96.871232055652172 89.711537574776997 95.909111440914074 94.498161663615832 95.343183758912133 69.533888792048486 100.1043885461154 99.02707565340711 98.20929454505189 97.128575786134689 97.4272906049912 96.340887886492297 96.136181242413372 93.924818126092021 102.78329486825649 100.38951951317472 99.206413364130896 98.41310945205629 98.225591883081933 97.18494871948532 96.968076373492536 95.679111567208409 101.58584009024719 101.4075665599492 100.52700729440103 99.560322412740149 99.195132927403534 98.105775978557418 97.88219172275906 96.580002120525009 105.98479110403174 105.22382757348959 102.6516608971138 100.76130995892778 99.027335013433017 99.060821646489472 100.28925058921415 98.120909982159333 106.31437702842798 108.50156959613503 105.08731081726512 100.39487394429005 101.52251923621365 101.28106261398332 100.69584623854435 101.68990681147643 106.84720515211849 106.31201788986266 112.8452460775983 103.73198070893109 101.70856675909864 102.99699182478486 104.00637127088366 101.9092932708722 107.16085620285823 108.29627806561761 107.82734054650111 103.94136086603798 102.697558743618 102.30874689991261 103.469378100329 104.70874627645784 107.45764015895973 107.49462741247395 106.11929357853471 110.54299865122852 103.5468429780102 102.63851496284049 105.95984653328833 93.165426025904011 102.99268864444983 103.18043285069541 106.20083307630517 111.84583458648019 107.59815579100488 104.9349807239433 103.82637639474926 93.742903546228433 112.86541152067693 110.18521448691307 103.25150338105145 106.12724764030986 112.25720229417334 108.68300798575426 104.53626179223237 95.109052105064535 111.72234100970041 110.26274761540076 112.9821120093967 104.07809965525445 111.24711263651632 108.59432972203483 112.74395440626897 116.17040800313431 108.97952282207686 111.10989630122164 112.13377875728999 113.4558443213558 113.7439148503726 107.16967030099929 119.529580332254 118.51566819278946 109.28414087858124 111.33764128675789 112.63453093042126 112.94716542974156 114.0714869207234 115.48439782248182 114.2303933446358 118.52539779526774 120.58118671424401 111.96196129851468 111.38222826258227 113.42242009042069 112.41133494569731 113.42271421428588 114.96893544520805 115.61934683916922 119.96097962757779 137.1562549847286 136.53819465125019 114.53184245309245 129.84384390098705 115.43378060482486 117.07684076582821 116.70133810705819 135.62102702974846 134.3931220004757 133.07172752498929 131.24272119297248 133.41971383651645 130.59636915806669 128.76397623596017 122.32031577746832 132.75984586630116 135.44402631949455 132.60264379563887 131.71652752985659 133.20849355162596 132.43342937088866 133.05429952901045 133.32524150511674 136.04589254641127 135.37064496911194 134.25525883035849 132.10866827514218 130.19638355635851 131.37131925157982 133.4289414402954 136.40800489437498 134.78364059247789 134.04377683365976 133.6566072647756 130.35653696938365 127.42923508839058 128.18366946837915 133.98658176130951 134.61478071999841 134.99862389679083 131.52066537252742 133.04162648983916 128.71511245587365 128.24368963673606 135.99769125654515 138.45828034053721 137.50125276104274 145.69978267500792 132.35807595811494 131.51816435395057 137.48460385669136 138.07603149789671 144.1408492741057 137.50212132243053 146.98082453234809 137.86892009617574 129.31346298629424 130.39056257955082 144.37514374134565 145.50100479383005 143.00836642163782 145.54856207226553 145.52897738793817 136.57920514017331 129.36976658323096 145.26927517446666 145.50364497828579 146.42353402613909 145.39400501209477 139.3194014497592 127.53349131542905 147.28839355497377 147.54020745074888 142.9040225003402 147.91992456552185 147.69879905813448 144.65928599578439 148.21120402126837 149.29064669066852 145.98824977846914 146.82098300384683 145.42424903908176 146.61034338004808 147.28919430149762 146.55958577781078 146.31832820137765 149.33346160811953 146.60990529469501 147.92506524408731 147.32827239152311 148.84615449033004 148.41119922016318 146.95789803224955 147.93064352653241 144.53859136270768 144.83224426478296 149.75842159169315 148.6664210572892 149.53233254335987 149.32954150876409 147.96701088504568 147.94675003761262 149.02961856430815 149.7852985809626 149.8234949700535 150.56045360349765 150.37114060210658 150.20277670083837 148.59113121693258 149.76782948952714 150.01320181015026 151.97206098169548 150.75258083346819 151.4167974663425 151.36864006325243 150.46020626180609 149.46252296328208 151.51613469225029 150.37994570441103 152.83341323428846 151.70994055851259 152.5124800765916 152.07410388946448 153.89533252752264 152.66838112822253 152.06127272521664 150.78017779117769 153.04709341546103 152.49176928497783 153.53133362468239 153.10507529085504 154.14637221265633 153.94867602358488 153.14024944027378 150.91603882621206
