# Created by Octave 5.2.0, Fri Apr 02 16:07:44 2021 CEST <br1@br1>
# name: ptcls
# type: scalar struct
# ndims: 2
 1 1
# length: 2
# name: x
# type: matrix
# rows: 2
# columns: 320
 183.64559409246016 79.247333345800797 80.293921574148541 56.291065512437072 84.424903660500945 107.62741255924895 40.12611465801384 63.490966879034339 49.971036490240088 116.42184494706775 85.774809445991849 80.756755885726307 100.93344346730342 106.50898362376165 105.01110193219937 109.41189932220793 32.41771735940538 68.188350558954482 80.981708011998535 81.816554635697116 85.496280192994348 153.97691195229959 105.82690070128771 155.99952434583346 152.08326097646747 141.08711419853728 152.77878923934554 152.47955377711622 159.85657560849668 156.4858279880425 146.58544413627715 155.69915293335302 152.79756229075102 135.76353042107689 158.51615346321375 152.94921518853496 154.78095084027652 157.3360459867454 158.56455165326179 155.22336408574529 157.41433617396041 158.91510941607859 152.30897002218273 158.40200067218581 153.59724110850564 165.65706107091094 172.96338622556675 171.54262052773186 155.58590312503105 152.19438452816215 144.19965127650681 156.77072763135953 159.16505704184203 155.13698160262354 174.18904220344018 176.94349850523486 156.8764198230555 167.00040358981175 176.74284126205086 177.28108832305838 173.70131628032502 175.39511477093313 175.14697742110158 173.35788703923359 69.293262175816992 70.056412477523253 69.350430102399642 43.584024073285747 70.900480274533493 70.301399507539841 69.769266032496205 17.256795721185263 71.25061266395133 71.438465078459359 71.188044714724015 69.910223126791578 72.60114874988119 70.372870304700186 71.339178756185348 70.249489633081012 79.59279411910596 77.551303022109366 73.287870729730727 72.160150574106893 72.224900335808883 71.86415538945225 74.321385933050991 72.901465983270626 81.518137636383116 78.357454904104671 77.302948006716761 72.821485339529247 73.402993441323588 73.311351265756443 74.279363059748405 73.828792791047192 105.70376049922857 61.773665710193924 78.75168673334268 73.869951398230867 74.528534107372309 72.85098872967383 75.743470873273253 71.793485955270398 81.418660720407914 83.724874578916811 80.937085416823635 74.53513000841447 75.646522774240111 76.567073265919333 75.359208851086379 77.71156044203336 79.766342761924463 84.884372688252682 82.271400336227131 79.40661577759451 76.210247326156406 78.743364709820185 94.473689530904949 76.003508647374545 70.928863864686519 84.853876298254491 79.737505081000123 80.542991583264055 78.191425316008221 76.845630006307402 77.085759031039217 78.395314031919213 118.13487842273818 80.297800973387311 80.712612511650292 82.507372804966749 78.934353090398503 77.148922725201331 79.719897156810191 41.98533863130514 75.952369840387803 77.208309589007541 84.093806028692526 98.054957596639326 84.426648020303801 80.518077426266018 77.912656082260526 37.029257810378198 124.9167164403374 122.12298408945479 43.35009482756513 82.731638723451908 81.870546216324598 83.418308991672333 79.837323585195705 43.124651649365113 213.129746752882 128.7385554586572 142.26936560253739 76.488062917712895 80.812493540634435 83.501554654412487 106.31647026836774 34.405243763841227 124.97348259779453 118.45182281456189 105.83779259402948 103.14752792239355 69.525255322413329 79.514874792510753 51.778933035204012 69.130818460495732 118.42885986851097 123.4486533211436 123.43147885614103 71.034170609439542 34.03220383960474 35.128873887787762 91.113835091660491 69.797776216478525 118.57515161691376 104.08796372499323 94.763174452013317 67.877566586953336 95.901851318214213 122.33454813603026 121.48195092627395 89.066813781565557 90.203127528736132 172.25820746813554 142.73634937067888 68.309125954708378 162.31200497142243 50.981886556292565 50.583149198624241 68.694362559352101 141.9645407477569 146.02664630326149 179.71149450625447 169.32960884771219 168.17212969184303 152.97930332818686 121.63292795144082 126.54073879727221 136.92890241680169 136.63886816850663 152.38959223037261 166.80319059548017 161.49469663725216 151.07719839213178 153.35121554419965 154.42329873836701 126.33351160298551 131.05845138263291 155.99054969193239 158.10606855061562 154.16373610485684 120.10224753434265 153.82493977758381 157.04368750797602 158.23235109192137 120.21297788479751 155.25905056871892 124.04034683831323 125.44649562175771 123.95933509922793 156.36487843334476 151.28969292671223 119.2812500087401 126.60779274774309 154.25451413936383 120.24926381140295 211.23043495867984 155.75292629771604 159.32611635113915 154.14940719467762 186.72412362997696 120.27555128866227 155.33721154517733 153.09791608882045 157.87717637635677 170.88469397905891 167.57811880123091 175.11770990205648 147.03717333836212 94.357545224262367 128.99298597031563 171.97070510154924 172.39846536488218 157.30117860644239 173.03958688573258 174.05555451856688 145.77699221461302 125.22101137827782 171.31779539436192 172.67287293225098 172.71339588706317 171.64160680832396 154.57413799199068 106.96358009958217 186.20788310707891 180.83154392494779 108.71149458405233 180.2239093381863 174.88258223058975 172.30053062624881 174.56489285458525 177.42762594833346 166.0805093393239 162.88696697519961 162.20860729110129 174.7231871567914 175.68723891954949 171.1335589709368 172.91283514666904 175.74215239950524 173.73920442509981 179.17261180332008 176.01494007037618 174.06796721776675 175.09357349878081 175.03196620717767 176.03411300251187 169.7783536580188 173.86649321872 181.94195055450402 179.45095001365502 178.33993382415514 177.05863989851287 178.01770077869878 176.27314317511593 175.97594889428473 180.4787131668686 179.20180814116105 178.34943431968998 177.03844557659082 177.1035865802944 176.29882840715672 178.47547369259152 182.20558545337681 180.42770695945626 179.56160557523768 178.85561199415631 177.56634727344652 177.77900133976456 176.63639504913488 180.80411102361899 178.02542944802752 182.56129833287343 181.55742234632544 179.92142343519933 179.28787634357352 182.66946630179137 179.62181891550208 178.84223165066322 169.68254887259735 181.48253337037286 180.86210365088874 180.37846110377788 178.1393374725736 182.38433437845271 181.14423298364352 179.93317879793904 183.76215174934745
