# Created by Octave 5.2.0, Fri Apr 02 16:05:38 2021 CEST <br1@br1>
# name: ptcls
# type: scalar struct
# ndims: 2
 1 1
# length: 2
# name: x
# type: matrix
# rows: 2
# columns: 320
 137.15563247773741 95.977664976858222 94.764199776932131 81.797540014986353 98.876396990033783 109.94400711941682 72.738415350323535 87.087411959707907 103.89819900452881 110.98606224242702 100.1154805547197 95.61900999894273 108.93826477620942 109.65958644810775 108.9987422706961 109.64478299751613 102.38253121320075 105.11414247968705 98.761519557842078 99.576117129350806 100.60230302793892 143.73540523808501 108.94099790280075 143.64385344431687 140.56412870483976 125.89599702966606 142.57124042325958 140.26147463050637 146.2531493367226 146.84814453708586 140.96941947657407 148.45499841747755 138.80375535310992 118.93982490400188 146.15894581985586 143.03670328930528 143.87403878178571 144.96872456672102 146.97276049964998 147.23124949603886 145.31996434599571 145.90852724207059 140.56754466584798 146.33728550955749 142.7290654908717 147.65163097820434 157.27394076155883 156.21470221514457 143.59204493438608 141.53306914629675 139.51166472747769 144.84993721710177 145.25378027859145 142.85050715629512 157.73397789799239 158.34547243605411 144.25557960382909 148.00408874827028 159.37820058154054 156.99802504415848 155.6401103818354 157.69028200127093 158.1263805645479 156.99907172070368 85.14417699338982 86.24368043279145 84.399937344682726 71.183865946754196 85.443503806305671 84.370617233838672 83.164950683558814 34.673364541578707 87.502993293469643 87.38631942368535 86.461005423046856 85.387893330481404 87.701480708862277 86.605037263427036 85.35611497077339 82.996332307258371 93.647620906309953 91.740170005704854 90.65689851738766 87.271336159064731 88.418981099032024 87.807360130363875 88.704887353704464 86.671243172728154 93.724046117347342 92.665663689683655 91.456984983232942 89.499142898258512 89.483261150215924 88.494223447562518 88.766907905805198 87.810455421653884 105.17415087858309 96.876729568969878 92.789369205634685 90.461384074594449 89.647696246595928 90.021616776976842 89.718703552546032 91.336990593625956 97.289325779598016 96.540475056866327 95.568478778217369 90.514659224347994 91.756650643765838 90.636975496540174 90.793438692979279 92.928120852714713 95.375652898239778 96.714071530748328 99.505232199621503 93.697508176658729 91.530152287419796 93.982316409527584 105.08317115285627 91.824714890594549 96.429521796669036 97.133174434218091 98.262252387937096 94.741515699026905 92.622902886848749 92.84499658820242 93.763372807205783 95.539443554307027 111.22907828320396 97.488709455978736 96.434635055380937 98.638803610810498 93.624357562762441 92.677503015658189 95.909988073914832 72.744675013265223 93.151682985142855 92.83994970212656 95.478417064028989 103.86485366498995 98.62163919194748 94.605711787086491 93.796242027753237 70.963184344848145 126.32046225366537 107.91903043896771 79.046653385370377 97.107382488424776 97.719756970176974 99.430612496484557 94.614565638713898 73.755360233850823 111.08033096738974 108.99804995764192 110.56515113273178 92.029359049578872 97.327075313947844 97.85171448774588 106.1062970317132 101.46543827966548 109.77997947992095 109.90197308505 109.42018126141332 107.8182576218049 107.35148597897381 97.587196773432552 102.17599270675119 103.83919920837315 110.1779324786789 108.48208580356034 108.14786570228144 107.12154647512087 102.25689489770257 103.60121694564261 103.68425547792586 104.66288508282204 117.85771624652888 107.09743338706015 104.80555869817275 106.70788765835218 106.31302222460425 105.95370860523953 108.81335348213109 104.94535881517314 117.38141546840011 150.97725953117617 136.3631567413799 104.39030920379692 138.01528859331384 102.84399535793555 103.25429580956286 105.55295660869997 138.43961277586942 136.64343455184729 144.33754069157254 138.05939471711957 136.17401651501206 136.45204367618689 134.19191031784402 119.46755983841845 137.96933948174694 138.96218176174372 137.14725625547163 139.57547930729822 135.45464112771461 138.06580378672217 140.35330065463009 141.73271284492256 134.54569478838212 137.07153634131805 135.95377220864489 137.14305544792762 130.40607859290577 134.1875937503637 141.39083148638676 144.69835897963503 135.59959903249703 134.98532943791938 134.72900956083498 133.070273338693 130.17584816772865 129.20742340374147 144.37277094651182 139.39008034685853 131.94184444559633 133.70645651249706 136.337773931687 131.09691230015426 131.13974725519282 142.67397044130527 143.86442837962207 143.39123235904262 162.1777035571977 132.89836732301134 135.23355317062072 142.41178097373998 145.3248327415007 154.27096372222186 150.13097506018406 158.40806715671891 140.38165943586597 130.14170021782343 131.15512807652098 153.10154438660811 155.29492744801027 148.72109151911471 156.99900524061545 158.38459176468714 141.29782120742897 132.24301763662834 154.33461304057786 154.61068664872633 157.27672473916223 153.35633430941454 148.34695003500997 119.27133861100302 159.19149538137762 160.27279274326452 131.39242987664664 162.66571565787257 158.29249338178886 156.185893787336 158.07683528301092 159.05418192533264 156.63657305234074 153.213118876392 156.4651695617876 156.14707052710654 159.33538948458767 155.07554155253467 157.21007792712732 158.79467273922347 156.23613732291585 160.4525799277107 159.6581139470326 157.32141450216869 158.32991444756715 158.38211464038142 159.80964540406782 157.1748099491744 155.30414841323321 163.17547491523496 161.85306193893939 160.75178272139715 160.51269443263774 159.40824513366488 158.9283967290136 160.09892800674763 162.83016659318574 161.51613008524035 161.57439150981284 160.5709547157638 162.10123734694426 160.77188619249978 160.39874512758098 164.67984688884053 163.8951460179868 161.91448201551066 162.73232117710938 161.65801358588379 162.39819921260352 161.16287756129742 165.47890375757206 159.4138411116046 165.48561198513889 162.99074568019637 163.7313465496822 162.84275380305971 165.76032327375495 164.44225185185672 164.56957429290128 158.02307833503863 166.005336069826 164.17611494073395 164.87729015508577 163.33703960782196 164.91674565372082 165.04813587922655 163.92379504181568 165.62877102856854
