# Created by Octave 5.2.0, Fri Apr 02 16:03:45 2021 CEST <br1@br1>
# name: ptcls
# type: scalar struct
# ndims: 2
 1 1
# length: 2
# name: x
# type: matrix
# rows: 2
# columns: 320
 123.24103746808117 109.83272135004485 107.8363553180924 103.76144861440379 113.39685240822186 116.36893327243502 100.14897531707049 107.40657300139932 119.47528746994993 116.7890330818358 112.92604584121717 108.35473192603905 115.15731479838846 116.32632792724155 117.7149309728738 116.86770898807204 121.4680535657551 119.67969927157496 110.8835995482265 110.4730800807183 112.18871335548241 134.4044681093265 115.768148316731 133.309433205684 129.37209831199795 124.13236418994441 132.39393400105584 129.74035092092566 135.40113292708574 136.07651155734999 133.20921177273468 134.97023388725464 130.16413476070971 123.38583034334673 130.54022724201948 131.23579667687864 131.21494730709304 135.47974876886622 137.10147345758082 136.46009649336929 130.95187342265729 133.42330201401452 132.97031719099718 132.2885586590107 132.18814602199279 136.19856347845052 144.25582449683952 142.55792822141487 134.1103497256789 131.87556027847768 133.45154899473852 133.5562083413617 134.45093945948275 134.37333633879587 144.96052447996223 145.1501788154109 135.31964065790928 134.58194709997312 143.58275433910876 143.76809576084025 143.13346967482161 142.95493901315135 143.97343251149164 143.69258461335218 100.83905281776828 101.85260826090517 99.657556913247547 94.950396448907583 98.791016883163422 97.774535748069241 97.942452776603744 79.391002545627146 102.42388120380056 101.34019838127776 100.26298781143569 100.07651382601678 99.801443961002306 98.85794563007228 98.975122166198801 97.072720245417301 105.50623529801297 103.40234947052701 102.26606214062485 101.24966985776034 100.92893810380359 99.911592940933801 99.930669240888662 98.79210680252767 104.4231730024202 104.33974026124872 103.16774744564344 101.94303385822717 101.9948719492119 101.05618994134791 100.92340269115972 99.853635410353519 107.21640149472591 109.06067002976191 105.26985736832813 102.76901929658828 102.01098240009458 102.29515429228954 103.27716915428424 100.56720628714223 109.45710682346595 108.68358701305364 108.43163886298777 103.26183954497456 104.96255218391329 104.29314199165043 103.43942764601742 104.00868149612657 110.69216827630834 109.00152989670806 113.40830835331261 106.31268551193234 103.96135150105275 105.27671249448008 105.85973006970065 104.63723686520387 108.67948577332301 110.22848165720428 109.87578522080281 107.66117266174604 105.27477191239815 105.99296187423396 106.73827638388529 108.17962841312544 109.93214938967581 109.76755264223739 109.22664829046501 113.18179378041363 106.21006913897151 106.25157174083144 108.88577118110175 99.060950555213495 108.18561245112197 106.23642853206677 108.94618243536124 114.21903976617909 112.24259558942708 108.52610266724483 107.10214456328633 100.18406552730838 113.42916112207486 110.83478038287009 107.97002452509928 109.36678741424458 113.34791720873707 110.99546465992786 107.36011571269749 100.97498904241738 112.4112898834927 111.27295929419996 113.79528387649603 107.06816423542976 111.86200597034035 111.93824718436409 114.62080925010888 120.59446148759693 111.636494263901 111.99775216759312 113.19435324901941 114.35916171141039 115.98832007907566 110.03827806355488 122.72007226872525 121.67015662255581 110.05914516407003 112.69526169106508 113.88652712330982 114.94550693847114 116.14470576253206 117.24192665237837 117.78634151118234 119.95731722697786 120.34770289118244 113.01539807800478 114.07425567856917 115.17926634082563 113.79457542931243 117.16636105570313 117.1179564169811 118.05300114270685 121.69394220720885 133.24824680262964 133.7895713819982 116.26083303014836 129.54472632666665 118.85933383945078 120.50610502328486 118.19299093124305 132.95517467366213 132.66646809873521 131.4431494280845 130.19941482757571 130.91813731328253 129.08946550289772 126.86570045784646 123.70775263741963 130.94332803386482 134.03126057647668 130.74721744806595 129.64390819844161 131.74232061565067 130.50001435663003 130.12674666498665 130.84945528072018 133.789565321049 132.04313857219887 132.29252392016164 131.05009614385685 129.62304038447451 130.80052430572323 131.16701956333907 134.8143429462792 133.94417781703615 132.97198590585268 133.37566698106596 129.9984873447431 128.71947263229256 129.79936730184977 132.31718177946158 133.59765409854262 132.24996061268541 132.20021684929139 132.20835251578254 129.56310718754963 130.16692573516082 136.0979546228524 136.18838945648798 135.23951174464059 141.04050849452668 133.17246769538275 131.88849818516707 135.9784370898962 136.47120286314637 140.9254151018277 136.79557922835446 144.23767782429371 136.56676574639809 130.91244686838752 131.08148372401624 141.79381289940741 142.57615082680027 141.14069858452507 142.59331674640782 143.14904566071937 135.83663140936682 130.55879142148547 142.28306207433312 142.66158236278869 143.59926867799993 141.98661026839741 139.65333677709475 129.86968621805519 144.39893118504108 143.46371691119418 140.79779550786182 142.98536137060728 144.66414514069442 141.80578043773679 145.14881450564056 145.67995933783445 144.02039914362535 144.90134549020797 143.01024591567059 143.8126849911518 144.06865605523845 143.44934033654184 142.991069121663 146.25555960264603 144.22846003436476 144.96174935296168 144.7835740035531 145.6440978211794 145.16958582433995 143.64193587299221 144.83810401124208 141.59867170196475 141.93252093127055 146.00158712119969 145.88817611333977 146.39558812315963 146.13319829523189 145.15523605777585 145.34737469653155 146.26383350217776 146.81628755719206 146.61907015081979 147.50117738391393 147.11945414209441 146.97004014548563 145.89669116110804 147.47771333212575 146.77486262002321 149.6649361979417 147.52787044562652 148.22479300526493 147.94395248968445 147.49401234182756 146.47559873970766 148.28346260008979 147.52494551523588 149.87006344670763 148.68657615773864 149.0280657734144 148.75286429418429 150.85852319485471 149.53272754455028 149.16356817919635 147.65826405557073 150.80411148823543 149.50661065708724 150.13842340164851 149.71148879467063 150.86458276252898 151.97878730247774 150.37334351551323 148.22415375040262
