# Created by Octave 5.2.0, Fri Apr 02 16:08:05 2021 CEST <br1@br1>
# name: ptcls
# type: scalar struct
# ndims: 2
 1 1
# length: 2
# name: x
# type: matrix
# rows: 2
# columns: 320
 192.3428327532709 75.916758067395847 76.85696629987774 51.213387717948095 81.14065036464649 107.04065461063058 26.7698498702783 58.793526423162497 40.156172773000179 115.12968077196213 80.988646592089069 77.368196002271063 99.339891077104539 106.0358748263122 104.98059216542126 109.42362842805308 18.739602390358534 58.552250779421229 77.869103593227152 79.457592686004361 79.693241542623653 155.94240571722841 106.05396372833863 157.85566909813531 154.56414471751435 141.84024835792479 155.31403035048641 154.91185657019133 163.69977588229099 158.07572926387934 153.06316762371586 157.03216711577505 155.67304888883081 147.03725675466677 161.64127176220737 154.99754432133787 157.03676807023459 160.67949961244724 159.94791231635244 156.63770843924149 159.40954150809605 160.3454223127967 154.51352467073443 163.87633228930736 156.35550502571422 169.30371742960338 176.6304825919851 176.25668633226206 158.20701193477467 154.58131247514589 145.40859257867606 159.04355463512917 160.70822549648676 157.85669886645582 177.84479120291604 181.02096749495354 158.88183957389754 164.80413032971248 180.68384280595168 182.95177695073323 177.28420625047113 178.98152937769254 178.31958394602066 177.1970655693305 67.000415516823878 67.486950216244523 66.820643792992826 38.089611107734157 67.508913862555389 66.704221580249566 69.656216023929389 27.594744292013189 68.567956605500854 68.779521123609257 68.417038591706358 67.466281033479191 69.794154581833666 67.171168328852531 68.126014784268108 67.912872018683416 76.483045842314354 74.213406188038633 69.804007992841107 69.145763382002315 69.511785504707589 67.888778514048767 70.882511151767687 68.994280189170453 78.113638283806125 74.882865425199896 73.7595152137865 69.691444632206569 70.830801988091935 70.397612435683797 70.504000308765896 70.948226409834874 104.11226623980247 48.441859329497078 75.382690096116306 71.148944946212481 71.643025047226061 69.718813716846327 72.215971654898965 68.722354804269131 78.586075523670004 80.860572113463249 77.75966863857532 71.933380331432417 72.685416956838381 73.100348656317834 71.594373157841204 74.169158113541144 78.696008116620064 86.68253947308105 79.052164237625348 76.050329750058282 72.357287869020681 75.46425551019982 92.361616800609085 72.104194817318998 60.804824942553239 82.23464416513481 76.529335350986713 77.658838882948587 74.917049829409009 73.35477886757414 74.004543014838518 75.151470721090007 117.03099341295372 77.273936399910241 77.407981711676328 79.938987912515785 75.723644448366187 73.901521432433043 76.177922866812878 40.129143549728354 72.897278668199192 73.03065217050451 82.005480157756253 97.48701739798085 79.952435609038474 77.22252014314823 74.551508705867334 30.273892805830549 121.27634101761467 124.07499697762573 36.243835485039085 80.029295499177636 78.563419957664237 80.129520573198988 76.65856162789612 39.623681595869165 235.38392820804501 129.16332007432456 148.67516117542925 74.091150750261832 77.845864099449386 81.241340298425257 106.93798733016379 20.202110245797751 129.52658678628657 116.7770828309834 97.457219581123155 95.85618370586468 60.153658144638385 81.708203414816325 39.870668641073934 61.319313168463466 122.80808556129175 126.56959948039456 119.20391453449899 62.889269777383845 20.287868244817947 21.694844606554121 88.545258306025715 61.71189077121501 119.54723754562261 102.23111436533499 90.328023991580153 62.096747272135687 94.271801944417959 126.47879920651235 123.62371618376406 84.321750265340469 91.40711964024652 176.46837655896752 146.51970913845241 60.912278517710277 168.35892410794307 39.350114026964121 40.355359336311352 62.519368681519651 145.94316304066433 149.05729854429626 187.16368231214165 178.10030846590288 177.63645677953357 157.38650319443428 125.74086114811492 125.88086214975263 137.10325621286978 138.14179574859102 154.6540484155297 176.6112301337709 167.61962805525096 154.80888759317241 155.94685823668681 157.47581627637055 121.33777871527838 130.67364101190412 159.5746060440151 166.06760914996306 159.10774712049945 116.40208896469356 156.57692738620761 158.04567021132098 165.59429683041336 115.55608163433263 160.10098458838874 122.68808571372617 121.52966332233672 128.14794641812807 158.46466933072256 154.31057503702289 115.5877557589168 120.78411353960658 160.40004094916182 117.45205144559907 232.28292366504343 157.08202151921782 161.40792273097546 156.59175332078922 191.61067947779875 113.62977850898257 161.22328528088858 155.43034743213337 159.67687128768264 173.20221984491673 171.05710763080856 178.62767902319808 147.95038120522622 86.034027721523927 128.95345165232899 175.28044689702554 174.87529839026431 159.00925149882707 176.02275347932931 177.6383106680978 147.25349797535375 122.11437819510708 174.17991009313155 176.46872310539933 176.06696472456505 175.0408414277338 156.03752031168571 104.51342446999377 198.75154917256336 187.37342794959028 104.19630839154513 184.49440867832902 176.86069915842054 175.41924188203416 178.33431615754824 180.8590973849854 167.13070378012105 167.30445658822873 158.64125956656159 178.69356369133936 179.44956048290462 174.64301675142619 175.06319982494722 178.53546102182381 175.77309743918249 181.44890980628082 179.57497667980007 176.35178587311617 177.71486617971098 178.10932368741331 179.88567542477 174.16348309393595 177.09710420199738 185.37307767879977 185.74750067622489 182.59725441252348 181.55859176709774 182.07423199381094 179.97285240754871 179.42572992702947 184.45847147344688 183.14358128835408 182.41527450168749 181.19028075933068 179.83647719877288 179.23436619830503 182.19657011278508 183.69718487177587 184.27563298860676 183.40447358259829 181.40641044410205 180.26180636279327 180.15923597133059 179.69669700441443 183.05459326529581 182.03360940055293 186.43827617233131 184.49783562029083 182.82042993500912 182.14561339444467 185.75426817997572 183.250922523366 181.44294931592708 172.0036471740558 184.26169746215697 184.22582221193227 183.23347109833836 180.90996920019307 185.33875130134894 184.58183324817932 182.62674415297209 186.91629287825509
