# Created by Octave 5.2.0, Fri Apr 02 16:03:30 2021 CEST <br1@br1>
# name: ptcls
# type: scalar struct
# ndims: 2
 1 1
# length: 2
# name: x
# type: matrix
# rows: 2
# columns: 320
 121.53880624242393 111.97765248757167 109.58762860782527 106.71358686701366 114.89594811221707 117.13636433053456 104.03620952212049 110.13764303388473 120.92890382693952 117.53754953493582 115.98679467205453 110.50064763777547 115.93513703423946 117.96259379046087 119.00974995812776 118.3622867917472 122.10374766946018 121.17309030114508 112.96579366570329 112.83574370712775 114.13268863514421 132.45455849755072 116.7525071474639 132.76734202436492 128.46333766768998 123.89531676525064 130.59988466965783 128.32622139006804 132.29667550657183 133.74189628624234 131.94524144891949 133.1348596411766 127.46261131105919 124.74999171759222 129.96066392386464 130.81510590205488 129.69391618384057 135.12497287495935 134.35855396057013 133.49956473944468 129.50983320024392 131.31737311900199 131.66575960900218 130.14484146468985 130.74830240765039 134.36499090265525 141.28502556616752 139.38574917015436 133.08259362237303 130.38362578371348 132.47349743084973 132.18932081947665 133.65915034853623 133.12733068980813 140.28627730525574 143.29180610027339 134.22886235071218 133.5874621113426 142.03344051428374 140.45532498797354 142.23223509252293 141.40509489229495 142.18741436003694 142.48407977269758 102.6078727709085 104.33718325149914 101.70364604182228 98.144822591670135 100.48344942950114 99.484101549828438 99.578263849063291 85.401437761223889 105.02163413481212 103.8516598911299 102.74138560605668 101.67029285187941 101.70744088814715 100.69391521883134 100.85300790117664 98.287581809675189 107.37918187966208 104.96137605659025 103.70392237520197 102.73306681028366 102.80858217961199 101.76608669335806 101.77045740856684 100.51984855143344 106.0488246109099 105.88295839384722 104.77874023047063 103.69647310770283 103.70419455167517 102.72038696644874 102.76768001075381 101.81299758179834 109.68100072973066 110.68021240339189 106.97307809512901 104.6955299140496 104.72734583007819 103.7296969958816 104.93211024618221 102.84002711036682 109.92078829471177 110.04920523900627 109.29236195458921 105.6849408584368 106.70832120359429 105.93436174037049 105.54500577727819 106.16443089476068 110.92670992124479 110.62909959762521 112.67904865939276 108.15929829099987 105.71599794792793 107.191095835269 107.92360656295045 106.64783081975473 110.0252978013592 112.35689516146942 111.98495666267713 109.07894030043281 106.75440448986822 107.50364162819871 108.4196553768333 109.07711241397284 110.29336835560862 111.2419639827652 110.88367366300464 113.34392090313516 107.73360049766249 107.77969920515376 109.83887746026406 102.87404470012756 109.18970803925136 110.06293984249203 111.0764360124341 114.7035696826663 114.69664752999623 110.21941194389572 108.52244983522932 104.1105013195335 114.29253492658059 112.56734964679423 109.6444787317847 111.37330943480845 114.29026280820565 111.61110823730752 108.88804500889171 104.15566381148147 114.63134639611606 113.1849584860845 115.20037787160706 109.91986391526818 112.10964348690443 113.0428853263995 115.79668568112352 121.21660746610274 112.77432123719797 113.64721050711998 114.63466687239415 115.59486140624793 116.4870463743466 112.06485871843877 122.12799545349847 122.35521110894733 112.56492160478089 113.78864470945577 114.84811010802079 116.00769425488814 117.18751749665579 118.29510014495976 120.54330092619696 120.3056848045875 121.37298375148364 114.29776686217897 115.39763936349659 116.55338508845595 115.83819568477158 118.70861394548012 118.05383366345912 119.31356717082335 121.58297766188896 130.86531498427661 131.40986191954241 117.64030455106975 128.23581838302971 120.2187638337959 121.2562813196247 119.09236506880491 131.94727052088095 131.19329880750692 129.75688911915066 128.70421537320888 129.97496013001356 127.73910490778979 126.0663755760948 123.51109102639272 129.50219670799217 133.04787284724173 129.41606969029854 128.55500062040608 130.5164395329852 129.23649618883309 128.26846684673984 129.52260027386635 132.25621855040498 130.63651356978787 131.45468911020853 130.86875260570778 130.03432156115704 130.04898597453945 130.554471200687 133.55761206599081 132.79640575891034 131.80254364670085 132.98859108050979 130.48623749131951 129.38791160128679 131.18582907813567 131.37654382579439 132.39847387314697 130.95531097020853 132.57551583851702 132.77771907616761 130.42136613694402 131.47903672717212 134.2626011413104 134.76906814941944 134.1890145587048 138.19948765276982 132.93002546892183 131.90442505435817 134.76991826697895 136.3124138548761 139.00203103729208 136.17913709508699 142.86920401203363 135.81118977740581 132.17365176553938 131.51073537513247 139.90380842530982 140.39291867963203 138.81084383100068 141.09131881074393 141.40619436072956 135.34542196336832 132.34466176518362 140.33096380546797 140.74657752203566 141.86499285270062 140.01896015605567 137.74944007487113 131.29419530502165 141.64772291722434 141.96739291712797 139.25562988637142 141.0430276263844 142.72551107651225 140.42849762950357 142.73665732297238 143.52183374714019 141.84705360977813 142.94239835924557 141.45716644093454 142.00936342528371 142.46314402748399 141.65121178541298 141.48800326749043 144.30890245138096 142.1900000321497 143.17753554891377 142.94460103610038 143.91802576543878 143.47117852377869 142.21514756613979 143.04102503845073 141.39015750172564 140.65381457490338 144.02239201850836 143.99267275498715 144.79949342250114 144.42740887886077 143.36123888466994 143.96250682739009 143.80357616521727 145.47045565302076 145.00697913018652 145.81543476943182 145.65824150615259 145.51181328056654 144.3762807675414 144.66972444835051 144.59774850914442 147.36609297889609 146.244787457846 146.79236350031775 146.59137114086187 146.50586450293582 145.20235841657711 145.89239307935557 146.31676464384043 147.83085873210379 146.88173566246729 147.70987210188244 147.48708740989858 148.21049023220212 147.23310263223084 147.06989538202868 145.90550778804982 148.40160816034495 148.07775571361913 148.84751152667857 148.69690388275117 149.43403171176661 149.39068698302506 148.10880185491223 147.41018038026797
