# Created by Octave 5.2.0, Fri Apr 02 16:04:28 2021 CEST <br1@br1>
# name: ptcls
# type: scalar struct
# ndims: 2
 1 1
# length: 2
# name: x
# type: matrix
# rows: 2
# columns: 320
 128.12972705038828 104.81587458045276 103.30829994809415 95.259290446887363 106.55185311890587 114.36732553267764 89.656434249182254 99.541091307841356 113.44685371078903 114.54272178916143 107.13121473567254 103.87815245688259 112.62242287257187 112.14668467125583 112.44954450705468 113.34263662873629 113.773076599918 114.62292301435123 107.41163628432122 107.1821656103987 107.73335674035695 137.17395552767118 113.24355870616996 138.16641040943779 136.07495592174368 124.81506077306247 136.91250621344301 133.81304396979561 140.24762694858688 141.34105427746593 136.59495295548467 138.95625399307215 132.8515075609713 122.01742591704019 135.65572552254895 135.51056285947138 136.50070870368415 138.16497993440314 140.88367400249811 142.34759486812558 136.83862789865634 138.15440546954653 133.78204508384243 137.73765602645031 136.36545397353137 141.96938644218307 150.52763054833176 148.5755357576644 137.94949666021819 136.00729360153309 136.9140648548441 137.13645523918987 139.1222014490337 137.70319850887728 149.62721947599846 151.56851700871465 138.62736498876168 139.78868285532323 150.1181545303441 148.5472092397269 146.99113407363512 149.63738168131079 149.3763650464771 149.46568637092733 94.999516421225223 95.881673199396673 94.563273417291782 85.750449157751433 93.470072860950992 93.858867872804254 92.484240331540505 62.080949124707956 97.830100484360329 96.727376980614935 95.845554629359356 94.461215759032541 95.468338659767241 94.548111995690846 94.124225486032572 92.360481641387935 100.05193540413005 98.642512725223369 97.620903314763282 96.656135761778998 96.531099147646458 95.469083387777033 95.21498590995445 94.264289968821728 99.019822440422303 99.657408379773358 98.42584839211419 97.563935904039482 97.224066833558368 96.167032204153088 96.153367994150273 95.286892844420336 102.15370976582584 105.04154730619078 99.672597453323817 98.454205861228161 97.193664685505922 97.358052811684445 98.56516655693656 96.290425762393937 103.96437393879766 107.01431341630509 102.44980602199685 98.161580230631543 99.330812169977818 98.984422318417771 99.377457157186271 100.74652353743632 103.81184941441393 104.31641169393413 108.44427138752368 100.6690065220467 99.322861242266399 101.07786550773938 105.58463166587242 99.848942325964032 104.8174165555094 105.64661304392699 105.600173514636 101.32596720361877 100.7071682364962 100.07197639257605 101.23987042273613 102.51815937681182 107.58396162790662 106.11904555987137 104.37131544460806 108.15773163283518 101.1713916363087 100.36385654373427 103.80182743597473 88.587394328643782 101.77308111577376 101.15948161638087 104.97271668227371 109.20238215667918 104.92766039101373 101.78627518499931 101.52411018472422 88.872756682485061 114.63364145832202 110.08866652934547 97.886503735323146 103.82842732380161 110.35855534575271 105.73931963795778 102.25793033437458 90.606971117290144 111.27568369193568 110.5008935796272 112.4262873373504 100.61822729372318 110.24975320180035 106.46292113553359 111.32486903653636 112.64785041781394 109.29333169595178 111.46660379510973 112.22849654826625 112.92196681707328 112.59199221610301 105.41823958472892 116.6264398613305 115.73832897620542 109.86972861298466 111.16056275320865 111.79059201450839 111.43087105131724 113.04713737578049 114.25743093749205 110.97511670814902 116.73816482869259 120.25299563129178 110.57214732886949 109.06098308435875 111.98261649451604 109.79091760968991 110.19483183864253 113.71035935772404 112.85562048973101 119.15541847995304 140.11109043948636 137.37418834670984 111.70745177641675 131.61795446059526 112.18284924884631 114.94614798294209 114.02193208593802 136.60556117861046 135.35247118792745 133.88868005315541 132.88794895344952 134.26115478990101 132.35917355693252 130.19925792185103 121.71375774565691 135.0776502364842 136.04580713174386 134.23062625717722 133.73995275020536 133.85877960593672 133.02670341821747 134.45620106397297 137.13669969553547 135.85248332272994 136.05510476442538 134.97824734858415 133.12628840801497 129.51776904131594 131.57325330591024 135.78930207026065 138.0738523919336 134.48776999943865 134.92141303203633 133.52895923716662 129.98480296658238 128.40502965122312 127.20501961070573 134.94650206874653 135.90033039744853 136.32116759149585 132.15983235458285 133.52215281571836 129.46692056428662 127.87028103076767 136.9760618984069 140.00827368515954 138.95109288242779 149.22264851878643 132.31545757542003 132.69128478116596 139.10042206851452 139.62840102025544 146.10620736171771 138.97003720664824 150.02153598280066 138.49239575471947 128.37290961226734 130.90433333076277 146.10189844821019 147.11453098227386 144.1927122230251 148.01196300188096 149.10705747845265 137.50174339621805 128.91001253550658 147.96980250225749 146.95047988821071 148.26587821819962 146.5956329448241 141.45312040684101 125.76710004758624 149.49147932487065 150.60406168558637 143.36292350329364 152.3305486049795 148.62288010465954 147.20044125862904 150.52541905582433 151.80263792230974 149.71545437354089 148.18757756970132 148.46723165022593 149.15847379476247 148.97784251469412 147.33029847139457 147.7247887551743 150.41206344475378 149.75330143536308 150.2268589287558 149.37661050453838 150.58529833935543 149.87808791225905 149.18387564423512 151.01946806317341 146.94821355444608 147.23962070714779 154.07061470446405 151.18060574595566 151.76518343475743 151.33181130970095 150.45843337138857 150.64065244597376 151.87068314475755 153.11470143540805 151.96313696450625 152.78953711813614 152.42863467079923 152.40014030832398 151.33730920586379 152.87116821717007 152.79450293351562 154.47373766759807 152.79466426029725 153.68969702420759 153.44680068700902 153.18026370439094 152.09703115339087 153.92851831762414 152.60381254301961 155.17113461295349 153.89803459966478 154.48787323247925 154.04794319810566 156.16866698766196 155.07381514740453 154.93874668470932 151.75184527656006 155.26074929876552 154.72430196631643 155.49860462301123 155.15536717698438 156.28511747806849 156.31979328336885 155.96373535671114 154.098730955039
