# Created by Octave 5.2.0, Fri Apr 02 16:02:51 2021 CEST <br1@br1>
# name: ptcls
# type: scalar struct
# ndims: 2
 1 1
# length: 2
# name: x
# type: matrix
# rows: 2
# columns: 320
 121.72677207965154 114.96189876314422 114.03958584859781 114.15572301944725 118.24991214169724 119.39910808611586 114.20703629096165 117.01993951574795 122.33534743139761 118.97605889308498 118.82564387319468 116.01434229336947 119.3755219963727 120.34293431322713 120.12588554561981 121.94753955043454 124.0109057106576 122.73652354403062 119.51132591161372 118.51397566760784 119.27692588283701 126.12265336187622 121.4949419984197 127.18864686412761 126.12610750210702 123.29972269130903 126.13031313648034 124.55769275527966 125.68428463108327 129.10432797849143 127.31179649147113 128.35955018749084 126.4366061419574 125.20311383946922 126.60833557342796 125.60875311376105 126.61248433241271 129.93938537972144 129.56764076014355 129.3464569996143 127.68405984524657 126.67835791847516 127.84725690212416 127.63750068175342 127.59809433814517 129.69609473969012 131.7210421550275 131.85809827236795 130.48678486312158 128.72817512540865 128.68570956061163 128.55424884602922 130.97927841452483 129.78910601370583 132.76322436642641 134.79769036646033 131.81087541596889 132.08297823713704 135.93479053036558 133.50081248900301 133.20579360953681 134.27174525348082 133.84054826421135 134.80212606683273 108.18239943068521 107.24606849250834 106.3705327358206 104.46805645001697 105.33214036393386 104.58129678860641 104.91559047109737 100.54773450452768 108.38873808086585 107.45893147662568 106.54242889723648 105.63764659453061 106.4542968395368 105.62291746363186 106.03298614807693 105.20535504529258 109.3960167636924 108.66508356709198 107.83717430391142 107.20396859509576 107.65009609670719 106.88614860866963 107.08878139623231 106.19860937633393 109.66793511697209 109.82227815566822 109.27012829047284 108.34415325099361 108.66995999067827 108.01178601173081 108.34766924797493 107.48021594865298 111.37915282521635 112.15764547988572 110.80194966796074 109.43439859703578 109.71931600520885 109.2342434475205 109.39650138990655 108.47320946650228 112.36004546945237 112.76527476431978 112.43010996636808 110.6676573118243 111.63169200543321 110.45752129968636 110.48871448880594 109.77582213958927 113.51475756481939 113.24934897114343 113.47455830828599 111.94821277757036 111.95093258184751 111.3911336257087 111.59424098051721 111.02685153286619 114.95893755850123 114.89526912214599 114.34876003272382 113.21614545413401 112.71744030513911 112.40972983865292 112.915342437173 112.39399319021345 113.82599036333676 114.93616476312704 115.97506312091103 114.31440693009436 114.2787038461541 113.32311384515906 113.34516043243985 112.96005273784392 113.50660498702602 114.30981908752005 115.35053254727796 116.15775459627231 117.55005061390169 114.49173216275669 113.8358820794917 114.08323408995305 116.34079944804438 115.30452758621894 114.52622694706584 115.95822904810804 116.86052680288708 115.57046709379267 114.65187197863231 111.23809453500732 116.22849236038688 116.07491899522526 117.26348690114793 115.8086988647475 116.60854910857935 117.99517177680586 119.85627715345892 120.70720538916612 117.3105702779159 117.34087443675494 118.4046506731675 118.65591382386867 119.85656779009688 117.48421285268051 120.43084147322314 121.42404853577044 118.33283064503463 118.24420728010581 119.33199237901104 119.60345660181237 120.64925813987536 121.05712738443614 122.48227940779755 121.06827731490074 122.59301402334989 119.16838101065402 120.18044593546541 120.56865564265155 122.63622795865331 122.06241425390598 122.96630666155042 122.15239611437163 122.66702450377626 125.22462462392171 126.19111153010864 121.68242507433469 125.6084913369564 123.37433943059584 124.01916038178091 123.39281305486273 127.25763721269806 126.78758580810836 127.70469930338224 125.99842007328331 127.81701073673912 125.94462224109839 126.91885210122831 126.43949941580748 128.67387084237754 127.61230589951033 127.82922363748888 126.65786363854656 128.77577132455264 127.94970225532427 127.70983974115371 127.17724372003558 129.57502689401676 128.5795687580339 128.73896312456023 129.99013622431784 129.26030716718478 128.79821858326596 128.46860274353403 129.93658801349221 130.55347522584827 130.0489091460546 131.0021945110505 130.94293819987047 130.00827804014943 131.40279335514001 128.7634960070956 129.5748271701809 129.72149282815869 131.09769665374944 131.87537116012345 131.25984957928259 132.66799761664467 131.12697979921413 132.20721729501628 131.14591389744803 131.90390421621873 133.16717428254921 132.18381158211093 132.03540681675088 132.23111330909632 134.85925186998981 133.04299595320907 137.01146624208434 133.72398050124752 134.85422671520871 132.20672381950942 133.97375694007033 135.5731487075625 134.3896019215764 136.12575661904222 135.63930053482864 134.02890304453405 133.30217001913434 134.97652018910702 135.50138672603794 136.68355786980933 135.87738343302985 135.14545666868796 134.88395820417711 136.95331858998182 136.20946237868435 136.11999476948066 136.66472926438834 137.9053755315195 136.59957223128526 137.75549609492614 139.02673409558608 138.1787790631551 138.24614692506003 137.48357394972254 136.64720994108649 138.47384024033579 137.06604503671755 137.79530584327873 140.43556689221725 138.61493335530594 138.34639993649279 137.50484496406531 138.49294118361681 139.61356892415125 138.91321446206416 139.16069648302229 138.46163929211369 139.93051382094319 139.33208547586102 139.0449267236782 140.45226651005723 140.78979287247708 139.95352981894862 140.34564184495559 139.61112571471386 140.42823076973804 140.15662799211324 140.99165607288259 141.62779568377019 141.87862121490969 141.10522336938593 141.50719788821721 140.68940926265512 141.63257094491158 141.26685168985185 142.08414334667731 142.79897806821825 143.05315096825373 142.26661063405714 142.57961811687079 141.76328344373786 142.70023653931673 142.34527211672923 143.17057855924628 143.78008383865279 144.25481309667157 143.45715078324676 143.80771577194983 142.93458848431283 143.8367047683995 143.38276079472638 143.88179403448225 145.08113661448431 145.48972675820829 144.64099713032442 145.38207192688495 144.66578226026053
