# Created by Octave 5.2.0, Fri Apr 02 16:06:56 2021 CEST <br1@br1>
# name: ptcls
# type: scalar struct
# ndims: 2
 1 1
# length: 2
# name: x
# type: matrix
# rows: 2
# columns: 320
 164.48229913456908 86.450670575839411 86.0612003402412 67.27301981214579 89.337896649083646 106.75936582984069 54.489360835663568 73.650547399879713 74.488715182366434 111.70125396694505 91.458474692473061 86.633730551623273 104.37996375308239 105.9384188170221 107.74313021199541 109.386531721194 63.119277065182942 89.02921752399152 89.615737689118887 89.289719517675607 90.404818582586856 150.33544395352797 107.20253101569611 151.36389249898954 146.19149347695418 130.59323463549373 148.30141646453094 147.21899192232587 154.2560243907312 153.96461173187578 141.44049204455607 152.15081639238247 147.97893083131379 123.40914440444325 152.23188927210313 149.29662882622594 149.76409087472547 152.98563859062932 153.7382376344429 151.12843024152906 152.68381626284454 153.36912544600739 146.27453849945809 152.03636555890179 148.36842589495507 157.77010662071567 166.5977950145695 164.84768510787475 150.49949892210498 147.32181276400536 141.58496427414076 150.96823624433404 153.8829113670713 149.42668412307438 167.19568700490126 167.8736554539507 152.26897338645898 164.46004031474044 169.5393446167507 169.49600522046146 165.84442130155782 167.47497441174437 168.26694737720373 165.5888359824547 75.89921112128377 76.964501009448171 75.616259649905686 55.46728932436244 78.123822227695157 76.364652982077587 75.087009654742161 5.1020232808379653 78.400008875403032 77.63052743993309 78.107900238896647 76.568258286525563 79.753826569311911 77.749249587146679 78.615754880384202 75.324503279317511 85.865693907020798 82.997750169792326 80.985959391629279 79.01679542708662 79.318240687898609 79.346762247972762 81.044004877400781 78.896261002126749 86.939858545538385 84.604632705698819 82.05968337143868 80.408047969084464 80.806745710751088 80.182667810283576 80.51978981184142 81.073596500467872 108.34394879711544 87.322462543386706 85.117231536754687 81.548561535756591 81.54742171383063 81.504836494285783 82.177903146705347 82.663908688822715 87.443669039400135 89.21740289199191 87.251097258221719 81.91874670831281 82.619825044113114 82.868113743271522 81.742132773826867 83.951547746290515 85.380884037564272 87.813361264102667 90.522326399393606 85.252969402010024 83.077993682888007 85.169457325373202 99.041660784800655 82.257881616661692 87.493625573410199 90.680676213637824 88.49436759041501 87.813820540099144 84.178041110130209 83.202530851221368 83.857243132418844 85.746843899691186 115.16154780710539 88.420246110389641 86.215273854002177 88.413843217891369 84.876504550617071 83.729869078902723 86.235358819238698 55.527775775994584 84.148500382298081 83.142489555166691 89.358275096394351 99.28329337513324 90.564955556160143 86.649369960203842 84.346142958843814 51.639698401608314 131.46957034699989 116.11684497438985 58.719446428842389 88.530742625041128 87.150852671607964 90.531190212160368 85.603717598015621 55.692200485656748 164.99861011729689 123.53056790881182 128.4149705262829 83.184693119114897 89.486437125232996 88.079089950761968 104.9808476291263 64.352844553329476 115.64873162797052 122.03139323768244 123.78819448155535 117.19260761569144 86.885408807279575 87.036941190746703 74.297513910990531 85.420983511703213 114.5547359730558 117.54643139440307 118.46063359286211 86.416133951239644 65.198910669515328 62.395426161897646 96.669129069893842 84.567461453150187 116.40327655444048 108.10394024704478 104.35547661062458 84.165330663516343 99.427145838516054 110.62501155789735 116.69434336008266 99.329554116426024 90.873911046580375 162.69278016857945 136.88191014802283 85.793878889445494 148.72918146896743 73.841286017421822 74.947727769118345 85.242880573971163 135.51592861078632 139.47197982846535 161.22790803960473 149.09856497338737 147.51157104105678 145.29410809210745 122.54655790421347 127.96791387214014 134.07544663218135 135.12385993155809 144.56545132941898 149.09710495565071 146.6987603446868 145.76881446213147 148.85955021071294 148.44161431981871 135.13372738188946 132.60994928181594 141.76989586491041 143.79541720204989 143.7417978421193 129.80439698916106 147.01979951983924 152.78900194331575 142.10662054332991 129.92532368891736 142.89432959559855 132.10430381230319 134.04108305310885 119.76108329762486 151.62518434018276 145.21501086689787 126.26742661731564 135.16752735657334 144.0309570296865 128.60512384763223 165.69830822166091 151.57686287876413 152.10515264222747 149.1424795519863 176.15552609864145 130.44207874934804 143.07796590352521 147.35979554689666 153.58564614284143 163.32249462605859 160.05379412330717 168.27939126817512 143.71536964306657 112.35098277065839 130.40621045139054 164.1773204869715 165.70192215937251 153.60697444384297 166.48442513307262 167.42145096057195 144.09829524198176 134.13276985286544 164.51563036916457 165.1614968704439 164.88523383271874 163.19492284284513 151.20444591251538 112.26275390311059 169.7872891944495 170.57485765865482 118.47689727947488 171.42933135715253 167.23729701872108 165.44371356337362 166.60025888991368 168.72789558620468 163.81124334760679 158.63541344413721 159.96413085449754 167.45263552244546 168.59944066162348 164.33987464587497 165.14667593841838 168.32724030952713 166.16620926668878 170.14896216416969 168.33326361741729 166.33972454444392 167.30236231305085 168.48329961854444 169.42786404495229 164.4878885112455 166.43428360417539 174.73539658877513 171.75194111056484 170.63490109636157 169.45479516055411 170.54495039274934 167.55599370671067 168.8723400443634 172.65818437208441 171.57894170007867 171.25305684913053 170.39608500014285 170.94983274994684 169.92679695138426 170.24804994965379 175.33066270023701 172.68699044458478 172.34425989256539 172.18062145732313 171.19067333348235 170.70221295056706 169.88617025022978 174.52529387163327 169.19252282049285 175.40899658646742 173.33396394428726 173.26397512675749 173.10957507569734 176.15889986418063 171.78426789296066 172.9491101908597 164.66249905781513 175.31728837682604 174.26662985986763 174.1931721971977 172.2036072937492 173.63767009171428 174.75083675655699 173.76191006117148 175.60739902855423
