# Created by Octave 5.2.0, Fri Apr 02 16:04:59 2021 CEST <br1@br1>
# name: ptcls
# type: scalar struct
# ndims: 2
 1 1
# length: 2
# name: x
# type: matrix
# rows: 2
# columns: 320
 131.66044730428393 100.77988979688396 98.839728364135652 89.118842881458832 103.11242327377521 111.19907291440521 81.297782723750714 93.860465640271713 108.57024940082621 112.92038585556328 102.79110448296737 99.658433051360944 111.23594496672874 111.73948814168351 110.10929271420984 109.96872571057864 108.19317884214099 109.56903947050063 102.97428191147498 103.85868849787524 104.88905574951231 140.0413647343419 111.09107942536468 140.13235525490339 140.39462253337379 125.30811941642551 140.2706186504027 136.75443339397947 142.18603323368197 143.09665000103138 138.92022291228739 143.16056845005554 137.54519030175956 121.10452108825935 141.65668992118066 138.62215481885679 139.53546331679874 141.0014576048319 142.28980544684137 144.17604376824326 140.63696628595807 143.15429065015852 135.55314027942407 141.75486349677522 139.04003633338024 143.17364283460446 153.08226974653215 152.06409280553973 140.92908315786008 139.44339619487053 137.77393208782584 140.24911744777594 143.84908205251926 141.24147942797129 152.85491420800457 154.15585912037147 141.99783039372056 142.77218256910743 154.60090628091095 151.94443938930823 151.25074400114516 153.56959877452971 153.15770285751549 152.31967711525542 88.641214753684224 91.323804767116087 89.730785857803355 79.106042780805325 89.31343239313064 88.931851441026481 87.911670307112018 49.579243876263035 93.21739264268713 92.142600456311484 91.179725890092783 90.121800367118695 91.61155319664978 90.569267609840026 90.729046867005508 88.302687109788323 97.642554302538812 95.478781043774134 94.457380441939378 92.192596649606543 92.718933042990059 91.855548048457933 92.553082951247021 91.259569085396308 97.012693130338661 96.627924519187403 95.546568997697221 93.64010477465105 93.791024558117812 93.041484675901941 93.125776220794435 92.034342412690407 101.81410530296141 100.61646653125284 96.341376564536617 94.777127069253154 94.123618548230326 94.077287638258909 95.083516663874306 94.155431413550815 100.96565071513926 102.00612650499177 99.665823691029516 95.063565668725616 96.055987415766651 95.09789705333317 96.278792333772344 97.318988637883052 100.1117546625821 100.84782268779701 104.84436284430741 97.724260665227703 95.928331707187738 98.21978016436816 108.12848931075033 96.138513479858275 102.56620918638828 103.16456114333153 101.97320509552304 98.572509235076851 96.863053046374205 97.113981071734969 98.808903939279318 99.856842506735433 109.2468578727821 100.86619562991272 100.79911311933239 103.93742393027701 97.926902181374615 96.912853504649974 99.895439253989096 81.903763051646052 97.543712592017684 97.671296949724905 100.03096461938476 106.69587114377904 101.14747163795938 98.588763207823774 97.887294184507553 80.703478072334889 119.96447199654881 109.12946872258459 89.292887786221883 100.91581833751459 104.99109254593023 101.99652877199418 98.794129662212512 83.019059594463698 110.85145442782301 109.91827251657995 112.2416913380502 96.690609334753461 103.98632268320247 103.50709026685205 108.94446777117842 107.12070232713926 108.6504905666805 111.16426416400225 111.37192610966899 111.00189471118614 111.13725695864132 102.17334905360958 107.82482971376959 109.45579130637545 109.74282972942812 110.33051192916855 110.50816284322556 109.50831331359831 111.44673341655215 110.67782301823644 106.29199480016057 109.00780905583619 118.11259083412838 109.35180345130833 107.6153647741022 110.05288637560463 108.30176051656005 109.00914713326449 112.50934218916544 109.25622511914329 119.39404534195489 145.06758862166066 137.74454581324699 108.14366353523722 135.14334301596278 107.43038035193879 108.64295220958286 110.39065743902241 139.13007091418217 136.59043681408275 136.7050526892304 135.57509721307056 135.5277896646831 134.45202289204863 132.60682720140989 120.19826306694291 136.1611455340493 138.14325066114856 136.04945024165028 136.24333865754699 134.4251499682666 135.09682794656555 136.56091898887576 140.10325264186216 134.86604137610141 137.65723108768424 136.79814776866198 134.94338606898114 130.07233693612258 131.68310029752982 138.25482141765843 141.69146804131665 135.57247512438542 135.93040163464246 133.59853185269696 131.4608744415375 128.3831284885851 127.16708487877005 139.62842055333246 136.60376673782108 134.80212009887603 132.40835110399001 134.53368580872706 129.24362389376492 128.92632412406778 138.83562995698117 140.83743739739205 140.76518055603182 155.13197186964069 132.64907825215627 133.51818326981305 139.68272264318264 141.35064324817191 149.96947867922319 144.30275113691684 154.33462209650523 139.43410414776696 128.0517152311451 130.87183435898481 149.67338163882201 151.21683098849917 146.25828874404843 152.64599543621489 153.70847670479893 139.15334866635121 129.83557656190879 150.99369188941887 149.23866089733249 152.28937861623785 151.01477797492583 143.92174352803082 122.80412114668863 155.10121469415466 153.82919342101837 137.90269834026168 157.02200369268402 152.95414228863808 151.66321415468153 153.89139398919662 154.91877915448401 154.8743377836104 150.47992974468303 151.72851507662278 151.85920005865225 154.04071838310298 152.21507033203224 151.70094426757441 154.12328156106295 152.91787585025077 155.04715505965356 153.28269692449066 153.39734234948801 154.27548882626735 153.61532191452457 155.35607351739441 152.88513115702798 150.3170339972427 158.23788351520892 155.96545645640509 155.30419614127479 155.14397873549876 154.69593643350353 154.56175256546459 155.58300660801905 157.45626084974739 156.14008432160895 156.50976373882432 155.7949915548075 156.73875246988055 155.7316104426929 156.83533179178013 156.0100342886598 158.64806584693707 156.54589140389879 157.62469773910399 156.8015504811587 157.87222026991725 156.65373675258149 158.18935292403634 155.39524576891947 159.71297844159534 157.59050015257512 158.6658852638829 157.77853317941609 161.21655422390691 159.16118510892613 159.63118391269208 154.67637845851715 159.26960168016322 158.66023566769934 160.1821605165353 158.57362937699483 161.04422762464671 160.72453490892445 159.36605261902614 160.48086588252173
