# Created by Octave 5.2.0, Fri Apr 02 16:05:43 2021 CEST <br1@br1>
# name: ptcls
# type: scalar struct
# ndims: 2
 1 1
# length: 2
# name: x
# type: matrix
# rows: 2
# columns: 320
 138.94088653677397 95.358023064596836 94.223949693454884 80.852855774151195 98.599352227734443 109.76584464312957 71.301866294477932 86.213469549312578 103.17977516391529 110.73647209879654 99.795372407418029 95.188744942289901 108.64178991291661 109.26345502583102 108.77817276527914 109.6429193187396 100.4561291039393 105.48387810739868 98.169606280937344 99.158712914387095 99.606954807055189 144.74584202189044 108.84488032022476 144.32561773318068 140.96244988776164 125.97185220556807 143.02430553593268 140.71399608038081 147.14349181476638 147.12121040594405 141.00005834278429 148.08923649067168 139.43109245155645 119.10658108701696 146.70176053408835 143.73772799199105 144.03575436697639 145.96199601929092 147.27367127621454 148.1175115234912 146.04743661370614 146.15842710931992 140.68443817914812 146.93128125305913 142.64049377810429 148.13305365205551 157.73556044319631 156.64015681935243 144.03874586855318 141.70769839379975 139.04461180119074 145.435562382059 145.29216095403109 143.4459265076469 157.95509209812823 158.92852941569618 144.62569835151177 149.29476214561899 159.75885689162851 157.63020311692284 156.5162714612764 158.4107688794202 158.51659489649248 157.47703740951283 84.240160385131645 85.335029712487881 83.759641845189336 70.161649581070179 85.06236036345048 83.545280365549601 82.606353674077823 32.75002527258718 86.926035496292613 87.127705810211211 85.962334113296365 84.744431452521809 86.956514412990117 86.106780089984369 85.920198810878944 82.471831807233102 93.12452138517402 90.910973903459407 90.079976663948685 87.032716403014845 87.859853361996144 87.080105702872473 88.014669483843917 86.119144513477238 93.453051237330456 91.96578047753971 91.096842882002193 88.926591394438759 88.883626258367102 87.91383557317377 88.004285013892186 87.33579326120946 105.6124692854287 96.365041345084876 92.31838027542743 90.049093484413575 89.005261562157315 89.078743964418038 89.000128238614892 90.996915549258574 96.326664523269912 96.035283206227191 95.213678625310877 90.036046421047971 91.158397236475182 89.978178071554979 90.052705695594156 92.014593389658074 94.503411736873204 96.289255985942034 99.121628817456056 93.29139769480004 91.209173580722549 92.886671726033029 104.69022738908029 90.942752178209787 95.863426010327544 96.452420677953484 97.46858229772532 94.319066793986195 92.336693157171055 91.874739388464931 92.85939549780052 95.333020123691455 111.48484865874227 97.364288519558116 95.462735728277096 97.995461587551276 93.344948501497001 92.162950203671741 95.212696515962904 71.64681088178942 92.752552271019127 91.735236429182379 95.220867120640463 103.48759633240356 98.60620171931707 94.178279125950525 93.139746353869896 69.706372250978887 127.14059002877718 107.5672392882874 77.724558623970182 96.394060397969852 97.075003285084577 98.809753397300554 94.335163462083585 72.808205063440568 110.8262527829056 108.90798490471593 110.25014108842858 91.741638244434213 96.244186263733027 97.358538227511332 105.74008145242736 100.70037945466468 109.53997944155394 109.7048963396505 109.13989772368765 107.61074140364201 106.39382740944811 96.92569894209403 101.61119146608117 103.45688417312041 110.27605693507196 108.41595927060592 107.98896943704899 107.02378687490511 100.42104737577029 101.3715068351418 103.58522303491092 103.78007014126307 117.86988022029043 107.19354415621817 104.77489220263625 106.56989374775128 105.87902294697588 105.83859072869926 108.44326067410717 104.70556333214773 117.0766702738444 151.73979771304914 135.83463998054859 104.46666680315734 138.16750566528594 102.5160796985048 102.26101089864669 105.48585726342755 138.68446524385493 136.7526394172211 145.35065461811251 138.60466504408825 136.69865021116144 136.68399737143116 133.32023926395431 118.92720373117348 137.80844730100102 139.74160595641823 137.59145981144439 139.58052801304947 135.59950697224122 138.47366421704365 140.52868329195883 142.27193710158028 134.57025859544007 136.92146940281185 135.81128517561672 137.76213499608471 130.09948139218619 134.28623863436124 141.77113612312439 145.03498385751584 135.65039701395398 134.71388607149345 134.47649521683186 133.1533137435415 130.67546454491941 129.62848265428178 144.70618047867882 139.6053052402703 131.57277661936669 133.3036782063478 136.46686934959396 131.74249765991945 131.77089527098471 143.5309753897138 144.55046718944163 143.79462160342061 163.0868302265599 132.32469112319194 135.40178340579698 142.71091145899982 145.74293406901441 154.45051214787966 150.82283888523949 158.93051928194743 140.54028989281875 130.31417887298497 131.36958319764699 154.203791350655 155.68669667315714 149.03887252234907 157.86753677613967 158.91101464228052 141.53816208327328 132.80424624230943 154.73641857886832 155.29011004857071 158.15527871948288 153.75929101371031 148.81319481926502 118.81549570317262 160.04060553941139 160.78289290903331 130.55239523618019 163.04900560423786 159.18000152487821 156.6298305545684 158.68862561544407 159.82264282890253 156.2429948307734 153.5657884417738 157.28964385522491 156.8386878040929 160.10926680887397 155.39380144522607 158.02654338170117 159.02540876371481 157.11482427179132 161.37763436595785 160.23619293512922 158.1886959254231 159.36089355903709 158.97612059344013 160.36525262329513 157.73187901294457 155.90630717454349 164.08100068029168 163.01541160023061 161.2434646411223 160.99774935128545 159.88294883161757 159.46392580065506 161.06265262942838 163.5211011379578 162.32965725170024 162.01964847230664 160.78452191385006 162.81398274843818 161.42900340052122 160.82621457539074 165.48305169115696 164.62154814491291 162.8951745332738 162.9887928897268 162.2904662657759 163.1498714015658 162.13707689440565 165.89736371537802 159.92997182017785 166.29784545412878 164.03746212835975 164.12557076245645 163.47193564575505 166.11742002089602 164.65390924451879 164.93630852036443 158.45491057717044 167.13431582817836 165.23368310224041 165.27352082258332 163.823213467356 165.83562279474702 165.56974261032656 164.50879084394842 166.11743957893933
