# Created by Octave 5.2.0, Fri Apr 02 16:06:24 2021 CEST <br1@br1>
# name: ptcls
# type: scalar struct
# ndims: 2
 1 1
# length: 2
# name: x
# type: matrix
# rows: 2
# columns: 320
 153.16335062708583 90.400887766505747 89.432055256770496 73.295381847469926 92.974346827820455 108.23182550935762 61.994622510199513 79.22193026614994 87.016007497002619 107.31816549848544 96.103646598727011 90.703290755870455 106.26999100657409 107.95199483941215 107.54460708725071 109.07220861876726 80.211713843940856 99.288585979258471 93.191625073032881 93.759738850371704 94.319479936628184 147.61176010817448 106.78625891369254 150.03899306033955 144.04212019529155 126.57869361278412 145.79513250093416 144.33416767937632 152.16763916827688 151.35341247846651 141.24516927246597 150.86026334642304 143.3847154136246 120.97409107281908 149.78091334310054 146.61941932557323 147.7603371295566 151.10193004558249 150.48954253800977 151.10947257911212 148.74081127076806 149.98714860233596 143.50922604536979 150.23980920017635 145.4720110262416 153.44500256738277 163.5798011212116 162.88363103426258 147.22954785367344 145.26445667823572 140.15110365994002 148.7713147609328 150.36295333141555 146.43744006976769 163.25345540099963 163.94122088305519 148.37786828701431 157.87901721220064 165.19510251397398 163.34826821635215 162.14607832085207 162.60490849595712 164.31158032882186 162.56117366108901 79.36069463806885 80.28283954256905 79.709381923382963 61.983918655598046 80.78244645668677 78.865625275530022 78.531345044809626 17.363311120657134 82.148531529775212 81.511171945713556 81.438280151270433 80.381072453055694 83.025692799583879 81.534319460876688 81.650058835838294 77.938341004468327 88.623970652711478 86.756660232014227 85.741949812580359 82.49207145070632 83.284963115055234 82.998938091582417 84.089438212405625 82.20641204083276 88.908527669008905 87.592112839396606 86.528964741295113 83.959251419189684 84.380737944178264 83.639867693988108 84.054151260683398 83.366826181190106 108.6846363222474 91.549476666836625 87.828515674289207 85.213813603491147 84.73088424066151 84.519097738172348 85.363621985441668 86.92651095120695 91.544431398290527 92.419429974992539 90.882405644413396 85.635416067127707 86.38208290341521 86.307580688695566 85.217729460972748 88.272841684056687 89.86933216548853 92.010433281493036 94.43151264762902 88.759951671886412 86.699932432848726 89.274006265971266 101.54667727887249 85.951387990686939 90.468324976003359 92.299162457886695 93.547345957495921 89.770309411353693 87.818465742604516 87.275976801377155 89.002133870782302 90.297009555967435 113.5310116630487 92.636978416594957 90.194014714846134 92.050924314260953 88.460900563130181 87.334698013114689 90.425809353490209 62.994424094726192 87.766142266486369 86.613028515795861 91.834073044511797 100.46953767171239 94.035949812464608 89.810856763780023 88.365560242982937 59.651875500024829 132.86128004467776 109.14757631143767 67.147800532768628 91.932069910059582 92.059419171843658 94.991689220914083 89.399811308018556 62.915288772928747 138.60411583326635 117.39286881981306 120.71248697910222 87.517737824652684 92.413389399418151 91.298815959273995 104.25916660882753 81.405358576192484 112.89337117382973 116.13914763315398 130.95127249524506 111.84487040654955 96.965212448066595 91.421041267910198 87.73435088090352 92.713099253193192 113.38195670985046 113.0755205668887 112.79041894614912 95.802929067791965 79.430875265580639 79.321773125110312 99.715580606344389 91.784612619299111 117.21699357147494 108.87896319919035 107.83547820592955 95.107934916915397 100.69849799407177 107.69274889176144 113.92434396275547 106.16274771896877 105.07551293309804 157.8401031680329 135.4666404024471 94.657683823241442 139.81695762886022 87.893612094961767 86.622370445484407 94.044419917699756 138.79963097444562 137.82349304535038 153.45556603043229 141.1438464676292 139.82737379327227 141.05086940855782 131.58770782091733 124.38428857473693 136.68396933318499 137.52047847548252 139.08261297320308 141.00722167022434 138.50481226943779 139.85646531514791 144.48953738902514 144.43521341736525 135.52543359746937 135.94137639688691 136.44237139999225 140.02523029581909 137.42050749847593 134.18846132945538 144.68289208264113 149.01389293064653 137.09682742832896 134.40510545919415 136.17353257816163 133.10867984236287 134.76097313517755 130.43909381203528 147.70224492010905 142.79906967776222 128.62023400952958 135.04203513093293 138.27435839029869 132.02504685469987 137.87900975773726 147.77425432885076 148.69558885220786 146.33500664016381 170.35984358145745 133.55837651310233 137.3076557139135 145.78379987017632 149.3875194300974 158.75987831826728 155.95533882790161 164.35521456493203 142.02968990490405 122.31250660023792 132.67515667573866 160.25436996337055 160.69483282156446 151.58112054822394 161.48830660862896 162.78193073181504 143.2405327335637 135.2847759782496 159.97711581304586 161.05393345803895 161.48941362887999 159.30437908162645 150.77538518198955 115.1687524405294 166.10121055777176 165.59597048109197 123.83211811244854 168.74367566132273 163.67382205269163 160.46694403919184 163.27373873356919 164.65994463153586 160.98341233359531 156.38714496482822 158.6500603192807 163.28292272433342 164.24889085074764 159.56169640638461 162.70777294149011 164.40471513022757 162.1498262855302 166.15277193320611 165.00506670144361 162.55173843575119 164.86274726007616 164.65468388661628 165.45918244445843 161.48368012174956 161.72740353198722 169.57553381225921 167.15161312746483 166.26531137038569 165.33757761547633 165.91270222997065 164.50965346563694 165.63677427901013 167.36417490955756 166.45864530319776 167.06321622916431 166.28260836185626 167.69273379457624 166.68370244136972 165.67412957338956 171.64764847044182 168.33244308741735 168.30698279987845 168.14921388205502 167.4332739567796 166.62093799450969 166.71916017807055 170.68963395447977 165.02347652309044 171.07188205267133 169.4333385524844 169.21060693872522 168.53936880416879 171.39259439465283 168.72541219880387 169.70638164347355 161.90956851422487 172.10385906958177 170.48013086829718 169.9529795868078 168.82542305406196 170.38038775168573 170.81569942919259 169.5997289371773 171.7232215111259
