# Created by Octave 5.2.0, Fri Apr 02 16:04:31 2021 CEST <br1@br1>
# name: ptcls
# type: scalar struct
# ndims: 2
 1 1
# length: 2
# name: x
# type: matrix
# rows: 2
# columns: 320
 128.40132091607256 104.49883389643455 102.88405619799505 94.786948326469783 106.24965433945772 113.71574625572808 88.95006354107224 99.104120102643691 113.07317805347282 114.41792671734619 106.65950323392656 103.83961195832524 112.65116649222657 112.02335257595082 112.58873457948262 112.99143004081331 113.38437051574776 114.15444234164553 107.00087630459034 106.83283059737154 107.38300960418285 137.44636246177504 113.08889900997184 138.4634903100594 136.79124069420544 124.85298836101347 137.23497868106523 134.03930469473283 140.42270190005533 141.49552190145604 136.7586136884662 139.22932778227454 133.08203959190567 121.71559111546165 135.93954882652432 135.63509427192704 136.66462769335399 138.3900226324231 141.01657081412162 142.51799725501724 137.32134209646475 138.89359046664165 133.97330988787175 138.06011680827822 136.17813508141197 142.20731494144314 150.81573700504237 148.7279257193095 138.10476605871767 136.09216070197365 136.88854094166467 137.20805255281419 139.59530661073853 137.91833131338075 149.85824023218973 151.76137565264264 139.07030973757441 140.12356969678606 150.56106616269929 148.58249983139697 147.55619095170633 150.42018471297317 149.46769937028751 149.86966233094188 94.657891828678913 95.431543862974323 94.418710215881248 85.239340974909425 93.2791055111948 93.740452135330443 91.993613961749219 61.119279490212193 97.497313067680054 96.445258690126479 95.259247492792355 93.971304698443504 95.286374034596619 94.134150282064397 93.925871297168399 92.089954680215186 100.00570388097863 98.413904388075778 97.405734815899933 96.321899878499153 96.193640269445993 95.059144454943734 95.026857568707527 93.988279477461091 98.6215633476926 99.396597223143672 98.369642824363453 97.25601917541664 97.184958584625207 96.129708778886879 95.805833345787249 95.024899907236019 101.62930478700706 104.82580127868347 99.437025988885921 98.234125157499562 96.915035473307881 97.102479429623074 98.272875078142391 96.151272237051629 103.81620177912417 106.59497718083831 102.37836916672718 97.982330231356016 99.149331749220934 98.544990038284013 99.274783632607594 100.2290586093338 103.59727076605914 103.97027311082189 108.23022933242227 100.55295877495645 99.271760949475905 100.82425964882518 105.90634398396415 99.421799655513453 104.69383172559102 105.50368943525335 104.90057088939969 101.09228499496211 100.27219871170449 100.03743248835598 100.89079093593949 102.42265965576262 107.71223561955227 105.59496208378553 104.15475816733286 107.77521973726726 100.82417971893085 100.04737228281431 103.40109211477314 88.160733688913211 101.52861526371632 100.65129021976895 104.76835543228435 108.9886808279327 104.62883679561176 101.59372278991793 101.21035517500677 88.244350635550433 115.04370534587792 109.86333218984406 97.225456354623049 103.80228818858792 110.38681173401524 105.42578542884448 101.77031054059903 89.999218286264849 111.14276354497252 110.61349604547472 112.30819457133899 100.47510214628623 109.99075246494209 106.01279343203048 111.14176124689344 112.193581919441 109.18638779337341 111.80942194939243 112.20127281755323 112.70763410143266 112.15456439267386 105.14632944625352 116.12156945593895 115.25215387748648 109.87416936183332 111.12289461345297 111.5913666761686 111.0357794249242 113.08570643730312 114.20536112357294 110.9103546626467 116.00132333619581 120.02576366802097 110.5506724358162 109.14684375068246 111.89434279466623 109.79988810513528 110.21642955847081 113.25734963222547 112.47426799711783 119.23635983282682 140.49235953042285 137.71976633527956 111.24844538088863 131.79687431534671 111.90880435598173 114.44867925824772 113.65766123479341 136.75059456204352 135.55671850739338 134.02553998392753 133.17839262366317 134.66872024771277 132.62363650224219 130.38445555874017 121.82879258512045 135.12682960706954 136.1750871079841 134.19469307485636 133.71959080367358 134.09481822495195 132.97590652361671 134.75619940777364 137.23740048195322 135.34099866720001 136.23525444809556 135.18116886787408 133.57622490748417 129.56621056338244 131.46164211389583 136.16139756571576 138.08733449657748 134.50923042825198 134.9643653107008 133.45171380804788 129.9728278466041 128.34988391485325 127.2046491968149 134.97039855033171 136.02783702010501 136.572855402474 132.12014502045972 133.48386072618604 129.52953259010732 127.69146556472334 137.25097297301645 140.27460090262653 139.18721704072158 149.67721185346753 132.37515006157273 132.8665180475904 139.20116037644399 139.76240605845678 146.67275149841038 139.19259292815519 150.00903124308948 138.6793501487453 128.45593163439926 131.05536662283421 146.39214732421215 147.50931234183673 144.35160272464228 148.24480953959292 149.46205986055139 137.51427466859079 128.80679678828005 147.96164120512572 146.82113487028258 148.62534815817347 146.84191307082199 141.28797651227887 125.53917859367104 149.85934606540212 150.91580010695614 142.94290618306042 152.73696447266002 148.78216864303599 147.38286609783884 150.80493147167107 152.28817899342934 149.97519970312666 148.36391235239222 148.924694239589 149.10629052412199 149.34620854550556 147.66492776599 148.26842065811243 150.40924519264345 149.94361335214353 150.7449360871297 149.71863676915353 150.84608466237174 150.16275801270504 149.62764280117469 151.16937992633294 147.17100549503465 147.85815494859 154.39209697115669 151.55219879191665 151.73838634551851 151.54761734095268 150.97086486298173 151.22380839327241 152.21856228997845 153.5288067651191 152.30078102851917 152.85331667043664 152.68527305672359 152.73652202589298 151.65047041945337 153.37669646069662 153.19235052261271 154.90716126946577 152.90333981301643 153.72460689666659 153.7291326385668 153.58115954864257 152.49517348383091 154.43470867721231 152.99735864157344 155.43617217332758 154.34411288171938 154.65376626352327 154.58580280134953 156.33455573383472 155.21203874329788 155.45064778249147 152.03390083401533 155.54492247593885 154.90340473795564 155.72726151048599 155.56883735530445 156.6968626299429 156.41277192164745 156.41494290975999 154.55191747344961
