# Created by Octave 5.2.0, Fri Apr 02 16:03:41 2021 CEST <br1@br1>
# name: ptcls
# type: scalar struct
# ndims: 2
 1 1
# length: 2
# name: x
# type: matrix
# rows: 2
# columns: 320
 122.83364666955561 110.26155042145099 108.27512862858416 104.46996179503016 113.57846887776773 116.38699274418259 101.07607017215769 108.06202980919582 120.0892696793574 116.97622568955866 113.92089955103354 109.02348547364741 115.17066869405687 116.81867384066341 118.10823621145222 117.19172280325493 121.70488527807109 120.09348445732593 111.38742303005009 111.26409787087063 112.5403550695259 134.43418382704459 116.1963359285715 133.50789417106787 129.22363250583166 124.07547280801791 131.84493442915161 129.40095983351983 134.76982032024145 135.29157283451602 133.10133895461416 134.24326637256968 129.60455988997361 123.80800709795595 130.07418645914683 131.175323469228 130.88291334982344 135.68524636764536 136.19113557815396 135.68654075801359 130.82002345710316 133.16492278104931 132.56042631376647 132.09314513870243 131.96879331358215 135.54426802864936 144.1686463754902 141.74228540793021 133.76866035519507 131.33058710219555 132.92523638298664 133.05508939712922 133.94792956784192 134.28824814816815 144.02000849083251 144.43417009916823 135.06533468579687 134.14051801881271 142.85989178901622 143.00266348107047 142.9056705831423 142.30799997013477 143.56555329709053 143.51858109117507 101.06095591215218 102.61527096303452 99.919085311953111 95.717058723170595 99.377374783042697 98.37674536101953 97.990952750030743 80.833506997370364 102.89796432681123 101.85155564928569 100.76919885704396 100.29149379967245 100.4498845995065 99.439898517265775 99.187612515823986 97.311762403393402 105.96552383590819 103.83730486169618 102.59841246316954 101.44060275449422 101.39584317496956 100.49202165914042 100.14282132823196 99.267837435911801 104.96163308959434 104.63395887802973 103.50116336526912 102.45822654020192 102.28002095507593 101.38118387268872 101.38498360767231 100.30856620672044 107.77810915240813 109.985891949164 105.69983917886776 103.25489408687555 102.36943675028067 102.52090291762737 103.48993525053068 101.55246211465243 109.41763936717818 109.12438063597639 108.77934411574678 103.79227043596727 105.28878676334391 104.56470891527717 103.76460222082977 104.43927027700066 110.56988184206193 109.20830447072602 113.03320858706115 106.94778671868418 104.39307382706205 105.96574159462985 106.341179053446 105.02215136181685 109.20529357190877 110.59158422367607 110.26231249832863 108.31053000254099 105.62041901355052 106.53694293014321 107.02329952024998 108.08540903703066 110.25169066474317 110.17402518779589 109.4114985953489 113.06123177625712 106.93683128032337 106.57011390873615 109.25615092960184 99.9364475386827 108.58150969205067 107.13466249796224 109.59120742270771 114.24331861240367 113.00719416503843 109.06616107469218 107.62768402918812 101.12667459771032 113.6468075845048 110.99672109684018 108.41168340174428 109.89096262268214 113.57069902793972 111.04533430981172 107.95765161819041 101.78357347215982 112.96887133939204 111.90921541476214 114.09056758460235 107.66761881717038 111.70536191649791 112.3493585314185 114.89547093457325 120.90503709297532 111.64391789650398 112.26628404136501 113.32485104369155 114.95887075283439 116.00563283449952 110.33658881163036 122.80950753945255 121.89699357945469 110.70430577501199 112.69539432525961 113.94969574632692 115.17340531934578 116.33784830122137 117.5586647807357 118.61853487627482 119.66598866986644 120.56471534513965 113.13918323498481 114.22109403544611 115.27468951584096 114.34662900090416 117.80098579585822 117.13759064297187 118.61592379134547 121.69636566884716 132.67634316622491 133.73056682880889 116.62657458540855 129.22837031378728 119.54662563322562 120.92738265688976 118.2197950102243 132.72990017883617 132.55157484070105 130.88271378236124 129.81728242635953 130.94256212430113 128.83813358554519 126.58790400251274 123.56577582598288 130.41897437604041 133.83460652212966 130.24352714017843 129.50097053061086 131.34747221143238 130.26822994704631 129.95373292030354 130.32150930816772 133.14712907984472 131.56437697173234 132.15776685002749 131.14094217953235 129.73199082464259 130.6078092803757 130.60861357464006 134.63013559141373 133.45551200818912 132.51075349541617 133.36252146735671 129.74016898715246 128.85625955570262 130.15613903746015 131.9379740490069 133.79568293247857 131.63056739863359 132.43352119090656 132.29822950468278 129.88036262592118 130.63517374410839 135.45168158605196 136.07198974135599 134.85947072997834 140.35866349250503 133.59220311189134 131.78123390681577 135.76497540879623 136.54385169830886 140.7052680094645 136.52672217860058 144.03822557975545 136.42368697897379 131.18429114580968 131.20535913715139 141.28273464621074 141.98861559613582 140.66174679186975 142.08263678726533 143.03458736831399 135.6804816771934 130.89453367909383 141.66402280515908 142.02757499617692 143.08757267051962 141.79011014582937 139.582796521228 130.21156839892714 143.80893229338861 143.03430805999477 140.08452700670225 142.48445091744335 144.11723299180272 141.31169847891994 144.30912694828862 144.97690263116056 143.93822491001666 144.37502675567501 142.8507095006311 143.22240568208679 143.61470590954133 142.77210081377689 142.4632438528613 145.91502380173185 143.63694766486631 144.29596391352189 144.42250502427362 145.18803347322338 144.79771393686983 143.23400036428825 144.01875089502695 141.6368871606665 142.05720553167535 144.78852400803376 145.484272860109 146.13474815091476 145.48775297105351 144.38707098060354 145.14721794025766 145.56591402193143 146.86490197178384 146.23965898624374 147.20570175667893 146.83716598142863 146.56964057576246 145.15544326764456 146.97944170972664 146.15948511540071 149.23754553965986 147.78622905436575 147.9050311216717 147.70640248585386 147.19533016572677 146.38515208869771 147.88333804937204 147.09288080911458 149.4283107824636 148.39928027541498 148.68385077473221 148.28651631970865 149.97146237187053 148.94472146562055 148.93675278492233 147.11078703725414 150.45444601379737 149.19548024859375 149.97998187207784 149.47520233100377 150.7389782460379 151.08157396828369 150.03102896888379 147.96584811745055
