# Created by Octave 5.2.0, Fri Apr 02 16:07:14 2021 CEST <br1@br1>
# name: ptcls
# type: scalar struct
# ndims: 2
 1 1
# length: 2
# name: x
# type: matrix
# rows: 2
# columns: 320
 171.5099122401661 83.894647687761193 83.540973802579344 63.376197318700761 87.217486753604263 105.74204624478875 49.598483013863628 70.045534956998978 67.036857406091158 114.79986147949865 89.859824196072012 84.382761284285806 103.15700494199953 107.35720818071445 106.80881639161578 109.3955331280054 53.597805449674219 81.634071181559023 85.843671254319077 86.895135064322645 88.666600081955792 152.4898366574977 106.52790623537217 153.96706067707581 148.40847101683786 136.01611215761534 150.34709534658475 149.08564290305793 155.96565550777288 154.82031842452449 141.56687736767319 153.12306162238258 149.35449799840859 124.98476714843537 153.99986090375063 151.16653564996429 151.6791778032707 155.08410885299344 155.34728045838924 153.39030749947756 153.26913965292681 156.06189810701821 148.05333931801258 154.15066906007215 150.51778110067855 160.56870336110754 169.87534044697645 167.85984975645798 152.19141250651907 149.91452484114038 142.51275643627065 152.88359285217561 155.66038404446633 151.54751479581768 170.03599936420019 171.60120827096387 153.75803027915507 168.78519487242463 171.84554892933295 173.21421655443311 168.87903743886497 170.60556502590808 170.45859316471112 168.85381059283213 73.874670405508226 75.068702947571637 74.604674836813388 51.250646815915871 75.750159410897254 75.180400828781032 73.51538158925888 2.8317512037509447 76.332463365757889 75.330462090398015 76.189668670929549 74.067431568058893 77.514357718329293 75.823111162787455 76.317919095642139 74.830838662883068 83.057249727021912 80.671920736994835 78.388662944911417 76.842285637769763 77.296251168321533 76.846803908719281 78.653145822713014 76.362606869578201 83.610072078815634 81.865819459008108 79.550984479260379 78.068715906393876 78.385882240358015 78.037470415767459 78.174177272450919 78.318589976766546 107.66749539610193 80.376186241395075 82.422013075148044 79.150468450918552 79.191281053583964 79.304514620237825 79.922705154442752 79.108237504409985 86.471059828387183 87.54974746534235 84.58689845455612 79.460689166708789 80.353011293921099 80.554919095967037 79.347036603301575 81.692643432053487 83.711656940817562 85.486717631546199 86.890851513460106 82.597285447484367 80.354576497992625 83.080273188829651 97.420767759224759 79.760994724587604 82.613443834743649 88.580901708020576 85.121628417187694 84.873405054268545 81.518070977461747 81.11269047849882 80.958417565129494 82.481220625755128 116.2166006062009 85.325155307464016 84.703427773719014 86.190345402045494 82.515562853953512 81.444744274193837 84.42296068371806 50.706637066927399 80.447843449859391 81.537269445634109 87.16112268812013 98.847432292441852 87.495744914671079 83.768824798178372 82.220719255003743 46.455348514397627 129.70677956973529 117.85598194298136 53.265805538066587 86.520804843641343 85.194497665028308 88.092681992381074 83.299350151470449 51.042747540880711 182.07740053637548 126.06101416535364 133.33104619850224 81.100365393209245 86.11117567045919 87.125548182957814 105.44823242765673 53.732167980876639 118.58654304159795 120.78866930327607 117.53944706169345 113.32149659661988 80.365427998871624 83.704802535326976 65.036020327061834 79.134681018143965 117.0453029178814 120.42200102618679 122.77453508927276 81.282261299790278 52.971771876577598 52.509661026921066 94.697895722778782 78.763086735382046 115.95034460030652 106.67891631986519 100.95175648982703 79.584970945124553 98.176338816534567 114.74035116599372 118.48560960570212 95.687832641414516 88.52313853593094 166.04433454926095 136.30695477560474 79.947305113472396 153.96358938140111 65.991862325888803 66.063321737148996 78.919085915485397 137.02789278330107 141.79782922274785 168.03714902153618 156.23178969355851 155.01162469391193 147.45593935134809 120.59663154003508 127.46149691009023 135.71608009509944 136.04666778904104 147.29839438158956 153.91164525993057 152.87914432138476 147.80414935752253 149.09968745322641 151.08269329595726 132.03456636934098 130.9658307354251 148.6694560771445 146.8742718079956 147.92977371143854 126.59249801522392 148.24615583385943 154.93111870496332 147.71680266372184 127.0326056040614 148.52635101246554 128.68865122375334 131.29555822175152 119.54666973542891 152.64659038935201 148.78921823697067 124.21185419003379 132.72680647914393 146.88115416051636 126.07639283511368 181.85486932189343 153.04307714599813 154.18521666312438 150.11751584975372 179.9056736097605 126.20560868563156 147.29375046359874 149.30294232009706 154.56721186449926 165.12441198716238 162.7237157832156 170.26450737119561 144.88851577341339 105.97276042442799 129.04814595937711 166.22774323863058 167.25554182069206 154.9178210821847 168.22988963172517 169.3826325284422 144.59117053464354 133.64638928878347 166.0356788141338 167.36514752503095 166.89759717842668 165.81226667017893 152.11585825535414 110.38240190831019 173.48811220345729 172.48077723533228 115.01175438755075 174.6567031100621 169.87176193921067 168.3787248771213 169.5790778749147 172.39155440926103 164.8282673691885 160.09017540133715 160.81441178904961 169.65774465129431 170.76629523496652 166.18912622169864 167.80540646972867 171.59245246331594 168.71624465395337 173.4505982110615 171.06462704779193 168.91263203362732 170.14614885113701 170.58124122390774 171.36686885689224 167.33420784002686 168.47781333322391 177.57765681000433 174.31021668462961 173.29005932739528 172.08975812374305 172.89985177434301 171.24846286042583 171.57398452600475 175.38311751856133 174.08921286434673 173.68398381004616 172.45925190406919 173.0957843381241 172.34623378151858 174.01001373068632 177.45383796691195 175.08717946784731 174.88986022842676 174.72176441083198 173.44494774086985 173.42620630377371 172.32091401288562 176.20301993147692 172.58717343204918 178.61982366269879 176.21097148588319 175.88040035732729 175.401525857726 178.91820777501115 175.13709124265981 174.61341759869865 166.44380705660882 177.52933408478384 177.00248522192285 176.41141977348849 174.21039220240186 177.25787190642245 176.8144465533228 175.76154623279871 178.14960463736944
