# Created by Octave 5.2.0, Fri Apr 02 16:05:15 2021 CEST <br1@br1>
# name: ptcls
# type: scalar struct
# ndims: 2
 1 1
# length: 2
# name: x
# type: matrix
# rows: 2
# columns: 320
 133.35790896481069 98.843508821067132 97.177791845882709 86.166704628848962 101.80865728825603 110.31322402984294 77.611093435684623 91.129395607786307 105.72145246392382 112.14041665671802 102.50755863544447 98.093735013469527 110.30946101893869 111.29571122701665 109.33699145119932 110.20479274790137 106.09462008546187 107.51902975619456 101.22655253077646 102.63651673459223 103.95413725542952 141.7622406705722 110.16680385974472 140.96484380592344 140.51451316208366 125.54516684111928 141.2836478981159 138.16856292483709 143.87588843443925 144.63077638421413 140.31568437864695 146.3784495890653 138.71411478251898 120.23924526732613 143.38009325136161 140.41060247126225 141.42295433078431 142.78118982819925 144.36786535402959 145.05400366812796 142.57542138047324 145.20476006112193 137.45010650953913 143.55314217549073 141.04966777397473 145.11583832934966 154.4865122854186 153.67701178283963 141.91135710542162 140.06827961256027 139.4126127148223 142.11812907906199 143.03080327966228 141.56074888644372 154.94751417739084 155.77279639656604 142.48663867405068 144.84716033679359 156.82699638827469 154.02190948688835 152.92545725587857 155.42779727227148 155.71822189869124 155.03553456599062 86.502107812104512 88.739665662473229 87.514041184494573 75.911616638042773 88.042206394610446 86.909114024963813 86.242979468009878 43.568808660664516 90.972453443062363 89.906298126836248 89.316730128116234 87.954358861563904 90.155354901046991 89.106268185093484 89.180084792659216 86.222042071749129 95.777823119702276 93.640855928188913 92.450416650286584 90.453907509580219 91.197531323935209 90.175840927034258 91.593494175945807 88.824050971920258 95.646849476204636 94.71284557470014 93.941767840839404 91.920242789188379 92.39319692587182 91.254723158685039 91.008773304419393 89.946627627859982 103.14692824692214 99.069493434198975 94.754858250182252 93.113953466406628 92.381572816556371 92.279530631024599 93.23162524049205 93.222536593059672 99.176318286853885 100.03164818094481 97.822599276718719 93.496127886728402 94.479130194618477 93.554565636984108 94.170006540518017 95.286502765570262 98.253878797419461 98.900630792212496 102.4096003155921 96.163910547106539 94.365939312622999 96.539678289099925 106.90053606032015 94.423968376667304 99.812923601164229 100.32215389777048 100.17470561974875 96.772928414328419 95.110242542433525 95.324557825517999 97.694105065861251 98.442718114195088 110.0461402963393 99.38397265719918 99.116324105392479 102.62377669212069 96.100343603708325 95.453223721011767 98.216136708998093 78.336410208870817 95.387732101638633 94.927324771963043 98.809119744814026 105.60966882820203 100.33192480134882 96.931352552496193 96.364256486649523 76.77594027899346 122.52737129377323 108.73991304635943 85.161341656846275 98.341306347064574 101.1885500615092 101.24765507396081 97.258686323237797 79.393200607393396 111.6741682856842 109.86591606320528 111.77278769952798 95.99192202722999 100.10056254241029 101.04483219251529 107.80004408591019 104.0137884323552 109.22641321867616 110.76851179675936 111.20211751522369 109.6559525844914 109.79442821625561 100.52844362465409 105.01745732338298 107.29903108779997 110.45131166587065 109.61366295642834 109.49802612725564 108.58665859474932 108.19982680068225 108.50098780515982 104.73302660289141 105.78880035873765 117.91100447941454 108.61997474659599 106.43173937226103 108.78911069206508 107.38705496301156 107.61095399124085 110.81823088861185 107.94190770999677 118.6813153816872 147.45052044001369 138.14740080577695 106.76131370907477 135.94486271536269 105.08907021207389 106.48190777099703 108.82376510242952 138.48098984191978 136.95176090539184 139.65188878132517 136.53086047398344 135.84499725934509 135.33247839041996 133.76431243196703 119.89603912465741 138.02863581861357 139.04188233844334 136.65547570210566 138.22616039670027 134.94309632866654 137.0794216665808 138.39069306365977 140.75352952788421 134.67804699527119 138.05506310226829 137.03619946798048 135.87251532847648 130.11456090235399 131.92034337369569 138.88649557885608 142.66804062612354 135.96752225172276 135.91187698529365 133.51162733102097 131.62918025755539 128.38201018564592 127.72089365430652 141.87544566419848 137.0588746561659 133.64878314190841 132.66232223934637 134.41171595164323 130.0214600299598 129.07970022252857 139.79927523667837 141.73090955906903 142.12393416701383 157.97299271139755 132.39660862009305 133.58992848702709 140.42689204477031 142.84500086345878 151.31515742673159 146.39482477363629 156.34101811103304 139.81657471583844 129.10751821110193 130.25922568120194 150.29474441728092 152.49728626987294 147.2513543791558 154.8246379897985 155.88209676323993 140.01766351327026 131.13509174257965 151.73991950511027 150.96267604212011 153.95169526517046 150.20683459029394 145.7627169922234 121.37961205971862 156.65772288872668 156.52021748832917 135.277590088804 159.66383955030878 155.06092304856458 153.80620739548235 156.09627254040677 157.13795054306476 155.73801306510563 151.58202213650117 153.90691152638627 152.80898427641444 156.04162115025719 153.27876517197339 154.32581630929482 156.45589383309874 153.89399809120968 156.89873275478902 156.02053646173343 154.88245455666151 155.98922234188208 155.45144399020947 157.42524667840976 155.29016181293707 152.15322364813454 160.63283033679784 158.59460986585341 156.9248644015041 157.46354315468594 156.64414985685249 156.74971038675449 157.8565994320661 159.6341914408558 157.85646438911311 158.52601437022747 157.67329704402985 159.27834883428201 158.02691799483281 158.92130123587154 159.72226131970137 160.48511972920102 158.30153080052392 159.68688829256189 158.95870398698324 160.03357732803184 158.48891201763766 160.93316530938409 156.79010511101512 161.44402263241031 159.44317573695258 160.94413081980861 160.10424347980148 162.35893369654417 161.12153325335066 161.69059830601273 156.02585421517904 161.54526795682725 160.43977475332744 161.94281870200112 160.39808446020089 162.52755378340441 162.88631159580277 161.1665014136712 162.8791718318102
