# Created by Octave 5.2.0, Fri Apr 02 16:08:08 2021 CEST <br1@br1>
# name: ptcls
# type: scalar struct
# ndims: 2
 1 1
# length: 2
# name: x
# type: matrix
# rows: 2
# columns: 320
 193.3541395742954 75.529481872232481 76.510532028742347 50.622960067426121 80.625174668987469 106.88666153172787 25.217197507563476 58.247312416665771 39.166153534499706 114.97942912369403 80.376981598885479 77.034224018586087 99.15459428754653 105.81932525918991 104.74481608158897 109.42499227756996 17.651733783451345 57.43177406087085 77.692651212949968 79.08930699399103 79.198448565940481 156.13369754633968 106.02644484998635 157.89981667293927 154.85162680942159 141.92782209738846 155.50837302837033 155.19468247636286 164.14665963505777 159.01533687227135 153.81639128504594 157.45141449496919 155.99441059667211 148.34815516554931 161.80151591659171 155.68633180239573 157.60257439199552 160.91821436930275 159.99714945558495 156.73668617346004 159.78183287990208 160.73493885825985 155.08899818580426 164.45758520181113 156.63494616898043 169.72774723875366 177.02617087464498 176.43581297635393 158.7253699790885 154.74732035986113 145.54916714869574 159.00679355163874 161.14170966707022 158.02395022807229 178.06012211688838 181.33185967979514 159.04893687542898 165.13646919843885 180.98175837245424 183.50469303771339 177.59688837253071 179.40217283407313 179.11767520443118 177.5294820228934 66.782463178540169 67.397853712669303 66.805383333528624 37.450725879181647 66.985797847998896 66.090884920448957 69.243497581090949 28.796831335132715 68.183469639047942 68.505445477825234 67.985328114871407 67.117294655360226 69.34908946865194 66.937203170118352 67.813406677347615 67.930495664793213 76.166996375084636 73.794374672313651 69.706826942075523 68.753943487205092 69.167659410895226 67.32405213640655 70.558854402289185 68.395791730118717 77.561243687224021 74.571448466630486 73.47767257703984 69.181596452278526 70.446558003489372 69.934083252710735 70.206348485669594 70.622831299554761 104.46066108693972 46.891649285230002 75.331508776508571 70.276309611451723 71.118332005647844 69.207690179050147 72.061270894157104 68.215942530480703 78.080144043952117 80.476588762211179 77.543928648165405 71.439232733819111 72.390535750864572 72.846416078865076 71.312139228267412 73.838717568774868 78.379078890304797 86.891628634107605 78.751100269398052 75.853853922282951 71.382526766092028 75.051293253306469 92.1160269482491 71.729310276746943 59.627611114398206 81.828487125985134 76.488472413960437 77.390909131545925 74.593485642029307 72.993982895858025 73.716818794841203 74.752958589987543 116.80123862115538 77.076902943628809 76.877746113698407 79.783953461606984 75.406897995150828 73.513136687610398 75.794796062371518 39.896159443166738 72.414597080934385 72.972282221952966 81.682234483102775 97.420977839997306 79.426171935870386 76.903541427496009 74.253837250003457 29.488385247162086 121.06174466378705 124.25277035137979 35.417526259163964 79.84641155291294 78.09814334407659 79.620774402119025 76.143077626741103 39.233337841563291 237.97162372608722 129.21271130870448 149.42002112576552 73.512474290945335 77.619466957903157 80.904852379564758 107.01025675595403 18.629780911371522 129.48258299590012 116.58234562359056 96.48273434706428 95.008352983012486 59.309585004004916 81.961631861204751 38.298567946106935 60.341899868210326 123.31679243489278 127.03114754430057 118.69040317647806 61.942188285284345 18.460828458252365 19.77980171083561 88.246586586765858 60.656219035350489 119.75437489529476 102.01520164909566 89.812308821762343 61.396880433025977 94.082261319557929 126.86239001519682 123.87275865556524 83.769998693686389 91.547118722980287 177.11141050438695 146.58156919464435 60.347461156583066 169.05616746648067 38.112368563673044 39.087470023417431 61.472647274238106 146.78385903803996 149.4096999676724 188.03974751273671 179.34290125201247 178.54252002682296 157.89896829516073 126.25591382430412 125.8041323070178 137.25851752819489 138.18156715142302 154.87909396527917 177.72339575667098 168.33771615654112 155.36534557927195 155.87943640230384 157.68628613945287 120.55575692424712 131.20233012993702 159.99135678262937 166.99367266486934 159.9133984080222 116.10177167905043 156.35148851921718 158.50209858257372 166.45003405246516 114.90105764768133 160.68931549810353 122.35456130093726 121.57458864046926 128.58286489561644 158.86771869269953 154.55181122263619 115.12597589945595 120.15747527951645 160.99730538398637 117.14266775319474 234.73088746810896 157.24161780594304 161.05201498909645 156.68065314121458 192.17888364615013 112.85703516855843 161.76896255357306 155.58497773370109 159.89004762685693 173.62149243958899 171.46164121564317 179.13646392774669 148.03421398439653 85.06617684911248 128.94885463860962 175.89929745006813 175.32247276103715 159.20786462584854 176.43543579525621 178.17635397857504 147.44753887381214 121.46427254656183 174.65890907139138 177.11881179412632 176.40889879284825 175.13745290518676 156.34907097356029 104.22852265259976 200.21011499413132 188.12458040370791 103.6712867412536 185.22230710003399 177.08277658499023 175.80644606486462 178.58409915830785 181.32908871865695 167.25281941277188 168.0120002090456 157.44485017334375 179.24169250644795 179.80009219668545 175.03959567394588 175.30198944844182 179.16590080460975 175.75337466244946 181.47463853146863 180.40883951607796 176.72515454671253 178.33402390529724 178.47659366606854 180.36393582681077 174.73794248667912 177.52374303791805 185.92965492853614 186.27025135743997 183.42906170775061 182.1914204725139 182.17588404898299 180.30189294580452 179.68727456523231 184.76813989473075 183.68426117616985 182.60342679496628 181.52497092900057 180.20108825388505 179.54521877568922 182.35286184369721 183.95805321720493 184.91829127304334 183.72919634383666 181.86476245961256 180.69993573813247 180.52151712384921 180.24285608832383 183.4758418158292 182.35497818102948 187.01668063893774 184.69368389523225 182.85169601670037 182.60212762763621 185.60708771837636 183.6061322658428 181.70538606184229 172.27354232538818 184.90903121238134 184.8083558562036 183.7217456299486 181.33006042521146 185.78386615906803 184.60739313680145 183.0727668353978 186.62480233521475
