# Created by Octave 5.2.0, Fri Apr 02 16:05:13 2021 CEST <br1@br1>
# name: ptcls
# type: scalar struct
# ndims: 2
 1 1
# length: 2
# name: x
# type: matrix
# rows: 2
# columns: 320
 133.15421356554748 99.075874538165152 97.242824347752475 86.520961219162146 102.13274517458395 110.52359381641351 78.063869693972691 91.457124011684556 106.26875456803342 112.23401296057945 102.56370107768291 98.161119445534325 110.4206390926735 111.43709458855061 109.26736171656644 110.13183395790971 106.33063616800385 107.45372520237729 101.47413077446443 102.72341653113254 104.06717582271028 141.51038905291833 110.29245598576479 140.80260488001781 140.24466375432459 125.51672115015603 141.30618656474502 137.99886738113418 143.42432135387992 144.35750634038365 140.30846640081288 145.86593406261403 138.29283294059599 120.49449031943156 143.50201066826176 140.34925243985199 141.08416430089878 142.63723353906275 143.8284353570111 144.95719745841737 142.40897153840044 144.92694320842639 137.08674614204179 143.50234840488517 140.88420710547933 145.0092457069083 154.33237814977781 153.52167727281613 141.81112114139955 139.75937487647616 138.99002608730032 141.95099018721868 143.46671688097598 141.45585525179348 154.48941366757421 155.45354128840796 142.52195514268016 144.97555722666749 156.77803916567714 153.86263842466724 152.77186138204024 155.33292523064213 155.35671291468239 154.66466682881085 86.808609658688866 88.977087912984729 87.995649393137015 76.294947775174279 88.343544898532812 87.131381441948506 86.376008703735152 44.290060886536338 91.271313323894219 90.172214551548507 89.550157957271864 88.127589238107234 90.462091990386199 89.368984292837467 89.468079631030818 86.362991971254587 96.044777151005022 93.939767052014076 92.48349170075663 90.54728389529491 91.442384291440618 90.454807048835576 91.68137636208256 88.882070343892295 95.865083684474556 95.137656986808068 94.210392351890221 92.235412405810365 92.552096077370933 91.492536252420734 91.308188765262798 90.194005520715379 102.98255884435504 99.1486770469444 95.065257318319624 93.350408234451507 92.574969290725164 92.4144944199642 93.606041901668078 93.682511790963005 99.353259770462756 100.19040486110097 97.967063872544145 93.601124186413855 94.61920527537302 93.645446047646587 94.505140821111283 95.562511248079559 98.84137760897049 99.158024515587812 102.48677707328952 96.035801188540688 94.384780696366619 96.567356010436484 107.04788997173614 94.654545289135669 100.11304938425455 100.82028090006439 100.48382907313 96.942193763576867 95.272901468223779 95.700699394422514 97.676819924574787 98.512455631388022 109.95022640551244 99.535021554600206 99.493805404487091 103.046851861775 96.446374192014233 95.644871338503322 98.322889027903742 78.739432438530358 95.855650703358407 95.054131773584672 98.758019250773259 105.75114032792193 100.1526731292518 97.034652484035107 96.751006688430493 77.247244814194431 122.2198233781063 108.93022443973597 85.657127192371348 98.532464978524544 101.41248014902877 101.30260874516584 97.489300646310269 79.842990253595147 111.36266192326475 109.98996561959204 112.09516797229581 96.069033220968294 100.45443828571825 101.34041193244572 107.93737492814238 104.4353568020565 109.07647351923771 110.8350538759673 111.25822609026551 109.77160408399389 110.16956212891343 100.85038950273656 105.20938527343817 107.67373466710796 110.3511269283959 109.7375902523823 109.77837458594915 108.4979918132304 108.59349810069197 108.57860318808284 104.92285923391645 106.13771151877445 117.84510858399801 108.62786506995059 106.59893561870382 108.99547138123297 107.49627950386083 107.60921628611135 110.72968398856626 107.99081268935952 118.85692923490151 147.16456862181133 138.29060206265839 106.94422963069407 135.77672422047132 105.63539864790367 106.61536081864408 109.30249055050108 138.71241568079316 136.76088908070648 139.27197105887268 136.55751916565376 135.67423301767192 135.24227619970222 133.62541420430017 119.78089404413817 137.73409447911467 139.0502708064127 136.77616671426358 137.96476168431269 134.75383799512528 136.91275320432766 138.04485549544364 140.66679244476822 134.68714458627755 138.03857325051337 137.00301964956168 135.85723890296461 130.06715902240319 131.62975442112537 138.74717405837771 142.42620306792244 135.89591478795523 135.9771328765876 133.50346545038624 131.53818711035277 128.25133863494392 127.93705777310041 141.59680314994955 137.28905956293187 133.78718357674452 132.57144957716176 134.37315239614898 129.80905762499526 128.98203541252798 139.61441275810799 141.66079330891358 142.01996680042842 157.63207021038673 132.53200901229943 133.57058014267358 140.57683990858786 142.62097041825692 151.16942187445525 146.10835053043687 155.9269290091502 139.78481821217005 129.08470662391159 130.27890479207977 150.36216544062873 152.40710857941747 147.13218650294291 154.58572891093272 155.57832272337339 139.89980576713978 130.95716248448505 151.65963188980095 150.69658577000004 153.47921307717061 150.04748158500618 145.42615208242628 121.55055315015503 156.49991585457076 156.1683206510591 135.59260307897893 159.3375764058018 154.85552416278844 153.55952083647486 155.86687332191414 157.01074506824855 155.60624536396037 151.44977104948299 153.45287395858082 152.67881428034059 155.9114409454975 153.33797320425211 154.43590833094098 156.25459625907683 153.70299599119789 156.98709068509922 155.30059850683202 154.79305842056581 155.92680818079214 155.45493746965059 157.02189883959869 154.7114298717288 151.93482056439294 160.30692659968261 158.25839437921337 156.74688715212989 156.94747162497205 156.43360654381922 156.40935272786683 157.62101120019824 159.16739069451319 157.72358796929961 158.43676880683142 157.47119793331663 159.03666197108817 157.81165086841457 158.6640486000625 159.23302791279573 160.33236027504549 158.02959627715816 159.46161502736237 158.66575643727586 159.78663240428608 158.20469339714313 160.22095748426361 156.49957645827246 161.29216181647325 159.14431351354327 160.67792090896864 159.8011876743154 162.50712407986393 160.8949817855993 161.61081646146926 155.86391712437961 161.39462796907978 160.16222799338584 161.77241911224175 160.19051902166851 162.27491263907342 162.65882293973297 160.94831030984318 162.64899889740252
