# Created by Octave 5.2.0, Fri Apr 02 16:03:49 2021 CEST <br1@br1>
# name: ptcls
# type: scalar struct
# ndims: 2
 1 1
# length: 2
# name: x
# type: matrix
# rows: 2
# columns: 320
 123.71632673302767 109.29977899893404 107.13238788359529 102.93484990367303 112.66878375381 116.49505664562433 99.040471586998549 106.64187339230341 118.77333758871697 116.57064170615912 111.87263407590743 108.21663892028917 115.13585198467294 116.02594086963845 117.16641328563786 116.20851894539516 120.93104866237728 118.90973117920925 110.30675093376556 110.15027114630384 111.72256865821794 134.77265823485089 115.22410560726016 133.52976412813209 130.07829881168595 124.19873746885867 132.82353378680787 130.1363071895658 136.05833526059948 136.96332710360326 133.3281559894786 135.7599732559533 130.48341282554824 122.91570454506402 130.8350178389143 131.39472373641209 131.46628239731754 135.15444916817415 138.01770859472344 137.14372496504271 131.66389211102623 133.82507506660738 133.21842266130432 132.93977577894876 132.0674772351891 136.88073223977761 144.9764445084144 143.26363684970815 134.31618309243285 132.23833155623768 133.66541585625774 134.08254004573237 134.72010329757796 134.9557436204008 145.58878157058282 145.58073468164011 135.82504723546 134.7037221802795 144.01758676136572 144.46318949884821 143.88362299157575 143.86649544418626 144.49511539085381 144.32476081420529 100.30945222851111 101.50672871954919 98.686048538781336 94.055957128934068 98.452724129536804 97.356660558842762 97.526239079046888 77.708080685260057 102.36885936617566 101.20715400125928 99.702754382732635 99.483959797084623 99.37314515182382 98.449751062195489 98.493041091480436 96.689973343173719 104.80483340820589 102.83794316097071 101.74241717581721 100.58876217149351 100.8113355858662 99.498715005605263 99.504059228713388 98.527705975912809 103.85059895771265 103.70619133704255 102.70861461437801 101.51562511398447 101.58755920583276 100.5312716448141 100.49632387707548 99.291175534429996 107.01412498177504 108.57142785540547 104.67963079259822 102.2165633357348 101.4270043193638 101.59604620823781 102.59479828622877 100.53243503026377 109.1300877915521 108.66487956538623 107.73050671389385 102.68487406954517 104.36223819576341 103.57406856904261 102.7014712525703 104.14664004904992 110.20719996834715 108.42745935340483 113.81346218919573 105.85639239700212 103.45846236400617 104.91438497316187 105.64508130789538 103.76628804224499 108.2736877385062 109.56154573903565 109.21228833789803 106.75174397785402 104.66758642882095 105.43477815639206 105.9950967812039 108.12997771201083 109.87918216562331 109.71231332516454 108.90908840649234 112.89629963344046 105.55383569488872 105.72029684748895 108.4806842082926 98.08609840672878 107.68837927699128 105.35807605890331 108.37451590124159 114.1992658055832 111.40547085557337 107.7656165969107 106.83757553683169 99.084354945172777 112.81848977609374 110.73844907355974 107.24651482522596 108.92475980610857 113.3209656062656 110.33205708155124 106.6775107607199 100.0119726079588 112.21574980424965 111.0749425042203 113.35357779964876 106.44280747318582 111.84123240307909 111.26981013352191 114.30037061823377 119.96535114075752 110.77901732254047 111.90646352519985 112.97041627699865 114.13919489206421 115.69607703241802 109.31348496712771 122.03266462447098 121.62887671074729 109.82820311828529 112.27114580459569 113.45435917764677 114.66071640518393 115.81455158707533 116.80223142476748 117.35265247329019 120.20715554381535 120.24892647206588 112.8080276283591 113.933797280988 114.96706059609944 113.59545742876931 116.94220425974713 116.82763395446341 117.79289564774815 121.53671005813051 133.91546771176849 133.95895001641009 115.97090319098788 129.61873210996336 118.47355161835226 119.88755577874565 117.7989495666698 133.35416528686918 132.75774136847514 131.69204916860025 130.66951172765076 131.39685397122145 129.40114190296984 127.18979632240246 123.8509785020011 131.39492367503951 134.55546263564403 130.40047228870429 130.21042782298744 131.94290313067683 130.80493918176828 130.62925889074228 131.24438927743472 134.52539337709504 132.88648816390699 132.56753892423663 131.31230390993753 129.5122852079601 130.71669363373081 131.59122409956043 135.31699771275555 134.51565218187974 133.1471533458834 133.60040305540105 129.94895324624252 128.37650249328135 129.44578165380113 132.8527349232499 134.16338802332058 133.12622204482551 132.1632239876451 132.44342327088808 129.21281666589226 129.83709944583475 136.39225018728945 136.70678281306198 135.34297854650856 141.8359943302186 132.79699511331006 131.63265201638856 136.34445837330949 137.10656742007063 141.49848121867996 136.28569159765115 144.81611734634885 136.78520321956708 130.45408287897001 131.04512600975437 142.47552641607263 142.92847383264376 140.61821116341773 143.04627988641934 143.80669361560041 135.96729385239524 130.2425675461694 142.72771020957595 143.39944702974685 144.12942048862172 142.45729076418752 139.78486877454461 129.47082367370459 145.05695726061938 143.9949998689429 141.5435587788451 143.75990450101054 144.82143207313399 142.28752413933668 145.49649381251882 146.03500792502911 144.12391989771521 145.30840723844187 143.32896493940893 144.65015005531794 144.43082560389482 143.61680681631239 143.33639589415498 146.68121671637846 144.09474088947547 145.64219937482281 145.28868114457401 146.1963830739889 145.69672316298713 144.11546574128786 145.08399538211111 142.30130674660847 142.44787392977642 146.86701062917376 146.56490853239757 146.79240216971581 146.5896396277879 145.27301171206241 145.90646490461464 146.6966266477632 147.62709312864359 147.44034284742889 147.92360923415222 147.71059343467314 147.36074745814301 146.25800078605644 147.99566037899748 147.37827205332445 149.95011132266919 148.50868249831223 148.80522238895247 148.42211425465379 148.20503968479329 147.11096552962439 149.04774540207796 148.32722888470462 150.22498417123475 149.11228357566074 149.52410724396859 149.37945982051872 151.25343175186097 150.1461781067575 149.6655895221665 148.10532491703387 151.32739405462212 149.79796217852834 150.59011009635938 150.47754854584451 151.54700483481363 152.49534570705404 150.75532341565008 148.76389426464084
