# Created by Octave 5.2.0, Fri Apr 02 16:08:11 2021 CEST <br1@br1>
# name: ptcls
# type: scalar struct
# ndims: 2
 1 1
# length: 2
# name: x
# type: matrix
# rows: 2
# columns: 320
 194.56770775952481 75.064750438036441 75.980447733235792 49.914446886799752 80.075993553193598 106.48237467390679 23.354014672305688 57.5918556088697 37.845281691445599 114.79912714577232 79.670373687306252 76.712002910696057 98.932238140076919 105.46729418898984 104.72489530339401 109.42662889699021 15.28552886844467 56.087201998610396 77.020433268825968 78.923799152935928 78.617587788737623 156.51132634679414 105.85494509076921 158.58246006488122 154.95456274927594 142.03291058474485 155.765519879371 155.53407356376869 164.68292013837791 159.61234295777103 154.72025967864204 158.04765260233361 156.53975463996008 149.92123325860837 161.96954202869026 156.36118157671643 157.77592612477463 161.02385276973357 160.22581863078085 157.47484839165801 159.9572430116788 161.5164432990083 154.90224070709488 165.15508869681565 156.95826744831601 170.23658300973401 177.79493432435146 177.19423927481341 158.96141640696314 154.68740248720894 145.71785663271936 159.69474137645361 161.25989608041428 158.34461180477777 178.99051207181472 181.74118360988814 159.36355502126727 165.53527584091049 181.91741282551689 184.128577402247 178.36475687204228 180.28170880408649 179.65113701518058 178.00584364943114 66.238518444342475 67.223133736759223 67.076840375764263 36.684063604918634 66.44027655520199 65.923727568185186 68.473317498117737 30.239335786876147 67.610057285870283 68.266861027502557 67.541511773468784 66.657422487831198 69.019549557237355 66.372504423804159 67.23212379584632 67.446727109841987 75.947282855050943 73.7600363110069 69.101730960713553 68.396528991199233 68.559821654011557 66.943880261691206 70.16414834525564 68.034145631361099 77.185470767067798 74.440736477752651 73.277086938346883 68.759148378203236 69.656745713469903 69.457223369081817 69.74909430353901 70.370422170588967 105.06586823908621 45.031397232109512 74.912822594979417 69.809721782073794 70.545221484798219 68.783200413855795 71.19709883365131 67.58678528534108 77.877132319200811 80.040524650568941 76.765588276041996 71.290087783686701 71.80200240444816 72.102545259937202 70.764927950733622 73.533008201986831 77.677833681188886 87.14253562733947 78.322671810207055 75.178948687443267 70.895924900337945 74.676110835695255 91.821319125417119 71.52106239231972 58.214954520612167 81.444038188957549 75.869470622449384 77.253421676650461 74.084776239361631 72.495616745880398 73.113576415522871 74.302668225035788 116.52553287099737 76.500645375766808 76.813668503268318 79.475174317577654 74.853958879264624 72.838227706947706 75.628114718178935 39.6173245653249 71.853986650897852 72.929013548398487 81.142164831089488 97.341730370417054 78.744045723548922 76.490569050137694 73.735440134862401 28.545776176759929 120.76709768485044 124.46609839988467 34.425955188113818 79.754409749964154 78.015535203380466 79.030068609814506 75.677124227282803 38.764179286364111 241.07685834773787 129.27198078996039 150.31385306616903 72.772679800376892 77.154281535124014 80.665394287319018 107.09698006690232 17.221898227135654 129.51176096413582 116.34866097471914 95.298581423402936 93.990956115589853 58.39335852362079 82.265874900495731 36.434355198179951 58.989228635854765 123.92724068321401 127.73230897352494 118.44848249531898 60.805690494764946 16.642480446456414 17.68950057353311 87.888180523654029 59.433469063578471 119.62864676643545 101.75610638960846 89.193450617980972 60.718122441078002 93.86958321251673 127.31890084512921 124.17160962172665 83.107896807701493 91.715117622260806 178.16954051964578 146.69098609587255 59.497693214096181 169.89192065627091 36.574543887530275 37.729073638958326 60.266544352061118 147.75750940109282 149.83258167572376 189.11964203894917 180.4885452362258 180.04903323832727 158.51392641603246 126.87777517622014 125.71205649573599 137.53419329657453 138.13993064483213 154.96368400834189 178.98422454851257 169.20036071854437 156.01406975249387 156.31371357602072 157.92939387847321 119.83355169432724 131.75477455487683 160.49145766896649 168.09487871126223 160.66831757131175 115.29197906048057 155.91234768881304 158.5267760282089 167.48698889042194 114.38244718037404 161.37832471259082 121.991463359934 121.60914600459409 128.95746331606537 159.17503404182261 155.12413550563625 115.15616579645727 119.37646467429333 161.87426024390896 116.36907515307902 237.6684440317876 157.34419054614673 160.85046416375488 157.26805094027426 192.86072864817177 111.92974316004945 162.49238800156962 156.14596536054162 160.49593327952286 174.33820308086143 171.9470815174447 179.21720765025958 148.16272423073923 83.904626898593875 128.94333822214637 176.18348752636606 175.26142497587844 159.44620037827431 176.9470138578429 178.70318051043213 147.65247704062367 120.51632255973909 174.92270032530305 177.357650599946 176.85274037599785 175.61265699604317 156.38305827722243 103.88664047172696 201.96039398001287 188.99734706315081 103.04126076090375 185.96790783214618 177.51772479430113 176.43634661973923 179.25886116717768 181.81204315977848 167.39935817195288 168.86105255402583 156.00915890148235 179.34041763347469 180.29134850545594 175.51303113453844 175.95218023882896 179.30639948880835 176.42813606894237 182.07564276915267 181.14907298163581 176.98831799472819 178.1971163941482 178.79856037291282 180.88580806576113 175.21575767634775 178.17120254788003 186.34285368170802 187.17773423300227 183.98996400109837 182.77308680736039 182.89194416130189 180.69752686045624 180.21579906147497 184.78802004513074 184.07799537896943 183.05200291924476 181.89821365727511 180.39609402641878 179.88892485271981 182.45936653570215 184.44651036181349 185.02314222891223 183.9297635273974 182.12762014450871 181.03679877943514 181.25625108641495 180.87264266306164 183.81436746815356 182.7630206869861 187.68888016428451 185.12693552615235 183.10886545313519 183.36123335618507 186.13319713684555 183.58002619249237 182.05366934954034 172.59741650698703 185.42554879912669 185.07422599573613 184.32967391758802 182.06150252666151 186.36050070918759 184.54075762699384 183.48370347544264 187.2685739409221
