# Created by Octave 5.2.0, Fri Apr 02 16:07:35 2021 CEST <br1@br1>
# name: ptcls
# type: scalar struct
# ndims: 2
 1 1
# length: 2
# name: x
# type: matrix
# rows: 2
# columns: 320
 180.00488953677194 80.641527648388916 81.341530509643363 58.416605054316179 85.591963171879442 107.20293868215813 44.067816120760469 65.457337302423497 55.035768426856166 116.9627508808329 86.294853358590203 81.848873513421083 101.60051190971225 107.20616131553093 105.14652406970632 109.40698946394717 38.855525707337911 72.222066745735845 82.022122309073893 83.412102754171841 86.928906852258848 153.95484679005159 105.98769545347302 155.38668968180565 151.43723145160533 140.77184873646809 152.47776088854783 151.46138051489874 158.23708381554076 155.84211890124212 143.87383895548885 155.41723516246142 151.10750968875746 131.04429614189974 157.09980160233007 152.7106996648925 154.25669892078105 156.40377528299393 157.63191880937396 154.67256449377331 156.28922061036985 158.10106011656657 151.04704608994393 156.41424504871216 152.83297116484823 164.13055375796992 172.15363024258005 170.90553104117794 154.8526150896293 151.8266719872104 143.69358282443596 156.00128508717896 158.26920086220014 153.66992131032583 173.30217933197949 175.01520535216659 155.99129046575328 168.82119656581926 174.86807974498137 175.15760176140299 172.81160518083487 173.94552610469833 173.92749685055085 172.69272939140265 70.462893703546641 72.32945215703657 71.015003604846143 45.884010896074784 72.120116596883065 71.72178714461316 70.254299231521415 12.929282365954966 73.473004773670169 73.41230356983877 72.884735939534437 71.779491098625471 74.130342771345724 72.365955687411514 72.914426928161177 71.494729861957325 81.08769233678845 78.939711776885119 74.928070745754198 73.773902956324378 74.041601464354912 73.426572437476651 75.618920619996985 74.405711606278928 82.643484112405076 79.889281790055307 78.027716855277561 74.498162664505003 75.090566020871378 74.839272950109901 75.026973968485748 75.569974272943213 106.16243373471781 67.354421869554628 80.043562929700599 75.623762694259824 75.820439933633025 74.569281468532495 76.556748695899955 73.547277703298676 82.898782700544999 85.027004167213761 82.544633133100206 76.166339363524074 76.920167673882119 77.481318760871801 76.28514305588709 78.487743383314751 80.377060999985645 84.078424079231695 83.921465169471432 80.858962745626457 77.082820671601525 79.381784540720332 95.357812999400892 77.174733040140765 75.166833646044637 86.116979920506424 81.054674855468051 81.598561603907427 79.069926503219662 77.617112592271141 78.149566143159205 79.141684488233409 117.559395077777 81.14571477333773 82.110884252911305 84.415504017597655 80.115626855989859 77.983860716136036 80.126956404088816 43.928256850618808 77.693035829448675 77.384608187761657 84.876950409391569 98.292700005380084 86.126028917776523 82.065001218873036 78.538024526696745 39.857085021584027 125.98115722615478 120.45367972393879 46.324808040715567 83.850771454268695 83.069837741754341 85.036154359863673 80.578995793353613 45.073560772201127 203.81404288793004 128.56074701488947 139.58786978132684 78.602119112376315 82.080905226213716 84.987062610525214 106.05630033552288 40.348073792269147 123.05740073093556 119.15287676117615 109.34593943664143 106.19971852466145 73.372358492263587 79.160036333989993 55.834659369227843 72.588502074307698 117.96633223209929 122.10458708655602 124.40136771584419 74.443663980997741 39.563782230806289 40.26486736524884 92.189053280995978 71.823475197909303 117.83517006315437 104.86524950345482 96.619749063357432 71.366350232418483 96.584197567710319 120.02509294875998 120.58539802778972 91.053119439520245 89.699130830894575 170.39404559247316 140.53929028954158 72.358281177160521 159.8086511150353 55.886543808230485 54.801950630795403 70.504767549712597 140.91239803605092 144.7580011791074 176.6759574591461 165.36505793477846 164.19466102881481 151.13442896557166 120.32602680786316 126.81696623111762 136.98572500178253 135.87992779815957 150.95527572404839 163.0062522087658 158.90285723825903 150.00224229942532 152.13006851738641 153.3241020796392 127.42575423803272 131.22966606996314 154.35985498198187 154.73019186294545 152.35844723256525 121.43856691936374 152.24036612188021 156.94544611051759 155.32411338830252 122.69397130288044 153.41741122584313 125.82352746538891 128.59932164968964 123.13787796271994 155.07890741758894 150.20724543168751 120.55714739142181 127.84477489874635 151.54427050356122 121.69376969512113 202.41776526764392 154.14442977456579 156.94634748174482 153.0784657713865 184.67858862391202 122.73684194950314 152.56148112823945 152.10498808240939 157.00322519137995 169.01704463473467 166.12179789582632 173.76014033051254 146.45140010397802 97.841808364943574 129.00953521970538 170.07718403181292 170.43048672274449 156.58617134916508 171.4794422050953 172.66923287382897 145.36242020953426 127.36831238527867 169.14603120008738 170.92744346575648 171.43969510752842 170.32208467600321 153.5918849783055 107.98922664220058 180.95704614943426 178.00909741509025 110.60157252510186 178.77349712894548 173.03592874853345 171.21471723901413 173.63423071798525 175.63755482553725 165.6408930617809 161.9428841440932 161.89539399943314 172.52386919416747 173.61938162551476 170.12790193001794 171.17538598577312 174.12294187243805 171.89904088311505 178.38402420576529 174.29011128261263 172.36567555246805 173.47321738433152 173.08354961306293 174.40285111547939 168.88028782765716 172.03910582006526 180.57875540734989 177.80238929281415 176.79897407207963 175.66962920298928 176.19770829745832 174.5975741728721 174.78623290033644 179.17810380862932 177.38798624870816 176.87671247142336 175.65171609849983 175.87135304054101 175.18917484142958 177.69824778626244 181.57278297298899 178.57540676128366 178.06226613156045 177.58956720817739 176.3402424562118 176.66158417984138 175.46740781125268 179.94911388861522 176.09766465167232 181.45060197066877 179.69352923117634 178.6180999970627 178.27332469656253 181.11011678511053 178.83159572368115 177.87564820532339 168.71092632780079 180.53872263483291 179.84017073188244 179.34176480594064 177.03815988108261 180.14483722336584 180.01932279366957 178.90538428905123 182.63456413690358
