# Created by Octave 5.2.0, Fri Apr 02 16:03:49 2021 CEST <br1@br1>
# name: ptcls
# type: scalar struct
# ndims: 2
 1 1
# length: 2
# name: x
# type: matrix
# rows: 2
# columns: 320
 123.64842826660674 109.22262700228271 107.31304572259863 103.05293543377742 112.83061808133151 116.49162240692675 99.21003345175825 106.75111619360283 118.9334145575624 116.60184047411293 111.97812134778623 108.22069270070592 115.18699073620623 116.07543039526371 117.20336427874111 116.29319593584538 121.00185420267725 118.92222248139784 110.43240506947072 110.21318421644379 111.78994067799795 134.67043164351247 115.28349457631903 133.46690922504942 130.10459574125949 124.18925557187092 132.82184290658785 130.07974200833149 136.01783491849105 136.91672785272979 133.25999176733316 135.68637132946895 130.46124750863854 122.95775510882706 130.69013880664579 131.39686653986359 131.50115158837346 135.10739734040112 137.90285310760584 137.02873774746521 131.64622695969095 133.79532444585587 133.15067934695304 132.88413186009399 132.07060248227253 136.75857148855548 144.85302798991245 143.04453690217923 134.26443417629338 132.0987773144212 133.59513874341633 134.04030075840441 134.58591933740328 134.72789985023249 145.544631945991 145.53061061937132 135.87754334839349 134.76023595424201 143.94019476517201 144.33928082467008 143.77496094954006 143.77142451919909 144.41717768917732 144.19563673030169 100.42640554536568 101.58618686779712 98.781237604929728 94.18373417464457 98.469862817580534 97.502063881227301 97.535906605125291 77.948498093883927 102.4056710484405 101.20719421817522 99.790189574378587 99.649247644050178 99.429565727647997 98.435228121245871 98.598870429588857 96.693588819391621 104.90976346387092 102.86666380160244 101.82026217701821 100.66604376857507 100.85599925488893 99.554056481192745 99.594203705504825 98.517534699522997 103.89869705393943 103.89431650045232 102.74236661300446 101.48648543601173 101.72958721305908 100.57562957089409 100.45487729804807 99.420184940965768 107.15581470670094 108.60386612667543 104.84558232101651 102.36226037032192 101.50275613486397 101.67743150142581 102.58671016738552 100.53189195823818 109.27264337547949 108.58798211708699 107.80408634662403 102.77228930076845 104.42204436944075 103.65959117009764 102.8394998707179 104.13392988856647 110.36191495761553 108.515651872795 113.76549118265116 105.83848175543291 103.47108733462821 104.96334270600182 105.72738890474848 103.87584085290322 108.32936462866412 109.63155495117513 109.30116177032976 106.84740744947281 104.72064014114825 105.62184671408271 106.11140330058412 108.15260046888218 109.93028652261526 109.71221773888701 108.94602885684156 112.90922106102391 105.68797007151177 105.79622292371309 108.46572005213362 98.203042358294766 107.8455130016615 105.42837110383955 108.45214470769436 114.25892896252316 111.38585591768573 107.88788127894176 106.95139896116872 99.241456456906434 112.92950334161367 110.81401583240795 107.35967821580786 108.96202842207778 113.34113185715097 110.40783248971678 106.73403870944823 100.16066283634959 112.13445202260502 111.07296226776857 113.48504098142737 106.49142275719909 111.87898963678312 111.41484966047469 114.3461475656445 119.96281299939199 110.9329770643978 111.92625282972328 113.04194638485724 114.08808454732093 115.7527069334843 109.42067221477124 122.07147759166598 121.66631345349914 109.77325977998835 112.29344268531094 113.5512838020904 114.73725990102712 115.81560810024756 116.86544605623257 117.479918361884 120.18384928787293 120.28623685841987 112.81299819066787 113.97671053200574 115.06779921779484 113.65539783831828 116.8724272604222 116.94063973957397 117.83471412194807 121.53597232437579 133.82015043903436 133.93811628488368 116.00752919720912 129.65156566583647 118.52279617608478 120.09139674795038 117.83844810381092 133.31282457785721 132.77515923410704 131.66129045476825 130.50409930324957 131.38074631695341 129.46479868115182 127.14349691318017 123.85562792876676 131.30613588236295 134.38598282503884 130.43313119254603 130.22900520830009 131.86314649375649 130.74955641903603 130.6076883577112 131.11432354407142 134.32932167862361 132.68686685529428 132.48494827239151 131.30120390790375 129.51841150751022 130.67745872156229 131.50320566416875 135.23587280439816 134.49220729755996 133.06469320237602 133.56190468551119 129.95808025757299 128.38449917288602 129.48073301896375 132.77369164617937 134.0897227912275 133.12205630402443 132.13740272059124 132.43849108827513 129.22190607305001 129.84215742403546 136.38418341582312 136.64949319683603 135.34107262152705 141.72235349654832 132.84303255483576 131.72096219520452 136.25602634713954 136.9847224350963 141.49668728095219 136.3494723915733 144.7970030900056 136.80225554621251 130.5549779402948 131.08446260756156 142.44485761333161 142.95044763633675 140.62147218241773 143.04644921714171 143.70069283906349 135.90037010915023 130.38584239802864 142.67063832001082 143.46228314557595 144.03931102725443 142.37746455394958 139.81544829509687 129.52780403718324 144.97634224204296 143.90571359704404 141.55080646570531 143.47150971190106 144.82493471337023 142.24225535089573 145.44360803548943 146.00402438667706 144.09769344058154 145.25734185036853 143.35920790863079 144.43595510382809 144.31933309337273 143.49903118261517 143.29909104559925 146.68253324761366 144.10151323501614 145.56531834033311 145.26538883463436 146.07643461545629 145.63110021466554 144.08247400014088 144.90672277552696 142.14783394593232 142.2618993990738 146.76372415417796 146.5483176896428 146.82306972148822 146.37252158860392 145.29882083753768 145.8920124610861 146.58140716406436 147.6314583196681 147.25540142477445 147.88212670218292 147.6051511961536 147.2526837488536 146.1128903396619 148.00832513557043 147.31769404981227 149.91484423552166 148.367812938822 148.66002617712073 148.39005907321888 148.15893549145488 146.99828174589024 148.99278351130187 148.18630920165526 150.08074089855722 149.00496695748038 149.41274238694601 149.30757294903887 151.16086580099184 150.1374078541464 149.62084399493779 148.04664293836001 151.18815276593324 149.83008382606033 150.55836716660281 150.34896789413884 151.42989675954132 152.3707496336701 150.73010970331254 148.66232526639143
