# Created by Octave 5.2.0, Fri Apr 02 16:05:24 2021 CEST <br1@br1>
# name: ptcls
# type: scalar struct
# ndims: 2
 1 1
# length: 2
# name: x
# type: matrix
# rows: 2
# columns: 320
 134.30848749470567 97.759135474609707 96.185716291806074 84.513507207387434 100.53398769191016 110.22273047512628 75.715370129642153 89.59999638959448 104.62099099934463 111.70363390536467 101.23264552957818 97.425503490318704 109.79063000817627 110.86488480376528 109.17657969620741 110.03716289109072 105.08051601363934 106.97973411520364 100.45778757794746 101.89516603652741 102.02468878645067 142.46172033208927 109.45368728518177 141.4554076359961 140.3606448547674 125.67791339894779 142.10882695635829 138.96047546211736 145.35721300877103 145.60073153576278 140.40605299096737 148.18626745498227 138.57466455543829 119.37088760116976 144.5885392562835 141.24999480543866 142.34485490950547 143.8802315903248 144.58648373285854 145.98767144150983 143.26614410507651 146.26219567079147 138.68046029112998 144.68996372080764 141.45714308645668 146.66684285997505 155.70827907966992 154.66265656591045 142.63003372768841 140.89264727253305 139.85992801431331 143.45363457081226 143.75203103349179 141.71100430916164 155.93884695648509 156.78267962603138 143.09666683136558 145.74336550489002 158.26569737111006 155.02553747144552 153.97701666351537 156.7827361290106 156.68462439143255 155.61397886995263 85.317922464147685 87.458732919083602 86.375591191506814 74.122737998095744 87.081851189678062 86.132062357500516 85.179860796684892 40.202964939929345 89.679285009103523 89.024729901658489 88.321310971046941 87.369389419344373 89.219245166461704 88.110817021684497 88.09906892181921 84.966151031368895 95.159923880822703 92.614154785831005 91.739899705572839 89.09916551534009 90.200840283720225 89.216271694318408 90.294558908857042 88.294709887734314 94.482010579632984 94.077731026159057 93.015049683500081 91.038967990536761 91.334857008614264 90.34038175591364 90.520582466595656 89.406938408242425 103.91398545890196 98.131500727100402 93.405752186750803 92.222882388921192 91.384908899272403 91.49982479768579 91.388693477027232 92.566060883530568 98.741828901997152 98.33839749818074 96.991632489370673 92.529869230884287 93.536647002236833 92.529989286492707 92.408502127209132 94.679120791091407 97.32240440213954 98.209226252170041 101.11376866613357 95.124090210857801 93.368999477753007 95.567103902689851 106.21288447371219 93.606127756606142 98.531636626746575 99.420705468875369 99.556824984804919 95.937425334297444 94.109649374700311 94.500912261143569 96.343107690136762 97.090379777188375 110.49373845353134 98.525118285166627 98.296116794582133 100.57471423122902 95.266600553481183 94.37373472875052 97.214212572409565 76.173926577002405 93.804028844030555 94.594033621913823 97.410760629318531 104.94946849617584 100.0706994057067 96.186327782773304 95.297313429669956 74.576519114722259 123.9625949002189 108.03453267399196 82.847675824395935 98.071973450501076 99.961911911613498 100.60457714633415 96.242822093770727 77.35866291927384 111.94054011972328 109.67413521077783 111.24371719991393 94.773678048515336 99.281608362797215 99.840043801121368 107.15916682215997 102.42920723971514 109.66143106163875 110.38723510054879 110.29114140517026 108.83307890809823 109.08919049586606 99.43218145358405 103.89599102079238 106.04864801680787 110.8592295787376 109.45997789629848 109.10202130172915 107.97067537366598 105.94595844021306 107.0512927117677 103.80445117604978 105.9443310493396 117.85923901073053 108.33919524379095 105.72043011519003 107.97724227642736 107.25917606285752 106.62709235627949 109.93816416565477 106.71681319032969 118.22106371398162 148.78496225829139 137.39766226664892 105.6848925407558 136.96062506730186 103.58554593939398 104.68285344454182 107.89495088744509 138.10336799902501 136.7827747850437 141.42483815277012 136.74120637534176 136.12910701313035 135.66031450812568 134.41250416107903 120.11059692341153 138.1287647210651 139.30750427438196 137.34248004551876 138.99421610188278 135.32261582690711 137.60159699843328 138.73402974911573 141.56262861896272 134.56937385239385 137.561117792722 136.49181824980073 136.39561666378808 130.59558952979057 133.17776004002585 140.10418079073548 143.20578029635084 135.66479778704397 135.5464829874397 133.76930603626155 131.66837250817687 129.06497087067029 128.2490035059329 142.46009084918171 137.7164434655875 133.00291444600654 133.48853565751622 134.95801701849902 130.12500106188364 129.53869753492506 140.9318862347952 142.37799189149538 142.26573036976978 159.56396438278139 132.7539108918798 134.26273944917861 141.17454667308084 143.91664423946395 152.03582331936997 146.88530578854918 157.50855029127544 140.01543215186874 129.39603469570656 130.57905578835343 151.2095392762223 153.09107934911307 147.80747113481593 155.87114305817838 157.05053369115302 140.51700590963483 131.30227158958556 152.18173107464105 152.4769317701745 155.2670096486452 150.89696354373814 146.69137203250349 120.58188697101542 157.39336294116663 158.16319550254354 133.80752946798771 161.27740985290023 155.79803351298608 155.25444222228606 156.81569533785751 158.13107800275915 156.36891983758736 152.19919387591932 155.14938293398774 154.55131092893987 157.2925101973243 153.98107527319402 155.2864262809382 157.17265624860332 154.62403466838009 158.26787926593275 157.17855641968094 155.64109348627008 156.59146786085296 156.36264815881066 158.5710729409316 156.28189863061996 153.34274110967013 161.37233325426422 160.25872934972406 158.20814859514439 158.24891708198888 157.49637838996304 157.84544439803176 158.99821551798567 160.51053944326466 159.29882421534541 159.72790880220646 158.97327053670438 160.40901804121927 159.31046557991451 160.03320741835279 161.93010697880905 161.46386851477317 159.47961390240047 160.89993422722074 160.02439452749852 160.83863236245892 159.68831686657293 163.16588616370464 157.92288988391411 162.84923653324398 160.54880630127761 161.89422550413411 160.98342515269078 163.71455004387428 161.85464011623355 162.66746662937669 156.7815606389097 162.40099713552084 161.74245249593886 163.64336662922761 161.54309157803465 162.65926842483944 163.66438794597235 162.18548810686588 163.71847295965333
