# Created by Octave 5.2.0, Fri Apr 02 16:04:53 2021 CEST <br1@br1>
# name: ptcls
# type: scalar struct
# ndims: 2
 1 1
# length: 2
# name: x
# type: matrix
# rows: 2
# columns: 320
 130.98146264007323 101.5544421872107 99.100830720808304 90.29969818250278 103.94885682270083 111.40182382586461 82.752497353342434 94.952893653265875 109.13452165551007 113.23237353510139 103.4000917722355 100.27634162236973 111.6105440448093 111.77686215890856 110.55892553684824 109.8282419726481 108.53431625431033 110.28284038371606 104.26896610305025 104.42688586737432 104.95145769978173 139.16980892255626 111.57176289357162 139.47192484251303 140.06918763516074 125.213300446548 139.74647270473162 136.18878158163642 141.40512428411512 142.43494458055872 138.33246661621556 142.08251032612122 137.12288614365283 120.89442235739192 140.71101167483567 138.32032708976334 139.61171246276996 140.19448463085982 142.30608136513567 143.81786621295416 140.36406493902712 142.33695281005879 135.59697248226129 141.00180497452348 138.37870650908465 143.3539366297266 152.76829251956266 151.68600810409282 140.32495368925058 139.07313744852678 137.82413686713551 139.69714447969 143.1359103865764 140.82917206505039 152.27594856352968 153.82081154360986 141.39222584672811 141.76596084379992 153.57867978302815 151.14462037234773 150.74865342725647 152.77061076293418 151.93527742329306 152.33023746246027 89.681669316743523 91.752407506253306 90.691552164837091 80.383813237910346 90.238273728132668 89.954448935104864 88.212133911494448 51.983417962502443 94.804443103682473 93.765923297205717 92.097936802109729 90.967898871831565 92.261289036055857 91.172787883358367 91.590121323614269 89.250130690248398 98.226892982734427 96.295651098831996 94.994219595786575 93.155441483107069 93.476151472734571 92.664090926796874 93.080558522550049 92.010998607047327 96.959817648625432 97.384271848173356 96.118742448362241 94.253774709628061 94.513525819936945 93.746049681000002 93.893596936103492 92.618528727146142 102.31783879596999 101.20193776425295 97.211878917497344 95.250658660322259 94.736366595299572 94.959855591990149 95.858497286663948 94.761127884701864 100.93555953210929 103.04675046409348 100.11705280515508 95.565981755831245 96.601490513549834 95.803291958121974 97.106509845398335 97.942722066372411 100.58391021404641 101.28264792540701 106.04025659371956 98.276291670988613 96.367315459088672 98.979651739411082 108.70176186657382 96.765957155979905 103.19014987222386 104.17258733608689 102.28022090249245 99.11610300694683 97.254931956670106 97.689547041652006 99.814198663461298 100.36175187173298 108.92714490335922 102.22385882012398 101.08023236857132 104.78689304292165 98.314483092285187 97.478764964767535 100.10519372690214 83.2930375394061 97.644087686006984 98.688504012246938 100.71824109370813 107.07430834811431 101.55938750488438 99.17158768435452 98.735822564371361 82.27449318967146 118.93931227765904 109.21545282082899 90.945506237972126 102.33700635305165 106.61229145184373 102.02440210936459 99.275339006934843 84.52703092427646 110.72619600204132 109.90189785595042 112.20361333280674 97.812483168507811 105.4553421740891 103.88068446203766 109.40223724528572 107.57364893963786 108.74891186236459 111.06628213440595 111.54606605010652 111.7721436719652 111.92451885195311 102.77187609596477 109.13614995714477 110.93394220970197 109.50547523710277 110.43388090958257 110.66885391688663 110.08485316237775 112.39737453132646 111.68618387143016 107.32323676928046 110.50028338195649 118.43830609874304 109.54858133430771 108.23943700354999 110.58259632914907 109.01837638309512 109.37596702916808 112.94030640595693 109.75424295317057 119.43405660333282 144.11441589431945 138.26779534632581 108.74158466588385 134.16825117006195 108.62105413513302 109.6776318062533 110.98883162171789 138.51545463295224 136.54097435733763 136.30256962999024 135.21706592946521 135.40026617778466 133.96075603784087 132.14383310918703 120.87536170309774 136.40650771595736 137.49910934700472 135.43111824365312 135.41324976535182 134.18032175418438 134.20797985966442 136.65493468761855 139.25906705274514 135.25406637869469 137.38849728452729 136.0883445385947 134.97833042789199 130.13328162346875 131.20136358525315 137.90402510061392 140.83574268854991 135.13362295308983 136.10770723275149 133.37157269364275 131.13382604409816 128.31424473600316 127.27643120080697 138.4972941199172 136.59654066687449 135.26345488166308 132.11745207824379 134.69530514240247 129.27943058309796 129.06627647868552 138.14969165601624 140.26093962575524 140.27108823918667 153.99556353293795 132.24034997104064 133.44448816216374 139.12669862804177 141.12093806359508 149.47711256334819 142.53967388083512 153.4855810060559 139.31615284965088 128.09174561918849 131.22180559118144 149.15474243516275 150.53992218531744 145.86106249000548 151.88786213307623 152.49600155454701 138.77258579847108 129.44319714970311 150.18770988904734 148.64262409147489 151.65879593990482 150.1031104246315 142.92006686548899 123.37392478147663 154.09044429314943 153.14095091727046 138.95274164084475 156.11869327751944 151.87327680359783 150.72547219645699 153.37864698642221 154.52511121035053 153.65680271168546 150.03909278795578 151.03519551214615 151.94122607496956 153.33482686919155 151.21451651579551 150.75166941600497 153.3727077597033 152.86218016318642 153.89191748845721 152.2849194789024 152.96237945469287 153.52618847612115 152.88628030683932 154.49151696261055 151.46563291472387 150.03710489072762 157.1150290828875 154.84651695357229 154.55060636349933 154.71969849491177 154.01128203775698 153.94950267341372 155.0333831419731 156.38001027815997 155.24141449957497 155.7282588680022 155.12353301997902 155.85256898495535 154.77813682371237 156.30941798737069 155.6459096816973 157.5998340913317 155.60070230025863 156.83121306540446 156.21472242374128 156.86614602363989 155.55326363414292 157.32536997778715 155.0302040347145 158.72552247177993 156.69202034723358 157.74623373831292 156.86146495914977 160.68808794994902 157.99201994274674 159.04762766016285 154.13658815585239 158.09778611480127 157.76779839246396 159.03470690349954 158.03431936530535 159.78398716791705 160.10586367731329 158.98630309017511 159.13456874966008
