# Created by Octave 5.2.0, Fri Apr 02 16:06:26 2021 CEST <br1@br1>
# name: ptcls
# type: scalar struct
# ndims: 2
 1 1
# length: 2
# name: x
# type: matrix
# rows: 2
# columns: 320
 154.05111129433942 90.091066810375054 89.444816196565867 72.823039727052347 92.81537025623615 107.999637264509 61.142368795715029 78.784959060952275 86.025509414475479 106.71647623165812 95.756310986269355 90.484884617705148 106.12175357492768 107.80823204412626 107.57340121887442 109.22252951781778 79.007253346220139 98.928895127304884 92.839931624188267 93.344219826100442 93.894831450270985 147.84472450710464 106.82841274292676 149.96778804628636 144.15987819009001 126.61662120073512 146.08334886888645 144.56042840431354 152.37153315916981 151.52040134998589 141.26048870557108 151.0593971140091 143.7522068447775 121.16507564784843 150.03227999149297 146.9026522158552 147.88140505999672 151.22371232120591 150.94387261303677 150.9501686533055 148.80745152786071 150.38223445271112 143.79222339661126 150.40257300200267 145.51873408903842 153.784226414703 163.87516775355732 163.12202672060795 147.36484312183271 145.29526636474043 140.26356331595576 148.94475998944509 150.4569479949462 146.81307884879016 163.28993644508935 164.38233425167502 148.82474056497921 158.39517588690964 165.48376395983558 163.74072775409326 162.0772088165663 162.75697211116699 164.96166210473413 162.92538119297362 79.038136542685749 79.967089361530526 79.527669477451425 61.472810472756038 80.415557530858209 78.755339869175288 78.182705027852947 16.401641486161513 81.8641051899979 81.096983773769082 80.982236730068593 80.411204914541088 82.813143328166703 81.359463560130479 81.614498279179202 77.859162769084307 88.518661608939368 86.491333855359812 85.318990117419091 82.18883504643604 82.855204526839955 82.67679853499979 83.907341804797809 82.030005550752563 88.599928297695172 87.252527849160842 85.856104973966666 83.621901360070481 83.980710036414749 83.370496495350395 83.685046273825691 83.187998444478339 108.61205537322925 91.416687706524712 87.600004794560931 84.722499005113576 84.511504621529369 84.249024759736855 84.926841481425583 86.830693234245174 91.199943779776717 92.134210192787151 90.842948059771828 85.21347117269174 85.923124807959411 85.869129663927254 84.781997498991174 87.974258752951229 89.566234351505329 91.714283709131308 93.873010550270394 88.628113103866468 86.338604622666267 89.001793937367182 101.35020539698451 85.718627617108041 90.154581484538923 92.17488399422011 93.344404059062668 89.611647075802694 87.571795240930356 86.761530480705957 88.555382671182812 90.045739988590284 113.65889685081785 92.220639048289286 89.628330070529117 91.790544512966605 88.270209190538282 87.165293639959074 90.283160314345054 62.640713590320523 87.303611630650067 86.31151408800109 91.699631431147552 100.28090900541919 93.979365023784439 89.637855063554838 87.882484638039131 59.0234694530902 133.04311736077045 109.64135739107941 66.48675315206853 91.639640927892984 91.768261034635557 94.528490584165141 89.0274332339783 62.380468812953055 140.67427224770012 117.82216185687268 121.38764900821187 87.38600049217753 92.593266548218622 90.79178886349689 104.31576904179214 80.297669756040733 113.11054856011762 116.75241247062995 130.84690742619361 112.35780573061167 96.150493413048068 91.261259683616274 86.816193850497982 92.268357927188688 113.46987344615347 113.38067222377094 113.24296821894583 95.044696532386297 78.188426514119641 77.75454669554972 99.476643230936503 91.192922424487875 117.15317262896244 108.98022057536411 108.31761727663847 94.351817288346439 100.16185857402806 107.71548514157223 114.1415988174478 105.85456732994719 104.05725170267773 158.22137225896938 135.18952104481525 93.930065081643846 140.84367253018121 86.726956664201197 85.643477221455669 93.228790781072632 138.57404933297829 138.30782529580932 153.96212299370228 141.38065891824164 140.07316507233472 141.23554995302624 131.32010070330631 124.94229560012795 136.4698280937329 137.46979779779866 139.17740808173838 141.68359684593452 139.20505522694529 140.41505751456913 144.76013883486823 144.90032768406411 135.06125621560955 135.55627408994488 136.31262780636052 140.17173778072194 137.96571020177268 134.08312980039284 144.90335171458403 149.35558031887078 137.3565684951854 134.14746421468718 136.25893082229581 133.08500996544677 134.8599023406052 129.36615318927119 147.95059849259911 142.93923619053658 128.43570009641476 135.24256173955808 138.40712965744729 132.21971874618316 139.9867871125866 148.2087026407105 149.03937760745831 146.44576726714405 170.81440691613855 134.00055060168387 137.47708838514015 146.04019576272862 149.73880009681869 158.95438745713196 156.27611932880424 164.54422110775886 142.26571803301547 121.46016494113607 132.72267919451281 160.72897506194386 160.89079493547987 151.74001104984112 161.59143728900733 163.47494477371342 143.2039902718507 135.16975871157052 160.246843970339 161.28749517987006 161.83131880868294 159.43764205959278 150.75178217663324 114.9408309866142 166.28866087659225 166.08812532417264 123.41210079221531 169.03869426656698 163.83433292661903 160.52068636910266 163.78565128393157 164.86601741046314 161.2617904912677 156.56347974751912 158.75312467498398 163.66116782858629 164.62127082348229 159.68396308487181 162.86218413648476 164.49421527937264 162.50605486952404 166.33751240576382 165.51256414138626 162.94312861629638 165.12356951071919 164.58463188721208 165.57808706144556 161.63824066139327 161.95936417048176 169.87184459857116 167.37348025883409 166.71640050851013 165.56674627783127 166.43054441586256 164.87161310179732 166.10182585234764 167.7122238125946 167.0815493402398 167.589180719783 166.61895122180829 167.97707659011056 166.97899961348455 166.03902330888852 172.08273549426391 168.84204428193263 168.30590273334525 168.66844121394161 167.78796906844335 167.01968272464021 167.11645930178011 170.9546131969841 165.50660022322904 171.58520695514991 169.66351697565668 169.71304649700843 168.80722651826099 171.82166795586173 168.85543432006594 169.98431895912691 162.12548463529077 172.55493870363924 170.80133678777915 170.51715153532041 169.10666148034724 170.76248548430112 171.02456533656738 169.91988551879166 171.93470764059543
