# Created by Octave 5.2.0, Fri Apr 02 16:03:24 2021 CEST <br1@br1>
# name: ptcls
# type: scalar struct
# ndims: 2
 1 1
# length: 2
# name: x
# type: matrix
# rows: 2
# columns: 320
 121.08955071471256 112.83622042057726 110.19431168253435 107.89444216805761 115.52411118130338 117.67375126384681 106.04391984908952 111.23007104687889 121.56359916638682 117.7680148153281 116.61792146564309 111.70661629751788 116.71685331838506 118.322206173827 119.01996463499749 119.06711674490313 122.55408335712048 120.64839780786393 113.84100568690931 113.81453650215194 115.27005221196566 130.91456273228604 117.14085682734687 131.66214970800266 127.57744185110491 123.80049779537313 129.89583230788801 127.76111128851393 130.00389490737493 134.09395963542087 131.99388485158423 132.93477870903902 126.73084664187657 124.668330882657 129.25798188829998 130.88581357430471 130.19404484491002 134.57706904502888 133.17995194398947 132.15367855022777 129.36968779516863 130.43132185699773 131.14892027397144 129.7956939612163 130.99507831250764 133.69089678048491 139.43021732865139 137.45288635171192 132.19272933757136 130.78063716253342 131.5788888218049 132.28694677659851 133.28134821372024 132.59522998922682 138.53103066393589 142.59177757430845 134.03841679246099 133.41050006331523 141.47807755196087 138.20450342441245 140.85057232352654 140.28379146417706 141.30795908045755 141.49330461207364 103.37482293166887 104.51416720580085 102.810093197268 99.422732754330653 101.64078120812246 100.49472017317326 100.42896126860222 87.805611847462586 105.90173416730886 104.4923552212571 103.59717647644842 102.48257665792755 102.44174531981753 101.40220181215268 101.43270860144543 99.365882739289418 108.20766312786546 105.14421628902829 104.3133154499376 103.39848454274035 103.35820657414089 102.54933009445388 102.31342907661116 101.24953368307607 106.46894588363628 106.15509014442976 105.35833445737342 104.26893693878732 104.47671372014716 103.52275290089869 103.30277208166423 102.39184142818576 110.33981004868819 111.4932447786138 107.43230940644193 105.36128395546612 105.48321325637538 104.53804061673445 105.56395424501109 103.61283470464977 110.29203576156129 110.55440191444886 110.02747647200354 106.3815861274464 107.50900768260597 106.88090493175595 106.44088589348971 106.49711643281783 111.56532969751578 110.94242910476397 112.57342562899028 108.63723617375359 106.89705445650191 107.4949096896277 108.71058406927605 107.65394603347201 111.4872074294081 113.08302170027292 112.3203953053236 109.30459962197723 108.03130872049299 108.28527272299127 109.15737875638919 109.83110393325065 110.56727710991395 111.59453696091468 111.58826521563684 113.37557840595551 109.14230485851544 108.617800617794 110.22084890087183 104.05148885173334 109.2973884000798 110.86511016961965 112.0564389453117 114.48725470376739 114.88807197567307 110.57649998509801 109.36964433354666 105.80432808338249 114.9328277929001 112.95925169706342 110.38355065046295 112.53212783050731 114.38503604695894 111.78432795479736 110.01108193258996 105.19965813355914 115.05591459837015 113.60270567851542 116.14523005939223 110.9842157803093 112.46143435085433 113.90171821880924 116.33597755437754 121.50265596655214 113.22027604979081 113.99537857054571 115.37615598154753 116.20273031125983 117.40586158933618 112.87436905798549 122.68576977355744 122.59098024998491 113.65723855359045 114.36984027326396 115.6553229959128 116.36735484660905 117.51315607011968 118.5817786641678 120.74026458882803 119.91552731428719 121.86091322881478 114.56562408140803 116.0526160843813 116.82184497358291 117.27842859357716 119.5071667765615 118.48615310202689 119.78252702746649 121.46077471055044 129.9121422569354 130.67850423611651 118.07530808079535 127.54738146721621 120.7263190538357 121.6865605069131 119.72256271185515 131.37217595174721 130.26756149358624 129.25490422675696 128.27759610130002 129.3956350671782 127.36742376390232 126.25547741270597 124.05975176661528 129.19346385027572 132.07104120709582 129.10444132840556 128.13777877895745 130.08666085783267 129.04606318185168 127.8624274722753 128.68991935530761 131.38306705743409 130.5324694368463 131.07353611914837 130.89089018584431 129.79594451940915 130.10992419057564 129.77458843793488 132.66537373234576 132.33038327432834 131.64153434468435 132.73683467669181 130.49610738949471 129.44130693079953 131.81242144817247 130.99056453557327 131.86215358798466 130.39079168681266 132.61156011654259 133.02521860418079 130.60003440212947 131.75683311283697 133.27317626920836 134.44724152450806 133.70726717597918 137.06307931606707 132.47511331136951 131.45634739978777 134.5601499586912 135.19021547144396 138.51512868673723 135.18473674941509 142.42007315066456 135.44337254953399 133.26887923828025 131.58885087859454 139.29868176606158 140.1410903777207 138.30143334024331 140.6559510329563 140.78188318464126 135.19194266958911 133.20220918522855 139.58266858683132 140.1620058526436 141.2122746718106 139.5896549958876 137.16754147599241 131.86399893980823 140.51885791132946 141.39724501826993 138.51707115952064 140.34569023505793 142.02959595814616 139.49243663156713 141.7451666705692 142.75457911923772 141.15091497422586 142.14224224936288 141.00405719402411 141.20019069934369 141.89510498405869 141.02702241203292 140.65846532951375 143.66725060692062 141.45862428198009 142.41946022850561 142.19452773639946 143.00272126501542 143.12316643988265 141.75743762570906 142.62266435934697 141.10344620684506 140.05029177752996 143.49503005810925 143.34277395938437 144.19215056103988 144.0431919157503 142.8746571030876 143.55137816011251 143.18592795704811 144.27314333332288 144.41264875130062 145.24427382530442 145.14508314515291 144.88869537065773 143.70573971464788 144.33466880414795 143.90260456905466 146.60927557471365 145.32108679785418 146.11033516980979 146.01152149805458 145.5951247506066 144.49160680404319 145.44696426641499 145.03983716511101 147.56882914170473 146.50272564811439 146.92206962625855 146.67424420811901 147.63015639663331 146.42854212835607 145.96221082606476 146.05597101629749 147.4102073813975 147.29126468917309 148.37100501272292 147.58557831888837 148.53599041547341 148.62707543749974 147.56545868913449 147.04429589809033
