# Created by Octave 5.2.0, Fri Apr 02 16:04:16 2021 CEST <br1@br1>
# name: ptcls
# type: scalar struct
# ndims: 2
 1 1
# length: 2
# name: x
# type: matrix
# rows: 2
# columns: 320
 126.77175772196944 106.61086612609355 105.1955060420545 97.621001048975259 108.79881713988793 114.96436693748764 92.773423877283946 101.72594733382968 115.20970575225184 115.16669714823765 108.19138615046003 104.11653682481646 112.70978211433342 113.17887443890778 114.03876127940964 114.82146927787888 116.06878931693869 116.7060832099709 107.97565833332679 107.26031142995626 109.83359572509366 137.40211964004024 114.02313869191428 136.93062202149767 133.36457791873949 124.62542283330745 135.39428213891884 132.68174034510952 139.28124414770656 140.35227499662369 136.03829633466964 138.12448626557583 131.7199654566206 122.89866567131887 134.31297176367903 134.04257189460319 135.09565061437712 137.05856461440069 140.58162969845671 141.37605426245361 135.54350572136843 136.59077961124908 133.44810161862836 136.40326845234983 134.75426103265332 139.68916932723479 148.84462589669113 146.993239787242 136.94686092884763 134.60179775377031 136.15568728748406 135.93221513268651 137.54603822915595 137.6273198292553 149.08929782898645 149.50551074587423 138.36595707076702 138.24895746214457 147.90736490811454 147.8537342463674 146.40750920283014 147.47805677496041 147.88466306562646 147.97270544384199 97.095223447711163 98.20764521301605 95.926021726609207 88.305990071961475 94.986867486019548 94.117297653061215 94.701706230596585 66.889297297185919 99.217826107123827 98.356607489553667 97.291233905558414 96.209736059862109 96.809484822591017 95.79166508847986 95.642854816654435 92.991112464377068 101.62219527291924 99.824214133134888 98.923012832844648 97.853849534681899 97.735942015353672 96.789983195128542 96.342217662154155 94.882095645176747 100.67074611696391 100.69387476534001 99.796348880879876 98.85869827223911 98.470778701146003 97.522328614118393 97.196385464448213 96.034909680596229 104.59117171860341 105.35898792285691 101.58837757508596 99.566499945161311 98.409112467541291 98.125541271551384 99.269490538941568 96.849021897274469 105.68929641706862 108.28535062388654 103.93202332286877 99.534193538617615 100.66018736703748 100.41974189050129 100.85816249804053 101.8025625668527 105.01102708484939 106.47664248591629 111.30210070829717 102.61392184915989 100.45162266687268 102.70918209958953 104.39644492241649 101.7526289862377 106.28666154394334 107.41192862155542 107.19486168417544 102.56056154270129 101.9377516472144 101.49511801616838 102.54020993130857 103.71513969972413 106.84292036643953 106.96791030583296 106.46120185455533 109.48069955960308 103.06073457714042 101.47140033384078 104.83134127248033 91.633433673849353 102.06568323407978 103.21638346620112 105.88619080706988 110.699726988617 106.19524136708405 103.66368025917147 102.57921058799465 92.014786917158204 112.8205377318055 110.28467237222354 101.20056929366423 105.65751145243956 111.10961724647173 107.63371631133849 104.1804755858182 93.147863038312209 111.84973230251924 110.17104169472441 112.96038179445505 102.73880665128819 111.01800329298939 108.33273807743677 112.24040798475095 115.05423988389562 109.03510545629632 111.20350698713114 112.45704099829595 113.5053876391195 113.36224959756238 107.22817051633294 118.86961012819886 117.42165583396266 109.03060163961251 111.41327093959745 112.39136324928359 112.42699447585785 113.74709015398683 114.89239107030454 112.7125769600854 118.54880332859292 120.57686313882479 111.43738279645622 110.91261894196566 112.5788056288134 111.2804080726264 111.98404274787914 114.50557752008518 114.46187098653233 119.5630040244052 138.20474498480394 137.15824996458898 113.40559968598473 130.42688862744322 114.11557386195845 116.86548924582681 115.57873969205779 136.23121034176165 134.32785461936777 133.48497998393455 131.62036597421522 133.40838544164464 131.42744114831942 129.27326973740531 121.76651780195299 133.55620037995004 135.19332336100885 133.45479540105336 132.54740880621117 133.2462857371554 132.48424743899051 133.1804679374772 134.84933018784679 136.60090753705208 135.30787422975655 134.32314971531909 132.28190946628447 130.02022852514639 131.33452607218868 134.27863636215957 137.35008657817093 134.60473389672518 134.33861895461806 133.51772096309304 129.99354667549918 128.26862390709343 127.89266966015623 134.48659486164203 135.29213104510066 135.27700931609067 131.80031124525368 133.14360242648434 129.31484632634729 128.42149347072856 136.36817446483033 139.14544297794305 138.09716886892332 146.94983184538094 132.4368039728638 131.98289631125868 138.2687559902667 138.63438653617544 144.97159225060591 138.41638632936557 147.41706513296489 138.07383201909906 129.07124493617098 130.703250916336 145.06177957874317 146.22160547209992 143.3982597149392 146.09175973264342 146.73960575639546 136.92287879984582 128.8844583348461 146.24855216700547 146.03440956243301 147.05768416330613 145.94612897797481 139.31540570190424 126.90670731716224 147.92385343609405 148.77366176485677 143.49185907838412 149.38328645112591 148.07544124533609 145.37300579722736 148.81924848401266 149.85004952528445 147.27025251113761 147.30590365624681 146.9352493297566 147.33523696608796 148.01880348354629 147.05394611689479 146.66436340354284 149.90775403561122 148.00240968844491 148.49665802809898 148.26323548878949 149.34362763384877 149.07011886501832 147.70990887381424 148.48399155619163 145.7214429953809 146.16019661634661 150.586747209641 149.86849030559489 150.32864939284218 150.2369724050493 149.12661352900767 148.54549905932109 149.75473956523763 151.0029987374237 150.49263555717303 151.48569484922351 151.27174661641286 151.25820896410997 149.20128578160455 150.52019938206385 150.82135393768183 152.48591000478433 151.51845256509316 152.27109726895441 152.24196426482851 151.39504920451446 150.34096555763728 152.48423161190343 150.76759135817684 153.52193838081627 152.61399650943346 153.3580661579131 152.85916359421662 154.86609967157128 153.71063271250583 153.21603155157325 151.09976616513887 153.47892150490776 153.41545768943601 154.40057656888339 154.11520494786333 155.24350392089693 155.11195773155319 154.4230751031657 151.74980593769683
