# Created by Octave 5.2.0, Fri Apr 02 16:05:34 2021 CEST <br1@br1>
# name: ptcls
# type: scalar struct
# ndims: 2
 1 1
# length: 2
# name: x
# type: matrix
# rows: 2
# columns: 320
 135.59301216773744 96.519851650086935 95.116916962199952 82.624138725717117 99.265251067718566 110.04406533036122 73.671327873971649 87.852111568803821 104.28425930238798 111.2044536181037 100.15779544068937 96.009640227513316 109.19768028159064 110.10971921501299 109.0021143583663 109.89375619267463 102.9510584510415 105.46440524214272 99.416326577878891 100.14687408162078 101.33279289607084 143.50074315311377 108.91970072428919 142.97192303856019 140.58016268849747 125.82962375075181 142.25560398791859 139.86551836186624 145.91679439533758 146.65223568338166 140.95003114808966 148.58704032699742 138.56071437713877 118.866829248941 145.56651610889125 142.61247430510568 143.56122939262247 144.49316471613068 145.89065595500404 146.57274414220112 145.12258873907112 146.00038151908723 139.96800470651081 145.55250379189488 142.56610230816071 146.99496646170672 156.82483765569205 155.63586666949433 143.35394060219386 141.1355939759909 139.76893787196039 144.49537770422685 144.7911786339175 142.67059799348431 157.34247733374914 158.01879693037341 144.0281223859638 146.95639053165581 159.44561752383368 156.30281899830103 155.27031896390673 157.30069701590241 157.4328349031957 156.37263221255589 85.209900044753255 87.186389105093852 84.968767781198125 72.07830526672771 85.594045320455564 84.524662961509677 83.720270860233938 36.356286401946292 87.967685046681822 88.167102731332662 86.959931991983169 85.928377108337074 87.972515090121263 86.962746438623384 86.528550134199136 83.17927023932009 94.243678720513586 91.84438212740001 90.933623428553474 87.966189391189914 88.965412219088236 88.260073358161705 89.181915999012887 87.306852431457685 94.042457867498257 92.886399660027521 91.879147326363963 89.803830927676117 90.065307195166554 88.906318306624328 89.483763329651325 88.351405118023578 104.79062227259318 97.195372544144661 92.957155415823976 90.949206689669168 90.233339822225531 90.539696967882449 90.267919118401878 91.906799586759419 97.879063199277809 96.910386379706679 96.167364570705999 91.121564006697966 92.408847818833451 91.294460467318686 91.239927293744032 93.560996667173157 95.8378416212514 97.147632616835622 99.519631384121155 94.106210751692601 92.074110268675739 94.447782785350853 105.42699694616024 92.38217925808145 97.105880084231174 97.917857872409371 99.034154369728029 95.115872567362558 93.033271661199052 93.269454513957598 94.766487035739274 96.385583854695895 111.00527920460794 98.13483808560666 96.89697256634561 99.270093193641443 94.12003331461878 93.207665726609576 96.138482258291972 73.807079654920415 93.253899763043208 93.765092342349973 96.082795421528544 104.19495383100305 98.958449695203782 95.14326512700768 94.166059340603596 72.062894926983745 125.60285045044253 108.00929408997382 80.203486301595547 97.30839945814877 98.489674291227246 100.19512143775668 95.143671802935756 74.806415381562772 111.4223707012883 109.32583411001404 110.66973504863968 92.569618824641282 97.599194268605586 98.231350308677904 106.4267356635883 101.91301215859205 109.71002546921068 110.09536708350679 109.5975003158175 107.97173738334796 107.77938372440654 98.358436691816038 102.43161948599753 104.20960610948573 110.42210128205241 108.75660948832153 108.53640649001743 107.47160087931337 103.67462087167404 104.62489494426238 103.61758406644839 105.32050627246792 117.86054368502147 107.55680721049215 104.95907473743891 106.99862724740254 106.55810603112384 106.44688346714092 109.04788478027149 105.75047809809151 117.63459659810238 150.31003862203733 137.01452948992835 104.7680372320453 137.56070526942707 102.94423682033018 103.62662182424404 106.46548226844004 138.34007982611604 136.84388687814965 143.45106600585007 137.59493783818797 136.16455254810188 136.14081739552196 134.95514549834067 119.86745542718052 137.67428487220428 139.11127735557037 137.38546237195146 139.70848916482365 135.72662950034191 138.12496115700702 139.8643549141272 141.65283676172621 134.624258494451 137.40300987358461 136.33016075507157 136.83488991417443 130.51107015154133 133.64994065690169 140.852340685934 144.48389273388855 135.68987375356829 134.9945107826193 134.28794173693538 132.52893673486258 129.76978099145012 128.92125860795005 144.21681365741543 139.01631907182048 132.26477879354726 133.55661593740732 135.60808438680274 131.0735515348284 130.67522648262869 141.84928318575888 143.30042049447312 143.13991647874556 161.38221772150578 132.75150636186876 135.03063833280817 142.02022736596575 145.07611529376572 153.30148743082651 149.04546610392615 158.56777146500463 140.26959642398191 129.88590961556662 130.62382062581759 152.46848531750527 154.51791877585006 148.44303314128464 157.06474435566403 158.15668899033469 141.06078430311558 131.72828247335016 153.50377603831157 154.20498787314816 156.74421747463583 152.2340000065183 147.7488100979653 119.67020115535462 158.54890310031504 159.72607599099985 132.12746018705479 162.1864235410608 157.71467888432639 156.00749767899546 157.4652133615576 158.824237451453 156.92431412949139 152.90453300668293 156.40306807986082 155.5798751477638 158.75997298018038 154.79960486306214 156.72091314177518 158.36037803640929 156.14373853356565 159.36213811681537 158.74875471008937 157.16041568167907 157.93710643705498 157.82529272335705 159.59799441418846 157.17478247890233 154.63492777500187 162.29767071315018 161.34990483048472 159.77347073181144 159.83961103196822 158.9593249142269 158.38428403852893 159.39489039211983 161.92993151117122 160.77571007313207 161.0212478938721 160.1654617366855 161.52000588521619 160.40753784823619 160.40115181926151 163.89094189530476 163.00618972865072 161.12266176583995 162.10457744450832 161.33599875358476 161.71340486147236 160.61382346576397 164.99954759815597 159.07639742831338 164.45239177589792 162.23456427902437 163.10058863732638 162.29590838404332 165.18816825957316 163.98262690499803 163.73650983479729 157.6452251231733 164.88954464782103 163.35091943754449 164.24132371860193 162.61359032556081 164.09787656413411 164.60133653981657 163.36922008194796 164.88238561834183
