# Created by Octave 5.2.0, Fri Apr 02 16:03:29 2021 CEST <br1@br1>
# name: ptcls
# type: scalar struct
# ndims: 2
 1 1
# length: 2
# name: x
# type: matrix
# rows: 2
# columns: 320
 121.38411498908094 112.19769686305428 109.68996084793055 106.94975792722245 115.00614643440153 117.30164054976841 104.32049651764092 110.35612863648356 120.99683929205159 117.58841829753973 116.07773047880299 110.66301692690115 116.04710758806893 118.06562568246663 118.99916599797962 118.52425466201537 122.22512437045269 121.02295209981192 113.14888093499771 113.04567547935848 114.3690150727884 132.14218379514566 116.7772665544213 132.48944847661215 128.37936812537367 123.87635297127514 130.40078377173202 128.21309102759943 132.04722798715383 133.9184081687149 131.94699862403959 133.10506316797085 127.22354068491715 124.67563120765655 129.79779755317554 130.93339806924115 129.74265317317031 135.03243202749377 134.21928391203872 132.92171352423668 129.24077453620029 131.05617698501678 131.63321231281722 130.13440330762606 130.79127316792201 134.29608110448902 141.09723968061905 138.90515953727709 132.99699639835717 130.44171554567174 132.17434046241965 132.24140088312447 133.57223004285876 133.08961534831491 140.01194559033843 143.06495103498955 134.20459645046466 133.54929850732418 141.96705323957102 139.85695251289872 142.10139238499499 141.15823848102065 142.01792545797446 142.14183009887367 103.1200966645541 104.37541624105533 101.89931085869156 98.400376683091139 100.67612559124231 99.786118091925786 99.660667898751385 85.882272578471628 105.28672843302849 104.14459263973035 102.91832834397553 101.80598269965887 101.88562949630541 100.71447956364374 100.84657987623228 98.556624093666429 107.34331799718316 104.88573810372878 103.92207744182649 102.92488496096945 102.75345701252593 101.79588498703193 101.89894787875004 100.72226935355704 106.31297446734074 105.97743939518179 104.80270907873094 103.91553974447883 103.84976907970459 102.89316486400261 102.8230512480341 101.9304131983087 109.73796223614502 110.99049206221748 107.07470336940527 104.91076806003075 104.74700699422537 103.86157626533722 104.95514786108428 102.92829578835078 109.93024614197995 110.18678222080352 109.41949478748482 105.82871389780338 107.04650030397174 106.13954023245196 105.81802673301991 106.24582292189415 111.18806493263347 110.94556897347537 112.71715896015665 108.13145470808021 105.82932647350634 107.28182639080883 108.15860079551044 106.87258610049625 110.34389363195287 112.64801911978239 111.92516723273602 109.12528124915983 107.07906720756257 107.6687174423945 108.58631663338764 109.22087988071861 110.45578131048366 111.26274469995654 110.94173436181357 113.39467186424153 107.94891236222496 108.0391254807561 109.79191365644891 103.1837867467254 109.21248726246581 110.09790745023338 111.32921706884299 114.6638834829 114.80327614161978 110.23917633489361 108.69761884804436 104.42033219373788 114.28335935229488 112.63856044845949 109.73838960204783 111.4022757905245 114.49515952393281 111.52193294922007 109.0386334109121 104.43639900805911 114.68647309380674 113.52401596609153 115.3705117568273 110.17714482856438 112.2320303441452 113.07695040945774 115.8997683492489 121.34259199358155 112.82315697461777 113.6948351225201 114.78762655382572 115.77015393574824 116.75228569433604 111.96957411248633 122.2184328153657 122.35136959099354 112.89263337307914 113.94207275358538 115.15507922713289 116.14778056512166 117.27235454618236 118.34745111824222 120.51565159359814 120.35021159419412 121.4832937534897 114.26646353608974 115.51834200559121 116.57542032570643 116.15086427745418 118.70618923324294 117.92332071748713 119.53718355324378 121.54581296508142 130.67468043880837 131.23928074344624 117.6276108158583 128.31765687115725 120.2510961153932 121.44295959933272 119.20888484802556 131.87402630769381 130.78658209181796 129.73733865098706 128.53281773080042 129.78576853269584 127.56479464467415 126.09988816129533 123.67885151738588 129.42410508396432 132.87549828217576 129.44855388560623 128.46552956666585 130.28246372310346 129.2147544737231 128.18456097280654 129.35398343777791 132.31601303696189 130.58023758417909 131.47740829846862 131.08083989462804 129.84363462417977 129.92763102638358 130.41268886063548 133.27749843100418 132.54275795201644 131.82806803326395 132.94334122752235 130.63350911263851 129.24029199040885 131.32644393863893 131.48721776766428 132.17363417827664 130.77184214812016 132.5480254441766 132.78329465749533 130.40979342729534 131.42275688249524 133.97330082397073 134.62139515809437 134.06964629802653 137.97220598542927 132.83088989730902 131.8509901350576 134.89169569251055 136.19156296730725 138.93437316783087 135.98246768087688 142.72571964547234 135.7338442446711 132.54346615599638 131.66456721103953 139.79482830743862 140.53511367276482 138.55101763520543 140.96247909328287 141.28959196653688 135.32302466290378 132.57295021304125 140.25442825867609 140.41271070754584 141.59934965293911 139.84902900785761 137.69590736384572 131.40815603197896 141.43850500734769 141.8368082460542 139.16036024456886 140.89103471915413 142.64019361541477 140.13238264593659 142.32797981470125 143.31692818481233 141.63398897022427 142.85583940286386 141.33103381116064 141.93638349018386 142.39306523862993 141.57562477795381 141.16323091040854 144.2343309189302 141.96962908338739 142.86862572605298 142.83905570199784 143.84045822470515 143.59682957966638 142.12002563085815 143.00806459095315 141.51341227491113 140.6633389003137 143.79805266373589 143.92125095616623 144.52406180202229 144.48076878327748 143.14104182824289 143.74399522661096 143.50522225568923 145.29378727805926 144.92361866644382 145.57324074323378 145.51574879190815 145.36685905300487 144.28775664767656 144.58887441323495 144.563514269997 147.14371340388362 145.97456259251885 146.8002836755349 146.45468690309627 146.19716469549621 145.15876232375368 145.67883604025462 146.00766383255734 147.88202112487295 146.70475109389406 147.61692328721278 147.39357413596471 148.22027406489045 147.12152034487173 146.91040534237675 146.02124909787926 148.28881087525966 148.09177361320019 148.78583867218433 148.48685187526988 149.23873921925454 149.15222909889783 148.12187161737492 147.38030705216067
