# Created by Octave 5.2.0, Fri Apr 02 16:06:57 2021 CEST <br1@br1>
# name: ptcls
# type: scalar struct
# ndims: 2
 1 1
# length: 2
# name: x
# type: matrix
# rows: 2
# columns: 320
 164.70423930138247 86.373215336806737 85.962553720659471 67.154934282041395 89.22534693672263 106.69932452989462 54.305881766611563 73.541304598580297 74.283432200019149 111.8037910704367 91.440855075467439 86.605065570134599 104.34290439517079 105.96159128251819 107.72164806339593 109.38680449109738 62.852682919675551 88.805122180281444 89.394028719066682 89.257773094877294 90.291310653363993 150.4319719463322 107.18964413031463 151.58325136090426 146.29019920937878 130.7575642573762 148.42151919810547 147.27555710356017 154.31238820058914 153.99106072956693 141.44432190283234 152.20000066233845 148.09210954134528 123.45689054820059 152.18622918148884 149.37620964942488 149.69902734787851 153.02099966888417 153.74126063933761 151.1907280562481 152.78670790198652 153.38747849434171 146.35151232131909 152.22258111010885 148.27183124513209 157.85491258254572 166.7037711407169 164.87181558992782 150.57908268783481 147.37132668912508 141.6130791881447 150.98745230851631 154.00527663932723 149.53680421682878 167.33389307664319 167.98118687361867 152.297116145838 164.58907998341769 169.54888333954977 169.58569132395712 166.01445688678641 167.58243533671777 168.37577078154553 165.65203361620783 75.852952404756408 76.929851691306467 75.603181406814599 55.339512278651938 78.100710499351564 76.304769605069652 75.019670750589441 4.86160587221406 78.366917608892678 77.427287887452337 77.994633084041595 76.537458468817391 79.704604172413511 77.670170308858431 78.620462895456043 75.273219466204438 85.747962782295687 82.928566416651734 80.892283102075666 78.858402269853144 79.149230727209741 79.259501463355576 80.926140624160595 78.824855521993697 86.863411246569612 84.444212061856945 82.016913406284544 80.400082618629654 80.707537513784317 80.010446914884355 80.487201856873455 80.90517751217557 108.35809811333193 87.287345704420588 85.127183616766956 81.61516693600808 81.473728910292763 81.51540022972145 82.065248992723483 82.62747426661609 87.305592919346665 89.171515229357496 87.217505159507994 81.802929912732253 82.599874915607657 82.822933463703407 81.564635220967418 83.959501196160375 85.387963481473946 87.796819191650869 90.443375976398514 85.256014711055371 82.99883668275163 85.100854295412645 98.992542814328658 82.196483106954403 87.406031464380987 90.695070339685572 88.401952038890286 87.692428669672182 84.110980086810898 83.273413286409408 83.750392504675773 85.602471850348451 115.19351910404768 88.351167666183414 86.161018007673803 88.297102766606642 84.713564232087293 83.613471899056421 86.284442325148845 55.463047069665052 84.13154103371869 82.970319575265052 89.2890519712426 99.270085463536532 90.461389643614794 86.47187527653081 84.35354001862261 51.482596889874657 131.32006509695029 116.29242032142672 58.554184583667364 88.467830818393267 87.064026963867477 90.460279391554749 85.478802067852641 55.50521221632183 165.51614922090533 123.59259405883488 128.56394251635015 83.149876848569335 89.435358626411514 87.962847357410439 104.99499823736745 63.994672180004677 115.72384036591883 121.99215487642535 123.69910913185441 117.39257198897289 86.674129693540635 87.057159392025682 73.981783006764701 85.191156658874377 114.55450468359368 117.60230247121828 118.47187537403993 86.391032079295329 64.939020462187813 61.999626763333822 96.60939472604187 84.359931545300995 116.38732131881235 108.06075770379691 104.25233357666102 84.023844623812479 99.389366019339391 110.74107891260722 116.74865707375574 99.219075496299922 90.585396483998707 162.78738584957259 136.88039700687523 85.651838393440215 148.94289742003286 73.555037244883536 74.741439486299271 84.97301580076784 135.4719624172688 139.54246011314058 161.43424867542083 149.34744113032738 147.7366252739323 145.36610532769231 122.38724317994907 127.95256790359318 134.09045535021824 135.22506503357315 144.59008076385851 149.16990032145551 146.87354926122629 145.88929237989748 148.9166435945605 148.46943100785148 135.03999187256213 132.57858000350325 142.03081906132917 143.91563299045526 143.84516383491555 129.71136441319067 147.01902865157874 152.8272552996213 142.22507795969517 129.9384552031058 143.02675277198838 132.09688653611596 134.00605009618744 119.55703971614751 151.65928907498574 145.30886074399044 126.22129313903693 135.04917962816475 144.18936444116855 128.49674229587112 166.18790098227402 151.64369038349574 152.20396580788656 149.23759049394144 176.26916693231172 130.27113599001254 143.16176378229193 147.28101300605067 153.64476485667407 163.26265549167744 160.13470084027409 168.32492839914437 143.75462357020058 112.157715873093 130.33050650677387 164.1695048755432 165.74188418156712 153.64669706924727 166.66255735188238 167.41618997440082 144.10891273144736 134.13474293556965 164.56612676126346 165.25977256526599 165.01937759687303 163.26534205581569 151.15367895129478 112.20577353963179 169.87162011280975 170.66042803076985 118.37189294941658 171.54318697686881 167.32103169907558 165.40913492047201 166.58579009765347 168.89850514850963 163.8888132866266 158.67949713980994 159.98989694342336 167.58998555477774 168.62798360116508 164.47111296680762 165.30052039434489 168.46457847612558 166.30733192264501 170.30833730803948 168.32846698257293 166.44095186852869 167.45064536584073 168.56767511622834 169.38013602505796 164.61601427758492 166.53725233872564 174.83966908549783 171.78055677419223 170.80203272068297 169.43890069735741 170.63168453338034 167.65040282147788 168.91027853155893 172.7470614054086 171.66418562411997 171.43474833701393 170.47742701725838 170.99034085223141 169.96675773474573 170.39430933225557 175.2976909575155 172.67637942317563 172.49171811468369 172.2663194632629 171.25708250563173 170.7241923363479 169.89629092083476 174.60917412869753 169.18886583912357 175.44204140122923 173.39416471231962 173.51394188336971 173.13830339251632 176.24609696348097 171.83701843857773 173.00349905899995 164.7164780880816 175.39786736023288 174.31938675022548 174.36568003174111 172.23122780640529 173.72441330922001 174.89616061810852 173.76798603826896 175.70525040919321
