# Created by Octave 5.2.0, Fri Apr 02 16:06:11 2021 CEST <br1@br1>
# name: ptcls
# type: scalar struct
# ndims: 2
 1 1
# length: 2
# name: x
# type: matrix
# rows: 2
# columns: 320
 148.5026071240045 92.027447786191885 91.323708108935335 75.775177979662217 94.392513656430467 108.66521465623717 65.021871867523814 81.51602909343768 92.857948922764919 109.39492507678268 98.113865070844511 92.315209603841652 107.04823752271773 107.94212769780094 107.96235668708228 109.13150360283754 86.338449032936737 100.44821260315481 94.288347148463245 96.149653370978626 97.316160961323348 146.76027139367332 107.59559554454978 149.10553704468498 142.9445179068737 126.37957377604135 145.02572045344806 143.14629887345592 151.27762573139972 150.62261068687036 141.16474224866417 149.66335429885734 140.98905531504548 119.97142205391501 148.88357528812105 145.92866169799166 146.53323446774817 150.22003413309679 149.06364411196051 150.8671871449161 147.81796399653604 148.40014455328352 141.91116480708871 149.14314828702931 144.98423616331698 151.66407736895158 161.38605139788373 160.31456672368395 146.2689436853253 144.18210764162242 139.6854684706108 147.90512090813323 148.07484302800745 145.99575913331 161.15156795372511 162.34474503538459 147.03674325523701 155.16918416997837 162.84792219028427 161.43065095747627 160.06669208174793 161.07253723112197 162.44206211000321 160.5941082982244 80.783396493681963 81.535211178373004 81.101428032062685 64.66723661551859 82.13211274513607 80.158217690750632 79.999988840778357 22.412076701759144 83.97928578429034 84.819151160819743 82.79137875689122 81.910616801069153 84.19214909079551 83.137717850067077 83.272967589359141 79.147954404540386 90.389042949307509 88.194479738512214 87.291645798944302 84.023065037043892 84.930389572119822 83.866763122795263 84.641093089143155 82.740904444027521 90.385535970983412 89.242035938067787 88.218587485409188 86.152732414133609 86.062611530412937 85.092503690150593 84.990827058404051 84.358629865234519 108.16786453075201 93.516116844576999 89.465596677274547 87.04629916850871 85.813754419653748 85.473338673905559 85.916204868822703 88.863247928063672 93.827856748937407 93.630611387774067 92.140294520672725 86.919902903836274 87.719483944833812 87.022902981573537 86.286374443973102 89.965871992310284 91.124749470340632 93.202470742974725 95.533173405185011 90.07505233477562 87.914826526190339 90.992520809310236 102.57815465878443 87.425988151827497 91.5832295932656 94.538735630267539 94.389940192180944 91.478662888968586 88.985748702220206 88.825346832425154 90.297886657454782 92.046642922644295 112.85961442726065 94.875410178070936 91.414391033626842 92.982768742710434 90.391060160417055 88.6463362732121 92.404855297492972 66.095291666016706 88.864809627262787 89.441724414161698 92.638542577597903 101.45983816975168 95.535085061244644 91.016950843205834 90.124240391208289 62.951007246431629 131.54877682000318 107.74577252509424 70.618299281444138 93.654893447307174 93.281913958283781 97.02372454191125 91.351882399633382 65.92628878335951 128.09365197267974 114.60556533524937 117.63299517816279 88.293232145068473 93.204830312359547 93.56212187395441 103.96199020553691 87.579709711791352 111.76339298288799 113.44946164814787 127.397779762722 109.67915024605786 101.21112450133406 92.421580749011369 92.515784595053688 96.714429983296668 112.81163397356711 111.10556307999201 110.30915405054398 99.795131121677343 86.193823601918666 87.147317083371206 101.07394184005295 95.45640994627054 117.55205351966561 110.03628191569433 105.44940685565221 98.794054807646816 103.4116882199054 107.19270568066742 112.78731660387837 106.26351513380358 110.42138439280465 155.83844044061635 135.33143182235037 97.821704491759903 138.75538469100357 93.672876705692843 91.555100376894799 97.732158128050955 138.41629785908123 137.48003212058489 150.79614197326487 140.64744422811015 138.34816325036863 139.57573591466468 131.34147152166176 121.45475169143407 137.33848357704551 139.13742557544896 138.41879706802095 140.469644528358 137.95044709373886 139.45422496989281 141.77423115141701 143.88064019022599 134.90080022439602 136.34728600654972 136.16727294617471 139.20339504750731 132.58501342737082 133.89040596877609 143.12507735739229 147.47958057725398 136.42780249912519 134.35055407841961 135.15183722419687 133.04821924894773 133.2939295986678 130.40693103345208 146.99090920282686 140.99968908733513 129.58903705338238 134.69757979004541 137.20575958615353 132.77656451558647 134.11436742228469 146.32694572436927 147.50584900002104 145.34043690971228 167.97338607438169 132.07756580150345 135.99929639748345 144.53431962763744 147.98783721448214 157.60942327268788 154.27124119816281 162.6376468972384 141.46035690353574 126.32219145863547 132.95262508705332 158.44151144704639 159.41174032966154 150.74694541473374 160.06952429741543 161.79487905627528 142.76256598633969 135.07155647718281 158.66314520479162 159.781195935905 161.2610362931936 157.30291856171797 150.98309442076976 116.36534007358421 164.70308570195149 163.42616823693101 126.03720904367299 167.03402418807585 162.49315077764848 158.78312021521646 161.69126290668007 163.41393842146559 160.29081852619839 155.46138735570099 158.10897245183847 161.57307111976658 163.21633801535057 158.21295284923934 162.04973945788117 162.45925190310055 160.81191511191457 164.49633230600199 163.69879051274546 161.37185945794928 163.32987921777217 162.59394373102745 163.61361269750353 159.33588220745199 160.49877104704947 168.07031687587195 165.87738541713853 164.88203300719692 164.22258828493102 163.63072976680738 162.68131436353761 164.09489346497071 166.06010568298726 165.48968011481838 164.7649039137176 164.19899668935938 165.91686214849108 164.75415789039985 164.60281055622366 169.63643076298032 167.61248833106603 166.50665282540751 165.81107401337977 165.2908406341119 166.52320249750852 165.32050036908691 168.92557910017382 163.39759611488185 169.58935428906739 168.16729027212509 166.8763301007659 166.35495741500498 169.17495293347758 167.90985675046738 168.05373510445858 160.77600887862889 169.67449822606088 169.2733753314179 167.92464110941006 166.98727016501891 168.58526388776266 168.49500198030307 167.39307331304292 169.41513960202232
