# Created by Octave 5.2.0, Fri Apr 02 16:02:34 2021 CEST <br1@br1>
# name: ptcls
# type: scalar struct
# ndims: 2
 1 1
# length: 2
# name: x
# type: matrix
# rows: 2
# columns: 320
 121.0734612174199 119.02760894509927 119.03937614850176 117.50855912503147 119.77131091872413 121.12872695052742 119.79811757637137 120.19480405160162 121.87382773585863 120.18976465876595 121.31674055491833 120.4515572342967 120.88703945972009 122.36447270811809 121.65947919169511 122.15434497605237 123.49098811032513 122.39174719091025 122.48473845758637 121.51096424397902 122.43815974202415 123.87974069676204 122.72287309937812 124.0535313481747 124.58461236966559 123.24982694218109 124.19226493087785 123.19108004185425 124.59201540470784 125.36375495106348 124.68777053213606 125.19146793812422 126.07586485700732 124.95632946130412 125.20557313087359 124.58757243717902 125.67844679465718 126.45004157624894 125.81662793224261 126.53883774821708 127.10278967895059 126.33708122321931 127.36939776297244 126.59619931944387 126.87596481900994 127.56525474163097 127.33513054366989 128.55398725597641 129.01533326194456 127.9116775774402 128.41860756330206 127.85901403024958 129.14296868458555 128.74843211121888 128.70822121860925 129.58508112658939 130.40466381500207 129.62421992103612 130.75354161687181 130.47235143995437 129.9575233258455 131.01947932653604 129.80662938978881 130.761431575697 108.19479285626674 108.3259260457594 108.23949631577695 107.40316329282541 107.65182773752846 107.22107882303185 107.92759037184622 107.26611814315848 109.21933749034164 109.39850834112669 109.25038833916332 108.48010768958784 108.95795444134626 108.39318318429 109.00071935506203 108.47074771676155 110.08815206771635 110.24594533276309 110.22503245614081 109.61200271432253 110.12029704854915 109.66327901429707 110.09278422460361 109.58425718228008 111.16666194929562 111.30387617097205 111.28004401489891 110.56448243498906 111.20242108756676 110.69402985370589 111.15089797893934 110.74187639037812 112.24905185800498 112.35595264957995 112.29179105539005 111.69369507437288 112.3067504723531 111.7649827873619 112.17749333751092 111.87447153035502 113.15130813707466 113.1924096134705 113.44934784942208 112.81916408397423 113.35391746435465 112.72858605588326 113.24190501560479 112.97790916654361 114.23146338434212 113.84207876284462 114.54568710653948 113.92624672598066 114.44817955760684 113.85139563641009 114.26210671013163 114.00383341106151 115.23110370102013 115.03993569423265 115.73668896242243 114.99868503557664 115.55628395556339 114.94629068225899 115.27069649134224 114.93816935689865 115.88712904528845 116.20501513346429 116.93086799027924 116.04763139877947 116.61522930912147 116.00055832150967 116.24427107508606 115.95361373594714 116.86800441210187 116.69798034192316 117.39691345817246 117.16676054360225 117.76279868677247 117.11737112585219 117.28469697764478 116.65420698476063 118.03185902674737 117.68827946962732 118.3274055337168 118.00122819665191 118.29557610943455 118.10932724655802 118.54424454056087 117.57261278041641 119.17942285670587 118.78637439237197 119.51442987217344 119.01185535189094 119.62571899744344 118.81698096378294 119.2274903396133 120.01617020195668 120.27798591149478 120.02289568622598 120.61239715584151 120.09036113012652 120.92476986055006 119.29498857105129 120.20303545962145 120.25472494693808 121.32726464362683 121.10317767769348 121.68659253494577 121.37893632404266 122.06929849863866 121.29027399977448 122.25798855996251 121.11175155546239 123.65867185332399 122.47649314537306 122.96750938136306 122.65658568302158 123.33183563685364 122.7206558481529 123.53927699307616 123.27383362347018 124.87107228101108 124.19679946749204 124.64180283294337 123.81550580890223 125.10479705171451 124.2267220551981 124.79114080456195 124.36478694671499 126.24516920780374 125.41225346860838 125.98554699101345 125.1788581244161 126.15123222866703 125.5649162784614 126.26041967953391 125.48673704435673 127.58146133784024 126.79575420375329 127.18132548780456 126.21091687523075 127.50790858712459 126.85833586233784 127.42424701712677 126.54423158362702 128.75992661518723 127.75677884810122 128.32141012053611 128.6381186494545 128.83691165635764 128.08622791384423 128.60091512785183 128.25600987894845 129.78546971838813 128.97271574172407 129.35106217200413 129.86809634772547 130.03453903272575 129.38633072303415 129.92698729932042 129.33238648373259 130.14490013143416 130.27006609420349 130.34275790577135 130.82557204183169 131.26140223549274 131.06413195395064 131.40462354405292 130.31856788661531 131.53637450146903 131.52224100461811 131.45519958474225 131.92071207638236 132.19459275964073 132.29816091618196 131.65700768080487 132.08161706558974 132.51571995136385 132.4961036045255 132.66904800114497 132.83699094906734 133.17017845786725 132.46901280887931 132.87063239253723 132.84747288074513 133.59781672893098 133.66312473345059 133.68233228993978 133.86544069949238 134.21965320822804 133.36020660334509 133.66752936708323 133.43818331903248 134.87909941839953 134.66601845388962 134.63358862620467 134.87981020749439 135.20254192771387 134.53805416800341 134.77479956540759 134.46255224647771 135.79841178756473 135.45236601527481 135.66804224819145 135.88324252946126 136.24843596663715 135.58263295834894 136.06459374738589 135.55518260959991 136.91338001157715 136.52111649288562 136.63619176428631 136.94153399471162 137.34818546243017 136.68045012459052 137.16004668770066 136.64233866833578 138.02511659632401 137.56259009788431 137.64766265757333 137.93634557242856 138.42503395613392 137.70861449230148 138.29473983238003 137.7301895679079 139.07963729752362 138.56726266520448 138.63847295127425 138.97486726817183 139.50061108428801 138.83891109002042 139.49184459467051 138.8543067706544 140.1552573757977 139.60736431673487 139.68929569346122 140.15155438513872 140.65649245213515 140.00626265081425 140.51835381719212 139.89900309620947 141.23848664398159 140.74870223484217 140.68219647824802 141.27496619945927 141.71428587794307 141.10415143035024 141.58689258492984 140.98495458607186 142.43636890289008 141.86496275382729 141.8486202584759 142.40745719686905 143.00529413494971 142.2073195526545 142.75561847214234 142.31704834460695
