# Created by Octave 5.2.0, Fri Apr 02 16:07:32 2021 CEST <br1@br1>
# name: ptcls
# type: scalar struct
# ndims: 2
 1 1
# length: 2
# name: x
# type: matrix
# rows: 2
# columns: 320
 178.58905998733763 81.183714321617629 81.672240030938568 59.243203765046943 85.843387904476018 106.55079824785589 44.922748375964893 66.22203691151941 57.15550740385887 117.17386992466446 87.088251498998105 82.262328979439019 101.85992741509347 107.53286463510811 105.31926879211768 109.40508007462354 41.654694711694098 73.790734151706374 82.300913752089855 83.764255337667691 87.083591527175244 153.82424661583997 106.37902694921809 154.8722437646891 151.19681152791603 140.64931873113673 152.29766643512045 151.0654242462586 157.53419392953964 155.6439815302985 142.8192525997089 154.8252998194815 150.40996996047596 129.20879422180951 156.62641934494764 152.37116079623087 154.24244441396243 156.32910023748335 157.0610213144767 154.54729316157579 155.86579382101104 157.75178054293798 150.48792654482853 155.92491896838658 152.79042666465153 163.53691202515952 172.18228061602326 170.80224777820578 154.58011650312378 151.64593702521182 143.49677842640841 155.61378283919271 157.85186750883179 153.46878991678031 173.11689244919714 174.23698618021794 155.52153940906152 169.52928272315552 174.19558387530645 174.5583186252897 171.78916183617633 173.09056780094508 173.1060121815263 172.12761622181293 71.204528054847515 72.883482946699857 71.549224166998641 46.778450216048299 73.003172101212655 72.286244776258471 71.005352969935132 11.24636050558763 74.004592833970307 73.267669834513583 73.375853826403258 72.240305527575643 74.519485555971372 72.926865510604841 73.425098750164025 72.281243735688122 81.801622082893218 79.460444996971802 75.577105274369785 73.981177998147899 74.416431877075723 74.042004449756476 76.039791728448378 75.044010176337167 82.756284068307593 80.450804885195708 78.42511972522918 75.138964689441195 75.493397811242346 75.03915709463341 75.598123559752921 76.302057630407035 106.32341449678763 69.524715931528036 80.633660048345305 76.282790602777169 76.388371056446132 75.651610082483984 77.155892938213924 74.465557495120805 83.43854222093313 85.49891109773526 82.741310612493166 76.478317121735927 77.405145065927499 77.897819526874258 76.752729800024355 78.946587191719416 80.571014219280727 83.47031081400182 84.778101071474154 81.190910585289743 77.425609999491556 79.885210720305366 95.70163879270487 77.674952973834749 76.814933005461683 86.367316220578076 81.408334539075327 82.589141959289222 79.390147621331479 78.355315831531428 78.729922497037947 79.779380422386851 117.33559599918098 81.368711497200351 82.363508135329724 84.741276566639058 80.340118287999374 78.294235979033189 80.749537732052744 45.012790156441945 78.717176543835564 77.805498816726939 85.16386900358107 98.385155386557045 87.190803513299713 82.334782736607536 79.276221815722934 40.956795603719627 126.02533326545759 120.51340343563504 47.481640956940737 84.338104090595976 83.422836924230353 85.969401076952252 80.951882523703219 46.18046752418887 200.19126916267095 128.49184343161204 138.54506585085608 78.724706962210149 82.550784615668107 85.873527247171552 105.95512313941654 42.511027035589265 122.31225778271262 119.42550885152613 110.71021876432386 107.38668153665452 74.772300546500475 79.628010609094545 57.134747324352787 74.072698232925418 118.29880770354309 121.34035390162688 124.66132371337839 75.76957806993704 41.593072936530703 42.236647284912685 92.607193687959779 72.883436486838377 117.03505212886631 105.16752730618988 97.341750301102365 72.208920661849973 96.849554442514361 119.13435981520409 120.23673856726808 91.825571639835957 89.503132115067302 169.66909375193779 139.50526522921595 73.682600982690644 158.86310215214988 57.895391858579238 56.468132241832492 71.657767110944746 140.68284462138195 144.2646391863808 175.60373943563462 163.84171833022233 162.74915380661707 150.41697782455464 119.80946982226641 126.92438801094639 136.84700518075095 135.74560181377097 150.4281673308727 161.409948716701 157.86694215738549 149.55352245964477 151.61116507271677 153.12906049226262 127.98461594112703 131.29624955948046 153.44668804852066 153.4745796663864 151.55735459417193 122.14633429294405 150.89864550308621 156.68790981448603 154.39445544777223 123.56157525776528 152.59661670772715 126.87780910974357 129.46970241737429 122.47723918542188 154.90126623203764 150.02571454210312 120.88925090119902 128.34788940766268 150.60539424774581 122.52126854032572 198.99061594335217 153.87278198921794 156.01143434909906 152.76629493450562 183.8831027882201 123.50164458209018 151.59101607866847 151.52640344612354 156.64570303985374 168.56461666127925 165.55545087705787 173.13965576256766 146.19952658828123 99.196799586319599 129.01597103891251 169.32901676315427 170.01637175077084 156.30811297133502 171.11089833121906 172.04345578759322 145.22527057655131 128.40292555818786 168.34452083044485 170.34605287307659 170.71998232213349 169.54881117231923 153.45781144128603 108.38808918655218 178.91505399923912 176.80321072200385 111.33660283551001 178.19853391609581 172.45255971271089 170.84144137453484 173.05133183291312 175.28535362599121 165.46993117606974 161.63326345723587 161.71606619410031 171.87361144984501 173.14906644579662 169.96294614201912 170.72256934318091 173.46345064171507 171.03859813571094 177.28997028880224 173.55704422341987 171.82703970225535 172.84924320571781 172.59191286809923 173.95440188437954 168.97899852939562 171.51945138608664 180.45874495421714 177.60480336661098 176.32975342122646 174.75814624444189 175.58329003929683 174.16585327100023 174.15029427992968 178.64401545053639 176.95185674340797 176.25478322706149 175.02626035008061 175.35079590770013 174.5794024614608 177.09731684246597 180.9784651844576 178.10048540745038 177.55757435041016 177.08286469079889 175.67677768897425 175.81668697515647 174.73636158587675 179.6210176118062 175.26271011857676 180.76958143332453 178.81454865026464 178.31048999311687 177.68169260612302 181.26593322338795 178.35944417277639 177.02831357326878 168.33307311593546 179.85801901266976 179.64837706291851 178.78989984109572 176.44351732984438 179.73989081018942 179.56129036711692 178.50133749014074 182.01756163872778
