# Created by Octave 5.2.0, Fri Apr 02 16:04:22 2021 CEST <br1@br1>
# name: ptcls
# type: scalar struct
# ndims: 2
 1 1
# length: 2
# name: x
# type: matrix
# rows: 2
# columns: 320
 127.38284391975779 105.78274738875976 104.73565629441605 96.558231278035706 108.02469935842852 115.06932476611877 91.474373935969027 100.74276212213493 114.38194993133774 114.88590823665335 107.74404403725056 104.24213294148323 112.81343871603308 112.28897556940308 113.17684843223807 114.35670450784755 114.79730921516411 115.66262413380178 107.50139133243732 107.31433876172203 109.07500591434301 137.46459435529732 113.52720182863168 137.62721625726266 134.46992856764564 124.71075990619721 136.05909628794635 133.19082697621826 139.83180689728664 140.75144452740614 136.03841472335992 138.88007509540608 131.97422303826119 122.59422329693756 134.81498899689205 134.4749011269254 135.42284905683303 137.85566285399923 141.08373872593495 141.8643862648737 136.09831306238345 136.84301374606861 133.57744463628035 136.97059510304879 135.40877972280509 140.86248329631033 150.0018824564003 147.58298554453663 137.42255492041249 135.25996150753261 136.74877900702646 136.443412570069 138.1690991167541 137.55914140592563 149.05540510430603 150.44669166935833 138.6668425086923 138.86765079899806 148.94405879230689 147.86839250248443 146.57939867927445 148.30978798792387 148.64334879218964 149.01718601728078 96.098335546289206 97.198527731653229 95.507861469176405 87.155996660566956 94.61243083282578 93.918836185049841 93.85897216294893 64.725540619571092 98.57642563954137 97.630632512627585 96.547443320296225 95.737654401921247 96.433236415646576 94.92421192384532 94.7397771737987 93.199543587509524 100.653056996684 99.393923800046636 98.345568393079844 97.29849388996989 97.076726329224726 95.914246205420383 95.788931571893173 94.746761400101875 99.622564713208874 100.30220157766129 99.228250944249837 98.128834476363693 98.083547731811379 96.829505955767218 96.593485895594128 95.509289156923543 103.34557151844123 105.24826997052705 100.39327402826252 98.985851075733265 97.895908828335095 97.440465710374596 98.588561421088244 96.36879265468616 104.65361273033943 108.02252726558207 103.31920265780343 98.952068041828667 100.13223376957275 99.938617637658069 100.38490879835757 101.5109801159207 104.5607835156963 105.61260162058531 109.62724068182233 101.42756843123539 100.00340565349954 102.1331172309083 104.61379904416431 101.10096242969828 105.48889508557281 106.35519636461034 106.46408795826528 101.94552144074059 101.32077719153929 101.25937043628817 102.2606382480551 103.40968544990571 107.20922581492498 106.72188291808682 105.76774594841177 108.90830931157001 102.00991896481234 101.17332096622482 104.05082175722315 90.422519116708131 101.84391423349014 102.68510603423937 105.48806738927324 110.13465058252976 105.7189848895641 102.51476468541114 102.48303053022597 90.60087331155529 113.47932514303183 110.32770846305189 99.704384032248413 104.62635952433435 110.36127342851393 106.8570096611377 103.05879923449746 91.741063134320129 111.13362005375312 110.49130183612367 112.24541564045361 101.48517134744074 110.73547716468127 107.55300751539538 111.82841545805438 113.84160786541419 109.36678179062734 111.52438119616711 112.6043828968116 113.56261229880816 112.79507785764824 106.48629979012622 117.96259987302152 116.74282778038157 109.70605256495418 111.45603989085869 112.51304546376353 111.66546672083925 113.3257135523971 114.40779064694712 112.19345880499625 118.13871432276723 120.53705276764663 110.79871686685424 109.9213571006708 112.12986568084652 110.49312061974474 111.10386204454781 113.8977435583878 113.97350220599228 119.27366052219 139.06260043941103 137.53873632124711 112.55847836945276 131.11216962771113 113.25216113005862 116.01428045880725 115.18934597797403 136.29326822592645 134.62982875290535 133.28595335306198 132.32487095949665 133.7056517405247 132.12300133024377 129.68996442040589 121.65066026157562 134.38535157210157 135.31247806590915 133.77732359956164 132.97691247350383 133.48705891534303 132.76960008008513 133.17487029482692 135.62935191318647 136.45897471529221 135.91936966430043 134.78965518784014 132.60920121582851 129.69500234317513 131.1594145215083 134.90853249744291 137.79457295832816 134.43807561977971 134.15943371868954 133.21061185003691 130.44367010333127 128.51455371693996 127.60840034474998 134.50667132310397 135.59277149918123 135.43044697642497 131.93723544983646 133.35064654824689 129.65295849432266 128.11658199749544 136.80139803102804 139.69596791567409 138.52407453837418 147.97259934841341 132.3073247668828 132.5077068573103 138.9724191093531 138.9103399139139 145.43866767759602 138.73797981539542 148.63076330923525 138.35886273128804 128.62941549163031 130.82973781218652 145.28511687078159 146.40887659312153 143.75576334357785 147.35959547118441 147.86898555887529 137.08669083705345 129.0815279965158 147.04133327586825 146.28104437060449 147.54252226182996 146.27405824808773 140.66745632286222 126.39388404585304 148.57074085480502 149.65588596042355 144.31439142325493 150.90905066899802 148.44191474173323 146.31588778522823 149.42513652680302 150.49311950085615 148.2931019964621 147.70265691730134 147.92424827870542 148.18482355153282 148.23657469686384 147.22943700826269 147.22721237800528 150.31845624659101 149.04795508987084 149.46600375044852 148.80572670780057 149.9368165746732 149.28687289940336 148.40505353197668 149.57924188474948 146.73436737873965 147.01464822776239 152.37094790002362 150.58417820228095 151.24230597889076 150.61535805948765 149.49077429471245 149.44449863305221 150.43441451625566 151.66510609422957 150.95250130862584 152.31251910568676 151.60595543908661 151.61273061322618 150.00526851824611 151.37332349581584 151.40344604829733 152.9603948521457 152.11175184677177 153.05093617183152 152.65585186667948 152.0866559512167 150.91471337211817 153.18704564757036 151.53988315834954 154.17585989353981 153.30275116968573 153.74245904372918 153.51521571650213 155.8933390920642 154.41157258414145 154.00211135843657 151.15726464526665 153.8386049190477 154.04697262893106 154.98707030231623 154.68430818816864 155.70103732157415 155.62999093211323 155.06678352346015 152.5147219530883
