# Created by Octave 5.2.0, Fri Apr 02 16:06:58 2021 CEST <br1@br1>
# name: ptcls
# type: scalar struct
# ndims: 2
 1 1
# length: 2
# name: x
# type: matrix
# rows: 2
# columns: 320
 165.14811963500927 86.218304858741391 85.832255889891115 66.918763221832606 88.955118545677237 106.43557313280857 54.046480028646677 73.322818995981464 73.866523930892626 111.98487663149407 91.363383419525221 86.556534408429087 104.26878567934759 106.12817120991205 107.70541049538839 109.38735003090413 62.215212326919058 88.356931492861293 89.117150744556483 89.091518837364305 90.214692216410569 150.60347194771813 107.26085518559915 151.85441608215245 146.33785315790243 131.08622350114115 148.54118216521096 147.38868746602878 154.38873538073196 153.97558230162906 141.4519816193849 152.17696510234549 148.0965745345753 123.55238283571526 152.37530993511933 149.37015958997287 149.81317760765612 153.12254394668793 153.83773967180827 151.36537979055129 152.95354187255106 153.47255683977266 146.41586852439204 152.61944954663167 148.11948956731766 158.02452450620584 166.96192454859974 164.96516663058816 150.68317773411022 147.55000967303653 141.66930901615257 150.99418593195517 154.18196439034614 149.6884752350563 167.50135066739037 168.1719336503848 152.39777520739676 164.84715932077219 169.57199769845542 169.77817398205548 166.44459852485122 167.82500322195654 168.58100076478331 165.81749124675531 75.683036243307825 76.765236899264949 75.5097728858848 55.083958187230934 78.000147646838116 76.39488416104993 74.80301006262917 4.3807710549662495 78.27674913372384 77.231603209595434 77.87874847143199 76.337669058185881 79.660466151489473 77.485917121796732 78.492665853467884 75.224442664584956 85.633987594632501 82.89579209695934 80.778278057067055 78.765933025118315 78.76691496847738 79.130074149929612 80.76674201261072 78.754280901682961 86.635386216289263 84.192270820185698 81.855239746317579 80.482696616473021 80.490817139668778 79.68570013197882 80.204567525802645 80.76089108833736 108.28611899131822 87.286968627702237 85.047717073632114 81.64249313598205 81.217452963562479 81.53004462891748 81.890847842840998 82.571233225971525 87.164375031956979 89.085589739248277 86.986999380225001 81.7020274629635 82.321087195197762 82.82356645347032 81.345973181384977 83.915083867941917 85.422328124301728 87.673277088910496 90.205612665051191 85.146938009471214 82.762198608640432 85.06023494701445 98.894306873384664 82.024905631754962 87.339697165334783 90.652212591194541 88.178401978130779 87.298187407448211 83.906388926622881 83.277811834366773 83.43403951539419 85.317878552098207 115.25746169793226 88.209851137314217 86.099359712393436 88.150983464999257 84.592647497223368 83.471069989378719 86.154155397989868 55.269282573062071 84.015928231234625 82.706759375899395 89.170756588066695 99.243669640343114 90.154976865323079 86.245942924454326 84.348230080122519 51.168393866407342 131.05059106981722 116.71354641874792 58.223660893317316 88.316006502810325 86.889776659331432 90.249499911240164 85.354546417509681 55.087986361456778 166.55122742812222 123.71403756877231 128.86188649648466 83.081158652365886 89.233838851305194 87.834639052980947 105.02329945384976 63.343246027802266 115.8276068101586 121.91668007285877 123.44611866477169 117.50545986158255 86.234691176244638 86.929482823250936 73.429838866426536 84.791310640740562 114.60160615180887 117.72751470962488 118.70096849254641 86.27296444624136 64.405565470286305 61.261066250747191 96.489926038337927 83.929189357291264 116.35540004810153 107.97439261730118 104.04604750873389 83.560039726715303 99.313582565694745 110.99720226795286 116.8572845011019 98.998342071338996 90.008367358835372 162.97659721155887 136.83282432872514 85.25837706776511 149.26447998777908 73.051864364908482 74.186362891878062 84.764118269486076 135.31367952255687 139.68342068249103 161.84692994705304 149.83124136567079 148.28073713537142 145.38906721982829 122.14304037026206 127.92187596649924 134.18648763287243 135.44705514767114 144.72046442813095 149.32573547732932 147.23868068727455 146.04912342003607 149.14563682385838 148.60402877716012 134.82850312644075 132.53271827337889 142.41252094272807 144.16603793459316 144.11149460590443 129.52765797167052 147.25739601952603 152.98927408237103 142.53085271005958 129.84486786935454 143.34025238483252 132.05251551077538 133.7895101478893 119.14483616694349 151.8199882645379 145.48994475468018 126.12902618247952 134.98851765620361 144.63067681079701 128.33552746875392 167.16708650350023 151.69552999943096 152.36958587008476 149.2928851551377 176.49644859965227 129.94050922233947 143.27895375321165 147.37557192679398 153.58182592763058 163.26907756624502 160.29651427420794 168.39778214506075 143.85374718555519 111.77118207796221 130.23191928814387 164.37794204382041 165.81171289804729 153.72614232005586 166.86243597697171 167.54515114043519 144.10953194929192 134.1434366521276 164.72563146012601 165.66203400724743 165.19372959635174 163.2299159150858 151.11580268414542 112.09181281267419 170.09452520832008 170.77732551621011 118.16188428929996 171.70486506892189 167.45443076294762 165.79461105314229 166.66999985364356 168.97412515354347 164.01744542403551 158.76766453115539 160.041429121275 167.55379171653553 168.61998937340249 164.35689320836204 165.52951562369489 168.62086171289178 166.499724976045 170.67864516914634 168.51935074086805 166.59191625824371 167.77474653340994 168.50630421780417 169.41499199076557 164.78655465344252 166.71456280882239 174.94273502314732 171.88558148545007 170.82826498335069 169.62311095864607 170.81097884522472 167.89188779471925 169.0151119648956 172.94011543336927 171.77173153799006 171.7116072369017 170.54064613202243 171.12729457305423 170.11610361351885 170.77289079977203 175.20029405342731 172.82205345837576 172.8194502333717 172.6002849524192 171.48915862149641 170.73177836001034 170.0059753551019 174.77158059623054 169.2554950714364 175.73736520757222 173.78308157968468 173.57696276964131 173.21695252879263 176.42049116208165 171.83125827174732 172.91501746509999 164.82443614861455 175.59928200039772 174.50407128299665 174.49130090835732 172.26099870641858 174.02124977437975 175.20773466950604 173.9654258165443 175.88765280550854
