# Created by Octave 5.2.0, Fri Apr 02 16:02:47 2021 CEST <br1@br1>
# name: ptcls
# type: scalar struct
# ndims: 2
 1 1
# length: 2
# name: x
# type: matrix
# rows: 2
# columns: 320
 121.6969497014874 115.9102222322919 114.37970296453889 114.98498646974188 118.27087328522316 119.49965420019279 115.25743103189761 117.79092944354312 122.34591321425242 119.01387288006372 119.56375037760486 116.80980137779933 119.69161722946016 120.87037091228478 120.41707099752041 122.15677627189385 123.84653866990617 122.73197535673523 120.17640041664338 118.44671669879608 119.36009338968655 125.35459154465683 121.99162849765116 126.44741356596856 125.47429205116178 123.29096004325309 125.42342383446545 123.85525970639405 125.15682993398589 128.16296683852519 126.36567011639491 127.73955009628772 126.15260274469432 124.82674216326608 126.33199478489333 125.22800336470772 126.01711040378464 129.08806529699729 128.68633395674991 129.28184761711032 127.36225351694024 126.47622298416267 127.52625030920987 127.47143782045913 127.12380686426057 129.3750537153748 130.4010395108842 131.13760818131519 130.33930387606887 128.63364577250883 128.52752787205844 128.40051130217458 130.75918403995868 129.44063440496896 131.88480277185724 133.77622968145056 131.50095529964992 131.94676865075809 134.45758432586848 132.61370457688776 132.43069037859755 133.66841479440723 132.98594106108902 134.42616335789776 108.01012197611264 107.33292730257362 106.76788538349898 105.08487637155059 105.70569363924562 105.01241825224183 105.44154487339004 102.23065636489477 108.50498115436837 107.896415231801 107.65638568654967 106.68851841145396 106.96508000778972 106.24476843388912 106.53320730004542 105.89899374191765 109.22113327411647 109.26236727325387 108.79780914211659 107.81549896792262 108.06246812320458 107.30976255480586 107.85388892836259 107.01741197785039 110.03916145215607 110.38577795735868 109.83236520457184 108.84090372870608 109.14519521895853 108.54864655603369 108.9033240798865 108.1822005246147 111.36102627420711 112.55204175659796 110.85031965870759 109.94477679463468 110.17055171848889 109.67865281290615 110.03838072832464 109.361133067049 113.32672850917103 112.51096476763806 112.76646742144518 111.18051715888542 111.60788233539395 110.75884036372688 111.20227490775071 110.30830789417834 113.76727801449057 113.57030225946785 113.91047346180841 112.46695705309506 112.94509842728189 112.07857618241675 112.44126737280399 111.66314904819291 115.3532171060731 114.95947248166533 114.99250220648551 113.8126827668808 113.63732148892275 113.19269392033087 113.47972043480314 112.68842337863128 114.28476688771399 115.49567390198324 116.29361778472158 114.90828542100044 114.9220132733185 114.09722371707801 114.20267824452807 113.64437107584369 113.77971746081876 114.38994302255874 115.20487580719576 116.59383805754143 117.763529730511 115.26138416733615 114.48363824144948 114.97973891156076 116.21095512981941 115.2274554889279 115.68817547030399 116.01869316030093 117.23635062215808 116.00938711269711 115.27733116147647 112.7502947900511 116.89738193914134 116.69307838583894 117.78906553215019 116.57480397150518 116.54470056074526 118.46632799785699 120.11731788697993 120.53815734188201 117.86674283512845 117.87265192352564 118.76031774485084 119.07655922863498 120.03361743889857 117.92917265458793 120.32053413460009 120.96757472539927 119.30331817948351 118.94749480279218 120.13216991644076 120.10953684395079 120.98437570534853 121.05790822135118 122.24564752239647 121.31535145596672 122.471683881621 120.00714602106319 121.06984612197034 121.12285480608007 123.36636320151914 121.98523618339026 123.4156184782716 122.17785531060784 123.05519585300355 124.69381740097595 125.78089391094157 122.2200250546865 125.60580943761494 123.29032888376234 124.5671206953506 124.21323841220729 126.80717679561214 126.69869891466229 127.06943827933451 125.4756095025953 127.62162080983279 126.08631720365111 126.78363082598766 126.53761298563882 128.49378084314719 127.48521071106688 127.5280195780749 126.64140071235671 128.7255241627513 127.20648703677705 127.59051763114634 127.2956054422509 129.59007743398283 128.39733578889766 128.58779533304781 129.82516328995996 128.76675457647482 128.81969213421254 128.50708351260374 129.12560458105415 130.55144018078309 129.71471669083118 130.8515621066876 130.97191057537509 130.42335132361944 131.03253377295863 129.07374935511348 129.76199373516275 129.65025723477865 130.69589632914617 132.20588909275949 131.44595306718927 132.11488599274534 131.38669738380128 132.22807390250267 131.1857187004492 131.86368209061422 133.00519668669753 132.13041409778924 132.03033645618012 132.38591550961959 134.77451766204734 132.56268157973378 135.73513020293174 133.21211628141933 134.43398195706925 132.63380122025589 133.48909240406951 134.89194980558889 134.23599663133299 135.52062807291978 134.88448257603144 133.44771519807998 133.53836179856987 134.2973062921952 135.55479888704519 135.6877374935556 135.26263908129135 134.7723128846749 135.28268451805286 136.76422714569901 135.64196274493244 135.64121018175797 136.54143322507798 136.85468092829947 136.01271816854162 137.24810857391162 137.24967652233894 137.54655056788116 137.696655234063 136.7364715241726 136.76585134994875 137.66116006652447 136.29411188604999 137.00258551478413 139.23813543952534 138.17734122621766 137.48375573907913 137.43957364114587 137.96461261834673 139.13545086081521 138.22492811208778 139.07040451140446 138.15305034665823 139.27612263356204 138.91539601124961 138.72012003622498 139.83474763387466 140.31625847691399 139.78242824363511 140.05712374049008 139.20791377310414 140.1427563079715 139.82788633961169 140.49493138279553 140.9759304480985 141.56314618028961 140.92290297263182 141.1558527673763 140.55307412275661 141.35951698862925 141.05937552062585 141.55662845277436 142.22774437556453 142.56304961079624 141.97629160002006 142.28002156279831 141.6189624266934 142.28804701715231 142.28025998038936 142.6204189325934 143.25952975729848 143.68721919046882 143.09215875952071 143.36603500835548 142.74459335931013 143.31385305563444 143.26088573236709 143.42625999037139 144.31494523241525 144.78105074207986 144.18385689299353 144.53924397255784 143.86013964623297
