# Created by Octave 5.2.0, Fri Apr 02 16:04:11 2021 CEST <br1@br1>
# name: ptcls
# type: scalar struct
# ndims: 2
 1 1
# length: 2
# name: x
# type: matrix
# rows: 2
# columns: 320
 126.22856999060201 107.03422408831302 105.14103904945034 98.565685289810418 109.62432520921637 115.78039244418143 93.744454990256386 102.59988974422501 116.10879668992558 115.41628729186813 109.07125757756009 104.4599791801939 113.09388646145304 113.73607850395132 114.67382911675539 114.67982952328371 116.91245060469271 117.34101340181505 108.49385696161319 107.63800447454373 111.04524762117808 136.53502501250622 113.99806461889285 135.90898717363271 132.54839472303468 124.54956765740545 135.42757499575308 132.22921889523508 138.72641949565667 139.87574230044473 135.35087238451942 137.71296473301732 132.16343759221255 122.89507417395323 133.72399773261236 133.70955898542147 134.76899560668807 136.64477435960615 140.6972932045808 140.91634591654733 134.81657093348622 135.84591914448612 133.51155331907245 135.88150314725107 134.3995606428692 139.44356799914118 148.46689582342265 146.49123878080343 136.59194400364115 134.39769006343309 135.48568129261065 135.58203266236632 137.18015906216971 136.80603169347432 148.46871649977041 148.66495807348247 138.55716365651406 137.49392775331833 146.98069409367696 147.18493787381553 145.82674498143564 147.15642181420969 147.68078784987716 147.63987694195418 97.754576393748039 98.493735974982343 96.732445613287197 89.328206437645491 95.724408826146998 94.419732445199145 94.92910024554142 68.812636566176877 99.713719739631571 98.909565240686717 97.932986366101801 96.859384264460843 97.24009671923973 96.097206675215801 95.786189379859266 93.450132236542274 102.37288516923604 100.13380522435412 99.404465304832485 98.421874847492418 98.0427215613974 96.935009343439717 96.796150562894908 95.569655102144424 101.33883478275951 101.30208016848349 100.37853983447214 99.486684932173944 99.177462402298431 97.822903147646301 97.794962294934905 96.424673347387824 105.55989335195824 105.23571416743593 102.29916131727485 100.5475255472074 98.727456514958249 98.699107498418257 100.09970504393328 97.783718539322791 106.2062850326602 108.38565167494345 104.94410923667574 100.2315211888363 101.40454980318488 101.0371860424998 100.87745446057414 101.57774729756575 106.16874712168767 106.48027721692432 112.46414846472138 103.34523890326456 101.39407248782631 102.83796098025334 104.05139366899861 101.80548840879334 107.05178159422722 108.11568081334457 107.61338438632859 103.73333102128925 102.51481885988325 102.25671664570493 103.24589838103927 104.51528978107412 107.19878740063533 107.22220587113131 106.10588126472395 110.183130007464 103.5846320475973 102.32134059088594 105.52110204981081 92.6408643690947 102.61360508296131 103.31017529917075 106.12672211951467 111.38118903325875 107.37399869927681 104.50608320998241 103.31876662951952 93.271599011027462 112.68991962742763 109.96215852339506 102.61953834110194 105.92054571912648 112.1170098208316 108.43378155434488 104.63550908644117 94.650969587826083 111.83438444436534 110.18702067826804 113.22063226135809 103.79178347561229 111.18286719460009 108.48104232774485 112.60662356403678 116.05218234416115 108.9441189927296 111.09753496540282 112.29929755836737 113.526387517804 113.65085112982534 107.06097190140572 119.27156977706849 118.07708861782045 109.16953899790727 111.48134307680417 112.51620539857393 112.77620779766447 113.98782761258994 115.27919697281882 114.01904207458226 118.41851299491974 120.57152114475383 111.64893243814609 111.11431424249915 113.26122623388937 112.06124472034264 112.95371377216713 114.89021513753357 115.47335962759681 119.86092723927023 137.44220680293097 136.4886151369476 114.28078727969267 130.18049239787032 114.95214236839924 117.14564222578704 116.54025913754086 135.61661752188536 134.5375688757297 133.2328440758647 131.2270591942418 133.83944416086439 130.75649537443974 128.90287446362703 122.14370922354857 133.01658780227797 135.54504761053965 132.63881196260022 131.89920033940854 133.17659440964417 132.67296657355931 133.17800680348739 133.77673254263465 136.2690091480253 135.22044218527006 134.30016982895086 131.98821306821225 130.03749921686551 131.34799540931257 133.67250667668745 136.5855851825186 134.97138271718205 133.87953673849444 133.62345742422417 130.16749440149829 127.75418713484186 128.22411471835281 134.14883574061585 134.86362568121515 135.11545137701083 131.56244301746449 132.72932406776917 128.80776816956589 128.08065637401501 136.06661592354325 138.66690584510741 137.62637537338779 146.04070517601875 132.57666337872826 131.70921352759595 137.6181383579646 138.30495521612428 144.35123792260435 137.641450055447 147.0924658631364 137.82757821060795 129.42484748411997 130.46273487986886 144.81029609860835 145.88651591999201 143.09846353761887 145.49833799745437 145.69995678072468 136.77016127554009 129.24348209283687 145.67510692340198 145.66695291989896 146.72351525967238 145.51011290326304 139.25601586336825 127.36255022499265 147.43673324371011 147.90157163343838 143.04884035903808 148.10437569835221 147.80183699576907 144.63341205869642 148.17181514538805 149.37184267337454 146.28932557235629 146.95323409086501 145.95605202081958 146.64347467504479 147.62171473423084 146.80951048908699 146.53930835871972 149.54910463207236 147.1264361075861 148.02550577137703 147.77370283295835 148.90955641834006 148.68785142675108 147.4059992631154 148.14170577655418 144.84076908283771 145.1212797475674 149.94885964012892 148.83470746834757 149.7900660566275 149.482421678837 148.3674277522538 148.03496802260642 149.12510778683983 149.77965773838579 150.00906927093121 150.79000574393956 150.56569337244304 150.48670423681395 148.61096350474764 150.02124896632134 150.25651848347891 152.13412412538412 151.06025576468491 151.72439391015033 151.45730684858975 150.80931148235751 149.69843590801665 151.9335411342239 150.71592266109789 153.00012183439361 151.89495319315802 152.51742131494575 152.21093140452714 154.09217077188782 153.04998833991991 152.27360011257522 150.8189722162393 153.29188281195985 152.77432928798004 153.60903463642069 153.38603425777265 154.52946493707861 154.44728914327666 153.52906793109725 151.11912753200727
