# Created by Octave 5.2.0, Fri Apr 02 16:07:54 2021 CEST <br1@br1>
# name: ptcls
# type: scalar struct
# ndims: 2
 1 1
# length: 2
# name: x
# type: matrix
# rows: 2
# columns: 320
 187.69082137655818 77.698228565147332 78.619226935733408 53.929354910349176 83.309325250901324 107.20225359156071 33.912050738766489 61.306110853047436 44.926168144780341 115.82083835399537 83.755584236101868 79.439978288822942 100.19225630907138 106.10978012955374 105.26587323031703 109.41735472027544 25.771651268567464 63.706443684752969 79.813525025731622 80.467836655825366 82.407182974624845 154.63924728395276 106.18525561429813 156.69394099556902 153.23850463930106 141.43740915639194 153.7052058920552 153.61085740180232 161.6441106195638 156.6875942554916 149.59833878159748 155.8091690786791 153.79275555955746 141.00712406460707 160.34401585484181 153.78422254631408 155.72546535423305 158.57090191552913 159.09389328321663 155.69623377369774 158.76033709614376 160.46345251186455 153.24964305300392 161.13422837300686 154.64016202733467 167.35318030751208 174.83784018537636 173.91381536277891 156.68985073770119 152.77191848529378 144.76194955658553 157.6676894039488 159.88731025029071 156.6808620448268 175.90233510173749 179.09727816878589 158.15458961227421 164.83160719043545 178.725004210257 180.20093670476217 175.02975882206806 176.92332518470943 176.07142614181828 175.12222099816645 67.760902452053472 68.734737878540614 68.593745463159223 41.028483159075705 69.671175169918612 68.788551692069021 69.663160701100622 22.065143893663368 69.802227058198653 69.926730736005823 69.793751170239773 68.830920595134543 72.055231684188144 68.716489926818056 69.898976886186574 68.952162770600935 78.139751566454464 76.319948498850422 71.071014157400199 70.948898705611967 70.892814833289307 70.726489292869857 72.988963507308824 71.694912669415785 79.759665482495265 77.039245386925387 75.916943497139613 71.102277723774677 72.051766741024835 72.149584895883336 72.775753237517748 72.307819437426218 104.77322570570774 55.572825533125624 77.407860044512901 72.029067338558676 73.14796083543726 71.381819118421632 73.95994900584617 70.466180109745508 80.165961151940181 82.532751246769749 79.221760194288166 73.1360383172875 74.248898849330999 74.917108796735974 73.803493013810666 75.98067100963938 78.541108774505219 85.7207293323589 80.884357506685063 77.814779886859739 74.203353247301322 77.039253218918887 93.491330121465012 74.418259135609148 66.220008552066389 83.374560055728963 78.712672191314326 79.066214119855744 76.633865530475575 75.155065577234609 75.493048038916001 76.902955425147979 118.08794310302406 79.083926573588101 79.415311126807737 81.321976367322776 77.381248626461158 75.502138875377199 77.877035982273156 41.012834959215859 75.680053251442629 74.914787111089538 82.941194013646367 97.790799364705151 81.636424485988854 79.031382192726412 76.283374498141242 33.887227575705055 122.51643603870204 123.25723945835703 40.044857924064644 81.515922181964157 80.638704890304581 81.999562754888714 78.125949675354761 41.607298346372311 223.48052882505084 128.9361203961769 145.24880540388244 74.574990004044537 79.434887282321824 82.380261923668982 106.60554797152869 27.241345232369905 127.10246244986006 117.6728739849905 101.93985165779398 99.756205030984773 65.209273627345866 80.542432561429564 46.57121948034284 65.283273540853841 120.46795629492907 124.87978244200936 121.60611356595473 67.245844641041543 28.415042466339468 28.946877388892137 89.91914821462106 66.38924971484964 118.55853777146743 103.22431286003591 92.700313772742078 65.222056320365255 95.143688818774095 124.54680063072347 122.47812081347865 86.859807494949237 90.763123859671197 174.09693409109164 143.69898955304396 64.215624014718742 165.15469114213272 45.467093924592582 46.079504892035153 66.261172745189441 144.612124779662 147.43625199676603 183.0723439143807 173.59520365050869 172.4593554240214 155.02916373109264 123.44936542525781 126.23381942633287 136.76026764740226 137.58763381053518 153.45879109550435 171.29365668570159 164.31333630585308 152.79608019258961 154.43621178468749 155.69297877241178 124.41140962878731 130.86821284115487 157.65755264638946 161.81603788187667 156.35106027198182 118.34953358250549 155.33517203061498 157.59929618210612 161.6495847084926 118.69697992890397 157.57587126219735 123.96516740017979 123.18349613051363 125.71401736609887 157.82888285751739 152.14006652262927 116.71749855577241 123.29728174027069 157.03164486826068 119.1758879274947 221.02229017094197 156.3866357117661 161.31706628583495 155.38854966832537 188.99694030338244 117.18439787493362 158.20363157466366 154.56750316180077 159.10091092785183 172.54027228909931 169.19625314056935 176.88101250872788 147.43471162012503 90.486141734616581 128.97459791543812 173.57979814452804 173.70355061085792 158.09563111452829 174.65065463607084 175.82933209559917 146.49094864336396 124.22714629604089 172.72906710544086 174.70010838728825 173.86013353755359 172.7319235527211 154.9090223517251 105.82397283000617 192.04214639335075 183.97956513567252 106.61140798288619 181.58745382397319 176.13089604881628 173.83452427360513 176.29038737167363 178.76856019051948 166.56897186992722 164.058134247651 162.58012880332197 176.75539980607675 177.19807903415946 172.7409483647935 174.19816971056321 176.70999120149486 174.99154108180488 180.17066472147849 177.91139912753388 175.23785365061386 176.59360613372385 176.74840069931327 178.18128233387498 171.36436892046521 175.7196748876479 183.54435132067718 181.57736152517745 180.42492222784969 179.04847288658004 179.82301679778186 177.97440484605468 177.45871738675575 182.83606229743631 180.82714789868814 180.49703583792774 179.34803607010113 178.38524718381939 177.75966373419462 179.40494710696379 183.49957306492777 182.10983703318098 181.6067212737214 180.05215340940435 178.92127033210883 178.73159512505484 177.67440025869223 181.82939919498688 179.81459526437925 184.42283593956722 182.67543169896899 181.27691918011104 180.69865327237133 184.21309979361743 180.69929504064461 179.86626282638255 170.76212947792686 183.11520409109215 182.48471173302605 182.02334871631751 179.49113175135301 183.24792699821091 182.29877474231952 181.00931485306896 185.55255337794046
