# Created by Octave 5.2.0, Fri Apr 02 16:03:08 2021 CEST <br1@br1>
# name: ptcls
# type: scalar struct
# ndims: 2
 1 1
# length: 2
# name: x
# type: matrix
# rows: 2
# columns: 320
 120.64590275102155 113.72822842335469 111.78078423090234 110.84658042066748 116.45310038523367 118.76509216920252 109.34911879795638 113.9611410793643 121.26081261423678 118.27448983231537 117.95164548992885 113.98996579843323 117.78603655686145 118.74569746708077 119.35102466439783 120.1865856016716 123.47707962987249 121.50844715607452 116.7319945592637 115.79809698044001 117.37265991291116 129.11513549501188 120.06158728092397 130.23546275629531 126.54115030565275 123.56345037067936 128.26220045868942 127.03374486567606 128.15476890741655 130.72060022464649 128.95308204534595 131.52325219006772 126.46970891808587 124.38434619963307 128.37401772007581 127.54152723129148 128.76461036761216 132.4469427040263 130.87813796084882 129.53183663604199 128.32461886027096 129.10534162825795 129.36570718066665 129.43256618017031 129.94176019884029 131.74129176653051 136.41247808055851 133.9592506463681 130.5331631984736 129.57131780914096 130.18454414354736 130.5204874912649 132.10322232743724 131.22091318678389 134.97527188304099 138.92636721504607 133.33469055701906 132.65146458915433 139.36965423222199 135.12266959410039 137.12790009678369 137.11673012424006 137.82713155278327 138.33398241341348 106.45715607322393 106.27890246597458 105.10426043044089 103.12545916072423 102.95312596642027 102.02758298124427 102.19708655617735 93.81604706305933 107.42129717598058 106.26761387629831 105.18089863018511 104.21294529639775 104.22846539786723 103.18393768781468 103.19649728148028 102.18939769512994 108.36113361889895 107.23750187901501 106.17789907975127 105.26024314440463 105.20304292932957 104.25281589356091 104.39765135225001 103.08616881099921 108.37654555014727 108.42819923383433 107.25838547307278 106.14404826194843 106.28529600082238 105.43606002655578 105.24540783320904 104.13538886428448 109.69661281154752 111.73588586484864 109.40159135951694 107.07673224951536 107.58088212619076 106.728424904432 107.8326592691006 105.09518619546978 111.71177950202316 112.13156123822209 110.46298342873047 108.15949024680519 109.46127948612013 108.71548134824504 108.76959586430871 107.89475442205421 112.95740964772607 112.32549286947271 112.99083157862924 110.62375209574597 109.08037030400388 109.6342915733876 109.76399625948714 109.01076152669523 113.56718101092488 114.14201016203734 113.56901490464165 112.07105878113157 109.88821819533045 110.41729291637664 110.72091086499346 110.83804801339758 111.67629483357483 112.89747874178435 113.27226051855459 114.12256655013502 111.28835129335511 110.14424393127473 111.08171455426762 108.19951545301186 110.75325156274735 112.72563367959971 114.14261026491523 114.40097675347154 116.81706632921276 112.35130256285268 111.78233804819742 110.3257036862779 115.4165204826528 114.19699892832779 111.82207210760259 114.51667745532535 115.33789103595961 113.10465325827704 112.2387029615964 108.0324958917721 115.38583784767252 114.19816974112486 116.3396826408252 113.23169538591637 115.56614756929065 115.86282773650855 117.61483655092375 121.52131938510246 115.26073215866239 115.71014354699322 116.7764655346883 117.34516476012443 118.45573814484027 114.68638645003898 122.41978397966388 121.82126058438106 115.48208807034871 116.2741107202486 117.37792022606456 117.9134991746501 118.96535756487619 120.33708760583572 121.40759900010761 120.73234923896001 122.64893633636299 116.72857558534891 117.86963016454163 118.58165734356587 119.16001064217988 121.22398400262436 121.22898334468223 120.88990747606786 121.58706791798373 127.52921043858237 128.69797628029059 119.66006382719452 125.97919405976056 121.94612318993271 122.79413544544582 122.38941432906623 129.75096998645026 128.23001418005347 128.92818463767486 127.21734856545994 128.41513935815553 126.48767970978979 126.64463725221871 125.69606291521991 128.41708224020994 129.54058504248846 128.92373716485702 127.45370197328064 129.60096188338102 128.45134163154211 127.69216450387577 127.46361180512075 130.74206675392938 129.31017395626947 129.90717437757399 130.51712446569832 129.20321395561351 128.97923618858587 128.84841476999091 131.57513379546066 131.08917500944091 130.57076743231033 131.53796498669735 130.86117513639141 130.10548823899657 131.67410612178026 130.70924135464034 130.78763758794665 130.05859672060217 133.8687114618902 131.71667514379453 131.40446548218907 132.71696507714583 131.83055385189286 134.04870194367825 132.5782235392121 134.21034351693365 132.65842628240733 131.72720644487651 132.80799798816807 133.76563726203693 136.93325167268998 133.85601795701467 140.31086200831373 134.29467410040741 134.10686195373586 132.42485188599187 135.91941715078298 137.95091386599228 135.86929525050857 137.52808275257368 139.84319516699449 134.93321371951768 133.76090620086563 137.07467622333718 138.06468895020666 138.88892947890531 137.9835474128605 136.80419168026839 133.28850802677468 138.40722640833806 139.26134425937872 137.72618189043152 138.52820790518942 140.25579353198827 138.04319699990393 140.16459920552356 141.40238476963964 139.7080782447768 141.00289273551488 138.89383896723098 139.14746116673234 140.16281544885246 139.21414743172409 139.20695362070239 141.80772145319546 139.56065031634577 140.26623902023411 140.32071875413129 141.21831530860555 141.38391653144942 140.27574498359732 141.3230053444604 139.40190567112091 139.49258261702875 141.29424052545431 141.22144756773551 142.37632457648769 142.41880326767918 141.37329124145214 142.43295131752458 141.13057633370977 142.23435782874108 142.28745721234378 143.27804300707487 143.33302554585197 143.5134953983823 142.41856129651552 143.50419837708705 142.73215076375612 144.42668494469515 143.33605917089668 144.35952178781423 144.40670757156741 144.64366521308787 143.50006796845128 144.59398747094366 143.82027071974517 145.45783425070849 144.57058947345348 145.28462895635997 145.33744114426068 146.05569957174484 145.4607687192987 145.54754419771908 144.86248964907796 146.53321777165408 145.56409595819954 146.54256704888121 146.23645762860534 147.14166518811535 146.53313575374426 146.73400109096721 146.11289955767208
