# Created by Octave 5.2.0, Fri Apr 02 16:05:13 2021 CEST <br1@br1>
# name: ptcls
# type: scalar struct
# ndims: 2
 1 1
# length: 2
# name: x
# type: matrix
# rows: 2
# columns: 320
 133.22211203196855 98.998419299132479 97.242746464482039 86.402875689057751 102.03440901341257 110.47486173112623 77.950849324299043 91.34788121038514 106.15520686272744 112.20281419262564 102.57438423812754 98.036422177896128 110.38357973476189 111.35013708997366 109.27955249976404 110.14038727681768 106.24448999068534 107.45630767614652 101.28053935554753 102.69589291069504 104.05438910492924 141.61197387038771 110.29579588435676 140.83475173919999 140.35249889527191 125.52620304714378 141.33630974579953 138.05543256236848 143.61420519597604 144.46544930751512 140.30172536186345 146.04317518839898 138.42611807335481 120.41080272994722 143.42254099162898 140.32987856774432 141.18933980470138 142.71656155981748 143.98097770130403 144.95618650254215 142.4605931055882 145.04300704214978 137.20142264211555 143.60051125762271 140.92803472895051 145.08428811559429 154.48583694406307 153.55437883383544 141.75633208652292 139.74574606777361 139.14835208113166 142.02298451700867 143.33602347798515 141.49135684925969 154.68562135932766 155.44186062454574 142.45928727768211 144.92239753922334 156.79856490037554 153.92682845362603 152.78921686801817 155.35123282991043 155.46740470446434 154.80000963394795 86.68985648972108 88.93723732340024 87.865972676332703 76.167170729463777 88.165769252092375 87.150123739762719 86.303035438148129 44.049643477912397 91.164143873734375 90.058832134064218 89.508351910531246 88.002408181173763 90.320180437304501 89.310399853061412 89.399567162130808 86.305067374399528 95.995941484565307 93.838981288334594 92.469868408280419 90.463850771174208 91.452025632850422 90.337604418538206 91.60034933439924 88.866287258309882 95.85776180254804 94.986764781751816 94.104670044091108 92.159134755950362 92.477296720598147 91.413433922409695 91.224506843176727 90.102669135931791 103.03734864521074 99.108370836385504 94.976202487638957 93.214914702703297 92.518471670513733 92.357038853502104 93.55093515498919 93.540154505174343 99.357615202493577 100.10523065087771 97.853807969072847 93.576348059699569 94.622066543073544 93.595384262412026 94.378408622032055 95.402110333782673 98.673483062338377 99.119688361024529 102.43213624972938 96.122467670253997 94.36715827963792 96.538061035668989 106.99877200126414 94.586416508166067 99.954024577098409 100.66912709872084 100.39746041774062 96.804676380922999 95.256900788853599 95.581211877744423 97.715294795849388 98.520967291576341 109.98219770245473 99.476721057316141 99.31447407961943 102.91004063410824 96.307988992167196 95.595735623927183 98.281628019779987 78.568833142616029 95.692858627126839 95.007704263341765 98.77074498535552 105.70398316134863 100.15206550723525 97.049944746482538 96.59833559507787 77.090143302460774 122.32233934999527 108.83174772998439 85.491865347196324 98.466093985420741 101.39440380596362 101.28307847252637 97.433504058892979 79.691413874466676 111.49265962394632 109.9356224235045 112.00386982059716 96.054307208416191 100.39942457690195 101.26603395613492 107.89159798073165 104.27347568166904 109.08646646306559 110.77748125484648 111.26264839666051 109.78805104453944 110.02412369117489 100.76814195093685 105.09987143325432 107.55930994565966 110.40868666762614 109.74416143040975 109.69194332897732 108.50074157666616 108.45169887193622 108.57733686785251 104.8621295383734 106.04066240437218 117.8467276784269 108.61162548061587 106.56612558222611 108.97132774538991 107.43418630553656 107.54335552494707 110.75445986500689 107.9320782563193 118.81873748787335 147.25988589454545 138.2648197160145 106.85802594005385 135.81713921154068 105.46016285520288 106.60651373648082 109.16043995951402 138.66216456671842 136.80997161375655 139.39861029969018 136.54326526635666 135.7459802030121 135.26871310600799 133.67171361352246 119.81788164309377 137.80154968939488 139.07959367498577 136.71928921613423 138.0756317634295 134.82963947071573 136.98412742102238 138.16524865147264 140.74178383009593 134.65993037434887 138.05114936280043 137.05806972756096 135.82973712167197 130.10379285261644 131.73234258095582 138.86926698524604 142.48719526036174 135.93634989618889 135.95401502990978 133.45592378852317 131.60617412341358 128.23673998874344 127.85201168404883 141.75035648610634 137.18604286450557 133.74105009846582 132.6046338161909 134.3566773881723 129.91339215716454 129.08586501892177 139.6476615131449 141.72293442102966 142.07719278084522 157.745711044057 132.48565669541546 133.54734221054116 140.56165480516594 142.63059447485981 151.22644309554661 146.19993801995759 155.99976475845898 139.79196717633047 129.15160948555675 130.24013767635157 150.28476925891337 152.45137401704017 147.17190912834721 154.69479126357635 155.69159926518441 139.94252821957895 130.92810121905441 151.63454610790399 150.87282930645284 153.63458322492585 150.07577226181263 145.51057724104459 121.49357278667622 156.53975635960583 156.2983814364994 135.48759874892062 159.35518530236348 154.93770865206369 153.71541322882877 155.89590162950796 157.0789196680667 155.64607246940767 151.49385474515572 153.59006247691008 152.78678008582338 156.01674941602522 153.31936015439163 154.48523830303503 156.33643961989281 153.75512915245511 156.96792928530016 155.47835122759227 154.85509473120351 155.88229256438109 155.41675141499366 157.1542401283007 154.95472209391158 151.9401905928315 160.42730907863267 158.39118621735616 156.84269236061982 157.00460740296796 156.40719790711873 156.56576902015999 157.65704945325393 159.32169878878886 157.76308912528646 158.46063743746873 157.51046982699796 159.16244296220978 157.9152702748064 158.82772680778046 159.45611620618499 160.46618921205965 158.18649120506524 159.58603647254014 158.72635023580733 159.85452768329256 158.29333369521635 160.39290391549187 156.63621221052929 161.42034125545632 159.25922089478198 160.7794350231284 159.90106453002508 162.39688196527223 160.88313091463363 161.68851381183038 155.91789615464609 161.44219808558873 160.2746946901367 161.83223569360354 160.22038665880396 162.27513694226289 162.7172309144124 161.05734373192351 162.69113385887468
