# Created by Octave 5.2.0, Fri Apr 02 16:02:49 2021 CEST <br1@br1>
# name: ptcls
# type: scalar struct
# ndims: 2
 1 1
# length: 2
# name: x
# type: matrix
# rows: 2
# columns: 320
 121.77696902806139 115.18368064844505 113.99605104104981 114.5112956990563 118.24784536411632 119.32583168112906 114.72869119020409 117.34773161246704 122.44479516867817 118.70060494876179 119.15368835307902 116.37201558858578 119.54688868044155 120.62396272404841 120.279122543829 122.04526399686415 123.80483014453213 122.76031183753341 119.75027354695985 118.51318721782246 119.3960817993169 125.75750525463359 121.69943114427652 126.84339832863765 125.97529484545676 123.28109368467865 125.65526077041886 124.43410327618118 125.42851067245982 128.53889839396507 126.64511083850621 128.4011247290438 126.26837443196115 125.23599830616712 126.49168118726044 125.55876568885422 126.34765210908434 129.36927655401144 129.20034881984702 129.42454038024437 127.35378274379916 126.54799806845956 127.92647556875419 127.62835700644706 127.43736880524631 129.50370130972095 130.94319028412465 131.53482197622697 130.41680583373682 128.68278341975704 128.59686281359481 128.43433679633452 130.83057684448127 129.7173950092546 132.36517844795975 134.31467226248728 131.60449629242936 131.86496309446753 135.25177542326728 133.03971187437912 132.96897253625411 133.94643870725218 133.62722409010846 134.67403843616765 108.16792797955435 107.34635273063626 106.46867037206816 104.52830317100921 105.41327874342605 104.76704529804159 105.20339061134391 101.26898673039929 108.50027858198109 107.64788017030702 107.01827298114534 106.01345102427808 106.53577978594389 105.97728037983788 106.29613070621987 105.3650043879409 109.24950829390686 109.09361813648266 108.18511040035889 107.43072864295956 107.64051349648921 107.14705079658818 107.47601654411675 106.65633186069867 109.64989118866673 110.18239355471894 109.49065175142721 108.62370967987293 108.83043834207855 108.20522129949033 108.6303272152598 107.74682657984641 111.37217490802983 112.17084209960173 110.92055022972238 109.69132372794253 110.05214550379593 109.36994182332013 109.71931317674996 108.79732729982713 112.74542532424506 112.77468900334026 112.49515391175987 110.88568439305206 111.59727428919383 110.53572789692493 110.93567105303229 109.85578053726761 113.40786203121512 113.52345030157805 113.67133549867818 111.98667467748476 112.45248284650584 111.81905204110694 112.00020831618971 111.32077755478247 115.21951563969979 114.86491667948891 114.66526288456343 113.44824894587167 113.01952545350068 113.02629312546674 113.06652429578683 112.57238991156514 114.06463362813231 115.18344585996647 116.03880036877379 114.63057596913053 114.61584692922936 113.69143349387953 113.80023109876328 113.28944989002747 113.51566056269742 114.18907947365841 115.37566840536762 116.60349718591664 117.63823589933878 114.70453186670191 114.02779749619148 114.44950996713801 116.34955980585205 115.2842231893118 114.99660642589902 116.01273008127441 117.08205605882729 115.95881374967674 114.95210136224559 111.79634318645095 116.45923617576202 116.21991047640194 117.40036881967742 116.27042342083344 116.5960917583877 118.19245966912371 120.09595330397075 120.45690960841993 117.4308284587088 117.43253036157013 118.58650370742863 118.82893182929841 119.88653975393346 117.65167687234806 120.22195326796269 121.30264757219395 118.87313140764726 118.47210293920838 119.62024261326461 119.90968186268933 121.00717812044357 120.9178015468717 122.38299831072823 121.40906578529834 122.57013088912075 119.5829446398506 120.63232507558105 120.80795590659856 123.07328124651301 122.03009091996213 122.98251540953905 122.23426028582482 122.79963027383711 125.04657428514486 125.97707923705737 121.93127601634866 125.70635000033263 123.41825930371137 124.09896514554177 123.99266665673451 126.96499334529102 126.71804323294394 127.38760573898519 125.75490948392516 127.83363108463274 125.96075863971515 126.95742076320104 126.60356927754654 128.64632276790121 127.57422522030413 127.57943830684214 126.64675404001804 128.83906912559652 127.82602706700317 127.75645826339746 127.26745002704436 129.50722802161133 128.43997221828243 128.7463539785094 129.95634747919789 128.78034851596323 128.86995330276451 128.37477080369615 129.49120416914982 130.75377416015593 129.85052885696163 130.87366672418375 131.08737287088834 129.96385994355427 131.30112742216429 128.77143148630518 129.63190854914262 129.53319034017429 130.87077886691387 131.96966492929428 131.26124610855996 132.42266916673972 131.17908499869475 132.3133403171297 131.19360859113371 131.94091556996003 133.02980466087052 132.36021679311693 132.02104493729266 132.31283411845575 134.7360375148964 132.88366686332151 136.50263001982094 133.48216152112158 134.63522324129434 132.43493627795775 133.77797123812309 135.41067685407884 134.20656101993319 135.89060551343087 135.41109615548325 133.77198209684798 133.48810442421396 134.86583255350007 135.52623765275595 136.31642106250939 135.4067779937493 135.14734068461098 135.05489929461308 136.97141288430123 135.85659657710437 135.80029007182733 136.4767732218439 137.35269229348711 136.37658253286955 137.38038175535371 138.27835508586691 137.91268118337959 138.05263862835196 137.16497058219804 136.56900103849881 138.16814300396999 136.63296092991553 137.58180238696499 139.99076782280397 138.4311814665484 138.00348300467843 137.77382274169398 138.21760388660257 139.34304868799643 138.80831528323145 139.26670342049505 138.23866303084478 139.56845629904376 139.07565501159377 139.05530981757221 140.09783897801481 140.63213194359091 139.94822505609835 140.32120466913665 139.30062722689431 140.27163476000132 140.09982680869209 140.60038633475008 141.27307707017621 141.79484645052023 141.02648452577355 141.39382100971926 140.53138232827212 141.40415967975849 141.18914318842775 141.82293946785697 142.70057430205131 142.86932333025285 142.109958121034 142.50526342814493 141.67001266621878 142.50209298578974 142.26281445417001 142.94918721906134 143.65616598831272 143.93848322435204 143.22838293927063 143.64333595886086 143.00074102655634 143.69501207187986 143.45236400942233 143.81337981467877 144.68598635815644 145.04264191749175 144.34337683387022 145.2854455386871 144.2540381717327
