# Created by Octave 5.2.0, Fri Apr 02 16:03:11 2021 CEST <br1@br1>
# name: ptcls
# type: scalar struct
# ndims: 2
 1 1
# length: 2
# name: x
# type: matrix
# rows: 2
# columns: 320
 120.3882245783274 113.47400244785538 111.29061805286292 110.2561527701455 116.12769814261645 118.40932977304411 108.61168217988772 113.41492707286721 121.26800240606478 118.10168316686365 117.51021894463348 113.00183612746478 117.52865605495498 118.5149863328383 119.28336501686877 120.17686764816354 123.22000877577624 121.00928259853713 116.551883671124 115.50924700760663 116.88476508856154 129.64877906567838 119.59176395890206 130.66353674625881 126.6586190632901 123.61085985561812 128.51432672377899 127.05347741894653 128.30742196160622 131.81108003439022 129.56769190875735 131.73303705214656 126.78965137115645 124.34130320538183 128.05033451513546 128.40453871735147 129.12342700998599 133.0005694403483 131.04658765120257 129.97840414740386 128.53370590801111 129.35445888952603 129.60814955189053 129.81070390323347 130.12867694247257 131.79649383078649 136.7094390136223 134.55696122997938 130.94912363917138 129.5833186290694 130.60161548293513 130.82001222986662 132.44064567623258 131.66879538751382 135.88078638483103 139.73139236712882 133.47356007493335 132.63293117638219 139.45013734225631 135.53550740578541 137.73663343799015 137.60774969585361 138.61340813752543 138.99169635853536 105.42277306952282 105.86282143729511 104.75662208337263 102.22980031733624 103.07372570732689 102.27412141671707 102.01275931049742 92.613960019939981 106.92497217741571 105.83961857830954 104.88881674750289 103.78111667180606 103.91388338067452 103.11683719803814 102.90478786432224 101.86717626654995 108.46410785807291 106.72919379924271 105.66670751276517 104.84189227128044 104.96505691878124 103.99285149212979 103.87917600867473 102.74226684648272 107.91785305487507 107.88432306013952 106.91748158108255 105.93950077968299 105.93394148736849 104.79241829003975 104.66654281233404 103.57210904608753 109.5714547239896 111.67848691326722 109.04484369908165 106.99184855170141 106.99501185130116 105.96067379983533 106.9600802952999 104.59756449346288 111.56227570078553 112.08103025117155 110.44180494981859 108.00092638357685 109.08151741510245 108.02200941809643 108.39835549623994 107.59167369742913 112.68503177018987 112.0313448817142 112.95675192671808 110.16279822083858 108.81686469119251 109.26199928767718 109.53426142466891 108.59596288817298 113.20843697810612 113.83636295198629 113.10429154382471 111.44169231474106 109.73569053275983 110.16990373069925 110.33736440978039 110.52749229991365 111.43679830790768 112.58173547160726 113.22326433414901 114.20390442567674 110.8206406717877 109.87653683596911 110.96644127864946 107.18938151595691 110.30437825453018 112.48739517905339 113.47347652653552 113.98542742711444 116.27786588031334 111.93757078315369 111.4676957883016 109.54717389451203 115.39118918571451 114.06157159146717 111.83241147678736 114.39460617499672 115.39003559337036 112.83311159841524 112.22527113033605 107.59710845641081 115.35976389656835 114.32207946996908 116.30447071740612 112.70236241412827 114.89404193804593 115.77660939042127 117.53442212965724 121.79635960233269 114.69483339364255 115.25664909199864 116.39361438467661 116.92600011242361 118.08335245252418 114.17674004280805 122.5374467771459 122.08722381439679 115.19678253300765 115.87745809474578 116.95379193204056 117.53226921415755 118.65731631714482 120.03233710810876 121.6326578854592 120.7661521218225 122.69580420552222 116.37295521740405 117.43159819703405 118.14352073717227 118.65789372544276 120.93044799020046 121.02827885098232 120.29773991212367 121.35733678582817 128.00579680225297 129.11029337403562 119.48997706685756 126.2185377367845 121.67224414316476 122.70133367291851 121.89461063446235 130.08784269982621 128.73592806531659 129.00631086683683 127.33759696841744 128.78681585193644 126.45802523103262 126.85096870133637 125.34689675181723 128.54557522727234 130.08393243174712 128.85033327191258 127.89526121622113 129.52031586370876 128.35568104066223 127.67650491515336 127.78043978408098 130.97625353915919 129.34364947554633 130.23600317983818 130.15041602499764 129.11687602871248 129.00330306125875 128.96023562556763 131.72686029213062 131.26878141042445 130.78424120163785 131.95174426697918 131.11539872601995 130.19715159505463 131.74941283328278 131.04568051207701 130.88002393330834 130.10189291246971 133.66591163377822 131.80217715049264 131.37078930893543 132.43358567531845 131.86801676328946 134.27193343075169 132.85833437667679 134.79026264266159 132.77317113498341 131.77131645938871 133.09430519664048 134.10564285478247 137.18223327553477 134.3200262850433 140.51953016082265 134.45343372713455 134.00291340341801 132.20827961842826 136.44467864966495 138.32687085686663 136.07186970820658 138.17120605819983 140.33314546506807 135.0218745371084 133.63718896319295 137.58231585189301 138.40377857744403 139.56330268852571 138.25308697701109 137.18033350522293 133.00360620938139 138.71098301087176 139.80709410922148 138.49271439563202 138.96299862283126 140.57103584952685 138.16903595085674 140.53127140938724 141.86552155719667 140.05451345538003 140.52337516145101 139.01154054858006 139.72878823203283 140.61656562189827 139.73559242881959 139.42972215693808 141.89649700171043 139.99998518417524 140.86155957645045 140.6826129758683 141.65793827525158 141.67071794101079 140.61844215760533 141.64310675704371 139.35294677578426 139.51831065883152 142.05616298290639 141.736653216365 142.66319261470125 142.6462564994936 141.74797109468267 142.52450702093051 141.47571431162226 142.87463665771335 142.75142572708884 143.7654910874916 143.76814896215836 143.60499437656424 142.63052477735212 143.38884624389334 143.20143118837788 145.1900236178146 143.87979038324625 144.75214968214732 144.61720009683165 144.54999684059703 143.53062124301755 144.80102710674979 144.28047351976011 145.90911173527252 144.92846997999521 145.77854883311593 145.54501731215768 146.50784615655382 145.81002017002751 145.67176649806314 145.28540566177796 146.55488532896854 145.65745226877718 146.83449323231667 146.75630525899908 147.77089773614878 147.02236834098562 146.8492461312288 146.38704949220795
