# Created by Octave 5.2.0, Fri Apr 02 16:07:48 2021 CEST <br1@br1>
# name: ptcls
# type: scalar struct
# ndims: 2
 1 1
# length: 2
# name: x
# type: matrix
# rows: 2
# columns: 320
 185.06142364189446 78.705146672572084 79.487399607785392 55.464466801706308 83.959347155219646 107.14408038172408 37.94894688182503 62.726267269938923 47.933642883056947 116.21149263949242 85.240446939176877 80.166492567534505 100.67402796192221 106.3230262388763 105.23519684980513 109.41380871153156 30.11218580188579 66.619683152983953 80.609976215087769 81.162910163728981 84.485332897775493 154.36820340749674 105.65284589639921 156.17880334884327 152.30473759798676 141.20971743378641 153.0113967559038 152.87551004575636 160.48221286237018 156.44340175997246 147.63995726213926 155.66019140109051 153.37853758060896 137.59878819631246 158.9784831914516 153.31951432544835 154.96666550462342 157.26664681680836 158.73929080552517 155.41820854293942 157.77640115412291 159.33129670490311 152.67959967376669 160.09128585971197 153.82133139747555 166.25070280372134 173.3727961056577 172.08890729731351 155.9351701374747 152.04058602228002 144.39645567453437 157.06084584758 159.55195693733788 155.64306088913446 174.74174937090547 177.56124659458192 157.59795407880023 166.2923174324755 177.40970445574408 178.52971463622384 174.31103156636271 175.89474612205396 175.30290416821254 174.28630902883057 68.563812605210771 69.158560534394823 69.047116242989318 42.689584753312232 70.378400959033101 69.78167744033361 69.648111255176516 18.9397175815526 70.995855150347495 70.464063967184117 70.747203458385243 69.535905116842557 72.589265811239144 69.693708819377733 70.7551807281111 69.660566127781905 79.093701590102867 77.122267855275922 72.319856624537636 71.715766712608101 71.912581304212068 71.390612970634791 73.647434581724966 72.544053376849917 80.58581526028668 77.991895401934215 76.907668352627127 71.932963467458862 72.968626606187755 72.963797614928694 74.007269332368026 73.5243690216533 105.92339008342033 59.603371648220019 78.25203367952939 73.035576127157313 74.129926881537514 72.124040108751771 75.198112112321255 71.318139953637271 81.0842826366422 83.286182804488845 80.61541643409646 74.151631131745759 75.412846363839051 76.12436825859622 74.802016069611383 77.159646240373078 78.968989213817878 85.177097513689858 81.850000683655395 78.825919128244266 75.593483654692875 78.193711213894431 94.129863737600971 75.941517357674684 69.280764505269474 84.131617578099693 79.374287426194272 80.06682363344791 77.616785991842406 76.327422737504605 76.925206164185454 77.953570269245319 118.35809281783183 79.738296627618809 80.279614038740803 82.131239629370398 78.401415582293467 76.509832261406885 79.025002820845145 41.595676943511528 75.91520640723212 76.602142174817075 83.731951187717826 97.962502215462365 83.696864560444212 79.977483368027848 77.306731236729746 35.929547228242598 123.67916469729715 122.87997713431857 42.19326191133996 82.286027177816266 81.610809623827109 83.110828723163849 79.259277267224675 42.645108800332281 216.75252047814109 128.8077031867891 143.31216953300816 75.563774571873068 80.118251809332946 83.166110976731133 106.41764746447407 31.850981680900436 125.71862554601746 118.17919072421191 104.47351326634706 101.96056491040048 68.272244880715249 79.883518600819656 50.213185058274327 67.65703634817244 119.37379525599296 123.99615529528317 122.79381668294008 69.708256520500242 31.996124871605307 33.061553623183023 90.69569468469669 68.836861712592707 118.09844337577832 103.78568592225817 94.041173214268383 66.796663983764631 95.636494443410172 123.16955886401286 121.8306103867956 88.294361581249845 90.399126244563405 172.98350122796904 142.82621369185472 66.731943783805121 163.32004222190511 49.045611420387559 49.027709325128576 67.77616509337372 143.13825490157561 146.52000829598808 180.83325492494134 170.7855742285885 169.6723539334146 153.69675446920388 122.20361172073838 126.43331701744344 136.861013562773 136.97980282795547 152.81468325827964 168.41215129185096 162.46812343052849 151.62793559718108 153.77776791131689 154.8762230809875 125.85188685404323 130.9918678931156 156.57400072599236 159.40720516927669 154.77468212494435 119.60387696757719 154.49268509291551 157.08546185401914 159.42573550500171 119.68822480860662 156.13387012405306 124.39807350127229 124.39939622196754 124.17906190284606 156.67285950049921 151.95680383161215 118.11849310976461 125.58350986303408 155.2945463122584 120.01821765154307 214.65758428297158 156.33402696900367 160.13207415603307 154.59244641935209 187.51960946566888 119.19353056003639 156.36310726350635 153.66466590904531 158.20976345979722 171.61216086006914 168.14446581999937 175.97726369622589 147.20998373964952 93.002554002886342 128.9865501511085 172.71898065702069 173.18418073453012 157.57923698427246 173.75096194940946 174.83309699695096 145.99320496200556 124.80704825911468 171.98078592155932 173.67820786059673 172.75287403760791 172.12603507251688 154.55786663055375 106.56471755523057 188.24987525727406 181.9878882228588 107.97646427364418 180.36676827928613 175.23972548059473 172.67083344897006 175.44447745340651 177.80374953409301 166.25147122503506 163.25074800916201 162.33377474932911 175.24694749936924 176.39624774072769 171.34365009463485 173.34008772607513 175.86183596874389 174.22053979450914 179.60048565022521 176.64478304892515 174.39905940198304 175.48585778702244 175.65197493121477 176.50552319706836 170.12193359529655 174.61736900100837 182.59979812946216 180.46852311355866 179.05844229892421 177.93519520124462 178.48583816117196 176.47962547826921 176.57805356875849 181.59016053162244 179.64010291281014 178.72803518257393 177.64136660236701 177.42356465315382 176.87288001432259 178.71637165849936 183.00066737351156 180.89876742255737 180.12874624934909 179.12136583645835 177.93112978051886 178.1381121793992 177.2867171533714 180.85802167213319 178.74151281493562 183.32928560642492 182.21401599206462 180.27386715729048 179.90936677742189 183.29635406338167 179.83096733380543 179.34964961989076 170.06040208446268 182.22929356411322 181.46367182483132 181.0472079873073 178.64955955208961 182.48854535735532 181.58228894268873 180.54690399750265 184.37164165398349
