# Created by Octave 5.2.0, Fri Apr 02 16:07:11 2021 CEST <br1@br1>
# name: ptcls
# type: scalar struct
# ndims: 2
 1 1
# length: 2
# name: x
# type: matrix
# rows: 2
# columns: 320
 170.4986054191416 84.281923882924559 84.024647965293298 63.966624969222735 87.843081979581839 105.73573946873177 50.446034884549952 70.591748963496059 68.307756215753329 114.35352148025038 89.752974016185263 84.594717109520744 103.34230173155754 107.35384521724433 106.87172862273643 109.39416927848852 54.988206598069866 82.754547900109401 86.033018632176351 86.98433944818666 88.901769550748796 152.33872148373496 106.62422829089604 153.62214755791115 148.15694907667657 135.19446404820297 150.03016597193098 148.80281699688641 156.01573252872751 154.53856458199525 141.5477280762918 152.78739876475532 149.13840308272691 124.74603642964868 154.13246204259758 150.47742096321585 151.06296171252245 154.89221804756548 155.13117177567543 153.01160461559746 153.19707119849446 155.75860520803917 147.96952746004837 153.9722445574298 149.7059199932024 160.14467355195725 169.65954935772595 167.07427989032962 151.97615274443669 149.25295374742291 142.37218186625097 152.91625234490186 155.45530466389317 151.16336050551746 169.81743165428719 171.03147502845394 153.60925631023272 168.08639685426974 171.1989762725859 172.58944691229931 168.4285421873802 169.98913983801458 170.20712345115319 168.06386736753197 73.648422975397196 75.115992928639798 74.690887959557585 51.889532044468382 76.062967289880831 75.50914860757581 73.702306613778575 1.6296641606314148 76.786866948634966 75.736354785551654 76.551793462351171 74.589438036648929 77.785685899340535 76.068413935084095 76.658415446486075 74.773804347809516 83.314865485629355 81.113727008336298 79.11714578478194 77.362475011720193 77.582058285467866 77.256975754947007 79.146618435601582 76.644813358205752 84.301033313988583 82.295356704165101 80.319928697362215 78.498668131955242 78.565923867140484 78.45040672310482 78.433797973456691 79.082812032333067 107.80337361005678 81.926396285661795 82.869191013969754 79.839158802876796 79.66669478204976 79.458264571360644 80.308495232265003 79.775161245145185 86.919359433784919 87.808866027579583 85.080979525923794 79.634648664280249 80.592701097354649 80.710274256192278 79.616381654426547 81.882996426913806 84.304084718258039 85.605931467011999 87.27262034377236 82.976938269901453 80.746316153486262 83.523915593866377 97.666357611584743 80.15974336920371 83.040719269898261 88.811192929984713 85.449400105090945 85.362419133530565 81.866880608692838 81.452735232234147 81.45002025273763 82.956317787875022 116.05674412148946 85.940866204864705 84.9196456349285 86.824474378860529 82.790168538355644 81.693637076467922 84.60322430897952 51.600580349527505 80.732150270959281 81.699053203035533 87.475068456976913 98.913471850425395 87.984401750606338 84.146813713054868 82.600083545663551 47.240856073065913 130.01955520259779 117.70780084334682 54.092114763941709 86.83785348471757 85.645956636379964 88.095256082725882 83.535883067578681 51.477232611176589 179.48970501833327 125.61924367871524 132.58618624816597 81.774002809840752 86.679520042231829 87.808193849633241 105.37706465987857 55.329812758298488 118.05471812626377 120.9832205714323 118.53537208672412 114.16932731947207 81.242016818861771 84.211640822494175 66.27687755492525 80.125761416659472 116.79270248507827 120.16593709942396 122.23465740199255 81.95225422978352 55.179472131690815 53.716195469607904 94.996567442038639 79.66686038497599 115.8689147025066 106.89482903610453 101.46747165964484 80.34994852814286 98.365879441394597 114.09366887423438 118.21512734292895 96.239584213068596 88.383139453197174 165.5265118060214 135.95037787951702 80.862140998205589 153.27412721473476 67.248569002404494 67.362613732760309 79.933481926010032 136.27449326819595 141.44542779937171 167.00544584245566 154.93842264549303 153.74490651241445 147.06093572553667 120.83543185933561 127.53822675282507 135.25762805708311 136.51653881132285 146.88890114305602 153.13834762461144 152.22583623680646 147.50690533614693 149.40386493405379 150.29386680212295 132.77163470419052 131.03973809681204 147.74380086172164 146.11466107126898 147.67591620063644 127.25353906595109 147.88215779118511 154.71686711714946 146.67217663710557 127.72384026110709 147.66657383135455 129.16048822207483 132.10164185481227 119.02116092373159 152.59895948557798 148.49113575924071 124.58199057598293 133.0806161478846 146.7435658832903 126.50372103440942 179.4069055188279 152.93441057421376 153.99023438503281 149.71905093811998 179.33746944140913 126.59901907309909 146.42192855626934 148.9884007700982 154.30666615072707 164.8142739466951 162.31918219838099 170.19309446531454 144.72450735704575 106.93950963882736 129.0094325183498 165.95832189786185 167.10846399477367 154.71920795516323 168.11658567967262 169.1710519618556 144.48702236689454 133.8433129760358 165.57780202455868 166.92692478730717 166.64911466242657 165.09558027308947 151.70635784861412 110.66730372570419 173.0185713323678 172.1008116540452 115.53677603784229 174.38231851287708 169.48915814740306 168.05878525011357 168.96727429787714 171.76632206394677 164.98856267295236 159.86975692297352 160.68558134442051 169.11298165534677 170.32016497647206 166.002534274612 167.39364749466137 171.55134942511265 168.37880939907154 173.06292482967942 170.50706295380837 168.55653754961077 169.49542244050494 170.17650608416824 171.19129964533539 167.16739753346195 168.08238095469761 177.32621883968741 173.87461550217554 172.80890050634636 171.45733996454922 172.34909370549008 170.78671137716995 171.06630269427239 175.2631238086297 173.70378362248101 173.33164747278676 172.25365639656101 172.90472156758324 172.08623513050688 173.70804671356433 177.15419979767123 174.78451621700987 174.55889122335699 174.13481573810287 173.09601420160965 172.81333686102019 171.90933140284577 175.98600221640146 172.30588922945356 178.24621734821292 175.8364153369684 175.30810765532351 174.88920323103761 178.530723290612 174.66270091546988 174.24466617892412 166.17391190527644 177.13956263501461 176.42764506677736 176.00979898576966 173.8916240882898 176.98193619576386 176.38371420111147 175.38901772200992 177.58710741747407
