# Created by Octave 5.2.0, Fri Apr 02 16:07:22 2021 CEST <br1@br1>
# name: ptcls
# type: scalar struct
# ndims: 2
 1 1
# length: 2
# name: x
# type: matrix
# rows: 2
# columns: 320
 174.74609406744452 82.655363863238421 82.829292800546355 61.486828837030444 86.371523777602675 105.80025391314591 47.500132436596822 68.297650136208318 62.797935679188356 116.23609404751754 88.369995995537849 83.469825313210833 102.5640552154139 107.64692520534602 105.98804200750838 109.39989744645941 48.40682937031351 78.048545682197812 84.236218413994607 85.385789068259456 87.353850129530386 153.11828901815045 106.592267574122 154.43460725721633 150.10218048676521 138.64538610773491 151.25246442505781 149.99068580280681 155.92849507025826 154.85292252455758 141.62815510009361 153.81195435426534 149.43074599597693 125.74803263724799 155.12875634806741 151.97718120282786 152.81043066116041 155.66569455659939 156.14930662859868 153.94918068513005 154.34101535849112 157.14500041656098 149.2671311805841 154.72883734718101 151.72100546326811 161.92559875038845 171.42006008231638 168.70247601386828 153.20345579240887 150.9285674804089 142.96259506033363 153.88668105267973 156.44361782712511 152.43953790956073 171.58617805491537 172.56223849778038 154.786009157764 171.02141806966387 173.3638456101796 173.30684041518339 170.37663932463997 171.71599362630687 171.14718483643523 169.81679525321971 72.786847854516324 73.723256754443469 73.481918889712787 49.206214084547838 74.551887297398522 73.944676885556191 71.922024878874495 6.6784297417334288 75.294632598380815 74.05230025452984 74.639378271009264 73.490220506395701 76.107843578114839 74.456537837549462 74.978265178739846 73.978327712823955 82.59168605246559 80.044472210312989 76.921105241655169 75.42799764814734 75.750788521442644 75.769675846157611 77.200417293033524 76.713179807201115 83.079449496888216 81.54029479589272 78.254017510757919 76.402654087581269 77.162978492252535 76.540841884372568 76.833502673426878 77.61793870878212 107.1625669130395 75.415514099741571 81.894682748056724 77.699113146337083 77.960699765443252 77.830546337215964 78.462232873892503 77.171448670346223 85.517281888031931 86.648496592103257 84.095997411618669 78.426806795089703 79.081843484394284 79.078854836571736 78.002613687572179 80.099150677954384 82.009295844103505 84.444640520338865 85.887086507966842 81.995408253393734 79.615483016389064 81.515349955514552 96.63488023167281 78.644855150421023 80.843482361946059 87.295680707567911 82.986336167856606 84.134323534318142 80.760938048728775 79.834676327281173 79.916695542680102 80.957437725736995 116.72814135727751 83.760399602734964 83.074882401369933 85.554162136192232 81.367960246113142 80.166415495909149 82.627705154632125 47.892721145060101 80.256033776319256 80.113135569651234 86.199799604656405 98.636105706894512 88.100343441902325 83.001158429456794 80.967100444262073 43.941724326659113 127.84942800065647 118.8522858710148 50.621616015266198 85.535017289399462 84.443408293473965 86.806221963712929 82.140159204839534 48.991877324551538 190.35802619411055 127.47467972259653 135.71459803957828 79.133179358307089 84.765403391990603 86.455063398010239 105.68049932141363 49.578690011268378 120.28972692325037 120.16551023961895 114.41326265374758 110.60843828349286 77.841025394590389 82.257207806119339 61.092423550705334 76.648816063478236 116.38301202287666 120.36747008937022 124.50281649987423 79.300382545483842 47.051550480100751 47.28703847679072 93.742146221147237 76.137090392545517 117.6815325532411 105.98799562789934 99.301467946410042 76.173942450128379 97.569808816982473 116.80178992919902 119.29037717442361 93.922227612121461 88.971135600678991 167.70136732762751 138.9274809781673 77.076191432548441 156.18716102210516 62.120779678957895 61.900107816451218 75.185305863114422 137.82900145077477 142.92551377755149 171.3385296554502 159.2448142007276 158.61055131163678 148.51451254660606 119.83306552383189 127.21596141333876 136.19077597895298 135.66262110467045 148.78254870470388 157.75433304723921 155.16462374008438 148.55046445350351 150.30051565704281 152.10372575128829 129.61724626934094 131.35585225113417 150.90399013537348 150.12933462562503 149.45451094095094 124.41134329800386 149.12573177798572 155.83736922853436 151.24229147278277 125.8960741219831 150.42649909461656 128.03524237304345 130.45578249236908 121.57876487353184 153.57873720813132 149.26898417446296 123.0295140437853 130.81610715405677 148.27332000378962 124.06221111642429 189.68835349170314 153.67987460808226 154.70958914419484 152.28416432981811 181.72392694848489 124.72032385193413 149.19644996783092 150.39487517394056 155.49111344653227 166.30538912225671 164.01822325468635 172.18156082711729 145.54979074184169 102.8746329014831 129.03343969104614 167.47980678862319 168.51229398379473 155.55338308865342 169.87464649310076 171.09235136848227 144.81908644800265 131.49032603126386 167.23351698717019 168.8377837008311 168.97098040582895 167.89655287482381 152.79084427236864 109.47071609264938 174.93480138512535 173.75250870126922 113.33168510661784 176.2445054789182 171.2339869607512 169.10658721294098 170.4783596252403 174.02976073165132 165.00789458236176 160.79551453210075 161.22666921186274 170.89856319425812 172.26376959074369 167.68003090766936 169.2643895718399 172.26764827334841 170.07715252084054 175.21210486535554 172.19457573267584 170.4025496049691 171.30137458641403 171.67564917970077 172.79820577131463 167.96047750703642 169.84154091765922 178.26142127084182 175.78081075114963 174.70132618404352 173.58717953740799 174.30475936237363 172.81973425944577 172.87030376186553 176.92591807197803 175.37018398726829 174.97507289511208 173.89551340877225 173.98976285890947 173.39348605591181 175.14524270748026 179.37551833001012 176.63254020881257 176.15086590897351 175.63865576348016 174.49959912632394 174.72959409114415 173.50040398500124 177.38239104443124 173.61465912629544 179.24739335439028 177.24410890678442 176.639184278465 176.38933270603914 180.07297715178908 176.26581537474257 175.91916923846046 167.30747154087243 178.72303771633023 178.1354165555482 177.51394641840855 175.17502583715489 177.87496115324993 178.02300371183514 176.9126265638497 180.30404750106496
