# Created by Octave 5.2.0, Fri Apr 02 16:08:00 2021 CEST <br1@br1>
# name: ptcls
# type: scalar struct
# ndims: 2
 1 1
# length: 2
# name: x
# type: matrix
# rows: 2
# columns: 320
 190.11795774701699 76.768765696755253 77.450018056126808 52.512328549096438 82.240898198587018 107.14900733776373 30.185685068250912 59.995197237455294 42.418768952727831 115.46023439815194 81.839486455955694 77.927779593918487 99.74754401413216 106.07790256722261 105.26644267024713 109.42062795911595 22.129469427874241 61.017299560232061 78.821242047435675 79.823841256534791 80.635407324660449 155.46357253287394 106.31594113894971 157.47704401858806 154.33580222757197 141.64758613110473 154.46474127319544 154.28963957661398 162.71663162620408 157.28491061609324 151.40607556878967 156.22316178276543 154.73661319823711 144.15328025072517 161.44020855599521 154.28576612357838 156.44221545119234 159.82343210684996 159.36294059544824 156.44940293752296 159.41888111902563 160.22649848094343 153.6749086104272 162.48179640220511 155.60653528211944 168.37085184947276 175.8155647212966 175.26551115016997 157.52011500177724 153.35440808342412 145.09932852463277 158.42464516853866 160.47377612809044 157.26562556821642 176.93474410014542 180.40132988593393 158.33604430416503 164.07298481851447 179.40911768730251 181.6817465139836 176.48378081880102 177.95501993601704 177.49772809970679 176.3817949470635 67.29379393741759 68.071941029953777 67.059993864048238 39.49515861054968 68.397795888573924 68.041534823720824 70.106117687745197 24.950152797150231 69.519104581122619 69.391001795657274 69.380734459921698 68.5471815930444 71.191709120731986 67.945757889204685 68.873715679090921 68.792443919828372 77.004533809019492 75.007088556054299 70.661414820356171 70.209720301012922 70.450121314317371 69.101316970440223 72.176781288535992 70.300241585040069 78.640988726398461 75.999171310509595 74.749612991647126 70.60032511410499 71.468232276615836 71.28866953093673 72.033955523272937 71.776661418130459 104.04203193068082 51.852321426884643 76.117594882908293 71.563171538470769 72.281038868309437 70.711014018630493 73.138900106075852 69.504187785191135 79.373855343673156 81.699180397888895 78.34520038759868 72.510642049569782 73.391455823300717 73.975226245802361 72.873662480218144 75.051730291674005 79.071326854217375 86.22254331882263 80.015800684653399 76.705698784938193 73.706640138722918 76.214040387932229 92.90191447580105 73.007041156111882 63.394695364494311 82.90068187482521 77.729507894704412 78.13728139587225 75.624607451886931 74.19048973269075 74.340542451161127 75.65941783567267 117.53645395491007 78.191013718442463 78.304002384753218 80.657429383683279 76.281556479657425 74.397461581531843 76.811332661927693 40.551244796522887 74.628001078505847 73.442180199881278 82.625421605565293 97.632304425544646 80.623894512435172 77.773247573924039 75.185506109198514 32.002009434901169 121.83463564659549 123.68389555536679 38.061715781964352 80.52899430571749 79.408409820203104 81.051312143288712 77.308352670504561 40.572901642983176 229.69099806835214 129.05465935868872 147.03646928468947 74.412301899870698 78.743317879088693 81.872322063068253 106.77899459342527 23.322121638676638 128.37985036109987 117.20550468724767 99.60108709605268 97.721411296139507 62.548391652714919 81.150660832761787 43.180023414211441 63.207783975964084 121.68893043936949 125.68543314793571 120.3507937665933 64.972849060002744 24.371817629241423 25.186034163694597 89.202336088397402 63.860875265640701 119.07438113189622 102.70612234106152 91.462597365179334 63.848722585368201 94.688791319110024 125.60289974765588 123.07582274580147 85.535603722979445 91.099121658232235 174.97504180171885 145.72860206700037 62.071175241073917 166.82220436062738 42.085930655869625 43.196652115776082 64.59114816031385 144.7486467942677 148.28201541286876 185.20279544560267 176.02164958748989 175.00868149342915 156.2590799728361 124.63959617117125 126.04966780376927 136.87725560607939 137.9387243754355 154.13281629840773 174.14385665443064 166.04261859094538 153.79490338904 155.15303920227029 156.60682536593208 122.86947901636793 130.75406971626805 158.65775441906371 164.03772184462247 157.78686201866634 116.56946041213061 155.92046481182592 158.05508671363819 163.70422251444614 117.5990095749852 158.93090426163295 123.33565677130173 122.26675109069109 127.05988635951911 158.33862525093818 153.72376336130407 116.92495722711074 121.45945977068425 158.68185840659064 117.70286120246678 226.89740329829925 156.57531389448789 161.2471366669667 155.82458619851872 190.36063030742574 115.32981385791568 159.85120066160587 154.89724534915933 159.26001631160452 172.60074563172427 170.16713374417242 178.00979797221035 147.79479062205249 88.163299640829109 128.96356508251162 174.31931929428143 174.24181092929337 158.57230261937983 175.21313830865697 176.63579647856025 146.79776646774508 123.60084150303845 173.4922127584251 175.68370858734312 174.79702737944621 173.73157040339518 155.17813457050249 105.14020846826057 195.54270436511385 185.75443597576111 105.35135602218651 182.75974626716456 176.59791786569042 174.64075659491326 177.52128495341205 179.94403272716667 166.86204938828922 165.74786062243163 161.27336023164082 177.84211165734089 178.41006912325443 174.20932835663558 174.86704820550528 177.51551818935607 175.60144450537311 181.18332275068374 178.51813144061578 175.87214376202007 177.52004564287355 177.21890187573433 179.08444658782264 172.63576292299092 176.36424998246451 184.47666293401582 183.60833146769255 181.26040595736538 180.10275831710334 180.60179567654973 178.69789930649253 178.61129476930199 183.71630835766226 182.22314699845245 181.82666511237599 180.33021245252127 179.28197178253703 178.72683417194227 180.61178715952732 183.52438435063073 183.33336135016035 182.82532686555211 180.8746677347479 179.77867335452234 179.66581672122817 178.89602044437007 182.18952123268693 181.01785561250364 185.0125789437063 184.00225129676562 182.22272311605664 181.52348805279269 185.16448760633017 181.59259311630694 180.80551623472996 171.40987784112457 183.91668071232502 183.38041646217638 182.57437241013605 180.3290180383234 184.55351083638112 182.90287778352518 181.94405418730392 185.94808347779781
