# Created by Octave 5.2.0, Fri Apr 02 16:04:37 2021 CEST <br1@br1>
# name: ptcls
# type: scalar struct
# ndims: 2
 1 1
# length: 2
# name: x
# type: matrix
# rows: 2
# columns: 320
 129.08030558028327 103.72318888012555 101.51023857090576 93.606093025425835 105.62576190172319 113.06425187725975 87.270598354279656 98.011692089649529 112.03751916356599 114.10593903780808 105.82611530142282 103.16596834138586 112.51271789070111 111.7673782088285 111.61220966312227 112.23434309564998 112.42238096825268 113.08217680058924 106.42481863704063 106.43900513533927 106.51642126790861 137.73701150260032 113.08631830787898 138.28535401281459 137.98363988933986 124.94780733089098 137.57063295137232 134.60495650707588 140.07348589273013 141.33991721188443 137.06208727367783 140.19317927901838 134.64041382273868 121.02810871442104 137.22337872681882 136.49459013424763 137.42794204048406 138.97251557410522 141.43180885050847 143.41210631808644 138.62646058847045 139.35299271745271 134.2154084139809 138.38476257126177 136.60754890725846 142.56493290259294 151.41032127585805 149.52534170994289 138.77675335059706 136.49599886731468 137.48118496936351 137.45742804966147 140.38703562275916 139.02606982577777 150.48638633301471 152.48218153781556 139.95494163822502 140.87156058170606 151.2058960755445 149.51633987222212 148.29785333919733 150.54726314916982 150.22434686426467 150.58118832012022 93.518465605853081 94.721101307143499 93.666053361313445 83.961570517804404 92.023421985175119 92.496535038839582 91.177120092199061 58.715105403972785 96.927433731493736 95.713235120012826 94.403160201589728 93.234295686428538 94.416625241952957 93.47999855065936 92.943443891785321 91.496960356716244 99.468643371100242 98.049747931024925 97.010164635119182 95.384348592199814 95.419712925732995 94.233594129924526 94.733027440242637 93.525226434949602 97.922602810382855 99.118588788995794 97.927875580935137 96.343463205906062 96.385772951258076 95.522441310478527 95.751978077772918 95.08447080764725 101.61619980376577 104.03279436123053 98.972141253328658 97.299337805175398 96.655017279382989 96.837769336026213 97.768492428183691 96.175657131348913 102.76090138224873 105.54957701066958 101.78898079934311 97.42989552310334 98.460093889623252 97.897995455675201 98.439965286412118 99.384794478970889 102.73469891295879 102.95457325642103 107.46442833316235 100.12885876687179 98.482149543750495 99.950437644143676 106.71062477919347 98.777954187095744 104.26269180546342 105.13281400821353 103.72010122508409 100.56850757942482 99.779937949098311 99.3556103467631 100.25263384813485 101.15732860413722 108.03194858897515 104.68679422810378 103.44889799167991 106.69291553277439 100.16915683963677 99.288253618428271 102.15258388178472 87.113137547996303 100.53947492895324 99.469509243320957 104.08755832525236 107.70464371330864 103.72404115198755 101.27583346679252 100.23407167950069 86.673335518213861 116.06886506476769 109.89659047368268 95.572837902872806 103.63149198173605 110.27552547667791 104.73209837095044 100.84376568811359 88.374319166809869 111.0679468904965 110.40234317450225 112.15124371573069 100.40656746723162 109.16418599043514 105.43170003066056 110.68399177278614 111.19287857143993 109.18880322948816 111.42294868796294 112.08764871730008 112.92735729968703 111.87572131271409 104.63657264131241 114.69271242942338 114.17701294990873 109.74620121081766 110.97757264890643 111.61759136011133 110.74544444403611 112.41233964188602 113.45604852818654 110.10148658558339 114.39492488761725 119.59345953628167 110.37557877706054 108.94277418160519 111.09309530792096 109.56481896657014 110.0434117262694 113.01121023097818 111.77418176783331 119.30293743857358 141.44553225776406 138.44802251301761 110.16067319793962 132.62095265229993 110.90197888424274 113.31225264469519 112.96945268023917 137.54944656142337 136.16273845248483 134.85923499298096 133.70432950566786 134.81068877637935 133.18628203291644 130.84744965096303 122.0492750808735 135.40520745378211 136.54030977578651 134.2712287254619 133.96627821407171 134.1883642916579 133.14919007206632 135.54926573345699 138.16254786124475 135.32015484240847 136.93742256092048 135.40050629124136 133.72663837830996 130.21400319700274 131.11689958893803 136.96028212125893 138.56388545004884 134.38757285450555 134.65915394210228 133.25560996248484 130.12461937936504 128.19547747308116 127.20074728362287 135.40018009422653 136.45017007947845 136.56927953080583 132.14997878475688 133.61990121453431 129.15779924358145 127.93621838067577 137.84332904289354 139.93397482663462 139.63095815672389 150.81362019017027 132.59059472644114 133.04979525378636 138.94302458410286 140.07321254947513 146.90414098461545 139.62039435748551 151.02161780416881 138.80521194058454 128.0002181160275 131.09717648038776 146.88347493920207 148.04388252208801 144.74882897868522 149.35337123474267 149.61170842607814 137.88712704274786 129.01145980771511 148.33392368716227 147.53703614808205 149.11566704023039 148.04829417643157 142.06656264016311 124.96937495888304 150.99172950822731 151.48242956888407 141.89286288247735 153.69271083202577 150.05080987981867 148.2723919299234 151.55627713234989 152.6160906194452 151.32771439490793 148.80474930911947 150.28828411247645 149.68989679327689 151.05519109955611 148.97980450712097 149.24416062313406 151.34856443790235 150.70736364517549 151.94882364981638 150.33561001250402 151.41698189975054 151.38942094508502 150.50287470609774 152.10970906811596 148.38179731218631 148.94658229463488 154.74003094915733 152.46822148139972 152.44995141836392 152.16721775346119 151.56242678459176 151.86174853465999 152.90104735155097 154.01221209185599 152.95980740987756 153.19389478353716 153.08378831592378 153.40760792694286 152.37690397303777 154.03612799172674 153.58036391036427 155.11202227416302 153.53600059601303 154.28614530733347 154.42523675312694 154.28084487431502 153.31469826523158 155.29866868931202 153.52445645867209 155.84323405177574 154.6230641785865 155.48083391029303 155.43048532864847 157.77890141437751 156.50384835299184 156.39509052539358 152.42614748406294 155.82169663749127 155.45431080576998 156.46645640263739 156.45564435281608 157.38393090924248 157.42505799469811 157.46173989979218 156.35922600157596
