# Created by Octave 5.2.0, Fri Apr 02 16:03:07 2021 CEST <br1@br1>
# name: ptcls
# type: scalar struct
# ndims: 2
 1 1
# length: 2
# name: x
# type: matrix
# rows: 2
# columns: 320
 120.75675113617375 113.76544352133067 111.84214644080856 110.96466595077187 116.53028663954646 118.85744224352145 109.36664851956881 114.07038388066371 121.2422748087079 118.30723523325005 117.98414893466881 114.12748794797642 117.86858365715247 118.84463770488915 119.30889156318305 120.15027347797407 123.51740039445518 121.62561742604602 116.80850696214972 115.86574473310344 117.47342471105271 129.08457889095524 120.14440608449127 130.0911012363029 126.53986610821448 123.55396847369161 128.14574236995327 126.84372380347351 128.08981444181168 130.63409248887695 129.02412509266466 131.41237331228868 126.47519816533784 124.41762264867015 128.37594060761006 127.38400164656045 128.68404596494651 132.32042019913675 130.76876800287573 129.540014053297 128.34914569757919 128.93674919509346 129.34247718169209 129.47223181486103 129.88864601620907 131.82498895408625 136.34279038582903 133.77445052247938 130.40801337963239 129.5224132468386 130.03880890338661 130.49891184791719 132.07260985222078 131.20548087355991 134.89165285511334 138.79475403126301 133.34144125804511 132.63028522917637 139.33167826074816 135.09391367120489 136.91725958163389 137.02495513236025 137.65384621764892 138.24340218369022 106.64548191477898 106.41822967512877 105.06259390289217 103.16747486440488 103.04496621651988 102.00226905187805 102.25244250103687 94.056464471683199 107.57750847649019 106.26876672862994 105.30414393349888 104.33166096510853 104.3053310438615 103.27511755160901 103.25178199018282 102.21202275658418 108.41966242175519 107.25069610084545 106.24162114293289 105.33938604125547 105.24379412269768 104.23180631508957 104.4648936368806 103.28671371223352 108.4894169392816 108.4588264437475 107.33473681186493 106.3271148482886 106.40443195328426 105.45834242855159 105.35306352458807 104.3284772808202 109.70936799956867 111.6759415928031 109.42363087702685 107.14001325947085 107.54254333236597 106.84908799971821 107.93973415152729 105.23612502052076 111.81109648706155 112.15296688964936 110.5839177701897 108.228041884512 109.59126310763466 108.80143221497343 108.87246340405612 107.98516795691238 112.98975105072925 112.49881367518354 113.02143316171943 110.6525562662077 109.06499711889101 109.71722363375923 109.92001820435203 109.02576212103094 113.55674300217264 114.1728949884202 113.62395060920822 112.10673087589393 109.90335142048777 110.55340863931367 110.77095572413886 110.91419687619857 111.70298845906278 112.9008273125197 113.33518562939599 114.03970987061884 111.35002941283091 110.22256615732741 111.11827986336947 108.40586731639813 110.8928106837906 112.83265110269191 114.31477338614718 114.46670279750259 116.78682457674061 112.46226154569713 111.82446980498905 110.53543186439519 115.37604037967422 114.25793363892534 111.78131422930326 114.52083282904722 115.30572315303002 113.25707581454292 112.3239562836163 108.19118368510622 115.40017890284589 114.1734787406146 116.3967764104608 113.35066406894563 115.71881106713118 115.81544630570781 117.69500307789077 121.39338310957513 115.2496322208262 115.77041135119336 116.89469903608672 117.48543760069339 118.46659064399498 114.86704085942409 122.40821388459824 121.7720219655864 115.62575445457071 116.34119728589121 117.4617614628847 117.98170778143445 119.07381979820816 120.18803602541846 121.44005684646478 120.78044499109266 122.72879321971374 116.82262680262497 117.98788615870761 118.63902810357258 119.24084752477508 121.24381839911246 121.35154910595834 120.95667814755787 121.54378368723228 127.43389316584825 128.60206036841498 119.79633080302918 125.91712258869659 121.99214784752824 122.9300618108058 122.32858556486759 129.6744385113781 128.23611440205835 128.89338410925379 127.34158984312774 128.39514641650021 126.24989362205011 126.62081865392736 125.761571777016 128.35968777132422 129.35713581004123 128.98425073734018 127.4666386325687 129.46355530219785 128.47730322971998 127.67047259990113 127.44492785599309 130.64263768975584 129.31666204183068 129.80310448430058 130.44090577590239 129.3017561973405 128.96630976182303 128.73039847122203 131.43522590609317 131.06831190723275 130.64629257758418 131.55739288970827 130.92403855587597 130.11845680792575 131.69177798235387 130.59229077013376 130.72285241374408 130.05053528717997 133.84716921914699 131.62650196006098 131.36952927773706 132.71575969032364 131.8597305234639 134.08027227468239 132.50752277434054 134.08779859282927 132.73419517197726 131.79302432553257 132.76539956681594 133.70734285733667 136.83520546905845 133.71423020244967 140.26041644535306 134.30247799380979 134.09830346923837 132.48388712135406 135.89108328843884 137.88661441186181 135.81328288848255 137.43751087837549 139.71470304389996 134.84747107199203 133.7144130322404 137.00979873085271 137.92227767527149 138.8885627239944 137.93964052710265 136.81320428455459 133.34548839025334 138.3286063939085 139.17006298333297 137.58104179870253 138.38138321925567 140.05250266268843 138.03094083204863 140.16060714829058 141.21633937994577 139.62282758579266 140.98924869082785 138.8051784554377 139.0504494635031 140.11658109223043 139.02506719121249 139.23650842909535 141.77523686224697 139.5503120549966 140.12175775597177 140.24849019859369 141.19388015707239 141.22447903041228 140.26951134774589 141.3258182849321 139.4394428089231 139.55557365339573 141.19306440532634 141.16981298975779 142.30038013075404 142.39385561625855 141.29094549572721 142.3612011565146 141.07019363708505 142.17166659338221 142.18083634461445 143.29130588335408 143.23414448012616 143.42797854772743 142.43225121002729 143.41111939985601 142.6539432536502 144.17431854688274 143.18663057417774 144.22056215255182 144.29980442491168 144.46642745851761 143.48940809878312 144.53695305641875 143.71092530751477 145.39015569199017 144.47955836120553 145.30696964938869 145.23225674610975 146.00378566155393 145.41169256143826 145.64499544623945 144.8069057508693 146.48974823074903 145.51741356597321 146.45403656265231 146.18771414873575 147.036160286849 146.47375005152213 146.67670792527483 146.07313072449995
