# Created by Octave 5.2.0, Fri Apr 02 16:06:26 2021 CEST <br1@br1>
# name: ptcls
# type: scalar struct
# ndims: 2
 1 1
# length: 2
# name: x
# type: matrix
# rows: 2
# columns: 320
 153.82917112752602 90.168522049407727 89.453117086115725 72.941125257156742 92.891752584262932 108.08439555583931 61.343809184385762 78.894201862251691 86.32549275053654 106.85854714407984 95.888840419488389 90.544069693471542 106.15881293283928 107.893177135565 107.54104645412595 109.14989803997024 79.287099227406841 99.01884159926999 92.899730763642793 93.329699027519723 93.954559831689437 147.77153998798465 106.79606347615254 150.00517747046334 144.18222876850206 126.60713930374737 145.93211909788241 144.50386322307924 152.28531633523789 151.48552484746185 141.2566588472948 151.02174645110571 143.65924573636198 121.11732950409109 149.93440761746683 146.80651760162428 147.88178218083402 151.21371010578443 150.82309422777223 150.98343773559083 148.80437557878543 150.28828974916556 143.78073686719858 150.33358854562937 145.44907669595619 153.69942045287294 163.8034082764284 162.98548182034301 147.32576579723411 145.25996834510531 140.23544840195183 148.92640451338048 150.46595526840434 146.69844586232924 163.25250663868826 164.27683318531479 148.73824797784246 158.26613621823239 165.45698887851248 163.62140574509093 162.11960742731222 162.71351955111587 164.82932772342565 162.82015225323534 79.16093042647671 79.945241624495267 79.462494990381998 61.60058751846654 80.494898417029546 78.795119865671566 78.289193596620677 16.642058894785418 81.936612423888064 81.17705167861115 81.101410255996711 80.436520530883755 82.909423772211724 81.368892857766738 81.682166608124646 77.905419329574158 88.553750495945053 86.529166517165194 85.438416932260623 82.257065930825149 83.035299738875224 82.686270321115515 84.030227383195395 82.138304645608784 88.670566342903513 87.322215038652729 85.958395661384131 83.661723434896857 84.092705970224799 83.376392110202943 83.82995234054232 83.24192048088041 108.63650328214145 91.467978738699884 87.628466204798286 84.840587420459457 84.623686130012203 84.282815212132618 85.016284856634073 86.951512617975993 91.305106469510363 92.197624670997115 90.819620646343395 85.351373350459738 86.034242281212087 85.938857426077547 84.864469538143283 88.008166043670457 89.653993467282959 91.847919053381304 94.069336610475517 88.614029151404367 86.4580931819509 89.031425734358322 101.3993233674565 85.733674277410984 90.222026993143714 92.211126264758363 93.366550868960118 89.688289019681733 87.590682761523382 86.866059376900864 88.679197890791471 90.052233722176567 113.62692555387557 92.295866233481959 89.748836358736185 91.87652845256703 88.331391653128975 87.247104316756221 90.372357886380939 62.757201811185773 87.401839009293909 86.370831905144271 91.741672852481642 100.32806617199249 94.008174867673262 89.725675555300029 88.006371507986074 59.180570964823858 132.99765803174728 109.51791212116898 66.652014997243555 91.712207622782998 91.825048170354563 94.675824965870362 89.120567218937808 62.497736248133528 140.15673314409167 117.67658062769881 121.21924078686116 87.452400895417057 92.553482618371845 90.860802726276958 104.30161843355098 80.610852565157202 113.04876226890693 116.63735423116994 130.89100539251166 112.23373283041524 96.355065252655024 91.409755396764751 87.050257095898928 92.344640520899347 113.45527426618212 113.2598870418595 113.1702791781528 95.237016670474276 78.515062995699097 78.11533764839065 99.536377574788474 91.351757197775385 117.16912786459056 108.92694485190421 108.20320308059537 94.582882693498661 100.29605276429689 107.7469640473699 114.08728510377472 105.92464167101967 104.31181701028281 158.12605498623526 135.30122320266477 94.10597662783492 140.56577756168534 87.018698318352293 85.831239927773069 93.416933540310026 138.57806197013909 138.08731641653134 153.83548375288478 141.32299248980769 140.1023180652283 141.17911670494948 131.37690438273307 124.80279384378019 136.57677115759088 137.52299206101819 139.14710908560392 141.50764570157921 138.96860742192069 140.33140457116517 144.72142642036081 144.86291877366563 135.20551729487178 135.61909148945097 136.24442276800792 140.1541198046742 137.9353133946131 134.17861971147016 144.853767280938 149.21021413792766 137.3757457732861 134.17601698319484 136.23968567989007 133.08920714324165 134.84993850117866 129.59922756428895 147.88878229880413 142.94240223957937 128.48183357469347 135.13551929856814 138.44321404412003 132.1845086127102 139.36228841436309 148.1398205623212 148.97261088522251 146.25674040204314 170.70076608246828 133.88163287862625 137.35885898892329 145.91105364222645 149.76245448628171 158.93545849868838 156.19592420357858 164.53966965494484 142.2305098557236 121.67286806998482 132.67879490218243 160.71893276120213 160.81824965254171 151.70028842443682 161.57360856682646 163.26242370777018 143.18932703254296 135.23579521400512 160.14201307798285 161.22931632857461 161.75940367932964 159.37405410098276 150.76432708176645 114.997811350093 166.22675437116507 165.9801305391245 123.51710512227362 168.94279412832711 163.76013731911033 160.47094985777443 163.67469472085867 164.82336881623763 161.17115266375552 156.5193960518464 158.72735858605816 163.57523404423341 164.51520874701055 159.69438104273505 162.74427275031871 164.4932874812626 162.38005348166493 166.20426346453186 165.43614929364534 162.82385658841946 165.14448635298692 164.60029879941425 165.52370868536883 161.65344725905646 161.90464613153858 169.80737394749849 167.32705365716842 166.57229253881914 165.56841273626941 166.29140150752431 164.7743061319195 166.07436397110826 167.69798465702908 166.92654650104501 167.44967490386463 166.68009172214292 167.90841120106685 166.93812526450654 165.93039541195603 172.01382842341704 168.7120695340565 168.27602429778472 168.46724141624156 167.67598075765204 166.90569221968099 166.98148669872529 170.89947039663556 165.3435565840584 171.43816081564628 169.49149176992211 169.5755555329884 168.67428639761189 171.71731604323077 168.83945513838816 169.88020087884868 162.0715056050243 172.41629888915321 170.78073043470431 170.46358047929471 168.99564012086134 170.68863802315741 170.91396407053023 169.8614931479577 171.91731955723867
