# Created by Octave 5.2.0, Fri Apr 02 16:06:46 2021 CEST <br1@br1>
# name: ptcls
# type: scalar struct
# ndims: 2
 1 1
# length: 2
# name: x
# type: matrix
# rows: 2
# columns: 320
 160.93125646555472 87.689954400362183 86.808703075207944 69.162388293816107 90.94194020927678 107.05421392714632 56.654028928637324 75.398432220670372 78.060758464179557 109.97513499448442 92.997225971562457 88.014829298553963 104.97291347966802 105.96816890745637 107.87156904241938 109.38216740274 68.261159391489983 92.61474302335273 90.758586196985107 90.651796460247894 91.904736071542544 149.38938544369779 106.74508018226484 150.52400506569069 145.55286176809904 127.96396915757244 147.43273006758554 146.31394902257699 153.82098619221412 152.66451805203442 141.37921431213564 152.09361137668654 146.29141422287265 122.64520610432587 151.33932770993249 148.44533440061377 149.31166939175765 152.75308579430694 152.82605600245452 151.01282076276129 151.85520551301323 152.21117896264931 145.4496695606712 151.75785947970002 146.79326766816908 156.41321123143476 165.46601683915884 164.71536515091114 149.45294112058218 146.02497569333892 141.13512565007778 150.15159418782471 152.97271745341047 148.39055591716382 165.65458474742962 166.64455667591017 151.39791662043302 162.39540561590442 168.10247793816717 167.66120489464808 164.49203025156248 165.87398233341688 167.33552770594906 164.32138600131438 77.090826769144471 78.331308155449534 76.793863705695614 57.511722055730473 79.049567445521078 77.587136553274348 75.981235879158092 8.9487018188204495 80.103764533284348 78.630737424990357 79.424887337853789 77.952656361355309 80.889717786046688 79.036298114225843 79.716026661552945 76.610184844246504 86.980663925121306 84.237012856042469 82.060223867822984 80.134180955336575 80.583308778847751 80.535584826577917 82.133204655690761 79.937275725998902 87.722038851142727 85.830376914967701 83.292331254659999 81.445540244451252 81.730722157261411 81.206330522114484 81.710842650808885 82.252103855791518 109.26177944781388 88.391904426368555 86.651534482586939 82.450102409757719 82.351421632137217 82.747950785055806 83.204050072467723 84.479688411830722 88.196494410488455 89.987781689134138 88.660561537600614 82.772365160558806 83.537587033981353 83.917038639639713 82.829836092175768 85.051059983243704 87.40751857062088 89.381417215485371 91.766672532551908 86.262671191917946 83.984118996617866 86.050964078907612 99.827548312352604 83.698788995961749 88.758186071772343 90.594978231808682 90.255920486477109 88.300340305308836 85.160155413225752 84.289302464870531 84.777540571199381 87.389905294693889 114.65000705602878 89.469228172736223 87.07429407790832 89.840328219318025 85.717675062989599 84.6042998142767 87.289249723506245 57.838517990935181 84.521585245505122 85.348254157687137 90.468932197810986 99.494619960680581 91.52474410404372 87.457416621367457 85.332880242919458 54.153322589346828 133.56548483775413 113.52881262676922 61.363635951642777 89.498068237426921 88.32937072690747 91.508429905425558 86.345244812688591 58.17992689320581 156.71798445956182 121.91158103995501 126.03141868520497 84.188973237812689 90.492313022253256 89.556372751726357 104.75443789726786 69.465023793434966 114.94227216010593 120.74281681519858 126.94621649826978 115.61594758084016 89.93271199347214 88.333895419099093 78.897980396469606 87.919301131577555 114.07374845125811 116.38612995855136 116.69502857695194 89.380470714931931 69.422901801751806 68.404671458824836 97.624878571525386 86.63031828855361 116.65856032449051 108.79486093901063 106.00576515404157 87.662814330367979 99.527650148728682 108.85345919913372 115.82532394131334 101.60118483505694 95.490144047887057 161.17620771372714 135.36237245465421 88.963277422630796 145.97250730194841 77.73301575070451 79.100303339431463 87.6372488531523 136.00255483162604 138.3440460454635 157.92912364632892 145.20978088105284 144.47753066828469 143.07209193947759 125.90589574203014 128.21344089669327 133.75667081629166 135.23407706509508 143.38467599204711 146.97513478596676 143.25291120590546 144.37428981078051 147.32034110117215 147.15831240324363 136.25848443448703 134.36710340801113 138.86114344868543 142.5904448398627 142.3145317383125 131.17439155872376 146.55383300169194 151.80222588187593 140.13404455430782 130.97750491881985 140.23743334502279 132.51914974133794 134.75060049076399 123.02334599639939 150.48141225766236 144.51492696022262 127.00556226977491 135.62298998150266 142.088550404556 130.55577759182998 157.86215827207002 150.62156429413741 151.02575905680226 148.48334888794398 174.33727275991706 132.76524257076019 141.15665258617489 146.65448909661848 152.51061415368528 161.64254952614377 158.76216821079962 166.71608664397823 143.16738609103916 115.44325313170469 130.93964192188437 162.68501339872233 163.57544675483126 152.97141243737425 164.66522695861002 165.70731584672447 143.84833612841538 134.34948871698717 162.53036919678161 163.67157661956591 163.76842186138808 161.53278555718424 150.88021001947817 113.1744397187714 168.25149204375529 169.39223416174434 120.1569665604078 169.32655657225479 165.43847744038553 163.48232965100743 165.25999734945751 167.67613932942865 163.15654172749797 157.93007431337361 159.55187343168441 165.98424757543404 166.67121325565896 162.57903464687851 164.49135289409278 166.74785469972957 164.75220483791497 168.61641627563145 167.54689626475962 165.33346321513713 166.63241817600957 167.00056985557876 167.97414691936635 163.20675053000025 164.58694071564707 173.48909748529999 169.96373259210998 169.10254939039552 167.84618232868181 169.07520713907365 166.69266135349645 167.89681862617377 171.13518337265589 170.09101142944107 170.1122071275598 169.16079782236511 170.19391315259244 169.01096214991136 168.7241631709571 174.35008226167164 171.31435969162919 171.30534762974045 171.35120662054132 170.26640341271894 169.6722316534632 168.8632164017173 173.55197196996457 167.66266170579513 174.34036168570236 172.29104778793035 172.38654807713087 172.21657813619851 174.75874308484811 170.93042729026314 172.18423515603354 163.79883457355152 174.73037891801292 173.56666949877444 173.27568102547079 171.31686786138872 174.09138413312326 173.94788049737249 172.85899819028867 174.899696518577
