# Created by Octave 5.2.0, Fri Apr 02 16:04:22 2021 CEST <br1@br1>
# name: ptcls
# type: scalar struct
# ndims: 2
 1 1
# length: 2
# name: x
# type: matrix
# rows: 2
# columns: 320
 127.45074238617872 105.67722961275805 104.69584349292217 96.440145747931311 107.82398597753618 115.09231426487757 91.340644059846383 100.63351932083552 114.22538026615703 114.85470946869954 107.59028805989642 104.2343632982198 112.88327150095557 112.19539830094946 113.13338028247121 114.23558731485618 114.67493907045422 115.50576665544784 107.5121899764588 107.36765216321326 108.96254034022719 137.44728943502665 113.41433116508901 137.74148433707171 134.61947465354373 124.72024180318496 136.10546046250255 133.24739215745257 139.90252683590793 140.85018337978534 136.08946850488334 138.88596261789343 132.07926162122098 122.5940126685289 134.86649814256606 134.50813817869957 135.47884583064192 137.90538276275058 141.14133308355431 141.86188709241125 136.15689780483584 136.88170748245412 133.66095348043186 137.10660590925201 135.4972090737098 140.96869948584859 150.10851679264886 147.77474875270326 137.48737622423823 135.40034972736305 136.76559425342907 136.45976964789256 138.23378006619808 137.53787964222877 149.079810204784 150.56533299836371 138.7199237376625 138.96918398215809 149.02610520335369 147.8577136546233 146.52343571236233 148.36790692431182 148.74549961266456 149.06475379155114 95.980971713350144 97.037440631975912 95.447660435629587 87.028219614856454 94.581370624718403 93.860831941568506 93.854164154662826 64.485123210947222 98.48345764601784 97.546104251181063 96.511828637103136 95.683515182589218 96.31054364534188 94.93265854437908 94.682435902466935 93.245578111999734 100.69440888671623 99.219530258066115 98.309842181265608 97.21010701536666 97.076425016834534 95.785429645045468 95.663426586498858 94.603009094129462 99.553652514611386 100.12541602427399 99.082777967257059 98.071185098083362 97.885370766091768 96.747608808104886 96.56394363252798 95.51321569817209 103.26370853861276 105.17296226943411 100.28680393265921 98.93887015997241 97.803927022479556 97.431951948877071 98.656488090586947 96.375798182247621 104.58826131150877 108.01443652267032 103.17527195370585 98.881914335000516 100.07375863727613 99.950938228706178 100.22649807263961 101.45609864707325 104.51594847994859 105.49109724571072 109.51547778974466 101.35268829554286 99.971578989516303 102.04820164381661 104.73102330533241 100.99432945684433 105.35881554874058 106.35465046024237 106.41369183956621 101.78231952264005 101.2655877896576 101.2135806165702 102.29963472281671 103.278333649727 107.19760256035011 106.60236786381816 105.64968987895332 108.93330545527337 101.91844352730216 101.10077925089773 103.91154339549126 90.20343565199201 101.88040757960084 102.54796319493913 105.46321307159077 109.99676509693684 105.57074447019285 102.55542034787226 102.39329126140525 90.443771799821633 113.59044457989805 110.28219174469109 99.539122187073389 104.55827463843129 110.44885066746957 106.72136552256153 103.04200200995281 91.658680430442431 111.03935183204237 110.53026353075867 112.15597910477724 101.36187524160367 110.6918538103902 107.45987191134458 111.78263851064365 113.70141611825747 109.35284810723856 111.62461285682052 112.56639078741529 113.5955803365031 112.8213373145098 106.41483714101753 117.84786747555073 116.7068013581044 109.79794017605086 111.40230639526649 112.52755395183209 111.65204758934381 113.19076374528407 114.31492291164534 112.10995011647984 118.04114285436511 120.55172401235855 110.71013129661176 109.78967943937943 112.0220849166115 110.35802111371773 111.01789164252843 113.99489362304401 113.98926059273343 119.22241662487885 139.15791771214515 137.53682066976776 112.54595786796365 131.27219086391113 113.21947425247421 115.90893693478652 115.10958920433521 136.21455151626392 134.76147051218592 133.26424025964252 132.41368875362124 133.77082617267243 132.23403348014494 129.73626382962817 121.60417089945553 134.35280078467758 135.38625481729966 133.83525173238473 132.87042402203343 133.62015566195487 132.88527976158446 133.16184211227872 135.78768703482402 136.42458739199736 135.96758515445978 134.77719120364532 132.68033439045803 129.56159874481546 131.14274845726649 134.97588423668071 137.82415902818471 134.42013627903043 134.25300877409887 133.21067958299898 130.38262963994339 128.4980099545659 127.60936833622959 134.49003960791887 135.64492089033757 135.38586798758547 131.91128490924646 133.39382585208287 129.60636222007363 128.08199583503495 136.76316080144954 139.74641000110782 138.55976785302227 148.08624018208369 132.31244926128824 132.52700091504218 138.98237174410906 138.95774576714388 145.48200445690279 138.68044208272002 148.79320845803235 138.38789855728373 128.6818933719394 130.93926384645732 145.38186517455608 146.31586373684328 143.79548596898215 147.53390280159093 147.97712689561311 137.1075264276574 129.10679332965131 147.12134452331841 146.37724710733491 147.47160769085539 146.19389545562302 140.8370907213185 126.33690368237424 148.5981220664342 149.79840603926965 144.46259039324542 151.06953777382202 148.45825426465953 146.45462845800998 149.42589836808327 150.53322996228832 148.41143600046996 147.74674061297407 148.05595813071875 148.22643429757005 148.31126555195604 147.26933614203494 147.23314404816384 150.31977750565596 149.22980101206636 149.49302167231176 148.96701374432192 149.94266635559265 149.35503694753945 148.48957883266581 149.64257882145836 146.96413266246731 146.94038081230406 152.70440972255389 150.59015662066864 151.32253329823689 150.59781919605186 149.44817315516542 149.57870053376743 150.56963342382448 151.81702294714873 151.07108330722457 152.38991682843715 151.67942782866555 151.7330231008925 149.96976242362229 151.54221296359682 151.57366486442135 152.98538144835422 152.18424132317236 153.02395506500213 152.77357532410079 152.2401221853043 151.01016411079823 153.24164946282403 151.57882910027018 154.32858295416418 153.37116705741789 153.88433483763461 153.50786733205092 155.88181684676977 154.41900910041471 154.09632102488365 151.24913914989901 153.91842626143549 154.13213876269614 155.01823660898913 154.75088421654868 155.80349724080597 155.69809056066177 155.18038585397196 152.59031799009787
