# Created by Octave 5.2.0, Fri Apr 02 16:07:29 2021 CEST <br1@br1>
# name: ptcls
# type: scalar struct
# ndims: 2
 1 1
# length: 2
# name: x
# type: matrix
# rows: 2
# columns: 320
 177.37549180210823 81.648445755813668 82.014669991470527 59.951716945673311 85.943849803432187 106.24034530398323 45.855560564569046 66.877493719315908 59.079092225562789 117.44921053570773 87.362817534255342 82.341855974438602 102.08228356256308 107.66749720235387 105.56378411455115 109.40344345520329 43.811951283697915 75.135306213966828 82.908960441219293 84.250537976916206 87.151425141387065 153.67601528422503 106.50941781198337 154.86542963317899 150.9202352354699 140.58988172647835 152.06445343386793 150.72603315885277 156.69821440682341 155.46809953630969 141.86973272341447 154.62725744375305 150.06885029992293 127.64987155820748 155.9818934683484 152.43505488959281 153.85686284225716 156.04844577183678 156.65016690808415 154.34815143670076 155.52324655495147 157.39962393940084 150.36352534330581 155.69170341795615 152.42024992245248 163.02807625417918 171.86370388787904 170.49336165208621 153.89048658996029 151.28138696831587 143.3280889423848 154.89072397774649 157.73686129325392 153.18445387128369 172.73703904944699 173.48199411550513 155.15651334315086 170.13621371515802 173.77566330793761 174.10353315360672 171.44611219929337 173.11502106865504 172.25252606557595 171.16642971666892 71.830706889067372 73.201444991446692 72.206717761932865 47.545112490311311 73.383776758264958 72.995662561956792 70.761585863090247 9.8038560538441981 74.326880311757151 73.549084891088512 73.904996682557382 72.57909686810558 75.240573642260131 73.349394894828507 74.034923531744326 72.486651771370319 82.008523872935314 79.684535223068764 76.025468761171666 74.493171574811299 75.041959454792377 74.532618797194345 76.316453863185231 75.598889034973809 82.866301600698179 80.789614335532605 78.509191099616203 75.48080694122666 76.108221328316489 75.586185477466273 76.166775006556449 76.877337985606516 106.46686000150251 71.3849679846481 81.156857807484883 76.557034284484914 76.736208514307904 76.60640744157098 77.588379391080636 75.457424374123363 84.010804477507065 85.861266493313906 83.047689215190204 77.29128350456898 77.942333816931466 78.234463827074137 77.183289887153904 79.310139633925701 80.993647071114225 83.47026662362606 85.255407183849471 81.053809288200782 78.252410707695844 80.375780976703339 95.996346615536851 77.944745204798693 78.227589599247722 86.946737218296406 81.783064464204301 83.461449874375305 79.993911448707195 78.694284363308526 79.134647463062834 80.27147044706679 117.14376821752725 82.096303955114593 82.280676677997903 85.057339300261006 80.699878554113226 79.065743941840594 81.186579391739272 45.871378544163356 79.507262376864318 78.296205676444515 85.480193664360286 98.464402856137298 87.549658138374355 82.148784266665501 79.768187588599019 41.89940467412157 126.20362100076603 120.45030299954054 48.473212027990883 84.727559600842369 83.607951964534564 86.389309960660484 81.281239797270132 47.000243216162055 197.0860345410203 128.41841852089814 137.65123391045256 78.787587863623244 83.254431077295862 86.172060789947267 105.86839982846826 44.878250281204068 121.67356382709296 119.65919350039755 111.87960104519451 108.40407840407715 75.9404320885956 80.453180859319886 58.33163588251545 74.92646699204559 117.89367759295907 121.10342361411999 124.83022390164734 76.90607586045644 43.155561123622114 43.83241602854369 92.965599751071608 73.889993707705358 117.03934584272669 105.42662256567708 97.960608504883737 73.267732650888036 97.077003192346396 118.34126156046615 119.93788760110667 92.487673525820853 89.335133215786783 169.04770646005034 139.0899516098271 74.667258156255755 158.0267826836855 59.168996241284852 58.155360130843235 72.812116967382863 140.01509097648974 143.84175747832944 174.76689626750385 162.4550986099583 161.36846458849885 149.8020197036829 119.30193797282864 127.01646382222819 136.71064220872006 135.64792552401309 149.97086622786426 160.26427166752427 157.0048638740565 149.17439936297629 151.19067770191469 152.81814657866528 128.62015933690358 131.35247831700278 152.66727416730203 152.40880262223007 150.85678483872005 122.73215799686497 150.11452874569812 156.17265712385699 153.50961140409666 124.22177548585519 151.95985201708052 127.6410565318558 129.75570114072241 121.66106207532873 154.51925963480372 149.88640141647167 121.63617497281325 128.98933983217157 149.85663651922351 123.05200023960309 196.05305937967353 153.83923648533573 155.42140411070284 152.5814690089085 183.20125778619845 123.97777315007406 150.72457276595739 151.40811985537871 156.43861396498676 167.9456048280673 165.07001057525633 173.09410385829503 145.95659937437512 100.35822063321334 129.02148745537576 168.89674978310802 169.51282944941946 156.06977721890925 170.93156309003174 172.00415685995546 145.13474937730322 129.38389309313669 168.10597045791152 169.92959365610528 170.39023571382819 169.33128686576251 153.25934602034508 108.72997136742498 177.16477501335757 175.68739270447932 111.96662881585985 177.68470159254292 171.91856639741323 170.14602390677135 172.4010735987406 174.98059939939807 165.32339241688874 161.36860257584618 161.56162836789841 171.54675437656294 172.61298185779404 169.38667972361327 170.09266002858877 172.99282352234897 170.80224733267735 176.66222394926453 173.06663640868973 171.20809318943003 172.33986493624221 172.2037873163855 173.32030722800053 168.61341516517018 170.97583929237027 179.92158964470633 177.13166707273641 175.92300313638356 174.90678120478188 175.18577994005923 173.86191069374996 173.66085831275504 178.58014337093365 176.32665824285269 175.87971892385121 174.52722120722132 174.66251938762051 174.31720168962846 176.48987526962284 180.64736469909849 177.51974177746766 177.02354277685416 176.49696530801339 175.29284976695422 175.55271462404144 174.50259296163065 178.77039028491714 174.67448155294184 180.52180886520821 178.04432849713285 177.68859285254345 177.12785074914308 180.95504800880613 177.69443560926203 176.61957389504346 168.00919893433661 179.53824496183728 178.86111627378861 178.25003364147199 175.8817632474466 178.97139458582134 178.80972940042582 177.74618424357138 181.37628456222447
