# Created by Octave 5.2.0, Fri Apr 02 16:04:07 2021 CEST <br1@br1>
# name: ptcls
# type: scalar struct
# ndims: 2
 1 1
# length: 2
# name: x
# type: matrix
# rows: 2
# columns: 320
 125.68538225923459 107.62970518715852 105.1500246845023 99.510369530645576 110.16978795395111 115.90604154618129 94.639138166945216 103.47383215462034 116.59080760165483 115.66587743549862 109.70411739613638 105.2508843812967 113.91423569558351 113.93828599646621 115.63855411190849 114.80892418603545 118.0313328455973 117.75158562747112 108.80724288588941 107.63869937421832 111.24599021398103 136.07270400260171 113.98172706092872 135.05991407779626 131.72779821725985 124.47371248150344 134.82480329556253 131.77669744536064 138.13458290384642 139.27151145948807 134.96209815292281 137.38598748630415 132.133490688622 122.71384304727553 133.02139830628718 133.03658669541261 134.00232118181719 136.14439368315601 140.13947756552153 140.0642397874598 134.25317936975478 135.5033041262254 133.82379399749101 135.05034307030701 134.06929486613623 139.0137595352997 148.32467417749476 146.27944428395693 136.55883458681777 134.03474377013458 135.2228804762083 135.20610633854218 136.43752941078287 136.55909274281103 147.98334294454295 147.7663765404526 138.43328519634716 136.60893714966315 146.26613493665491 147.06156350002942 145.63577065326834 146.31097200172152 147.12701193251939 146.74941968554836 98.429070380254529 99.369506462742024 97.465893311541748 90.350422803329508 96.303584924000972 94.779647016051513 95.392191119337298 70.735975835167835 100.38245632091518 99.388426552736732 98.554051435908931 97.41204588372203 97.781544767784695 96.835630636707648 96.472388124729605 94.617746204501827 103.42055476352191 100.7097340463007 99.725002000533166 98.762274449963101 98.606778760640324 97.565158805303767 97.299029195365037 96.345345625056794 102.21056705327308 101.81938724449044 100.76624293553682 99.539081229196697 99.581218259671431 98.337689631537486 98.143383729484128 97.202541785175598 106.31696792630291 105.31665012959775 102.94689683072856 100.62710115813161 99.398501411359945 99.652512929336879 100.43548569071599 98.491543391970936 106.82898757602311 108.96914571870435 105.37597585265152 100.64470138839795 101.65271904907789 101.5141155267218 100.85547420703891 101.91532980674194 107.19561117033894 106.49295503363327 113.11435285165366 104.42179306059022 101.69978434721891 103.08055864292385 104.16996757692309 101.96294250211007 107.4340853571619 108.63107531372896 108.05530106662232 104.38117406123855 102.70649437177714 102.93894473583964 104.26799326778823 105.25618239595408 107.42557970115595 108.02132045714895 106.51812073603666 111.06035323161157 103.85408812379093 102.72309883762325 106.19351682703216 94.054827663813001 103.34125415362841 103.34462344110257 106.63398610812554 112.59216197475418 107.97783999152846 105.36470057191619 104.28598470650974 94.528411104896719 112.95041792912237 110.24467093603502 104.38829128368218 106.44396710681799 112.71874069753811 108.97472120885885 105.12304630265805 95.823891474150642 111.74809758795237 110.49231204489418 112.79020826381148 104.37459287404609 111.3577432315803 108.65867347148837 112.97283914332262 116.46446708612029 109.11333496229724 111.19245707526055 112.16197540158527 113.38518537027082 114.12084260709244 107.54585932652627 120.29244394217987 119.03017860827836 109.472668937896 111.16217582498193 112.77116110311637 113.32319103136868 114.48586107445368 115.75112730322256 114.76199795528488 118.85699697543876 120.50717034615211 111.98806857833617 111.9869947040528 113.54505611173929 113.19800389080973 114.28065714275274 115.39247539288603 115.54766536161706 120.21785925866597 136.679668621058 136.4098175051183 114.67080852521417 129.75475697171038 115.50355195796759 117.29026070347442 116.67225632666855 135.35140265221881 134.27905403329729 132.82229410827975 130.99313259715086 133.20612436296838 130.26105303904848 128.53247918984874 122.69854027445609 132.37110678415462 135.39500289459454 131.95414539981917 131.33114105500587 133.01948247382026 132.18307839163003 133.1136058466505 132.63668560651206 136.27114872899995 135.65048631249797 134.32943516872709 131.9598294614058 130.26181233811076 131.25592002176043 132.975858130266 136.26345876131896 134.50747894176416 133.81999838581362 133.48032580966463 130.77213867234542 127.34127882696185 128.19999576905218 133.61709240757872 134.87094328531686 135.23017688822375 131.45511753902915 132.76822434904761 128.60944816593971 128.21011100207718 135.55811044018685 138.21954050983649 137.47817247470905 145.13157850665655 132.33249720412599 131.7767328910318 137.27420820696378 138.07461902080547 143.6354500148162 137.36839388729931 146.75886640124116 137.61528375760832 129.4204619717633 130.31635224101208 143.65643487600482 144.79134535908622 142.9305534915944 145.50586646469262 145.33375184716533 136.58348439574266 129.26023654902929 144.86721871523795 145.21331213066946 146.2014227067437 144.88727372490766 139.39959791855131 127.81839313282305 147.02387486043418 146.95521969291198 142.69408495773774 147.24611393775245 146.88725852109229 144.68851311551759 147.68785786946484 148.70148763409276 145.34162600934036 146.60056452548321 144.73835215603327 146.50147431962446 146.71316283651265 145.7890156562766 145.70504912397021 149.01226330745797 146.07325476898924 147.53434735445978 147.38198661709799 148.11262210970571 147.92133176946655 146.66021144023588 147.32201319327308 143.97302668952972 144.27411299299834 149.33875436107328 148.60865000823279 149.02637841961715 148.82858405789767 147.77137720872238 147.75518883745835 148.7251795790925 149.55498496913572 149.42741263452285 150.2741748799744 150.01453749777224 149.5489459548966 148.33093759774621 149.61639467253636 149.72015412825596 151.71261287915547 150.45813697684494 151.16006930977571 150.6488871948637 150.39725055903151 149.21372854307441 151.31868952260771 150.06879092122463 152.55270840332139 151.32561681045169 151.84016186520998 151.36891296622184 153.40114673282679 152.35519506451726 151.68171221829371 150.48544864893094 152.81970350194263 152.24383548051927 152.99300214872849 152.86701006161476 153.99372104809828 153.91408052886626 152.77591310021839 150.52761804098199
