# Created by Octave 5.2.0, Fri Apr 02 16:07:00 2021 CEST <br1@br1>
# name: ptcls
# type: scalar struct
# ndims: 2
 1 1
# length: 2
# name: x
# type: matrix
# rows: 2
# columns: 320
 165.81394013544946 85.985939141643371 85.478690466438479 66.564506631519421 89.027280499283336 106.40217750330058 53.636968696777167 72.995090592083216 73.187162758074976 112.30512850946837 91.342235735578271 86.398740363545727 104.15760760561278 106.23791726397469 107.48941899080859 109.38816834061426 61.251372790091807 87.684645461731066 88.829995544901635 88.644535053060252 90.313503887228677 150.91504690813088 107.27119438031293 152.37093123336558 146.65608362934896 131.57921236678857 148.58289187552111 147.5583830097317 154.59503994280567 153.88508761115816 141.46347119421372 152.03648808681584 148.28533632055579 123.69562126698727 152.36619953437898 149.29826186909301 150.08142017002092 153.45559621383515 153.87969610106157 151.62536704118182 152.97219228312468 153.98640741149237 146.71441850641105 152.81619932631256 148.04409928186533 158.27894239169601 167.28798719930819 165.1672337741295 150.81057781417883 147.8316428490144 141.75365375816438 151.2659025982646 154.40892662277525 149.7338052349582 167.77288566783977 168.50343064309979 152.52897540441103 165.23285821968545 169.80946954267199 170.31848029653457 166.67012759204852 168.19977331729717 168.86088038654597 166.33491003069634 75.347579904679833 76.41526025352637 75.238454478011164 54.700627050099428 77.681506769452568 76.334136529468509 74.568641565633726 3.6595188290945337 78.141029102228714 77.043931370416729 77.439169530130002 76.237226565402239 79.254030261133991 77.342172933286236 78.260921844706971 75.199979780318671 85.037908748664137 82.833697194035565 80.736633391680002 78.39806193728198 78.697899175170505 78.927715874496741 80.425922368797046 78.556645119096345 86.267162048463859 83.999232716561224 81.706042168591154 80.766270171202223 80.25619710521373 79.462946521171176 80.025223225676697 80.690089542352979 108.24415521998624 87.095879288489016 84.920332427436279 81.804897197908105 81.083581484064325 81.445694960856287 81.652490134094862 82.462344607788538 87.148567397167028 88.951354850041596 86.810427594833612 81.455853945991848 82.178365678330508 82.520897688555138 81.2401855325475 83.782696181653776 85.331549536072416 87.248433056668077 90.003125617766898 84.764706152199437 82.51617591614162 84.851417383500177 98.746952961968674 81.713884162391778 86.957273742999661 90.263353153077148 87.898389020489432 87.095165631476135 83.697996063258273 83.08776690255047 82.892468941342301 84.890105236655344 115.35337558875912 87.761348195322171 85.995768662939554 87.860327563185976 84.426631759019799 83.170113202310404 86.203231067422649 54.79932709924195 83.576772095035324 82.449025122977531 88.897847173206713 99.204045905552988 89.709187295898658 85.886581054787996 84.163753669218337 50.697089331206371 130.74434156404763 117.06190894790842 57.727875357792243 88.189083023574881 86.635664762407416 89.77927990987051 85.323222518479469 54.661865032997028 168.10384473894754 123.89541846402199 129.30880246668642 83.106212244407359 88.770502345004644 87.876357045495283 105.06575127857322 62.466080136271515 115.8725400122939 121.80555395282727 122.91601138927918 117.57370749592673 85.54136191327926 86.744528753823758 72.515180833594997 84.030032863294707 114.79260296121254 118.10410733928802 119.24778444501 85.844938980089211 63.503007995845252 60.163260779375712 96.310723006782013 83.535309733816902 116.30147867022924 107.84484498755758 103.73661840684321 82.94508907702469 99.199858190778727 111.33276376458312 117.02022564212115 98.667291128346548 89.141923292907634 163.2618343616565 136.58871751820067 84.860095226108498 149.88808742596942 72.372459800642957 73.419133836001379 84.372475725049696 135.34886636494915 139.89486153651671 162.46595185450136 150.49695167697925 148.86792229066992 145.41149170741653 121.92605601493803 127.87583806085834 134.08020969425934 135.85543296109549 145.08888393635402 149.67416595805855 147.81943917142419 146.1160259684298 149.4293419808501 148.92401556177271 134.5178039201939 132.48466208098986 142.78550517351758 144.30765327478579 144.54223656235757 129.26038580491505 147.39631138407648 153.29656481760733 143.05285172751846 129.64101316310456 143.71278487711473 131.88799743783451 133.64439342125399 118.51540241672156 151.8805019689155 145.5801629734359 125.99062574764341 134.77126584676279 145.34234412939335 128.22199347399572 168.63586478533955 151.65704616572089 152.58231350864656 149.13822308146831 176.83737110066309 129.40983309959026 143.85375319847827 147.66163874785448 153.70608820949022 163.40816123100791 160.5392344251087 168.56885829435029 143.93487729209036 111.19138138526603 130.04648648885518 164.50613152847092 165.85359430487588 153.84531019626874 166.94001747449727 167.68000532475457 144.17801609255571 134.15002880283939 164.7806492335886 165.48765424413668 165.53628524281777 163.35381524238954 151.23483224887286 111.92087172223779 170.47577531422738 170.90577928172883 117.84687129912504 172.29517222769735 167.96351308604824 165.93578284202644 167.10382505497779 169.12509666318533 164.48404121101899 158.89991561817357 160.11872738805246 167.70144308391019 168.87252405048565 164.43150080836705 165.53457160932805 169.07709012246278 166.61370389709919 171.01308288373301 169.04261163618213 166.97578875276423 168.06732288263302 168.79119045764782 169.59115854751317 165.00102003952711 166.66422468898412 175.16309931755805 171.98968583700184 170.96742766997977 169.86426529918859 170.96716902090921 168.13711489579262 169.42368383926774 173.25605322500988 172.0093890316538 171.74829009729336 170.7610339864442 171.20952863255974 170.57034832597122 171.20660166106384 175.24212281320322 173.02169292077807 173.25358362060817 172.64878718819355 171.55820304710673 170.6208398655742 170.0683723523203 174.90621417304845 169.69855949916013 176.26264518139737 174.11278702196938 173.95114052922963 173.44710153647014 176.68208245998267 171.7829855328589 172.9869249539488 164.98637323941398 175.94871496962799 174.81750853835075 174.62115723589369 172.26198910528194 174.35133702748965 175.43722923178035 174.33983937101573 176.06310759656742
