# Created by Octave 5.2.0, Fri Apr 02 16:05:56 2021 CEST <br1@br1>
# name: ptcls
# type: scalar struct
# ndims: 2
 1 1
# length: 2
# name: x
# type: matrix
# rows: 2
# columns: 320
 143.39798328729637 93.80891828394337 92.679544465169229 78.491145172063298 95.992214060691111 109.27514010612852 68.047172706260284 84.028613523324253 98.318207054978288 110.11249673972033 98.323724517228797 93.784722758095739 107.90060275468457 108.88583855474799 108.31456429108619 109.52512256416571 94.051018552590165 102.71335703591791 96.789488864168078 97.799409582617685 98.953729158275635 146.12328610365307 108.06249489374218 147.07776249141403 141.77321308138718 126.16149014532309 143.98938782047284 141.84529970506691 149.405702742382 149.14040643896348 141.07665550830981 148.92442327496801 140.14874636734243 119.11201918813644 147.68105621841403 144.5511860966628 145.54408573552158 147.92637224463002 147.53314341292787 149.73868071476431 146.46435798566318 147.14682574823348 140.87747071808175 148.59755593975078 143.532586768968 149.64582740888738 159.13105025311023 158.23709495947338 145.0119784560772 142.99109234342049 138.91992482675951 146.6543632276306 146.47805156660195 144.55000556346803 159.20276735011473 160.28212680053772 145.66312531383946 152.19817938918504 161.52618609609942 159.11849014395193 158.17352368482804 159.57544109867359 160.08538014868449 158.50381881888828 81.968142838519441 83.010404359111206 82.222827375090432 67.606108666860138 82.937178599762973 82.048719244718626 81.278554853848163 27.941677100108965 85.506437724382891 86.565218684944611 84.177895509260154 83.084517863835131 85.639579256871727 83.885985185790801 84.527986680546064 80.953268169255551 92.075968819932768 89.958503374912993 88.744116595985545 85.651597083980505 86.560983035630727 85.815435091168851 86.704730959811428 84.616439212604718 92.501070773783923 90.978929205516977 89.781359366257021 87.520993657481995 87.572056273951176 86.699812901488642 86.535594586705187 85.27682054425928 106.70826530254273 94.737945872591183 91.179086168362545 88.597281536370275 87.675103841989227 87.574661119938156 87.626840165083408 91.174330187442479 95.330845572176884 95.198442876180181 93.96128215007505 88.707605722874931 89.682052540568122 88.801107078274853 88.44748607896922 91.01846492243493 92.899978541163307 94.892062109973523 98.120436972489131 91.83438471538274 89.789190167033865 92.208173282201599 103.70786797964035 89.890735820352731 94.182411111414154 95.997508957460482 96.017419840062445 93.142154629230632 90.807492841313817 90.45671951642241 92.165391085324146 93.303529732064419 112.12427459758803 96.549277543012181 93.502390769825297 95.168810099689324 91.796993232621034 90.754277992235288 93.601827420676472 69.142355614361051 90.095181648003219 90.350442267340597 93.910798959422863 102.54445300093757 97.184667116177366 92.905731120169662 91.479423121708521 66.564342016305744 129.19090946655672 107.76749434470595 74.419321720469696 94.916298157263668 95.618295352341576 98.126930434150637 92.624560530826372 69.863433024757398 117.4897454153943 111.96557928827322 114.26430836172321 91.304891048760368 94.814959867338473 95.069870295140689 104.82454250421277 94.991577207700118 110.61275066817659 110.6043391940314 115.59978175062005 107.98728183826265 103.20354043217921 94.10234338563221 98.020196660077943 101.12814464675294 111.87146302532329 109.15281975113963 108.1921200682845 104.27709542038197 92.597692427510921 95.069502110857371 102.76282753736639 99.668884035666721 117.65656289067969 109.51925269443319 104.83988568056348 103.41396188559357 105.01213859411381 106.32115525932481 111.01476954217834 105.21518374649999 116.27990959849707 153.64614316773157 135.61098498699309 102.23459464303104 138.42103528909271 99.107098870617349 98.501584859359269 101.59608429946377 138.73292997327098 136.90507111953053 147.88343943446245 139.12490751544368 137.86562779901055 138.19114962523065 131.14105775162409 118.26639077245193 137.67607711876036 139.92048011443882 138.00889574523345 140.01657858081907 137.14095595107921 139.18428234769044 140.98421587956685 142.8877232757898 135.02248663165525 136.5570247361822 136.03134884353997 139.02252462392846 130.57862291510469 134.20318509770496 141.90671568741948 145.77035232534669 135.93760396469133 134.60234019050293 134.92342750382159 132.84242785133739 131.78745465442773 129.49000505405076 145.61006358083483 140.03147472684876 130.6501070537926 134.05726994720678 136.75640495440507 132.92410752652657 132.83767506596416 144.95726989978934 146.21426334542986 144.7215449033672 165.35964689996538 130.6251162639947 135.13055238033996 143.70106372812737 146.61943299183838 155.82541650620783 152.4267533179727 160.82088338466784 140.91060374809325 130.16299323494883 131.88486231292745 156.22336278641427 157.41124936571742 149.83332503043496 159.22761226817678 160.34358279405174 142.16527655999107 134.09770380133097 156.89444983923096 157.4352492251501 159.49222361399663 155.10140988097726 150.09676626284198 117.67588843359661 162.2739859493625 161.94753830858804 128.45230863501405 165.08805680210119 160.64358301565582 158.23273638821701 160.06479597788453 161.2278759647366 158.37831560278508 154.44746235522831 157.52334123655643 159.20594721657565 160.87855925853617 156.28588714937337 159.83779186556743 160.16983543473816 158.68639301620101 162.7947248005147 161.74610852753813 159.31886249833923 161.41820170591922 160.13976948811538 161.95593932857651 158.07701139104961 158.14218052903408 166.36180340830549 164.12760596862591 162.82022587285022 162.03952207486694 161.17008225491941 161.05600787275264 162.24646532212412 165.32330406160077 163.896439216571 163.10639338871036 162.54309664449551 164.43219507917897 163.13482318974442 162.32301919556002 167.35705092894051 166.40509036471704 164.96746853476489 164.26198434506634 163.85544283538067 164.74814565590501 163.37145186068398 167.26567616537477 161.42751329941029 167.60803676780606 166.02039252724526 165.49678546399335 165.11053544106602 167.53833225188561 166.17994509815767 166.74591109873913 159.53449118249995 168.49601048331542 167.19342714210489 166.54440944366365 165.5306208203441 167.50658467031161 167.45485419376055 166.39901351118922 167.89346587132243
