# Created by Octave 5.2.0, Fri Apr 02 16:02:32 2021 CEST <br1@br1>
# name: ptcls
# type: scalar struct
# ndims: 2
 1 1
# length: 2
# name: x
# type: matrix
# rows: 2
# columns: 320
 121.31691746914356 119.99609576530561 120.84380452698768 119.74728085442929 120.16522553418677 121.23783587217461 120.31777132097635 120.9436776388043 122.37972021076772 121.23595606977818 122.03610847462349 121.59293899905798 121.62952473071381 122.51619883342121 121.71798810555305 122.4652891844254 123.59726511675311 122.56348550827244 123.42451455356492 122.71839816622183 123.16245305946198 123.91672619364894 122.89151022125148 123.69651399808764 124.62026636336671 123.93775204304022 124.53125959234929 123.9458897907172 124.2350795995703 125.04723563002126 124.3250300977265 124.914452071184 125.86192423431515 125.15408208619091 125.68189337193 125.10183107910575 125.60388259875032 126.17347264704297 125.57439863548723 125.92157119929939 126.93081082482908 126.18964355039519 126.71668909016296 126.0856070793232 126.73811905093027 127.25384093393538 126.74138455459408 127.25356395044928 128.28120967642872 127.38156121573407 127.97322884150498 127.32217562616148 128.18719517231656 128.3002649295089 127.75413061917759 128.45797717534978 129.72750617733902 128.8061562350259 130.05954381218024 129.11941324479244 129.33241034464771 129.97489910731295 128.88057291313464 129.66281310505764 107.85652947256855 108.08614355549221 108.18892415842153 107.4996990561188 108.08029434051477 107.42828921040196 108.07181533789604 107.43888354929186 108.98989545576509 109.18669631105371 109.2237021848661 108.63869040405275 109.30973280782419 108.69122786436532 109.15172008326184 108.68039569439399 110.07179727651472 110.15854874922928 110.26473206945627 109.77068607087911 110.39821130021831 109.84701266204809 110.29273333678898 109.813142974564 111.19049230123227 111.20754601463543 111.30232820738209 110.81074289312946 111.51769888456126 110.96763892742305 111.39011114151728 110.89980505804934 112.25979075088831 112.28387681537306 112.40261130112509 111.94691070081426 112.60553240393841 112.05913060632443 112.40320955639564 112.04568139518406 113.5131197219403 113.25783031925154 113.47377792438576 113.14689550103009 113.60265139617894 113.0762709253376 113.51633628982052 113.13864730412884 114.4856095123432 114.13322724071885 114.72794257941496 114.20672987988897 114.620372342457 114.15025558814449 114.63428923945183 114.20463714972254 115.70389677742961 115.16520293805335 115.72783859701593 115.25120969657179 115.68574707027356 115.20651852743032 115.79381134502566 115.25514067420679 116.68235346774929 116.22901140829856 116.75330292379785 116.34407770683717 116.77487103756155 116.23964404907015 116.83868125180871 116.31153879743694 117.70131810148543 117.26625226622996 117.82386648403478 117.48091267594381 117.92088846236061 117.31633575556134 117.9037532943476 117.45523612666365 118.77154032212617 118.26611308082772 118.87911428397685 118.37703045522224 118.9915259512433 118.37006818941074 119.00670766294394 118.81303177344924 119.92815003836789 119.46872955005094 120.08370536037778 119.39438649445444 120.06105083882193 118.9383551432316 119.66593448955418 119.87813817730479 121.07978753429582 120.53240053783378 121.13001540226146 120.71971943749217 120.96989167302414 119.95850020251447 120.80251336261205 120.45130039818336 122.1344170064539 121.65195791305779 122.26625222304456 121.69320495204374 122.24601400531556 121.74080665017567 122.34405492362951 121.56920454760213 123.5100543374828 122.83544986995129 123.52474702327751 122.97132328756949 123.28340751629121 122.76506682481646 123.59825911068316 122.9021580061126 124.83432211732199 124.24090213173764 124.56883642202135 124.05879270134334 124.63458865127519 123.89139859479376 124.7254931846276 124.34206849290658 126.02475970138453 125.34518126559269 126.06553610019191 125.31693618213262 125.84619021467302 125.36304955488738 125.88664318116939 125.43476310785636 126.99831218780933 126.566291442558 127.27827249605477 126.55851491117599 127.14578747570457 126.4332714960093 127.11999067414334 126.51954994197006 128.13087356153559 127.6350807538478 128.26194601094974 127.91625923353271 128.53767512325115 127.59433155525181 128.09821789486429 127.74830163688142 129.0928907020681 128.71720407178626 129.4324424815978 128.90223469533399 129.54296148348791 129.29749401228204 129.79448602379085 128.75913286749739 130.35556106548202 129.72967304617876 130.40032837381969 130.11245297001236 130.64045393880485 130.38193749015983 130.98442697446853 130.23174319402861 131.41994737896033 131.06391513816229 131.35574681089716 131.31481779107065 131.87175133452004 131.3844709838518 131.7440283714383 131.1880629804408 132.46193765641124 132.19024848172666 132.34069932089412 132.5089714199313 132.9191630389187 132.14239541254534 132.82462225800808 132.28917868596167 133.5436849140147 133.09787430741042 133.3124988140502 133.6048998228932 133.95205413121838 133.15941516034124 133.86672420880836 133.27175260864283 134.68655540150357 134.15116289005383 134.28532043909368 134.68476590160873 134.92316860549633 134.19426844158642 134.83624224691869 134.4491694531165 135.83933303703785 135.14755012069213 135.29950336352587 135.66444490002598 135.95394999014474 135.37153755685037 135.90202548257921 135.5474933456137 136.96518704061151 136.23793366860855 136.32739850916136 136.72606417900366 136.96707723081803 136.43442264139441 136.9463495009108 136.63419217600241 138.03966419644851 137.31191126341471 137.43084440956895 137.84438116886591 137.95970751632859 137.49771790443111 138.03294221590059 137.63191749935601 139.12811461632711 138.4655882301121 138.56400381729702 138.95839437516409 139.00079545969976 138.50356724488105 139.13913919345569 138.68101086702029 140.2837166649949 139.61789699867109 139.6712239712256 140.06813556391324 140.06170228699369 139.59814133579749 140.38362592923011 139.78975714984037 141.38115442147554 140.75434320367268 140.7796535965731 141.17478623218224 141.20794987463623 140.70317254704875 141.49388509093416 140.87578288607321 142.53160800857808 141.83506406790346 141.88080269177405 142.2704147117679 142.29196360517901 141.83276991478954 142.71378496162689 142.00799909443245
