# Created by Octave 5.2.0, Fri Apr 02 16:06:35 2021 CEST <br1@br1>
# name: ptcls
# type: scalar struct
# ndims: 2
 1 1
# length: 2
# name: x
# type: matrix
# rows: 2
# columns: 320
 157.15827362972698 89.006693463917628 88.517953782092306 71.169842305590819 92.024574368911601 107.73956683839091 59.306061861110244 77.255559842760448 82.438357621182732 107.81968712473233 94.240636896643124 89.587518716750452 105.60292256416525 106.85001631492224 107.78216540142721 109.37753031438261 74.50901988799707 96.424363866424017 91.510331206953381 92.372393852469955 93.173482400624039 148.92447316736514 106.66435200687694 150.53437899987375 144.30797964088762 126.74936775856364 146.74999072910853 145.35234094159381 153.16556998026638 152.53624519968716 141.31410672143895 151.83979432350299 144.9588638276276 121.83352166045114 150.88553508823233 147.41209372119491 148.53299557869275 151.80488037490451 151.72548134556448 150.34828039661673 150.02839861656696 151.3762261651907 144.13039488225368 151.36188567414237 146.21320094813734 154.97150988032379 164.47120040027588 163.79293272008204 148.33318585942388 145.92660424280814 140.65717211201087 149.70378253641681 151.3809956227299 147.7797775009623 164.41173319243313 165.19435622590728 149.44354713153336 160.20173124839116 166.49219066105564 165.1739713252083 163.09277169300344 164.26607118326959 166.21976498734597 163.47234736298839 78.011968698883848 79.187924508041604 77.998379284731371 59.683931832809009 79.455436289175935 78.337280270762619 76.833764357891965 13.035797765426839 80.924774859398511 79.810887235584431 80.39820157756867 79.012912571020024 81.749893003099317 80.114201278556806 80.54543792674923 77.062709900524837 88.060700146201597 85.882106864220589 84.422055413856356 81.362765543607409 81.941567256530291 81.391791640458194 82.805461367864055 82.043589695102952 87.924380245200965 86.955200680432966 85.175463989662049 82.604346966643632 82.973025421800713 82.380009773289387 82.569476511188597 83.261507733319931 108.835216333129 90.380323359704661 86.879247890260231 83.992125209829041 83.655378151097594 83.943208949730433 84.165057297310497 85.743525693398496 89.756208735137605 91.221165961032426 89.813843795871833 84.195316938034097 84.741310322384038 85.050322526040105 83.793974051468027 86.099994865579063 88.913372528744219 90.622777242351191 92.867096910526072 87.659982565198021 85.318972332202136 87.323387184415267 100.66255381037655 84.567509311646077 89.711536501633248 91.007707722734963 91.84470243853103 89.128513351788854 86.389861926326773 85.673981852054723 86.874539464332784 88.323742826787154 114.10649500800989 91.056650967010384 88.555151053541664 90.869905500043956 87.129922258780169 85.94636051516585 89.056412977143168 60.451800103007002 85.379014430136706 86.004239801955748 91.143331465742364 99.719345825957646 92.781350221867669 88.747917221356076 86.716746965682361 56.824048288819 133.67954796709489 111.36959116982548 64.17308731961819 90.616668802976108 90.449715348749891 93.481503705286968 87.795410057186061 60.312944608840937 147.9198196982183 119.7010982916875 123.49889485405926 86.482633592364266 91.830929002053409 89.775557261851077 104.51387755716827 75.520040684957749 113.92847051622243 118.52242859668979 130.09333066609528 113.70982710900746 93.213025704625196 90.00360608716737 83.489489997879971 90.310453447215096 113.74301819476416 114.88973862931267 114.80587004745514 92.587089283969405 73.975432664735166 73.317017328111248 98.640362417008902 89.338637908338882 116.92979933016866 109.45974531214929 107.90615741446136 91.463687617402258 99.528420563633816 107.21488945849609 114.90199080887095 104.12080788829736 100.39470024364229 159.55581407724708 134.86685819637799 91.485820460765908 143.29715451629309 82.565479285973666 82.529097058567118 90.588622252024052 137.94195741515162 138.93504434880458 155.73507236514723 142.03075646378446 142.0115039466549 142.44325855629208 130.23431489058743 126.89532018899652 135.49463958862719 136.53040136862523 141.12277445379092 143.44160787399295 140.49810140063283 142.20357800772143 145.98284922290026 145.50663330087636 135.94935445539809 134.57199577206597 137.03188518519843 140.70523965153413 139.88555452173648 133.3048915353624 145.29493577359003 150.33531200939069 138.11139534692336 132.09240035396962 137.10515058799382 133.44426734294476 134.60891582562377 126.48950011384731 148.85095056491278 144.49314264204125 127.7898314005129 136.13562607866152 139.39323914536746 131.75756833808268 148.22534181395966 149.22430918809133 150.36941387688506 147.07127406470991 172.40537858752239 133.167486820292 139.24507892470936 146.35901360226856 150.55381714703643 160.02419067408528 157.39885108196344 165.51181541183425 142.69514278956618 118.72879039031639 131.47959196701945 161.38700132007597 161.90284670120033 152.29612780550124 162.66223275532522 164.24305769816155 143.4727653476948 135.10402309946286 161.20669972145825 162.240514132605 162.4291017662417 160.35130416476099 150.69990111389001 114.143105897911 167.03392564389583 167.72147862352369 121.94204017139901 169.64372036270458 164.64736527499048 161.6159313053185 164.56495139011463 166.58565020982343 161.46532735074413 157.18065148693728 159.11384991994547 164.50348794152634 165.55784005968493 160.8571225918844 163.7659734739955 165.53368403120567 163.29437460508353 167.01248430384442 166.57624137081007 163.71932034760704 165.79112016010194 165.51697401883797 166.81524066639145 162.56141907415588 163.22720460235124 171.73808442390177 168.47653970183947 167.6339001130431 166.43691125118733 167.88622367227433 165.51291357868655 166.85945467437784 169.55536021705231 168.95670821296935 168.78967986128757 167.79151362355276 168.55381370565871 167.7889111786649 167.45666980022449 172.97128642971364 170.57610108482066 170.2213832092298 169.88169844618767 168.83460029540862 168.62677795414194 167.70281814337446 172.20384286267191 166.3605436418845 173.0107402257494 171.32058077645831 170.89020050297367 170.66110771659143 173.18911790068216 169.72984235486368 170.52535605075977 162.88119105902143 173.28309580745199 172.20262999270014 171.8170934586617 169.53785415745094 172.86104335474531 172.6833641109512 171.57138004648067 173.31036771241295
