# Created by Octave 5.2.0, Fri Apr 02 16:05:53 2021 CEST <br1@br1>
# name: ptcls
# type: scalar struct
# ndims: 2
 1 1
# length: 2
# name: x
# type: matrix
# rows: 2
# columns: 320
 142.06507718742876 94.27364971813941 93.078846823123783 79.199658352689667 96.612537557303597 109.33070108992695 68.907119704040838 84.684070331120751 99.873876558909956 110.29968934744319 98.503737237818314 94.203737788680627 108.12295890215418 109.03186755682245 108.32849279922371 109.77832217347492 95.897061280698324 103.80218959203359 97.450423762027754 98.16093450885937 99.484360281539907 145.53964491376468 108.26341028942258 146.67070867878607 141.63747055372966 126.10459876339658 143.66792582690255 141.50590861766108 148.4669644665974 148.5273806997632 141.05367635865215 148.63729725561896 140.113378577177 119.22321078709241 147.4246153829898 144.34252678353732 144.96019913131221 147.20408804050035 147.64288121145887 149.21254210346871 146.58022984577326 146.85444071325634 140.60814094201547 147.88623908462844 143.2881859801542 149.19233038911835 158.67041864008146 157.79611323613753 144.83890412219586 142.64795451575316 138.67846801741959 146.26901620660252 145.93515398315219 144.08707826165158 158.58616689457816 159.51938066526807 145.23822770823688 151.34973846110131 161.00003654874314 158.69652975855303 157.58263423508041 159.12732358563849 159.84067555260009 158.00127543928224 82.468125058303926 83.643544423821339 82.672958898832064 68.37277094112315 83.545096567682606 82.208452282137259 81.17211268216171 29.384181551852397 85.913517877726704 87.151984266329677 84.613488563610844 83.529169274023772 86.134041176226049 84.377730303316511 84.960374821751003 81.187514565184756 92.403262713933387 90.529912042285659 89.435983435914395 86.075936045595682 87.015909821731881 86.044000768111317 87.072888361262187 84.853486489283384 92.819350221126427 91.492727469442627 90.203088705559651 88.012763384389856 88.036235812016358 87.151207889234044 87.117937353583002 86.06973554456664 106.37952649740852 95.257101395423007 91.574411482635554 89.171501465567886 88.125247659918301 88.213765325649021 88.041442576655143 90.755379063664648 95.517841118837424 95.250736282858583 94.409568679625281 89.084648783247289 89.839347779818681 89.117976983272385 89.259723268175875 91.392447546398373 93.67231717086824 95.162600230740651 98.186036434475014 92.330011054402092 89.970622724076918 92.598322890750751 104.00257580247234 90.228179670494569 94.388110527398041 96.197616984553278 96.417091563854726 93.608565578114707 91.183949846469204 90.935365028385462 92.607116830180573 94.077711482908114 111.9324468159343 96.549799939531326 94.192844010836239 96.028297428866281 92.026060455713392 90.836288941473867 94.156712924052002 69.921696271393628 91.032911061714415 90.471269960572485 94.47355517908575 102.82739600037736 97.526140524887566 93.327229848357845 91.85520285531733 67.506951086707687 128.57581363522286 107.7731465793281 75.410892791519842 95.381923387977167 96.404364416108791 98.473012859268181 93.217949418088367 70.835321638243059 114.7139321504585 111.18387396664684 113.37978732772828 91.59000753597671 95.501084793068856 95.478691391768521 105.09920418867715 96.840218714760965 110.21796812228582 110.01542866246808 112.51900934000373 108.18574688134134 104.79165219247146 94.915182390873113 99.275318667627587 101.45959921885236 111.36581231992896 108.88646077785901 107.9700896741487 105.48401815163616 94.784604838864851 96.870693215132022 103.29476623551905 101.75139824304628 117.78640997709074 108.36877440918052 105.18995921352177 104.49479713748714 105.37924830423809 105.88032467506039 110.35100309864823 104.8245712116878 116.64812338065441 153.07423953132684 135.71559409641426 102.53840364339871 138.33383489678883 100.16401659546193 99.671658816723209 102.90825607753688 138.56554926853769 136.75760822101054 147.12360398955747 138.96662544767571 137.66270744830996 137.68663621088851 131.79481491964731 118.15677416369564 137.71791189999522 140.24627422396506 137.87136269172015 140.05845490221176 136.65183299650931 138.94977338918648 141.04425629742786 142.74890909151986 134.75128389793852 136.73038094228818 135.8564930601961 138.86748098033755 130.58522001642882 134.33686925685134 141.80177079822218 145.69832335062199 135.67198767681217 134.69153385848088 134.53813478003946 133.22577302557832 131.32892921278273 129.48377901196551 145.54390225141526 139.82231959415165 130.92690792346482 133.79492507777422 136.91549973718037 132.54848697822979 132.27718157830276 144.57817759330797 145.68025313567168 144.37931993700329 164.67780189794374 130.95209520165994 135.11920344286841 143.34457410147778 146.36280934788226 155.22535329754928 151.94558256661875 160.26527956813413 140.79583530950526 130.33840566389941 131.47794917585219 155.68058273486267 157.17306123274912 149.59498927800919 159.05699215249592 159.79551269686681 141.98081649898148 133.7526074890628 156.46539437910604 156.93854960631563 159.16076947703456 154.69088319193344 149.91041699121988 118.01777061446941 161.59753602521545 161.60458048988318 129.08233461536389 164.35717919300555 160.14724624195986 157.98304152514655 159.75777446064862 160.75419234019137 157.72021017419144 154.18296018119196 157.51435810426071 158.54463307730256 160.84671212665626 156.04818938992335 159.18979853687381 159.73104562452482 158.25009930596451 162.56198219210057 161.2693483602994 158.60453590031807 160.43283838815594 159.82327505553749 161.52785951740759 158.28607213928944 157.51902721562752 165.41725482988511 164.00584002873504 162.11318149828162 161.63633866845103 160.6012131236229 160.62029932707102 161.68374318302 165.03872313634628 163.25464612912805 162.70367393631744 162.13483964903426 164.03218624468207 162.61936487699214 161.75662311504971 166.47467882307913 166.12745752189693 164.36524829831885 163.8654685904296 163.19778111302585 164.59578884739733 162.73577569070443 166.67435204750186 161.00299884688206 167.36174113783372 165.52879022000764 165.05617575601946 164.59520059864008 167.11335167071493 165.64882719878923 166.2293474352891 159.2106170009011 168.17073903808352 166.84084956452682 166.22369127503555 165.09989417445686 167.29047250574098 166.84386595524541 165.72255587145503 167.47988889745494
