# Created by Octave 5.2.0, Fri Apr 02 16:04:52 2021 CEST <br1@br1>
# name: ptcls
# type: scalar struct
# ndims: 2
 1 1
# length: 2
# name: x
# type: matrix
# rows: 2
# columns: 320
 130.91356417365216 101.63189742624337 99.384721971842552 90.417783712607175 103.97339903165891 111.40970204519968 82.890449200425607 95.062136454565291 109.27357667212507 113.2635723030552 103.44799844548822 100.30115570328644 111.64862320085135 111.77073166319197 110.63451264918834 109.80735357127413 108.71791509732178 110.29488800300767 104.42679856785162 104.43845278426195 105.07874989894616 138.97665192796043 111.58075731497362 139.40607128951098 139.96224904790671 125.20381854956025 139.7275205330541 136.13221640040211 141.31218270748747 142.42895848503525 138.29598418955024 142.07633950876152 137.11630399798386 120.87139391222861 140.64283800152239 138.2082595592521 139.62274045050219 140.14654559879997 142.21692193930502 143.8262424372673 140.25815763778454 142.20429966795214 135.6255488622017 140.86853564506805 138.1924397592224 143.38716909196543 152.71641123648192 151.71920485694838 140.10103902754241 139.05925789903839 137.80414215640445 139.60542026552721 143.0266862326788 140.808048613192 152.20770210346245 153.79429342352319 141.37891667367774 141.8223077679653 153.53513680945528 151.070282632567 150.71095920319615 152.67634977571925 151.79610636918568 152.28792848483073 89.777685535886093 91.896436424831066 90.829867753576096 80.511590283620848 90.396500161590268 89.883234135582427 88.151738918887474 52.223835371126384 94.948785499565403 93.971775325035182 92.224709228588978 91.002689143997728 92.345632634603135 91.174412813221593 91.720251471783783 89.315702857625439 98.300010164931123 96.286814558381963 95.025279503525368 93.315181406407362 93.525835126081361 92.799159304158735 93.135039705914963 92.088510057696681 96.878850903677233 97.445339677549171 96.255575320194083 94.298404218874381 94.623994825052577 93.786237418858718 93.942964928355565 92.607219416186467 102.3332955205935 101.20411637744196 97.256196845824803 95.394001166521903 94.775977483680194 95.036614487645409 95.985100082177141 94.821304484720812 100.9622065930853 103.1366086633292 100.1571365993003 95.696987237870857 96.746350180291728 95.891144553262848 97.170334888000966 97.981971410764388 100.57484539464289 101.34983467472156 106.16225813295682 98.193401825395071 96.447742588120477 99.12595143838324 108.79602476609548 96.788304592038372 103.39025603076492 104.24321486493156 102.30924220506468 99.268015950031639 97.252005475648048 97.712677320335629 99.867610998171529 100.37709592379287 108.89517360641693 102.36465251463399 101.07232213503688 104.89200285116881 98.352682926056801 97.65465405954312 100.19499657105507 83.417138294759354 97.674926150861424 98.75273396711961 100.80488238782591 107.10729217014696 101.68636547238759 99.164833991923828 98.690749078027849 82.431594701405118 118.83679630577006 109.35203728775859 91.11076808314715 102.38513750784855 106.68362080838823 102.01272748323051 99.292751990772388 84.700174366556453 110.66103249264388 110.0286609659491 112.18259153482565 97.941360347807276 105.66776647308255 103.88087219085443 109.44801419269645 107.66662780961292 108.79184835131488 111.05820397595295 111.63086254782446 111.76250557415518 111.93613694547011 102.81509951670041 109.27648230855064 111.06049750897439 109.45121233164744 110.38005532036419 110.64213694255372 110.12215840240958 112.40422973361626 111.79359760452824 107.41019488635294 110.62228848657182 118.40597162279744 109.6468758094059 108.30585327594659 110.55378100284896 109.05197635697755 109.35330884944541 112.96283472949781 109.86986975964933 119.5029637318777 144.01909862158533 138.31084243016579 108.76415736234819 134.07370751687378 108.55463580332047 109.90762354536196 111.13563431670593 138.45887818153656 136.53545686437133 136.25449706200297 135.21705648243596 135.39382710404598 133.88616612559923 132.09753369996474 120.94509013878975 136.42551569728917 137.50896934724614 135.41965375849017 135.33244788640715 134.17574860049186 134.14377820643585 136.70845044822605 139.22091195230536 135.33782074647527 137.38464991973729 135.96362861680339 134.91849131533525 130.11112538614751 131.09924315637477 137.79594721829537 140.82762195963809 134.96011136986493 136.10384783529162 133.41631598456482 131.0209460890149 128.31251036546786 127.22252175760927 138.46805309012316 136.62398994063705 135.30958835994178 132.23457222343546 134.70480517311057 129.22326745144704 129.06503981088994 138.04009491716258 140.17988281804071 140.21982468671038 153.88192269926768 132.30380948325575 133.38597312069058 139.11494851439966 141.06632679356329 149.3089680489262 142.38820383015965 153.2671173590106 139.30995427862069 128.12165932188233 131.26011038501889 149.09249207121982 150.43891307317929 145.82133986460119 151.74391737287371 152.39257980156262 138.72891295290162 129.43917715190645 150.16959910122659 148.63965958160429 151.63352404011505 149.97398228687561 142.93371056829096 123.43090514495543 153.9942763014981 153.06721761844651 139.05774597090306 155.95897416865245 151.80122758326448 150.57429172432762 153.42003516331357 154.42230508567641 153.45678947323881 149.99500909228306 151.04537890230773 151.86264036200737 153.22862322330988 151.18192154721285 150.67996275129207 153.24300720034074 152.80288093768655 153.91255502634638 152.28483085425259 152.94526495208481 153.47037938684605 152.75928947195362 154.40435584120584 151.40150161180469 150.08778959598479 157.05940458972626 154.71055460145212 154.43630444815949 154.61196992278084 153.92070827724683 153.84905902437754 154.95421347526818 156.30591562698072 155.22653179240012 155.67184685766043 154.9546060638574 155.8359896285879 154.71013019166455 156.20127911703455 155.69837462845877 157.5380040612682 155.51238672637118 156.6965544943144 156.1887734567174 156.7565468079176 155.35806378895242 157.30649109838765 154.99888200542574 158.57528410663531 156.53883716004674 157.63973111561032 156.79914979183295 160.50775302217144 157.8624525676592 158.99266543155204 154.08260912558592 158.04717178723709 157.7276618324604 158.95119137488416 157.83765375019888 159.74120304891065 160.07188724730975 158.99633746093477 159.05967509106952
