# Created by Octave 5.2.0, Fri Apr 02 16:05:51 2021 CEST <br1@br1>
# name: ptcls
# type: scalar struct
# ndims: 2
 1 1
# length: 2
# name: x
# type: matrix
# rows: 2
# columns: 320
 141.61876762532881 94.428560196204756 93.341331058836062 79.435829412898457 96.862843533188951 109.32341799778497 69.290274071522049 84.902555933719583 100.45473198087939 110.36208688335081 98.750865954822302 94.311707040886617 108.19707761797738 109.02006940997353 108.26559931211193 109.8783546986632 96.4489200706536 104.32741822767424 97.526939734228847 98.382466521060877 99.547966882067087 145.46621653966665 108.46856365667031 146.33694336124242 141.58552622125043 126.08563496942108 143.5654108315928 141.39277825519247 148.39925000493614 148.19205742821694 141.0460166420996 148.62645954010378 140.12659358539918 119.24107430788814 147.21320582671083 144.16331544265634 144.79783837820108 147.02681624258764 147.64220620498133 149.0521403614627 146.5651017548949 146.88054821149748 140.60341263533124 147.7007171002775 143.25504607774397 148.93933107499234 158.55046500792247 157.58044518216607 144.77558784923741 142.52449123066586 138.72701339234948 146.14568259226235 145.86337950238749 144.2027448048816 158.46389895320854 159.42215670871684 145.19754626599362 150.97283705436789 160.85553014550075 158.49808075446188 157.40885501359466 159.04718025034617 159.64834455582016 157.89183492147859 82.720633575388035 83.610718226264794 82.905971474197742 68.628325032544154 83.724434372620536 82.257457941206198 81.383362100097727 29.865016369100207 86.075851619186963 87.424073429989733 84.934777033639079 83.872818628278424 86.183322444525999 84.541115303521764 85.147135994981042 81.26930023913259 92.659131563382005 90.699207766185438 89.516516507141418 86.122636537096326 87.07830325566087 86.142037438557978 87.251698363422676 85.125239707458306 92.709000416734924 91.532872668388194 90.380150145763508 88.08401139864273 88.13535706983123 87.076215380584671 87.23516809614442 86.15733272318235 106.26994689569712 95.420711360926248 91.711096964526419 89.150331003547819 88.146241317771171 88.342092298139534 88.236996732724904 90.546873852759077 95.566578314158363 95.460908226833666 94.626065232671962 89.204658142017394 90.15010026041152 89.29823656978661 89.553376205939045 91.740030502205343 93.853150704552974 95.425391195883151 98.371664823954688 92.462445833871826 90.093673859051705 92.618597937918196 104.10081174341633 90.376165103122986 94.498549864817363 96.275270819205872 96.651665156490182 93.677160409461294 91.301630683658999 91.169315896757155 92.630089276048793 94.231751549468683 111.86850422204972 96.43531489159669 94.650586612447654 96.227344557660217 92.203941891259532 91.076068673018241 94.226712772955111 70.093724594241422 91.28620827466024 90.583626776708897 94.469319064933842 102.92171033352396 97.659087796085203 93.496125877598985 92.099087352781126 67.821154110175002 128.3707816914449 107.77392131515307 75.741416481869891 95.536720299315377 96.437129751100883 98.560352473790417 93.221809431759866 71.150531037347022 113.74362933375363 110.95020850011647 113.11201209548067 91.672244704947616 95.407887273471488 95.759405787450419 105.19075808349861 97.394708064930612 110.03260307459715 109.89186144252672 111.46710557683403 108.22733533936081 105.37383618875138 95.273416615680688 99.68361511184392 101.61940544864828 111.18992296188563 108.91260099738635 107.68588228979921 105.94203649644851 95.494254112687202 97.617706255071454 103.53513144686059 102.16384768506859 117.70926293462233 108.12516987377255 105.21958331108698 104.75131632866702 105.50137992176008 105.82044419883836 110.10448696123669 104.61511791193136 116.79841572832134 152.8836049858586 135.81523078078391 102.65920116918488 138.30534373122703 100.50435324923689 100.11903877733461 103.31895650576736 138.73939194505277 136.67253258949842 146.87032550792247 138.79401340149337 137.58642125059296 137.72337803304401 132.01273268311974 118.23231062395735 137.67238767796485 140.26792434102163 137.95213823163425 139.87176641969171 136.57693740086572 138.9627533513669 141.00005355756417 142.47536406688656 134.74867683494907 136.78809034665747 135.79543112188253 138.65401894655088 130.63765505854775 134.40165149083194 141.56739401145805 145.65567081270268 135.7044304875956 134.58912212675705 134.45913736650189 133.13390624236527 131.36912683510053 129.36258462227323 145.30860346596589 139.80799224148015 131.01917488002223 133.64481266354761 136.65739274126071 132.36293460711846 132.37082095631607 144.29461066494503 145.57867291142392 144.32984716128362 164.45052023060319 131.0953867664434 135.28266074934675 143.22762983507994 146.26515131757404 155.16254488212965 151.78519231616744 160.12931113186514 140.75642025866776 130.23905180295372 131.34550700465223 155.52677906710457 156.97247654476033 149.5155440272006 158.70444588536375 159.69710406961323 141.92048871661967 133.56586733205182 156.19218070116432 156.60936456182796 159.08371279701876 154.56350013692401 149.90071469743725 118.13173134142701 161.35264368139829 161.50967025274977 129.2923432754805 164.21545647499261 160.02184608910002 157.68994688051905 159.55797682596736 160.71912129821479 157.41528966757727 154.09479278984651 157.61644303480966 158.2816519391433 160.93707162924284 155.89183147854956 158.96215795500842 159.62229819844694 158.00262260441602 162.4589334331942 161.05959345096295 158.6073437776534 160.09213194457183 159.80810911469379 161.10192055634465 158.23926594346727 157.37159549776115 165.21790242713811 163.84264205507213 161.89402388378716 161.61935907306497 160.49552233995959 160.39501524911657 161.5687622561754 164.82121777046555 162.95239569624917 162.70481732663271 161.9636973775589 163.81662824665847 162.51588155014241 161.87098051740881 166.27398723935809 166.1265254573573 164.21152086641342 163.6776577857861 163.05094228866145 164.32270185323256 162.6893684613452 166.62116048104721 160.73822869429901 167.18522358124366 165.52369294173451 164.85890870003061 164.48313983091992 166.9503338008972 165.50610120365312 166.02526399236854 159.10265894036814 168.08821668977035 166.68273570182478 166.05654681835946 164.93819496683716 167.23258195543769 166.62812777083747 165.56314008852871 167.08420526424916
