# Created by Octave 5.2.0, Fri Apr 02 16:02:56 2021 CEST <br1@br1>
# name: ptcls
# type: scalar struct
# ndims: 2
 1 1
# length: 2
# name: x
# type: matrix
# rows: 2
# columns: 320
 121.58412265422008 114.69599535476958 113.06241329469309 113.09020712960628 117.8336595100369 119.38885980425533 112.45881782235304 116.0367543040532 121.88513894177675 118.89741438972992 118.04408204662411 115.94697395812108 118.63241670799296 120.20001619072997 119.56795924529769 121.12277510156648 123.88203817829358 122.55839378924712 118.93314227471774 118.2867859782048 118.90475736902012 127.24829181966707 121.2700055206878 128.20873309439577 126.46665164855963 123.3832943279121 126.87918627744253 124.68887943892827 126.23623443693901 130.00618023282766 128.34477919728619 129.23283779031473 126.74421270249587 125.41120913644454 127.02795019234121 125.9941525563151 127.28133048789471 131.02505234165167 130.34277211659844 129.26708544536356 127.76763337887323 127.81130790586144 128.3178353662779 128.08463802125797 128.78134166222296 130.70488586312939 133.8403455608578 132.3344248541668 130.528955676805 129.15501345427987 128.84548980895889 129.41685380440757 131.05204961023065 129.83616614326399 133.45506333643579 135.95419558277752 132.07442595216688 132.44534607318158 137.50915596922354 133.73794713447822 134.76903522074167 135.29255889364362 134.85552073993586 135.79063036891699 108.18914189640068 106.99994395713385 106.18481802622965 103.99934484969492 104.58722211082481 103.74827386799443 104.10880977917304 98.383977826912854 107.99052649988067 107.10528395167036 106.18425195312774 105.11615939895663 105.67849224212533 104.75614973623694 105.09659754377866 104.11286092377219 109.60937559457558 108.18061363889417 107.31623875511723 106.49062581496023 106.79909417814279 105.81419631328531 106.20292015646029 105.19464371629671 108.98653199103384 109.39126740911783 108.72180858211911 107.69254113585103 107.82773873732242 106.9347628363281 107.26372973786508 106.51179798650233 110.10963172520624 112.04132639754698 110.51242316094742 108.96299923833064 108.82899357508475 108.06001848819703 108.872572807707 107.72037829622975 112.13965497784302 112.09063240805305 111.93678287516592 110.06239782019082 110.92888364819318 109.77788243840054 110.04890751659676 109.40941543099011 113.64367687604381 113.20240747673591 112.885691621671 111.25681493732831 111.00763877079099 110.89411745510542 111.0598561327708 110.43349402588395 114.32453235536873 114.85382834686067 113.94660159878141 113.11085035522818 111.79758156332309 111.90065682148295 111.99154085454593 112.10763907473586 113.28388148425805 114.26009944225029 115.29955217261413 114.02329215699881 112.95600950426903 112.4831188614944 112.56641406091019 111.42847301581074 112.43900600337734 113.9868467354212 115.32584587621024 115.24378327781046 117.32946478440607 113.5900738475725 112.95657585571058 113.36418511092833 116.16993164007251 115.01588101191672 113.35586636796455 115.36035892562634 115.96559177812321 114.11328810264239 113.7057004579132 109.90900981552386 115.42662582884279 115.29633133381948 117.21325951018582 115.35967254519669 116.4884279601156 117.06784563918323 119.47888302456799 120.53783686667919 116.52581449535954 116.470740761803 117.86021806635223 118.19168611858518 119.33915797585018 116.40196312451374 121.53822707733515 121.4512137540667 117.39538916636886 117.49507009086403 118.63929348452943 118.96886833445532 120.09326408692968 121.05308240274151 122.54210914975916 120.82894505206461 122.73669588278408 118.37533102064089 119.53129639113992 119.86609727505791 121.38744873499436 122.00980845357071 122.54321354411329 121.80612503852161 122.19418877094866 125.79651567964036 127.0738644077297 121.07280535958252 125.49280794256178 123.09794454699032 123.6394014858802 123.00674031054047 128.06121915806207 126.93477349842939 127.95631170157192 126.52784443028449 127.77091309081099 125.7809060685494 126.66836326510736 126.00120397696122 129.01090444121746 128.14381238047301 127.59965927935392 126.77474880073446 128.83803441882401 128.16450845818383 127.94026211525467 127.30952155832512 129.96559790185893 129.01097105007221 128.7400942290395 130.34073773183755 129.7452726070145 128.71396161430189 128.57754658696038 130.21599964792878 130.97373553563327 130.05367653311538 131.23586502081761 130.7686878168318 129.54418760422072 131.62727515274452 128.93232551438797 129.78284303909578 130.06121170180393 132.57622242609082 131.95762556338985 131.17699213973145 132.60396356242947 130.82554920110314 132.99604497051246 131.33286266709257 132.73718811089839 133.71070616129907 131.73710418437634 131.85240536246783 132.10258237937191 135.68353695270605 133.55326876088589 138.7658721342556 133.93159547302196 134.7499344489047 132.49894831763407 134.61235051342399 136.40346235880534 134.68629528321489 136.61858842912136 137.05113742693939 134.47484794317668 133.60448531142652 135.6726529083092 136.20887397434936 137.66176082707523 136.7791407504063 136.11315275071564 134.37113493286918 137.32450730617992 137.15911880342301 136.36833379355957 136.70692262212484 138.74950913524756 137.17756720505955 139.3057259046937 140.48117293103891 138.61383257509485 139.14792415022663 137.75890834031608 137.3543259609707 138.98315635484531 137.84321210205351 137.97190132234311 141.63253816449836 139.02607039076241 138.73353157517192 138.43445736978344 140.03835196008902 140.17894943622403 139.26084306521869 140.03699365148273 138.78417875679907 140.2564587886242 139.915834128358 139.39528548793743 140.95054931471458 141.19600271045667 140.45231795653433 141.04662523002909 139.92466662344859 140.98288090359381 140.54501072589721 141.64483459221316 142.03538426172733 142.3692795903352 141.67117949315514 142.00784183157114 141.19813916857191 142.40897251747452 141.61077539811407 142.69250905225147 143.23164252647609 143.49360842387853 142.80240709999396 143.11340002426772 142.26560142613206 143.51567347427971 142.77756362716164 143.87842281089476 144.39155272848836 144.64013540155233 143.76173099741186 144.23580919714965 143.57645418922758 144.65749676947786 144.00805843240875 144.7889508836881 145.67129622604139 145.81786518990711 144.93349221621801 146.0161847827604 145.16139543423924
