# Created by Octave 5.2.0, Fri Apr 02 16:07:31 2021 CEST <br1@br1>
# name: ptcls
# type: scalar struct
# ndims: 2
 1 1
# length: 2
# name: x
# type: matrix
# rows: 2
# columns: 320
 178.38679862313273 81.261169560650302 81.683112765040889 59.361289295151337 85.880131252238286 106.48960171077999 45.061278315054182 66.331279712818827 57.483244781153104 117.20560547916622 87.193198526874497 82.365656140062825 101.89698677300507 107.57687482905673 105.35585064530166 109.40480730472017 42.097199617162723 74.01482949541645 82.442896758466659 83.871505221091411 87.028500384288691 153.74918728145929 106.46614593703042 154.94207502584027 151.11500732651632 140.6324239692232 152.22419817827426 151.0088590650243 157.42153590846735 155.53713839270139 142.66798788146363 154.77008360412881 150.33464603810776 128.94595413166292 156.52220575806339 152.37944331855533 154.15048326899876 156.32113467253768 157.01015894295566 154.42182410721617 155.81240993194263 157.70786000390984 150.49174057427649 155.87907374758791 152.84447943246039 163.45210606332947 172.07759494709049 170.77856613991884 154.45071808496479 151.64027659257832 143.46866351240448 155.50763319962175 157.73975921458816 153.49565981024409 173.04063712881245 174.06318133952607 155.33923804128119 169.63043788848927 174.11112269282398 174.4346279610989 171.72356791516211 173.09481256614853 172.96041521633936 171.94412814232456 71.2864399141869 72.926895551262831 71.675555251361615 46.906227261758801 73.045482788354505 72.43846674411725 70.907407123500434 11.005943096963724 74.059229713502518 73.330412896356691 73.44919743219566 72.345449523986304 74.645369031084698 72.983517692881819 73.544938697395125 72.37937178155984 81.894645261715269 79.527105558853052 75.62644227282243 74.061674197752367 74.515176405948964 74.156219206173773 76.155327219551893 75.104544489017002 82.736863930914851 80.586135260271902 78.366722119214941 75.187067486742379 75.552443164097326 75.144174676493094 75.736256909784032 76.320951985476128 106.27398855113306 69.83475794038138 80.708158556948007 76.383778487577601 76.468159583402468 75.824870691338717 77.229326706673831 74.601808155840729 83.470627500645975 85.564140627277993 82.793171757922863 76.531607381119372 77.517450456291726 77.882755973996538 76.843371726770386 79.003945389524105 80.580291525959524 83.399190070692754 84.874847135122863 81.194463217832848 77.606367427521093 79.934870701695843 95.750756763176867 77.751626060069611 77.050375771092689 86.471584472018847 81.421939275806324 82.740888781705465 79.496037968536569 78.413470349698301 78.830968080320602 79.95375857075426 117.30362470223869 81.484157233386426 82.380331396011101 84.764629994803627 80.339130818300291 78.399371455320264 80.815602151803375 45.197922637101918 78.88551715334502 77.859875770217386 85.233634348824879 98.398363298153754 87.301570327822887 82.260024979557613 79.327481656775248 41.113897115453284 126.00609802966261 120.58264280097839 47.646902802115761 84.381131810243488 83.443989369630103 86.071134582776466 80.971270956040513 46.292001149156079 199.67373005906251 128.48262559270603 138.39609386078882 78.725934998236838 82.681781355491879 85.911041204503604 105.94066925425849 42.837209607788367 122.20580879010934 119.4644562930047 110.90511581113563 107.55624768122496 74.935992106682178 79.764343553453656 57.343133647033277 74.237884282155647 118.29000177610443 121.22403181811238 124.69015743869463 75.95899436835694 41.780968925115069 42.560519943384094 92.66692803181175 73.137340602288475 116.97705199018436 105.21070984943775 97.444893335065927 72.333064978996759 96.887462567486367 119.00345507067021 120.18693007290784 91.935921954166773 89.475132298520549 169.56552920328988 139.43129870448362 73.864440294991539 158.72674495034431 58.138581609290334 56.702369733077163 71.80671451348897 140.57629993540075 144.19415890170558 175.40936702214478 163.56535823637665 162.59683442688043 150.31448480440935 119.73775743010981 126.93973397949335 136.80213266340803 135.75146778748245 150.30089424480553 161.18646385902355 157.72023306722548 149.54139151243243 151.57249406381194 153.1129744968236 128.0628650192146 131.30576148655436 153.31570959626259 153.29800177931602 151.50109159351882 122.26816182167563 150.72310698452998 156.61041197109736 154.25459472861712 123.67895833376949 152.4815211393711 127.05396687177534 129.55627314223278 122.33760357070581 154.84979041085447 149.99017970971136 120.94706340970868 128.45238301043861 150.36898892094501 122.57646281201843 198.50102318273906 153.86876117495387 155.96770992550103 152.72445005709247 183.76946195454983 123.64939524229975 151.49910195689816 151.53409933629601 156.66874764602656 168.42090345939363 165.47454416009094 172.99468466402962 146.21475000911539 99.390369760801889 129.01689044165639 169.17424712723604 169.98773161487452 156.26839034593073 171.0417284729366 171.89581584610832 145.15447242019138 128.55746503140944 168.25362397489664 170.36632011361041 170.64179511576521 169.56217680163459 153.40136771992078 108.44506955003098 178.62334083492553 176.67213960455115 111.44160716556831 178.14234999557925 172.32432516352912 170.8265051915977 172.88814785295736 175.21155490379471 165.44550804953957 161.58909917100922 161.69038069572827 171.77988842508293 173.05620418033402 169.82851072590327 170.59072373771895 173.42103016510941 170.98941782541789 177.14796588097616 173.49077910228547 171.71402723042084 172.78590076439488 172.59507907383659 173.82757539231199 169.07937658283501 171.42715325406024 180.42542160030402 177.52705626688709 176.3370755702397 174.75632900434198 175.49348211185821 174.1737339963619 174.13383831608493 178.68039750353273 176.82514155000183 176.16617276627937 174.98751063268699 175.30613440535541 174.49348359166893 177.01473711836275 180.82032881183628 177.96919193219614 177.44667027844591 176.93526070050711 175.60511851474524 175.79379101222943 174.64006762277972 179.48437603317223 175.26374662131164 180.62236932292492 178.72158845567878 178.23353310148454 177.70141338761476 181.22672428502037 178.26880783797523 176.90379746306562 168.27909408566899 179.79593891427936 179.61276628674642 178.73182267329628 176.29884011884732 179.60824076959057 179.49075178563928 178.37005725736591 181.98148215355226
