# Created by Octave 5.2.0, Fri Apr 02 16:04:57 2021 CEST <br1@br1>
# name: ptcls
# type: scalar struct
# ndims: 2
 1 1
# length: 2
# name: x
# type: matrix
# rows: 2
# columns: 320
 131.38885343859965 101.08971075301466 99.047229543124999 89.591185001876411 103.21796659863699 111.06495644987609 81.82189635029674 94.297436845469377 108.76871955951786 113.04518092737852 102.96597617566032 99.886440307778869 111.38449816571138 111.7610126575685 110.22740348923084 110.09340707457581 108.33081260163581 109.82934446812223 103.48452838958821 104.09742075106836 104.79893102125682 139.64569569215772 111.40148243481087 139.85810426785045 140.08224391501602 125.27019182847451 140.08744167668209 136.52817266904225 141.8189493986828 142.81483959587393 138.76254719062399 142.55067719908772 137.29214394843243 121.00458211300777 141.14596939277243 138.45998502568611 139.64781013236319 140.73319741810045 142.13977888893007 143.99464469510045 140.52117406556414 143.06098011229591 135.60984423031536 141.5458821087052 139.0286600396073 143.36553236360891 152.92430353923396 151.90882214673277 140.6791249122291 139.33147190707103 137.62760082597805 140.19401999381822 143.60681749888948 141.03879527709762 152.69355168148388 154.06676280769122 141.97959506543569 142.13044534750784 154.08024629125114 151.67977457506123 151.14027085953586 153.0294870645269 152.5652362355882 152.03844703378505 89.175298999257024 91.444681876248382 90.231806429900857 79.617150963647333 89.733405996481196 89.334338320972691 88.273803305437383 50.540913510758799 93.895532568124665 92.703204668611363 91.655180954965175 90.529545730094313 91.630230669848743 90.855143123348029 90.901911872801008 88.484941285529644 97.764963613017741 95.73971703870825 94.875511395097377 92.433834797903728 92.789135400798813 92.118446673556804 92.861928393734757 91.534579651235333 96.90058505585948 96.906657104631648 95.933314977216526 93.783218290271904 94.078212512103732 93.344459832112634 93.512681259047753 92.429271075251847 101.90127001209696 101.20140685518115 96.67648718301561 95.001331304771099 94.366201014959117 94.609472168859611 95.582334623098276 94.539528189920773 101.25628787395921 102.43483412189515 99.963286242554787 95.160238498777829 96.195604358540521 95.418985610991228 96.514990774322925 97.315908629602546 100.11170433637584 100.76485626027826 105.32377448675069 98.032342003905271 96.068952903510535 98.38100964758145 108.33046455814876 96.417626617975557 102.86855738157732 103.50880488626035 102.08301249391309 98.967416001954845 96.968435090163482 97.166711284713585 99.220402171936612 100.21356413848372 109.11897268501295 101.65205505407762 100.92252695279734 104.14405713981367 97.994424625150458 97.011303468273013 100.02513318906517 82.458569360069859 97.622120751709488 98.267583087528934 100.44840242633504 106.85207932070203 101.3479374386737 98.786246798165578 98.208895997240774 81.331884119269517 119.5544081089929 109.05521932760433 89.95393516692198 101.4526103889101 105.83192375067779 102.15968349918249 99.042176346125714 83.680923838359689 110.60216424664057 109.84577746877888 112.24329363667597 96.911697433363869 104.43547774512543 103.51194347089158 109.12757556082134 107.09613968052651 108.85442044256762 111.04960124862329 111.35569620317031 111.50773185753559 111.46232933864296 102.38039058227703 108.30048535809574 110.33368571719465 109.59696181338018 110.21879680445718 110.65888690471165 109.74753780642779 111.77024241000184 111.02254580085919 106.62781760479359 109.53388128490259 118.23880006080201 109.51091814058823 107.89031777450793 110.49360741681319 108.63133239736823 109.20206262845278 112.47542163054923 109.70935386864436 119.41412672567833 144.68631953072418 137.80151519929231 108.45736507041309 134.62433561807487 107.91434767508709 108.95518754565444 110.71501870522691 138.65867083319756 136.60490821591816 136.51550879621638 135.25986560251678 135.49438467504859 134.48164716419635 132.42162956452074 120.48500200430942 136.2633834577465 137.89608882280854 136.02727555039183 135.76323051398484 134.43702730007911 134.92036585229002 136.47371354714767 139.93621787180396 134.67225279108516 137.55247189605464 136.72722299008032 134.9199511982749 130.23406655885498 131.2929978762923 138.305086666661 141.14942467844909 135.47766515094079 136.22835118568537 133.7030587179157 130.96586983473568 128.54587524320701 127.40395201683872 139.17233928217584 136.60239253294409 134.98665401199085 132.48626554034229 134.45399119896354 129.14349342153781 129.01034998481984 139.09594971678979 140.59573516065049 140.11343765200468 154.6774085349596 132.57665537760832 133.40969539372608 139.43573655103316 141.24805938115023 149.80576449872666 143.75798527311491 154.01998530098686 139.41275579831333 128.03023747167302 130.97901509876192 149.31932428489614 150.90582170783307 146.09939824243125 152.48197758711424 153.1056736633191 138.97521134940644 129.53063797927675 150.44500958317067 149.0338823191826 152.02871810692557 150.63202221428929 143.24561040090998 123.03204260060383 154.64716542032559 153.6036375329461 138.32271566049491 156.74278380177955 152.74585520418924 151.47428695406163 153.58589772661756 154.83828156856677 154.26553205222726 150.30359496199213 151.32712614133095 151.88814762639336 153.80900041861577 151.72006580340039 151.67626091076843 153.75099168583591 152.99165180676488 154.72772514172945 152.93716676953741 153.08068282281474 154.0076386419658 153.4465045986764 155.22670080311539 152.29701590561231 150.18743241131486 157.83702609853455 155.47588729157624 154.90994601267465 154.9334082574963 154.44307525215569 154.27534115788922 155.43380950581391 156.93514004007028 155.84280023133721 156.33668252494965 155.56368084372983 156.33849983434072 155.24510117250136 156.70173313741776 156.00465693270516 158.05706705893041 156.20865149146232 157.55265858558522 156.58758333397296 157.53995249807005 156.22418160900486 157.7259960595116 155.35573559151044 159.05369480924557 157.2179955114955 158.48008019452317 157.49372860037377 161.0106956969106 158.56138662758991 159.26025388341219 154.46046233745125 158.90220664186018 158.42322029573813 159.39408836074062 158.21964015464619 160.70688375467256 160.17844956774366 159.28323164773948 160.06905001803906
