# Created by Octave 5.2.0, Fri Apr 02 16:07:03 2021 CEST <br1@br1>
# name: ptcls
# type: scalar struct
# ndims: 2
 1 1
# length: 2
# name: x
# type: matrix
# rows: 2
# columns: 320
 166.92364096951644 85.598662946480005 85.342915741540679 65.974078980997447 88.793080910912977 106.03184843311361 52.757957722140894 72.448876585586135 72.199733353305888 112.78950915037299 91.312827874700673 86.141115814993555 103.97231081605477 106.32392309507635 107.38311049209682 109.38953219013113 59.97655591038739 86.564168743180687 88.20480263058856 88.170312775772928 89.866538582954462 151.19561873510366 107.25341919522872 152.70340252775063 147.06890728404281 132.40086047620093 149.08636141653926 147.84120891590322 154.83956622911978 154.04804589120599 141.48262048559511 152.17232860345547 148.44507089254191 123.93435198577396 152.83397041930354 149.49309570238211 150.36928348019924 153.76668483539405 153.99415571276538 151.99555271697818 153.03597232834196 154.5540104039145 146.86851008697315 153.1335298238765 148.31744423506936 158.70297220084629 167.72680565590878 165.70802606095543 151.00177513870017 148.09634888729013 141.89422832818406 151.77894555449521 154.66990749670074 150.13893808697463 168.19846867789525 169.2494153469701 152.95487341676437 165.84700485068626 170.03741248873877 170.82974636333518 166.89073327341063 168.56126620744706 169.17121937514872 166.80185846426969 74.694195324173393 75.890604800719686 75.299497904952688 54.061741821546917 77.06585561720226 76.313173701332801 73.88642497605872 2.4574317859750074 78.126542846867224 76.735815837182258 77.335719571650117 75.707988014571839 78.908660598694951 76.788191332263565 77.650050925468577 75.325113396223074 84.91114664532293 82.572716395691629 80.787862818912103 78.178626516798701 78.541154394601861 78.45487027515442 80.128537345773125 78.066803947478476 85.934608006244304 83.682855193813552 81.851792813805488 80.060583198771596 79.753251658077914 79.307933553465645 79.692237218481523 80.392132640840117 108.36711938179523 87.119867518705618 84.508026457281545 81.377077868291138 80.460728255465398 81.437113838633792 81.185066460107919 81.893549725000227 87.126612172609953 88.711777504979636 86.343492201760441 81.096440622401076 81.803776792007554 82.035864989553886 80.981061567471301 83.324459488603466 85.223891651065202 86.661550135370632 89.377947715609864 84.396590912758597 82.197190221290555 84.458686334855571 98.50136310960869 81.590705529707151 86.393438229088972 89.537226967538359 87.128556169771556 86.543773925452783 83.329536242897717 82.696885922697646 82.77803590716475 83.869745728241909 115.51323207347056 87.230461134053456 85.931369625037092 87.622133309726323 84.134838504023264 82.935893040910372 85.589008815499184 54.046947700536478 83.006150394688646 81.970590473865414 88.559541251079068 99.138006347569444 89.184467963649737 85.533127829237003 83.757723176335034 49.911581772538085 130.27993228922935 117.3092101444675 56.901566131917122 87.876853318594229 86.165332539187531 89.324296004972211 84.839717923145329 54.117275182756437 170.69154025698975 124.19793961200259 130.05366241702268 83.035540598733263 88.146034211685091 88.233480210300371 105.13650431977898 60.756639667468335 115.91447859613974 121.62786589934154 121.9252106108427 117.11499702375953 84.193981571442748 86.313086248897505 71.127437994084389 83.217623727523275 115.06165142063819 118.68045718326347 120.19548302615574 85.033071503070119 61.872609329639673 58.37563617047131 96.012051287522155 82.868265130236779 116.33693976680925 107.62893227131825 103.2209032370254 82.257206190514253 99.010317565918697 111.94140541468606 117.29179421048656 98.115539556692468 87.630017763690077 163.76591447900694 135.99869151001019 83.945046277271274 150.74073118907532 71.022071218721237 72.076939952550418 83.478463842235456 135.45860351767803 140.24726295989285 163.49765503358188 151.59243335008046 149.68214325526625 145.72292934100179 121.66418192878014 127.79910821812351 134.04753484346398 136.44092364807921 145.34154169273168 150.45261505565352 148.95479678915257 146.58890497307971 149.85199703444806 149.38436963004287 133.95942661286099 132.46710984560443 143.66948218727677 144.74927457682921 145.61049430209678 128.82185253205031 147.68872223903378 153.67218620984602 143.59043516168393 129.20800850019327 144.40865844382907 131.56779408146883 133.10046955684783 118.34397117581727 151.99475656672124 145.95063645501116 125.75973870035207 134.30658778962317 145.73625729434156 128.28731865715758 171.08382858840508 151.88842461553807 152.98619988809367 148.68039113571177 177.40557526901446 128.47673528322815 144.76902982456906 147.92376310868971 153.95683149546571 163.75639934484468 160.94376800994331 168.80920232564915 144.12581159329142 110.22504689743906 129.61784740816196 164.47260176951963 165.86085815463039 154.04392332329022 166.90901600261262 167.91519396730084 144.23643887435279 134.62644682417445 164.87038073725998 165.79180469357095 165.99047537729248 163.53672804386662 151.02735372898906 111.63596990484379 171.03639891268492 171.19466213564786 117.32184964883351 173.0110049403136 168.42287019631453 166.53730436968067 167.51016981244243 169.86330878734037 164.91786215547623 159.12033409653719 160.24755783268157 168.07445917570826 169.08918642596078 164.68314852649866 166.25347562823612 169.70579039081881 167.12046798142137 171.97387449905108 169.4480936269145 167.28117536238952 168.70872317498865 169.01733723687246 169.85100267608127 165.51722649387696 166.87239135498672 175.48264253794662 172.65415225500763 171.47655885585269 170.38400089981752 171.26931035433284 168.7570301313381 169.65620244402695 173.59014245476834 172.39820091055276 172.05358775609071 170.99985842166339 171.90159560602532 170.77746768812426 171.6725290569801 175.67770728932655 173.42555023785198 173.10699194835647 172.99515821550816 171.88212611854041 171.051952943755 170.68860484930917 175.13004724996389 170.33215030072489 176.66451770506185 174.50065552104854 174.13291919603802 173.7155564235448 177.11437695096288 172.42477200133237 173.24190579581639 165.25626839074636 176.24887369412349 175.37517064175282 175.29271004097484 172.69253928087466 174.66100034990038 175.67250492153133 174.60390569123328 176.22096269324982
