# Created by Octave 5.2.0, Fri Apr 02 16:07:46 2021 CEST <br1@br1>
# name: ptcls
# type: scalar struct
# ndims: 2
 1 1
# length: 2
# name: x
# type: matrix
# rows: 2
# columns: 320
 184.25237818507486 79.014967628702777 79.908393153049957 55.936808922123888 84.35249963609553 107.58020706298593 39.191068771996889 63.163238475136303 49.048763041888598 116.3316939581069 85.548512782010604 80.389996198541141 100.82226539356861 106.47028364910119 105.05445814836651 109.41271763191806 31.40825673954614 67.516064527824255 80.853693723266801 81.792063557896839 85.124074163891322 154.30993413390112 105.66144783727312 156.16305169489991 152.15182481118728 141.13965844221548 152.83970153337611 152.64924932081914 160.12470586015675 156.42572450205881 147.0373783330752 155.63307141752466 152.94135069581597 136.55006946760642 158.65700013747525 152.8821956676463 155.00734742617345 157.14802542372158 158.63190466639929 155.33883039849061 157.56765335643297 158.96847177516742 152.37679580097233 159.17301600646311 153.94612006487012 165.91147895640111 172.93677753731191 171.79275560786354 155.61488077310696 152.11669746880577 144.28399601851862 156.77903848865131 159.3235777414109 155.39807898089435 174.41413818982315 177.05568456329496 157.16158358897366 166.6969380938105 177.01998498187658 177.79324201180987 173.9766737418588 175.80398866372255 175.23436686263767 173.83753993732688 69.026829292233657 69.826965419765656 69.308410793704084 43.20069293615424 70.653803288423887 70.153082066213287 69.712447471873361 17.978047947056979 70.98621590303992 70.844723750490559 70.946623764767281 69.85026447826057 72.533968943566734 70.007611397982814 71.070496124697868 70.055230259577584 79.340348277146518 77.246163538834978 72.864493549954787 72.009263951068618 71.945176950933345 71.554319575680807 74.071039905958827 72.660994542082776 81.060101097139636 78.249600522660799 77.133784322883926 72.500965211420137 73.267046822194828 73.129144638459806 74.277804110605558 73.532155949311502 105.74049696135617 60.843539683633679 78.498763417964028 73.705996003459845 74.619525457408017 72.613966671385811 75.636478436989279 71.602427115731302 81.193334733721883 83.502929551860277 80.702883608838803 74.329459942451834 75.463580063220476 76.194532630154526 75.069518190277705 77.415643022958761 79.502738787412355 85.009826184868615 81.864945387532913 79.00861465515014 75.889613662176274 78.627527225352225 94.326335619488958 75.939268391125026 70.2225355677935 84.510253718140078 79.812249087476246 80.316869235086529 77.923812314178363 76.661998580597484 77.121471552722937 78.255578083765968 118.23079231356505 80.099307203647172 80.553487581065355 82.278687866800496 78.888431154338733 76.889674280835621 79.272755719183792 41.827533558878791 75.821392254442756 77.072023005344576 83.768824681082492 98.0153338618492 84.019128780433036 80.422074103948191 77.826644981746142 36.557953275177226 124.36016095249468 122.56434795221544 42.854309292040057 82.744497314816357 81.600196920300093 83.074867424186323 79.700712526816005 42.911914473659039 214.68236406370733 128.76819019928516 142.71628157273915 76.083490290241201 80.475156560277398 83.414217445375442 106.35983192384188 33.31183201563104 125.29282957560436 118.33498049012618 105.25310145359416 102.63882948868223 69.046903729580904 79.677040512152956 50.948407771401975 68.527866862509043 118.87002292342125 123.68094099835561 123.23262426342482 70.465921714179842 33.285553115322664 34.137028605968752 90.934632060104576 69.524138851837122 118.33440676036533 103.95841609524963 94.453745350122631 67.137393086376591 95.788126943298195 122.68646113535961 121.63137640935466 88.735762838573109 90.287126978376392 172.56890111407927 142.7946302849704 67.631226304269163 162.78189408918706 50.362560678213825 49.914620963065019 68.354237995266843 142.44779346560591 146.23808715728717 180.18268712397204 170.00220198560507 168.77151786402371 153.28678238862273 121.8834554509458 126.49470089163131 136.9167713886342 136.76801882756854 152.51336744136427 167.48770227918604 161.87400639538424 151.37163528097858 153.6371916924366 154.52353461423411 126.13396534552341 131.0299156014112 156.24060013510095 158.66735324600103 154.4665181423444 119.92391471299705 154.18482692793171 157.10208408596631 158.74014683871084 119.89374680221017 155.44928137197826 124.14262316190421 125.05786953046406 123.9417035602258 156.49471459878086 151.70772711078786 118.81541377329422 126.11936442520599 154.72085629859728 120.17691005640923 212.69921324051916 156.12156291286439 159.74056219359284 154.47805955986234 187.06504613098778 119.81175628428433 155.9000108880449 153.15893491692046 158.09005383262283 170.99359475577765 167.82083895213168 175.50734203285492 147.12603988308769 93.776834700815499 128.990227762084 172.10772017776239 172.73370220022304 157.42034648265528 173.25337971151899 174.32847344457872 145.85484987646456 125.02605341274013 171.63877643207945 173.16931780700193 172.87158610777811 171.96191216318107 154.53115456247042 106.79263900914577 187.08302260001969 181.33668190005781 108.39648159387741 180.19265303178693 175.10761758615482 172.39764830642412 175.04979945019329 177.49061438341514 166.1537787189144 163.04479830575627 162.26032531434043 175.06314368989746 176.00514516651 171.14990896831986 173.17685877712032 176.04243670908937 173.9358236019597 179.42084074217561 176.34922321590705 174.18976546165618 175.37947359281404 175.28720329921583 176.11946587240692 170.05679008657441 174.15859148641832 182.27894972270641 179.65155141725444 178.56379786170641 177.44422363140166 178.08598775898207 176.35779865866928 176.11590246546541 181.01284934565496 179.59725467488741 178.42317592903842 177.34889394399821 177.15864426754717 176.4188659714217 178.60208506945193 182.45272614843921 180.6305054598073 179.51258656499729 178.98454191194085 177.94604679960219 177.89773327386894 176.90102761155538 180.85391735118708 178.29932289883709 182.78973377474432 181.67917639219647 180.20464574363291 179.52990965916928 182.89297490192448 179.69196571279966 179.12673852593255 169.84448596339678 181.69387160342276 181.21245825957607 180.62547226551411 178.44505367406168 182.64071663113452 181.41497229260003 180.26965975412475 184.16842604160993
