# Created by Octave 5.2.0, Fri Apr 02 16:06:32 2021 CEST <br1@br1>
# name: ptcls
# type: scalar struct
# ndims: 2
 1 1
# length: 2
# name: x
# type: matrix
# rows: 2
# columns: 320
 156.04857279565999 89.393969659080994 88.733139234438852 71.760269956112793 92.262319417705456 107.7822571409135 59.889769681408993 77.801773849257529 83.650624495923978 106.96592135674636 94.728517001392831 89.737986272764985 105.78821935372326 107.18541680450188 107.77428175938837 109.37487375812832 75.963429374324008 97.545454484940095 91.934036321409081 92.561025060938846 93.283434118690181 148.7198886027376 106.67850758989275 150.37171564204931 144.05744611268423 126.70195827362488 146.920333971899 145.06951503542228 152.71023154255306 152.191168685886 141.29495743005756 151.43276738428671 144.70584489661377 121.59479094166446 150.29238279022081 147.39733252644459 148.4629385660113 151.56725971479219 151.19828333063211 150.47867765160075 149.25089577965102 151.05437239004587 144.11628706519602 150.97613252419259 146.30698370386028 154.54748007117351 164.72169981840429 163.75488578516322 147.80095103894362 145.60727407820971 140.51659754199119 149.46421804695353 150.90339470733312 147.67592831717181 164.04728428026564 164.81122077161234 149.30932212948494 159.5565329050049 166.26665696217387 164.44080212661751 162.89869955924738 163.68300611552067 165.72139956053621 163.27410133584448 78.308126054792226 79.476685002531653 78.67866569045556 60.322817061361519 79.465457403704818 78.370328555790465 77.607356800678218 14.237884808546365 81.07592694913059 79.918926377569491 80.68232073688317 79.59888969325327 81.951288888861725 80.839925766328705 80.985000795732077 77.303235686117873 88.157916963923938 86.11317152438366 84.981250298083836 81.847692156939189 82.20033179834904 81.966114823766773 82.999173219638521 82.047298846127489 88.471665246542926 87.143635997650847 85.396613931847597 83.186087981788319 83.392146114127968 82.892083574827311 83.064440046154871 83.09161359586416 108.73758906785935 90.607966149086195 87.319923201420664 84.206502586954045 84.016457550817378 84.278827142983985 84.270040788482092 86.138057061338174 90.309221669762735 91.547510798347318 89.966729223754498 84.528977459296797 85.12992013677831 85.097911591352897 84.108298123773665 86.83646259406612 88.961328643297634 90.88837133819122 93.382978350154943 87.913795426895433 85.724740225766212 88.044383924621769 100.90814366273653 85.139317892320278 89.962298109871611 91.424742162662312 92.538667836733566 89.165363111453161 86.869169133532907 85.906980989242541 87.186415654880648 89.140662299198368 113.94663852329845 91.452410108052774 89.210844582942613 90.987138552833159 87.674779664262218 86.33404113260805 89.537822374403277 61.278720062201081 86.017245586919202 86.065899295948057 91.334022333582354 99.857600610080411 93.464675291405257 88.945642667019172 87.254644583097161 57.609555847487286 133.45225132197902 110.75236482027331 64.999396545493312 90.989746069991526 90.733618219198021 93.708188116060555 88.330896777806146 61.078297052930452 145.33212418017609 119.09636303676672 122.75403490372229 86.902470936722281 92.271426560643008 90.300676249811261 104.44312451596251 77.493577716207554 113.6446044857839 117.82396650844099 130.64751468476405 113.18244442131729 94.28247419540817 90.355743130365681 84.772228648674272 91.295111917829047 113.63091834867079 114.41829409873408 114.23100017184068 93.423943772742177 75.468779454972747 74.798004643914496 98.939034136268759 89.849945749477101 117.0095755083093 109.35754805876616 108.49126600838113 92.531032880614035 99.528033256287344 107.22398998209519 114.63042224050554 104.86223299109162 101.76505783041118 159.07922771357647 134.52129062584586 92.314852436702949 142.47181093160279 84.121685593842798 83.545639934814858 91.425620997936221 138.28684514392833 139.03276199794695 155.10187616105975 141.54292718170845 141.18828998322721 142.17451495649965 131.35201261558385 126.19781140725775 135.75768632439269 136.98362905643191 140.27743703611404 142.83149423112079 139.75310644713861 141.6636699213395 145.59764307299929 145.48726735387277 135.56864943820264 134.93501072170363 136.90851619432505 140.40990590101555 139.08507305554144 133.72662542847843 145.05511978155315 150.06709815680014 137.84478245993563 132.53239956658209 136.98446251749783 133.64916123868025 134.33734140569337 127.50895720721435 148.59034241949294 143.78675494183656 128.02049879190642 135.36932235903191 138.88211930148057 131.68457436309399 145.37887103590251 148.985701667867 149.73157035404301 146.86966422027939 171.83717441917102 133.31996027474327 138.4830919969238 146.18785501147724 150.13599090197394 159.43376338086875 156.99787545583516 164.88819676091245 142.45081777908032 119.69512487814336 132.25209975768226 161.01707240779515 161.56724182175353 152.09751467847977 162.38396141232872 164.01639137167933 143.46773327518255 135.42553190328306 160.48720465088883 161.87603682378261 162.1471340708537 159.78260477563876 150.74477748395282 114.428007715305 166.75897053981851 167.14692727522439 122.46706182169055 169.54289729897135 164.34980113825043 161.25835024817746 164.33926494749713 165.75280776747772 161.32390810384044 156.96023300857365 158.98501947531636 164.22488015472518 165.38252380754781 160.35388856480222 163.24145586131951 165.28479524845457 163.12974193173579 166.54923467973222 166.4578998483787 163.41375433129821 165.48067423710813 165.269072673473 166.02259542444199 162.06253176124508 162.75105529980667 171.21033903966665 168.25633255630018 167.68142800105946 166.33000474629455 167.46983187322581 165.41306745730441 166.50874111278327 168.97381222639044 168.51617761749179 168.34623138193064 167.33425508523652 168.46037368890782 167.39915270634759 166.86683771681373 172.49238143942901 169.98369434680092 169.58068331051979 169.29058106720953 168.28916320141252 168.1211805380695 167.44221013270172 171.75676817454925 166.18435220777991 172.32915072786577 170.76213631043666 170.45722335375908 170.22829335010115 172.71469353967771 169.29229164738908 170.42494497068299 162.61129590768905 173.08745366063596 171.4855630996133 171.26844737473502 169.64013973825419 171.96133826886049 172.16611604542496 170.95310264183396 172.93326316080996
