# Created by Octave 5.2.0, Fri Apr 02 16:05:36 2021 CEST <br1@br1>
# name: ptcls
# type: scalar struct
# ndims: 2
 1 1
# length: 2
# name: x
# type: matrix
# rows: 2
# columns: 320
 136.4861622055987 96.210030693956242 94.856887119359456 82.151796605299538 98.955828588884629 110.00465114252023 73.077830490154994 87.415140363606156 104.04044627704664 111.07965854628846 100.00719350936369 95.861795687499765 109.04944284994423 109.74478211362874 108.95988150158387 109.72398181913655 102.74105957186815 104.92903590552409 98.96258597784842 99.923719290730773 100.85961008861922 143.60179388853174 109.0896369111682 143.53272588883587 140.68556148627081 125.86755133870281 142.53960644625354 140.09177908680346 146.27729466701956 146.77757112057412 140.95792990174525 148.48174851024027 138.5593387704823 118.83791682432664 145.87552319602193 142.77133674882933 143.8222874912575 144.44401615672388 146.67137973921444 146.92685499739756 145.27184594837973 145.98439968907692 140.13032783954887 145.95725661348266 142.6513620028166 147.31007303007218 157.09155173184328 155.96771838779944 143.49716783221186 141.35326921668266 139.66332337344463 144.70324136612811 145.04907366151008 142.63560130018166 157.47011128777297 158.1499241454305 144.07698291268281 147.56706684888749 159.39291615149179 156.6634329363622 155.6189970744181 157.46030261982284 157.96118286287813 156.58595147590731 85.120476761853098 86.803414607087802 84.535076349589744 71.567197083885702 85.676533679130912 84.229742732027944 83.455268781154231 35.394616767450529 87.687423940982669 87.659508141993783 86.694056621104579 85.450116526137919 87.880167203002941 86.689632216525197 85.825600668062364 83.181385464245153 93.712075051360515 91.842849600479909 90.62352584840329 87.676008096016602 88.575884159657392 88.00308072629322 88.967126364043693 87.062017875532504 93.863389570816778 92.695379567861281 91.726226122320128 89.560764991537837 89.769877969707352 88.630734973698651 89.114608205851113 87.923034514673901 105.00978147601599 96.923136690304048 92.768940385169401 90.684261766483715 89.876077805867084 90.027367044747081 89.968518530649234 91.63643729775913 97.699292996207788 96.655954511692102 96.016921149653271 90.829415083293739 92.051604975021519 90.909714494135997 91.129063513490053 93.185404529263408 95.514302450886717 96.889557227147208 99.569368033912596 93.789694294224859 91.868739550366797 93.980208683351265 105.23052506427226 92.25944011195115 96.681826871599441 97.329316223770974 98.550943153210156 94.94742791255436 92.908955458241422 93.056530577866454 94.270562289200129 95.780008336493452 111.1331643923771 97.892891268251475 96.626159261782561 98.922135393742977 93.929731240407762 92.878008396759952 95.999080105889874 73.153018464228495 93.158621570663968 93.267254790744147 95.784670261359182 104.00632516470985 98.714414092699229 94.910426990139825 93.965217268505526 71.434488880049116 126.01291433799844 108.05671102390812 79.542438920895449 97.298286549428482 98.098087146231535 99.613551065322341 94.841632479160765 74.313189777205494 110.9957482560697 109.13563394947077 110.75082332897178 92.266952172519979 97.547707377369889 98.059509722758818 106.24362787394539 101.51269822890707 109.7837745662015 109.89711024347095 109.50477929156663 107.93067622758377 107.673219781443 97.984234745093289 102.20870293315843 103.90317165269212 110.34149865937241 108.43685183864615 108.42338053424349 107.23515339652423 102.82433926169848 104.05619302929694 103.7687048186212 104.98965908789552 117.86063606571433 107.39375614893191 105.0217670692484 106.74225229352813 106.27172338082595 106.03910770355097 109.14418529885684 105.29893155490402 117.48821360701247 150.69130771297381 136.58529977617778 104.57782850907606 137.85750679210756 102.95369976712387 103.36459886105335 106.0863975750834 138.47783096025589 136.85212059155083 143.95762296912005 137.90514478180839 136.20116929588897 136.2809019050294 134.51878696305266 119.70956788967992 137.58079220801048 139.16570780195946 137.33490177494406 139.68515711352677 135.42860912299119 137.96120007799843 140.12512921933913 141.76210762573979 134.56425342020989 137.35155706139093 136.17510905921222 136.92687084508378 130.4562900274361 134.08629665815542 141.19413571836026 144.47379989574441 135.62299428778906 134.96958162478481 134.66004117182524 132.82323688175123 129.98095987288895 128.94586521810902 144.18518291824876 139.20453252995475 132.08024488043245 133.49963771774227 135.83114320442118 131.00471265438318 130.99189800445251 142.28043912021576 143.77112282332101 143.41498123902326 161.83678105618688 133.03796837212235 135.08043352282246 142.28806596906551 145.25238460218989 153.83592364304963 149.7771763534715 158.32195036057459 140.36969001738467 130.04045535305283 130.98274581423738 152.90581706367027 154.89301001566938 148.60192364290182 157.00387842332185 158.17077788271192 141.16017637611137 132.08128199168476 153.94135874422486 154.37230556956752 157.00143884170947 152.87386098779743 148.08987893894673 119.44227970143942 158.85716219751788 160.09742205569825 131.70744286682157 162.53017364945364 158.09676204526158 156.01226321731843 157.82428150260807 158.92635717466419 156.79408901354736 153.08086778937383 156.34069889404998 155.83269143358061 159.09355390906418 154.96604350680025 157.36541233276799 158.61953030486552 156.29792600976262 160.08289826559277 159.34919952255188 157.24742508624934 158.1152586642751 158.37473590682433 159.66523329127429 157.20454074370667 154.93394980802316 162.90439344453736 161.46277241993806 160.34391652646391 160.13047342022264 159.29859409453252 158.58157052640016 159.83537087312155 162.18476931967916 161.20333940552482 161.22353488473405 160.25522169739037 161.96324315290281 160.6385690453979 160.34167836568108 164.39536834572957 163.49715380361047 161.46564196499872 162.37505105974586 161.53346210905832 162.13018234259664 160.92968004766075 165.35617054803183 159.33527595060423 165.02416597983614 162.74602684481957 163.45560870068655 162.69746895666393 165.60182147465798 164.31931604388163 164.10583947294538 157.86114124423921 165.51219151582123 163.90788393184076 164.59019409056194 163.00758059270038 164.65561475976159 164.98647333342041 163.83949580434242 165.22655477010193
