# Created by Octave 5.2.0, Fri Apr 02 16:06:13 2021 CEST <br1@br1>
# name: ptcls
# type: scalar struct
# ndims: 2
 1 1
# length: 2
# name: x
# type: matrix
# rows: 2
# columns: 320
 149.39036779125809 91.717626830061192 91.129173007533964 75.302835859244638 94.024446137125906 108.55968977540563 64.263187522507664 81.079057888240015 91.627926495307378 109.2701269644525 97.752144184638425 92.212341506059616 106.90000009107132 107.73324755240796 107.7605661642467 109.1658065300964 85.023976282258175 100.38821990315346 94.119591877883835 95.749879210020481 96.748129297775932 147.20327770462401 107.41817009727143 149.24725516584837 143.24569240775111 126.41750136399236 145.27774874985602 143.37255959839314 151.69582157525673 150.65607921111112 141.18006168176927 149.71815992589265 141.24186358449691 120.16240662894435 148.98069670609252 145.98183377087415 146.78500531415537 150.33215492345707 149.37919060404093 150.88478675787351 147.82603514294914 148.73397433473224 142.18526188028235 149.54182678167078 144.93908962191801 152.00330121627181 161.75977130359325 160.57589487589013 146.38124479049287 144.43169458227234 139.98718780530075 148.11671852543739 148.42128478234125 146.21077709974909 161.7928512535311 162.72420579365703 147.39752981001135 155.68534284468737 163.21624669648946 161.82051568796703 160.6732450003866 161.31482269439351 162.91157313316288 161.03132956089121 80.63273043395769 81.226746142522899 80.726457914352636 64.156128432676581 81.758421956545533 79.99218856151488 79.634193182281749 21.450407067263523 83.70290700546559 84.238137114161745 82.559535822484577 81.775378055615434 83.98117826720825 82.889604641618305 83.155649540242109 78.86355116227206 89.999738798614885 88.14533304496041 87.035258400611781 83.665774375665137 84.716284660316646 83.532589821919672 84.642662177712168 82.425124420276717 90.223002598610606 88.96794408493875 87.915111007934925 85.935127327861281 85.743974760969621 84.664406067098398 84.695764159612224 84.114211003009061 108.59991947058747 93.453373392350329 89.207936829036115 86.772054381264411 85.530323887296746 85.27713494077156 85.793989900750404 88.615614496263248 93.377779871563405 93.464498751086737 91.892089094286959 86.665356927830544 87.53836100521707 86.96197937427462 86.04015751625866 89.434178913320821 90.864537483315843 92.963575173102839 94.810030515321984 89.811262840137275 87.519202224438459 90.556111945558214 102.38168277689644 87.337274207326217 91.70200434394755 94.211073279135036 94.03960315399334 90.99196856332189 88.721105276642234 88.573607519729066 89.685205992693042 91.765557210510096 112.9874996150298 94.528804891587768 91.061083522618617 92.743840097759076 89.904331501170788 88.461736094108446 92.063860625826223 65.500519247827484 88.857238877771209 89.028937036496956 92.412245655583106 101.27120950345848 95.604047574558862 90.810619110318456 89.516077940498576 62.322601199497001 131.95858235306781 107.74199785785062 69.957251900744041 93.335212628273041 93.481110260558793 96.712775316910978 90.774466252902968 65.53896136769913 129.93584017014044 115.0576509114385 118.21880606325522 87.817807876118508 92.82444291508898 92.936622196400322 104.01860626872794 86.213656584070918 112.00218075585008 114.04348133718433 129.4523577060348 110.01819038193565 100.52681717532528 92.182604134425532 91.602937244957005 95.801114201438011 112.91520182072824 111.6143838741244 110.72181663722567 99.003770345874798 85.188150386471492 85.711691678323334 100.78336154884619 94.59078955916732 117.4882325771531 109.7551430044013 105.97992284543706 98.118491772968284 102.92672386577802 107.27724054922594 113.00102406788086 106.22107132633045 109.40312316238435 156.21970953155284 135.33506946572473 97.137579763468949 138.81353241307502 92.705333829329291 90.570257598793816 97.179009295760522 138.35584517931849 137.45156368634034 151.30269893653485 140.98356266183819 138.67205451528693 139.79292492707594 131.66127329863664 122.01275871682509 137.32104614273152 138.71249863104705 138.58966271508515 140.55180766668494 138.09570260946606 139.41752617571854 142.06406080590335 143.97980905350391 134.73367366470237 136.60888208500262 135.80301902049092 139.41055072703858 132.79433690149594 133.79561739905043 143.44755694882735 147.59171369042886 136.48855018562034 134.57548086977636 135.36563779313201 133.30342060838552 133.42748185331263 130.75358548267073 147.15057654786048 141.17547064265196 129.40450314026756 134.44091005080588 137.43812065795913 132.37707349946018 134.2682752844816 146.6335340067935 147.56271343730762 145.56054225805892 168.42794940906279 132.2660894903857 136.42526047771267 144.94287608033338 148.32847963070154 157.92905505699881 154.59202169906544 162.85357105636118 141.63199863272163 125.55920094355105 133.25204709946632 158.84832814995184 159.62964781216795 150.90583591635092 160.36019873031245 162.00092968520951 142.79040992355237 134.94295846605962 159.11343352006537 160.13940043045307 161.31167189046843 157.73187168279455 151.03965705853258 116.13741861966901 164.92108265034432 163.8877764504395 125.61719172343976 167.28484280127077 163.02434795952274 159.22618347850153 162.03482300942972 163.82925789559624 160.33701141454773 155.63772213839189 158.21203680754175 161.99062888082102 163.38347623017791 158.44781054920037 162.34359269214434 162.73318558287085 161.1831735708104 164.7523091448258 163.94550058245949 161.35209004239491 163.71606156776775 163.01496560691348 163.91881467822864 160.04354667331918 160.88990076065983 168.20962769191195 165.7844682434029 165.09752687746993 164.38111774525191 163.97960335216834 163.4793150686576 164.73258923991142 166.1947599361942 165.44525738316091 165.17264456262575 164.46887956894503 166.15076808266852 165.0562267523315 164.67771505442903 169.92420755710319 167.2604723994661 166.93002717520503 166.27787434787962 165.5234068137442 166.84429706520541 165.81263720431085 169.33207722586917 163.65171065925711 169.68082867193613 168.2315209369807 167.53493389448926 166.64789912079783 169.32993959990364 167.90430513792867 168.20316520673097 160.99192499969479 170.07314072048911 169.27252929836749 168.62825411531006 167.16764095957285 169.02985377867932 168.92733027065833 167.69187098208769 169.9889876945349
