# Created by Octave 5.2.0, Fri Apr 02 16:07:08 2021 CEST <br1@br1>
# name: ptcls
# type: scalar struct
# ndims: 2
 1 1
# length: 2
# name: x
# type: matrix
# rows: 2
# columns: 320
 169.28503723391219 84.746655317120599 84.722505518415204 64.675138149849104 88.294463601796494 105.75026462225428 51.280846956953553 71.247205771292556 69.786893607554362 113.81316645500382 90.43048712282534 85.193500324721413 103.56465787902715 106.87696140852324 107.26192896548497 109.39253265906827 56.488817557125273 84.099119962369855 86.699460051729886 87.500226525731037 89.575333645754426 152.22501398353432 106.79082279154926 153.30443736188766 147.70852018570818 134.20848631690814 149.95773337623945 148.46342590948058 155.92771839483109 153.97229845957781 141.52474892663415 152.39542134622707 148.87036773530448 124.45955956710466 153.58608827015422 150.22277912170227 150.62863771101721 154.42974531055401 154.783717158656 152.96192339684617 153.23011251426212 155.44884984425269 147.64114360808372 153.58099423535208 148.97534646303396 159.63583778097691 169.44770380001242 166.50964749905492 151.69968855528526 148.74619264432511 142.20349238222735 152.60667581637225 155.37291752865229 150.79585184156741 169.5787089275058 170.4764355738285 153.29337123342265 167.24783923248387 170.80672664778797 172.20737104414124 168.40163936211215 169.43445669219042 169.8015236156896 167.33624868754163 73.842854098571863 75.58841071920159 74.794996011506328 52.656194318731394 76.279856395133706 75.769743451773067 73.712362005358244 0.18715970888797009 77.245275772394706 76.230078486932968 76.873836148524006 74.979374516392241 78.125467484150704 76.358096612407081 76.994537974930807 75.445895834215392 83.770047304732969 81.746355267088816 79.837000380554386 77.514583049002198 77.916244605649922 77.631791744839006 79.204571861431262 77.193308312179028 84.589005948799795 82.732329584168241 80.917491723490897 79.609220248576776 78.986749571965063 78.553250807443504 78.826915015105541 79.464479394841618 108.05146873514013 83.786648338781859 83.59329737634927 80.696052269986438 79.712875424066553 80.080658540085992 80.290009382903776 80.503208941079208 87.171083737243436 88.132340884742419 85.715133793831427 80.186294536463322 80.75530199541717 81.060269022277211 80.069495622555991 82.411645501275586 84.077329004940168 85.902546270401956 87.747144933202904 83.722846808983917 81.260367182669697 83.795475681205986 97.961065434416724 80.88256169634947 83.939915440457995 89.357892068164929 86.049440721199957 85.657417139681968 82.472125067035861 81.532793408629431 81.935456555904125 83.366894776803335 115.86491633983573 86.453485859113073 85.661473574635906 86.920769245747266 83.261422248733183 81.952554607645013 84.807575144187112 52.413911743847514 81.285015823759039 81.735682480664863 87.845598137814832 98.992719320005648 88.40806636047914 84.768674462796014 83.023801062843148 48.183465143467856 130.06603492145061 117.65282154716058 55.083685834991854 87.211984513321127 85.883171578444262 88.485294492366776 84.12364364023891 52.440265412751714 176.38447039668262 125.08911909474915 131.69235430776246 82.528181573571032 87.228389355803543 87.629248183032729 105.29216101043166 57.26705820778092 117.21309688598866 121.21519662260094 119.73178568347186 115.19631070660839 82.244399385728201 85.03809247986392 67.910250537970853 81.231552948895128 115.98166087110577 119.60080612859053 121.57826669883026 83.164377127040495 57.689345244683885 55.451202696418036 95.354973505150468 80.568055171864032 116.26953340004158 107.15392429559172 102.08632986342622 81.321566024688565 98.593328191226632 113.32239715027183 117.88924506089046 96.901686099053492 88.214170177153164 164.90512451413395 135.26368685601119 81.717042992192987 152.52547327248124 68.636841362351916 68.94313664954926 81.248244983872695 135.80167135437947 141.02254609132035 165.76740202755903 153.75602598753829 152.33606715985218 146.53198340470561 121.12347771311534 127.63030256410687 134.77046487340715 136.76650560314371 146.37112501458387 152.17028156186919 150.92240851296671 147.15550252548832 149.56673341507292 149.77498900794188 133.42657731344576 131.32756470640018 146.41798256856768 145.43417723832016 147.11778788818526 127.89250458796002 147.70175666214371 154.48406161900587 145.48937096718868 128.26043907877207 146.62354104648276 130.05554366064294 132.44885333783 118.73753540533758 152.09122372885838 147.34439802106618 125.02615423912189 133.5767673537712 146.33185153794636 127.22428909255818 176.46934895514926 152.57283553402215 153.75324641716662 149.35942474728046 178.65562443938748 127.02305607788927 145.85533553853205 148.77681598536978 154.23422259130729 164.08723343084807 161.83374189657945 169.85925427837481 144.50601145675293 108.09911102421972 129.25202650327233 165.43788363796776 166.44604415515087 154.48087220273746 167.52253787257902 168.74393686355413 144.40482459348723 134.73537034417583 165.56771880691119 166.49064010349315 166.40894747505297 164.16046056671175 151.39813267568647 111.00918590657699 172.34060798627061 171.75936725729045 116.16680201819213 173.9428798137105 168.91516433909428 167.49240705711196 168.39670140305498 171.2524861352388 165.42038365487082 159.60525474893717 160.53098481086559 168.93554119936698 169.9236157714096 165.45241533226732 166.94592774201337 170.83250825358778 167.88494497105236 172.84019210696428 169.9183994458848 167.96044582316281 169.02917487938768 169.75976219730566 171.04051839975816 166.3963797176753 167.63719262681155 176.70593233147312 173.47218722393922 172.31187486639436 171.0737314525613 172.06535365373165 170.14607977774261 170.54908823960383 174.87775921995649 173.07586538956721 172.96873932613187 171.90976378993258 172.78138772429449 171.95615370830407 172.73983637555139 176.86366241210817 174.37691063283259 173.90016595157701 173.76400608774725 172.75572363785827 172.36247882574636 171.68369015653479 175.745261460492 171.56975014577051 177.51900182188766 175.01171084346348 174.74206044118432 174.56151364702419 178.04184618498118 173.47813779081105 173.92265517140669 165.85003772367759 176.76372429268787 175.863782676428 175.52766660152972 173.42882811976517 176.30435652818167 175.96842049229963 175.04890717527277 176.74759476472678
