# Created by Octave 5.2.0, Fri Apr 02 16:03:52 2021 CEST <br1@br1>
# name: ptcls
# type: scalar struct
# ndims: 2
 1 1
# length: 2
# name: x
# type: matrix
# rows: 2
# columns: 320
 123.98792059871138 109.0679661367344 106.66175657452803 102.46250778325545 112.21338016067998 116.31504543917845 98.415615160510185 106.20490218710574 118.48093530431171 116.44584663434388 111.23588355981113 108.01839631550467 115.19272217427348 115.85541643536394 116.9122555703177 115.94195069745487 120.76046028052436 119.02296956575911 110.37640525424318 109.87721578791916 111.79922083725482 135.24987001297799 114.92565305734736 133.76667954342017 130.34426113756751 124.23666505680967 133.01060460809441 130.36256791450302 136.23944276473603 137.35019114567231 133.54264265846544 136.22937322002761 130.70035303996778 122.73760311803471 131.13496141938745 131.45335577484755 131.64603578310701 135.27516093719561 138.16951236559044 137.35053040603816 131.8416982728607 134.08809543195494 133.54655430155813 133.16774266566816 132.5572593461568 137.11534107588847 145.40020607457436 143.69355635393492 134.74861428039526 132.63118109774283 133.95949587939978 134.12835602468741 135.16586867512189 134.93592022295167 145.90529548755265 146.03386931261161 136.154603045622 134.82618381592766 144.31566223309966 144.72403819865181 144.22302542113869 144.49111558089916 144.81862956697819 144.90212149401435 100.18060427584993 101.12546013690773 98.329677078774097 93.54484894609206 98.115412139886658 97.019801544816929 97.254361693490566 76.746411050764578 102.22484741557685 101.05527433225139 99.576714182408693 99.132854802121159 99.466031561181921 98.432815696111632 98.444773358577407 96.744437540485976 104.5142422991655 102.46532575575417 101.29476272923601 100.16322601119273 100.28872498007958 99.424100213642021 99.207147239627702 98.224469636320023 103.48639110004787 103.41267594998891 102.35342012171964 101.16670923652102 101.34175179434263 100.28624896310859 100.14761187913058 99.187778004998847 106.80233889901065 108.26826005386367 104.37727817471597 102.15947391723624 101.38745586232827 101.34971531573358 102.36343299102647 100.28981990919107 108.87115703253335 108.58694086746823 107.32126277311778 102.39685901101139 104.02080587596102 103.53599098219412 102.41304992167166 104.11853223378105 109.91141698919573 108.1006706240497 113.83171177704919 105.39333768071209 103.17657339441006 104.42386945792461 105.09716236870162 103.38671559326743 107.96333693768271 109.32742626194212 108.9895238488608 106.57446439901591 104.29403737117531 104.99763649294142 105.50187584340918 107.8438155234322 109.70949882274287 109.91036332545377 108.6498113309717 112.88396591056022 105.27104351498079 105.22445236924409 108.34563608814894 97.527939634282589 107.15566527539453 105.01539590023812 108.17109165680334 113.86054963022319 110.91795352007246 107.38160113211535 106.29972668822326 98.455948898238148 112.60130388039342 110.63591515451859 106.84721496685354 108.52196134056413 113.0973407783009 110.09133814987645 106.2997732952703 99.454203628027528 112.21800351540945 110.96930913817525 113.41411876004875 106.16067171501363 111.89020696477353 110.38400902322545 114.11726282859085 119.87429835701401 110.44296046672231 111.76931794026497 112.87575427832586 114.00243122184051 115.37244019385172 109.23201410948147 121.76893203448982 121.48674242108598 109.5416012421055 112.10873537988145 113.40648175836385 114.6970064125978 115.67222312272263 116.68744523550362 117.2144609536569 120.21367892914235 120.34075381650928 112.70263998832037 113.7336555766332 114.67797771483256 113.20992188299455 116.27877526881197 116.39976333234542 117.38761916783494 121.29859210329016 134.29673680270497 134.29014360322108 115.61426369499257 129.67732346268625 118.1397955885937 119.20474922524687 117.79766463803539 133.85316234963165 132.90031633808201 131.80125532927528 130.49549402138393 131.56854162846651 129.45477220598701 127.3749939592916 123.84227996691544 131.42943371788286 134.90301615191706 130.5465473678789 130.23485336442377 132.27291195797699 130.96821159989878 130.87771152093231 131.3913570797757 135.13663119005471 133.68715340039682 132.65765010010639 131.3487331039486 129.54382355215446 130.75724626996364 131.82884664273632 135.40663845497951 134.46558526732122 133.34761888345992 133.51135584073256 129.99090483316758 128.13420325107373 129.27614716664019 133.18041158636743 134.24801716084133 133.47376552579706 131.9722363340093 132.55570014140122 128.75964587083621 129.74843466587919 136.23671519463852 136.89737456636419 135.92469786729077 142.29055766489969 132.67260087127511 131.55554932831654 136.44160222742596 137.25618964856758 141.74004039341776 136.10986157258043 145.17546849912321 137.02180481289261 130.50602256120976 131.08606208228287 142.24274255246243 142.96761935292804 140.73948046084368 143.32034953982597 144.2872849028409 135.93017792546814 129.96639526571479 143.09298852757578 143.73072478894159 144.55298729096688 142.7352328693795 139.67307028402774 129.24290221978995 145.48465670403911 144.24690558742441 141.85690276694541 144.06801445186679 145.34145160877969 142.40437611966811 145.62454027553323 146.39001255100285 144.06610353528339 145.49722931848149 143.33778694181356 144.88945735492578 144.64466258545866 144.00199865625061 143.5281846157213 147.2016288504515 144.52717849276326 145.82608846775562 145.72558586972718 146.62537338222552 145.99108297952745 144.3474365482233 145.60124561210142 142.49716373222807 142.5695082448413 146.89983059386347 146.8692380319651 147.20942231509659 146.72414731631358 145.55751546096994 146.21032807925326 146.89235022240169 148.06847049603059 147.70855270091261 148.42094434320168 147.97134868467904 147.69259544348847 146.68383273453097 147.95690085425488 147.5979791254918 149.8096584664946 148.76007548232562 149.24947744524513 148.77325110782826 148.41462080918336 147.31209325553471 149.18408802864644 148.88806173552337 150.77263227356954 149.59476287125753 149.81908884704308 149.45929621596792 151.74085188198225 150.36339820830432 150.07279661248481 148.28707606860564 151.69184042323207 150.29502187693257 151.12579732307819 150.62516367817804 151.97548033285517 152.76834749160193 151.25779664824009 148.72748747129938
