# Created by Octave 5.2.0, Fri Apr 02 16:04:58 2021 CEST <br1@br1>
# name: ptcls
# type: scalar struct
# ndims: 2
 1 1
# length: 2
# name: x
# type: matrix
# rows: 2
# columns: 320
 131.59254883786286 100.85734503591664 98.90035088059561 89.236928411563227 103.205227547606 111.23091893501575 81.438162020568996 93.969708441571129 108.45856846715984 112.95158462351709 102.90730753224392 99.704596149092851 111.27300432464034 111.7152885393841 110.1233825393042 109.97710112327735 108.1860111750124 109.66396011809098 103.1181266454992 103.81892789577498 104.91596863064539 139.87878417162506 111.17228235697499 140.04984431514285 140.29958072184843 125.29863751943776 140.17753760764793 136.69786821274516 142.09914271679548 143.06290749226056 138.98215432113329 143.02368267515115 137.51345363288038 121.10541125764408 141.54777543808254 138.62684193378692 139.65623206606588 140.92572351595831 142.27673186724769 144.06278153593917 140.59108804238906 143.17844568566048 135.56557614444213 141.71211053310103 138.97082083951065 143.17482311924113 153.10874823738934 151.98668256211241 140.86488668328388 139.43533952293475 137.70701833868856 140.19567488877234 143.80575181462305 141.15708216706949 152.82178277381601 154.20245008513004 142.00816900484867 142.61927508993585 154.49136145157044 151.81302838105103 151.21615851928777 153.47236751315731 153.03678662145447 152.19285984877843 88.744675637189374 91.353779719890142 89.946983431155715 79.233819826515827 89.391689649008995 89.101969895235001 88.022281387973138 49.819661284886976 93.361500438269502 92.240108613540912 91.277091355300442 90.138209309167451 91.655157240446513 90.604919552562194 90.683913293394767 88.313106752495074 97.64310266161452 95.566068132486464 94.589112782330403 92.265205920895042 92.753800832367403 91.902905329909856 92.576560280843651 91.398064453302567 96.959237909536981 96.67304365659561 95.672862195465498 93.777095103802225 93.860633717123747 93.043157862724769 93.325244332199503 92.234199413278461 101.8058310158837 100.71258784872198 96.437691565942117 94.77107815845747 94.175441989889876 94.186447539968654 95.151840811676067 94.263537743720022 101.01920870732266 102.11304859534528 99.729194989108962 95.16671377136548 96.188480982750463 95.12297885688713 96.298859309559305 97.331586176085708 100.13014439615283 100.92499801765429 104.9224346454579 97.79178148655906 95.952718504942283 98.226919520451588 108.17789827667451 96.233189495429585 102.6929259970466 103.31034857506548 101.93793433672452 98.738216708492558 96.858146940079166 97.098312422357822 98.919076679043428 99.85868853818927 109.21488657583981 100.98968065233954 100.82472820486271 103.93001831112943 97.958259460171973 96.932207477158585 99.823189592203533 82.068386203656644 97.528425795646626 97.856059167759241 100.22564831880757 106.73498037676836 101.16203170095254 98.597906858152328 98.013878846388565 80.860579584068546 119.86195602465983 109.08876865109281 89.458149631396907 100.9910859140615 105.19046944253355 102.02402571307059 98.990593207100574 83.149253190351288 110.80414565198843 109.92849639756271 112.23376406817309 96.745079512116718 104.1607803481009 103.47397585723039 108.99024471858915 107.22450806377384 108.6392934658375 111.17525584624059 111.3993102804333 111.1847806131251 111.25820496334053 102.25219258257236 107.91970016932579 109.63775855172902 109.70038401804402 110.31083340105393 110.41430491127763 109.60019361822914 111.57795290267917 110.78235629053346 106.33878456888036 109.11129296267222 118.17323074519449 109.36077144178071 107.73945901606054 110.12219972299282 108.38344956578705 109.00351128073717 112.54273855756179 109.37736957094378 119.36997808348805 144.97227134892654 137.76266310233399 108.27915569849215 134.99144200393579 107.61189824592554 108.79697708265005 110.39975060318397 139.03054528945634 136.63302712934657 136.62083640390662 135.53807663360871 135.44557908482111 134.44614321469254 132.5605277921876 120.24407288808693 136.23352184091669 138.08466766588737 136.0439663152172 136.17733412298108 134.43536409517807 135.06139282102433 136.49381023921615 140.09890468749126 134.85166281682797 137.62965280943641 136.69097724227311 134.88861375533483 130.08260851224068 131.68325110319137 138.20438208901791 141.60197784835614 135.67694308982996 135.95404725878043 133.50051663072119 131.35833495150385 128.43403444152415 127.22620496970401 139.43007046141989 136.62644192958223 134.84825357715474 132.44937038321854 134.46918256777266 129.26319402799459 128.90763826367674 138.92184024319499 140.73550509096864 140.61473041339073 155.01833103597042 132.64423567112075 133.52819328745937 139.62898344325677 141.34870722977175 149.90556443385324 144.20666002477648 154.22045839923609 139.42063785608408 128.00509230433283 130.90013121823722 149.60029113255584 151.1568319601264 146.21856611864413 152.60547779159933 153.53360215962226 139.11694354143449 129.7436020431156 150.87613891531265 149.1825684992366 152.13042906992536 151.02006379681688 143.74294639465694 122.86110151016743 155.01455411408745 153.74595271061017 138.00770267031999 157.04012322276478 152.84495022792768 151.64998503096606 153.80649853583753 154.91198563272138 154.69496468789657 150.43584604901031 151.65510735569595 151.89275853679493 153.9446830345548 152.05934861861715 151.83886885692704 154.07915235065275 152.92152626435794 155.01074447088899 153.13387141215941 153.31354311841085 154.26571571523124 153.6045304152515 155.22460722095371 152.65402971093971 150.21876318254661 158.11811220085687 155.86637295433346 155.24963295569259 155.11524183894903 154.72921022775424 154.50520411116784 155.55765574554599 157.33336244276435 156.01709734587396 156.60446800708317 155.71007992952207 156.70479022800322 155.61791819069413 156.7565979858648 156.00371443294154 158.43451149144872 156.49176577764399 157.60192972378746 156.74010734453751 157.88100392729694 156.54480565404069 158.06768994721483 155.30549337628298 159.57141175713352 157.43248793576149 158.56081127077178 157.67390895714036 161.21425043043038 159.05328946546896 159.53413198224476 154.62239942825067 159.15935880601251 158.46405521737015 160.0280844589137 158.44043852321192 160.95586486695865 160.56376867597695 159.24114219484798 160.41644442439105
