# Created by Octave 5.2.0, Fri Apr 02 16:02:42 2021 CEST <br1@br1>
# name: ptcls
# type: scalar struct
# ndims: 2
 1 1
# length: 2
# name: x
# type: matrix
# rows: 2
# columns: 320
 121.50219250801509 116.58763193528468 116.01326394183617 116.04650903149694 118.17637961572264 120.28173952413768 116.10435772110952 118.89091887066348 122.14492829255998 119.64372119539217 120.13206367785726 117.58434224517404 119.91080514118831 121.36207660929139 120.94113897076744 121.94865842054409 123.76742343836754 122.57164334525153 121.04025468761475 118.95297406629844 120.13990165931196 124.82629077932697 122.56653681780624 125.47506570605033 124.99577939828519 123.38553057802305 124.55714563391429 123.25760535196427 124.61697554767022 127.28043374584867 125.82821385937069 126.52970747616287 125.96546783830094 124.7501398913649 125.92997792093072 124.8960626736517 125.67936370830544 128.49588727837437 127.69096437735337 127.67362143471665 127.07602882966113 126.63675808744648 127.60682989193701 126.97346366694056 126.84842044006911 128.37068319080234 129.57282733129628 130.86153110534622 130.08067668862603 128.6337996451966 128.7021157169456 127.7739795373782 130.61490468495418 129.2584775024294 130.5455854864571 132.59437557485518 130.93911648083932 131.64883798359259 133.21249834509806 132.40503959732845 131.49482995675191 132.6176290591095 131.58037385124044 133.31471061802728 107.80764538071845 107.7803961302598 107.65760295539866 106.05024484622275 106.46487048852778 105.85779747929213 106.345081464188 104.3944130425096 108.75205656514407 108.61722934123586 108.4875540251406 107.23633772689581 107.49242180355157 106.97835097742217 107.43135223748257 106.71600290837067 109.49308786569316 109.70145095674913 109.77024053287869 108.47362619736148 108.58466106867438 108.07668691326344 108.72636548299371 108.01879552704969 110.52088713270311 110.82250214197168 110.56979791625943 109.53846085876341 109.66088983395348 109.26892045105301 109.90269636174044 109.10294094234477 111.71865676358441 112.86484466869634 111.63762761792401 110.32518916405304 111.04314928998024 110.4766967322298 110.89855104069285 110.23880415105562 112.66279522389246 112.84647529343118 113.3224089120324 111.37216551437422 112.61278286024158 111.53903381986512 111.94068804374356 111.28870183887632 114.09389749447367 113.79456762449269 114.2432006172844 113.33906291003555 113.69711200223131 112.64296802642136 113.10730877006127 112.42740443502214 115.2304350254449 114.94316881106525 115.39101758070426 114.11502372392468 114.46039253017906 113.99432483135891 114.6422429536408 113.55070687275565 114.5862565527456 115.99103494431644 116.62736704490101 115.29070957197158 115.70211184406885 114.68317086387368 115.14606084512799 115.05370700816694 114.6629096959376 115.46715966164523 115.93075264979339 116.69660491276184 117.84215763154153 115.90534589945798 115.64812273252144 115.80202727368518 116.76485736583335 115.9861690079384 116.60395079794941 116.96023837649926 117.58045878761168 117.19946700595747 116.56548436405321 115.01675502550201 117.80352062625144 117.40687378069167 118.67914390001063 117.28155599260755 117.4200444817796 118.82850327268493 119.507403544306 120.31214901003119 118.92201975367925 118.88871777047386 119.75804740776199 119.52091606582984 120.42796503978538 118.55443886024031 120.0729316952131 121.00815048807434 119.77680231541274 119.94201277582199 120.82091833055982 120.59454547537862 121.51959523196641 121.08018962193525 121.85909411755205 121.09180547393771 122.51303262995818 121.36913630129942 121.96413192489675 121.59070128508866 123.6891838023639 122.11857403950135 123.81092151115428 122.15962207395536 123.79985047178383 124.40068533206411 125.09722806126148 122.64210602979411 125.48837797752378 123.67315199184391 124.87826702709505 124.15845343625395 126.20910145914019 126.25655738570107 126.31354553362247 125.12161605790632 127.02362715503317 126.11286142987764 126.51519621664102 126.0860038981878 128.51099561534372 127.30940765973271 127.23391990387644 126.20007271410604 128.21447731945986 127.14247139907116 127.29942158728016 127.41364898303328 129.62070867683667 128.60536629803062 128.25468818897252 129.28231273973603 128.96799486037037 128.87261021676727 128.4103912389489 128.35715585690789 130.64282238665976 129.39519343791318 130.46062248930639 130.81319146967016 130.26460632990279 130.02191736266184 129.44500859985189 129.48829190101799 129.62958158174729 130.58983327181255 131.69987579388672 131.35810431047545 131.21034580134074 131.3072167977418 132.00486400596807 130.85844986458264 131.42571254879351 132.31464747798557 131.84435650053038 132.37658505315108 132.39002245351034 133.8926263365415 132.11561613088804 133.60784513365141 133.42533796332236 134.18788987287348 133.02723380154382 133.34050034527783 133.97699278708208 133.31424037011126 134.43377029813016 134.21511788554182 133.75819528786477 134.13541237477853 133.86139212712135 135.057119574897 134.9742891074275 134.56349260696953 133.78822456637397 135.35618475333465 135.93940894084483 135.14715605262367 135.13952280399519 135.96833497413991 136.07740017648752 135.39672082599594 135.61895371823923 135.37983985395269 136.76821140354872 136.67747654454385 136.37054292873378 136.30046044660313 137.10717121785561 135.81614143910207 136.617509719233 137.4105574217819 137.75062324641308 137.55721967869189 136.97687841537382 137.34885378481965 138.42820261910512 137.77480261984883 138.24461238629408 137.30264963906137 138.81672048616849 138.66067622845281 138.17943188973777 138.96256816506028 139.59687370944326 138.93957534383952 139.55410655077543 138.91191126625631 139.69536732849878 139.29366941821777 139.72454773536427 140.25327407077256 140.71182787625364 140.297184379973 140.72367360610798 140.00481602887993 140.73250102309245 140.40076071347414 140.85256905000958 141.31921877546733 141.79098297683271 141.40301914634583 141.99218053062344 140.99424834023949 141.83101712916468 141.50115515462153 141.89399214821825 142.43410838781261 142.94933664419747 142.50007660891168 143.12036398946319 142.16904991030916 142.873723073626 142.63583572830478 142.91478793557775 143.49233992837043 144.08586289318225 143.59557972770747 144.65110758887187 143.20415407395791
