# Created by Octave 5.2.0, Fri Apr 02 16:04:10 2021 CEST <br1@br1>
# name: ptcls
# type: scalar struct
# ndims: 2
 1 1
# length: 2
# name: x
# type: matrix
# rows: 2
# columns: 320
 126.09277305776016 107.25748734005224 105.19932032319153 98.801856350019207 109.68636704206847 115.8804138620565 93.947512046138044 102.81837534682384 116.377031664881 115.47868482777575 109.27305617846032 104.74306596911738 113.33576824606349 113.62953637809557 115.00688147358012 114.78812844792412 117.19952124863791 117.4059660906145 108.50604226765502 107.60865519068007 111.23009683268785 136.46356431625571 113.87777424294444 135.66618030282368 132.32280155808132 124.53060386342995 135.41995246043882 132.11608853276647 138.3587604623103 139.60291025553951 135.44055883613743 137.51575246680605 132.45338534081168 122.88493717340356 133.63123463592143 133.60839463629438 134.5247003077485 136.51087312209711 140.55483554621446 140.8332244505871 134.55062623308481 135.90538254765835 133.45573086453271 135.64077799765414 134.33914020201564 139.52130983727344 148.3293788949338 146.36899215082931 136.36663399443529 134.36725026795528 135.45836743261646 135.40077262585385 136.98485078613413 136.82583671576117 148.3131798536543 148.46784123919863 138.58109550146528 137.18147427674776 146.77961572405613 147.16991142914284 145.74088449842586 147.10332249504586 147.53464989795438 147.3474853092041 97.869700133545294 98.72995554427456 96.817842088265877 89.583760529066495 95.827305380585997 94.444905651144552 95.190445220273844 69.293471383424617 99.946126367683803 99.054914394128048 98.127618768577193 97.049765505420822 97.330397074108348 96.30038858869294 95.994186387409997 93.781956142235259 102.62799699841034 100.31732038904414 99.248182847844973 98.388577678534588 98.168714540340829 97.072051304737244 96.934784046629403 95.587577500751095 101.50506316349114 101.37556045561433 100.48184825003736 99.620220327523882 99.132770836335268 98.004398255621325 97.842481131290143 96.518511830796555 105.89350014556339 105.20257585122549 102.53843142518357 100.70071295771153 99.158242279146222 98.942974038105902 100.07495121791442 98.016761994246281 106.26607367040756 108.41601711932147 105.01835058624316 100.37228326106795 101.54223199233492 101.19669454802099 100.72470864491792 101.66029182341403 106.67431704962043 106.36365629979061 112.72827895504635 103.56795532284733 101.57795967041231 102.96034060194805 103.98463138087122 101.87008006554709 107.16551351753785 108.22518249313167 107.77074981381008 103.91027677643633 102.61716754852199 102.2822058003256 103.507127834179 104.54997890564938 107.39743750664586 107.41321219702746 106.08977708191343 110.41399360168612 103.55155932304382 102.49859392709305 105.85079890592222 92.978357444719322 102.87590788927074 103.20226024333635 106.14982931909917 111.69927366291853 107.5267198852589 104.78746759150881 103.67736236068271 93.585802034494776 112.78167297126392 110.11783586689927 103.01624355561187 106.02301349378585 112.13867839240541 108.63850596011063 104.58190284832149 94.980811545752687 111.78370593036557 110.27677483213425 113.10456599700399 104.01910539903055 111.22642034064638 108.57115072805692 112.69817745885824 116.10516339891325 108.93962615485093 111.0401216969213 112.10701033425423 113.47529310788991 113.69399667968912 107.12866247714139 119.31521043452103 118.42935138870756 109.27347640570416 111.41118777746949 112.6448328598688 112.9002543258265 114.04096832877016 115.43651277912267 114.15160908580113 118.5749281509068 120.56140584574304 111.81020897251157 111.28079549759703 113.28514715529222 112.34230982534503 113.25832336739217 114.97069136858794 115.58443001920187 119.94418784347953 137.25157225746273 136.52533628337011 114.45261397675536 129.91462020974748 115.23797153112234 117.09583434481816 116.7092200609965 135.67154643114384 134.38954357390222 133.12599638515033 131.2267504391811 133.58578175044963 130.72860009916167 128.81027564518246 122.24724620515572 132.84141926304105 135.47090205343338 132.56745479759076 131.77620493625759 133.14205109741263 132.57491651326038 133.12965764230179 133.51124684435032 136.08588795128236 135.28620084570954 134.23818540264142 132.1165449458353 130.14849536653156 131.34797738400061 133.53140946262033 136.44588931118906 134.9007796099323 134.02221030466706 133.67013137441137 130.32593093080951 127.52845386935783 128.2266271804541 134.01069663565568 134.68580572034099 135.02267037952024 131.55346534888994 132.93758635042465 128.76030273559121 128.15725489956938 136.06847967987409 138.51231868927107 137.55682593067019 145.8134235086782 132.43565187720358 131.55831007424783 137.52097290403887 138.19790346530877 144.21542219525386 137.5243928405007 147.01363236949089 137.85224832401192 129.35432186376903 130.38948257111861 144.55857712847722 145.57759368906844 143.03684169489557 145.46326753176339 145.55658914006614 136.6457483289368 129.27592862478963 145.38159603593516 145.53532398506465 146.49832501405274 145.47713327270651 139.30177169089245 127.47651095195025 147.32950381488172 147.66899848131618 142.95158268926309 148.00308578946613 147.73980683982066 144.67518887967771 148.23427569891183 149.44577874815235 146.02737076997425 146.86506669951956 145.64347404187023 146.61768524722822 147.45780918462017 146.69715484323211 146.43578652759035 149.35988772980303 146.69163329177834 147.97216101989653 147.46681543870196 148.89264957923319 148.50359602631451 147.10407530293551 148.04925001765096 144.62602756381787 145.02081572127588 149.82974452149369 148.71802766106231 149.57943300939579 149.40551274604655 148.09062653013979 148.025753050444 149.02304551029994 149.75509600661024 149.84866776475818 150.62763812988445 150.51071485453366 150.22132702020048 148.56801402841961 149.79071259608847 150.04837707425338 151.95174490040091 150.90365074974778 151.45778677514761 151.4578241608105 150.61172085362131 149.50130741420671 151.69296641977115 150.41906044067883 152.89375597259954 151.81417905258277 152.54582795354855 152.08648072516607 154.00074291183549 152.73356782903073 152.23568297563682 150.80989469615702 153.14757716372867 152.5855872519721 153.56254198693352 153.17361066993246 154.26262405743253 154.0680166191448 153.24400226858262 150.93599315905547
