# Created by Octave 5.2.0, Fri Apr 02 16:05:35 2021 CEST <br1@br1>
# name: ptcls
# type: scalar struct
# ndims: 2
 1 1
# length: 2
# name: x
# type: matrix
# rows: 2
# columns: 320
 136.03984869083956 96.364941172021588 94.988002118681919 82.387967665508327 99.047560581964333 110.03624313411139 73.356207392949372 87.633625966204988 104.17049362511419 111.14205608219608 99.953943907807997 95.953859110674955 109.12356156576743 109.93192875170001 109.08244400828289 109.71190555473227 102.88146205475979 105.03729976682197 99.204970948017404 100.1063561672805 101.0564460560403 143.54647709611248 108.98362320554439 143.20297430365665 140.66043978639581 125.84858754472731 142.3640078683342 139.97864872433485 146.03896388441532 146.70411984280233 140.95121654902616 148.48499493297047 138.5096524541573 118.80793302482915 145.68621668683562 142.78575578803441 143.62908957603941 144.498269448288 146.32842066366766 146.82721869314639 145.24486887288498 145.88211067712874 140.03911919637528 145.73888799574962 142.53289411343027 147.15283335668985 156.89637713612467 155.7725705381682 143.56732673502034 141.27752447942834 139.73543390490869 144.61565284707521 145.02428388010208 142.63582677574428 157.41356290796162 158.06266812801408 144.07227151177224 147.30549818116995 159.38883102702351 156.5472918906097 155.42854395449183 157.30536385342447 157.65142089507123 156.51063056045965 85.165888210518645 86.953815387005392 84.761000324120559 71.822751175306706 85.607571882248322 84.385510201166824 83.616011145822227 35.875451584698411 87.847690729633086 87.956137494791108 86.763963113708158 85.742210337488601 87.821115681265582 86.856816458616876 86.206415625198687 83.110219261160537 93.883580996433096 91.796467994575366 90.73930275901354 87.823391430928154 88.761844099210705 88.180535367149957 89.179452832811222 87.161346896277536 93.872288060464484 92.843600934688283 91.975757634398434 89.649785751774573 89.752515818522568 88.962483015652211 89.201610108483109 88.126598469834661 104.90020187430459 97.13824237976948 92.933960947380058 90.798085770456865 89.960661809880023 90.334833319261975 90.169663479080853 91.798840596048649 97.87979534249348 96.777530142431459 96.190357046719598 90.841845309148539 92.194337760964657 91.107818997704427 91.218223788319989 93.392717752014363 95.661284638520996 97.111573184059594 99.571320656745229 94.00791071081666 92.024199555889524 94.224372961528118 105.32876100521625 92.297410973643665 97.000772178011346 97.582563981297639 98.729158979415629 95.069535970893426 92.885799266644966 93.17021681687379 94.526700665387779 96.090146679440181 111.06922179849252 98.092269744869981 96.722934074321543 99.146651064150447 93.914400916956751 93.125520627529795 95.979285520592725 73.452096186370966 93.159524277833711 93.531499026969385 95.971725695079058 104.10063949785645 98.893981664175399 94.967928741628867 93.976278637420236 71.748691903516431 125.80788239422048 108.1477327041069 79.872962611245498 97.304341144470087 98.266459633023047 99.990724686969557 95.024189376182235 74.606127241701543 111.10801521751574 109.14759419066603 110.61924177677419 92.44969642717821 97.498803177159886 98.173040107390321 106.33518176876684 101.72861601734286 109.76696497821285 110.07484319179159 109.58628158101432 108.01168205550725 107.78021866461363 98.017749915378673 102.29142436944898 104.01730442218511 110.40254087257016 108.60202742681932 108.48128694948608 107.36648406136642 103.33542772918615 104.29263196881513 103.83853979050231 105.17171950327482 117.87476878788405 107.43403474344916 104.86962147406263 106.83512534000877 106.40508001553849 106.26607479297536 109.17378665512534 105.50352469562245 117.54722619004123 150.50067316750557 136.80622618529401 104.68833483498484 137.71571455995471 102.90857072260684 103.45851747521479 106.30519268941316 138.37552232318163 136.85881234916695 143.70434448748506 137.72178392527269 136.27866084275053 136.14466663078557 134.73670472652509 119.83295167023485 137.61892962415632 139.19775728750776 137.2422163039252 139.70873765515219 135.6181336561566 138.01709555839818 139.97933599598016 141.6790698901838 134.56046450013022 137.44462161687662 136.07285343419531 136.88870624319975 130.50182792457187 133.77239709068942 141.12689098332774 144.45267538552068 135.788703953067 135.07345765159204 134.54839451754984 132.78556201027178 129.88041768946414 128.8736838485739 144.27687591683519 139.09534712561731 132.17251183698986 133.45571292721729 135.63134508206002 131.0480942355143 130.80919794269178 142.01592451172772 143.58146570326321 143.1500292852071 161.60949938884633 132.83742437542716 135.19167426792018 142.11263280074056 145.08970550473558 153.55678084911855 149.46604153890507 158.50726030633339 140.37071295521332 129.99333248046011 130.80564940837797 152.71383148868694 154.55163383825305 148.52247839209323 156.96784115998207 158.10701934981788 141.05941060508343 131.88200031710957 153.77963784785476 154.27488567061934 156.84595307470209 152.58770105907897 147.90086280082051 119.55624042839702 158.76971487104208 159.84506680122337 131.91745152693818 162.38667729229277 157.98792427351046 156.03462495480613 157.6887860237631 158.84696863757085 156.85933970676868 152.99270039802838 156.36249053661501 155.64100225410618 159.10566332733117 154.87166242499052 157.02427559619255 158.5079071991143 156.16909156942552 159.71606740469454 158.95819444948816 157.32772554731778 158.12291756550525 158.06528829746526 159.59736845032958 157.17216012288796 154.76974853539775 162.60650044386051 161.36690932658101 160.06013673809642 159.97777284645284 159.14966295975583 158.39298928865713 159.64331739606084 162.09671346519494 160.84535662658195 161.11480936080417 160.34603416077462 161.68493696500644 160.59259750006143 160.36093376338087 164.17376642593246 163.32040725323256 161.28597390875731 162.10868035630173 161.36575740785293 161.90833462097095 160.8074780308996 165.1991622855474 159.29425612522076 164.71727095472218 162.57483093807255 163.24368667225809 162.51415145997925 165.43240407146416 164.14739820052066 163.97729115050367 157.75318318370626 165.19228250229716 163.59607677647989 164.34069994525817 162.8126829233984 164.40244377374822 164.8930665750847 163.67795255265833 164.97963933277683
