# Created by Octave 5.2.0, Fri Apr 02 16:05:11 2021 CEST <br1@br1>
# name: ptcls
# type: scalar struct
# ndims: 2
 1 1
# length: 2
# name: x
# type: matrix
# rows: 2
# columns: 320
 133.01841663270534 99.230785016230499 97.414262739605206 86.757132279370936 102.17459523085803 110.50747456119193 78.303769884577065 91.675609614283388 106.43034386834256 112.29641049648707 102.44863205297396 98.150488967315198 110.4947578084967 111.53680872058715 109.34168687737423 110.12750807058504 106.48444019620608 107.44148234012903 101.9133122389896 102.78088850931624 104.01298831505321 141.31423061921657 110.36207300180007 140.81213376862149 140.15863388066123 125.49775735618053 141.30523923531894 137.88573701866557 143.2199468410154 144.30898737956065 140.30034818981707 145.48846940109465 138.16185464082918 120.61265911645961 143.38954524202754 140.33549590510984 141.13146612944561 142.27908769200204 143.55471295024026 144.97040820397223 142.07826005516216 144.60538145617866 136.73388138729666 143.37332689432478 140.65217674679482 144.77355354547035 154.12428585858038 153.22238734178899 141.59130885956438 139.78525733136613 138.75436324548667 141.90905626446678 143.63866471704972 141.42489450013676 154.49953659024192 155.25025129827759 142.85736836260165 144.91316859614281 156.54551062378101 153.75502754163341 152.59945638429886 155.13924623032233 155.10390304421125 154.52765907353549 87.162461628387561 89.13990822046506 88.194705948871714 76.550501866595283 88.511310415455384 87.340020547739215 86.43779608951904 44.77089570378422 91.510010816966897 90.391212412407441 89.679462085929018 88.182671020290499 90.53966710718484 89.610582950354285 89.574843229716123 86.484783402923611 96.138153480963382 94.245413762855705 92.58284056297741 90.733720650200809 91.486829653779651 90.717524041404616 91.861278511818483 88.978440937279231 95.971966445250743 95.266294993133727 94.45492259856421 92.367529005049491 92.521035719877602 91.745876701618357 91.432303675451834 90.305284050821314 102.87297924264364 99.416535220235346 95.096629585742718 93.419007422949861 92.701331939312468 92.614587173449351 93.703074494030858 93.757167875202242 99.449609439605723 100.3168212345155 98.119823744869691 93.552660167049865 94.729549654667267 93.831152175562409 94.863442049290441 95.760076409982446 98.8350158628012 99.172679584316455 102.58613600800081 96.393809210191321 94.443673873325807 96.861827050816089 107.14612591268013 94.746608746288658 100.51089261519311 101.16177403891815 100.52402998021323 97.120121530626975 95.494065656982173 95.869273864570943 97.591094690559103 98.454017111648 109.88628381162786 99.840898471146517 99.645252499061854 103.3031534116362 96.55554756080268 95.703437275959999 98.423018173410256 79.05431361816359 96.187173245580667 95.162730074394304 98.729299256808545 105.84545466106853 100.21152766494548 97.135319787476732 96.857445242807927 77.561447837661746 122.01479143432834 109.02035886464998 85.987650882721397 98.688972534709194 101.57693087894984 101.40785081759553 97.594017204515183 80.158600972790509 111.01352462101552 110.04697647785549 112.11073563525403 96.076803575989572 100.75053657850574 101.55277514786938 108.02892882296383 104.88239274176274 109.20089343816893 110.88235566590666 111.37483487155482 109.80359226658288 110.306650693058 101.10621596493471 105.46571168074993 107.95918787145106 110.28102189426068 109.84968877712204 109.84868203784951 108.77576172403188 108.87518300618018 108.79681599958624 104.90221928024057 106.23552897143372 117.9077705573967 108.70724174355695 106.68487072005769 109.08672980425047 107.70928559698584 107.7327907269358 110.76735389643672 108.06523070176868 118.86741256670132 146.97393407634308 138.27066097285532 106.90588828825568 135.73278644015463 105.74094144679951 106.77874335655775 109.51064926677118 138.75120420373889 136.82731318103654 139.01869257723769 136.55607414437767 135.5131957867583 135.30248463266403 133.5328153858556 119.75612522816762 137.87952425767625 138.84520256117898 136.67900632189506 137.63394474690719 134.62008568319806 136.79574049534509 137.8362735619649 140.56200347989392 134.82544689560305 137.90995254385675 136.90604167408853 135.82434298370089 129.93205530835829 131.62982008924979 138.69610341455649 142.45619143869487 135.7032473817699 136.00032948654282 133.56626558847728 131.35099509139133 128.37821979228971 128.03568580879548 141.37063620360729 137.3711772416037 133.87945053330193 132.60702485774698 134.55488705163361 129.64623369606477 128.82928478993443 139.48387742483072 141.47457162647734 141.94401499933807 157.40478854304618 132.54303518970531 133.61359966034325 140.42069161158511 142.49897690689224 151.21230160129576 146.0480389811774 155.81240694612265 139.75499616706392 129.0726781789225 130.28340558971666 150.43283442323013 152.25004605096811 147.05274125213433 154.36538721304385 155.34667759740165 139.82988497904674 130.85191721054949 151.40625638427159 150.47727524207826 153.30629336151682 150.0867010397499 145.41016261550507 121.66451387711263 156.41284609105008 155.91558783362919 135.80261173909554 159.19423007393951 154.58592968330331 153.23665609385387 155.61730862922735 156.74988720890764 155.49079431136377 151.36160365813754 153.18906083122005 152.58105949852529 155.7125332376188 153.24727779800091 154.2414025751408 156.11341896872202 153.71513897702033 157.0125098934638 155.06886273332947 154.75963928046608 155.90914643563517 155.30504236763477 156.92813547941199 154.38790316958278 151.84094469745492 160.14622788713157 158.10249335727335 156.59372520497558 156.9561638350585 156.37675883430154 156.26893559477222 157.32076227930213 158.86952473131328 157.67509020691202 158.23437490618667 157.4847149305408 158.87985726980563 157.69559908894155 158.4825106821103 158.76736594484754 160.05819157480897 157.84658239423715 159.37557546806656 158.59050314662781 159.49533610493759 158.04739727808217 159.98826344515871 156.41694620126856 161.07100736147117 158.86304141432009 160.40840350343103 159.62706333283435 162.67163671772059 160.85131135708878 161.47518158920809 155.75595906384666 161.20521655034514 160.00211985635761 161.55052098823111 160.06665948396778 162.28417860174167 162.49821285740319 160.71274853030067 162.62911410089097
