# Created by Octave 5.2.0, Fri Apr 02 16:06:03 2021 CEST <br1@br1>
# name: ptcls
# type: scalar struct
# ndims: 2
 1 1
# length: 2
# name: x
# type: matrix
# rows: 2
# columns: 320
 145.83932512224374 92.956910654583965 91.936289670610577 77.192204340914955 95.242852872205077 109.25642799830952 66.543618494874494 82.826942709030675 95.90479996934566 109.76931029222841 98.504893522934708 93.034070234309965 107.49294981765695 108.28688485289135 107.97417024128615 109.14820945332715 90.53177884706102 100.88688733843067 94.658327447486045 97.287895555860473 98.373381691044472 146.27033274142244 108.1551726906673 147.97535314529932 142.19755559001138 126.26579101218834 144.15307628723829 142.46751669864426 150.59155317264418 149.6068215983062 141.11878394934885 149.77362717973546 140.41628653642184 119.39028721448689 148.25600595279292 145.10238565424521 146.16010824671932 149.27097625069064 148.10442558196979 150.69967165747698 147.27694296868702 147.97416436507629 141.37399691962864 148.68140189755977 144.13225945824701 150.64310107908423 160.4259433587481 159.37272817865622 145.40562544629145 143.34318318315448 139.01053382300185 147.27794912262115 147.59328507794399 145.4586376156459 160.24093836376721 161.35947863075421 146.47155181346668 153.62070814585135 162.12382602248363 160.00326600076818 159.1149635816497 160.06185095515656 160.68769378937876 159.65649710341344 81.23087124068374 82.41466508261648 81.846460697964176 66.200561164044615 82.828179781154901 81.197343581557675 80.62944204893229 25.297085605246007 85.09948380023063 85.840292226316791 83.621972952896485 82.546527390776362 84.867125931731024 83.749694217359846 83.911833860057527 80.121949764981991 91.222888446193934 89.030555478455312 87.901817685044946 84.847320777206534 86.021571292441124 84.960132475883313 85.887700869420769 83.939943040017766 91.665433103189685 89.999873058956851 88.669221590637889 86.826950140472391 86.863805266690846 85.764621031978933 85.986011040194441 84.921196216210731 107.32558687051062 94.164878165465339 89.983786507697744 87.719651994938133 86.702060028484297 85.936682179112381 86.883932211235333 89.799112956341247 94.797529918860462 94.369176379965879 93.259865929788617 87.835033009522164 88.9286787565471 87.967374241537073 87.168342756441731 90.759725549460256 92.250955109560181 94.073591717698491 97.3855786387808 90.962153745375858 88.678250084135698 91.705869527234952 103.16757030444839 88.52944686269754 92.309417491236644 95.445046974593041 95.120070373380386 92.347054466453116 89.636695364914459 89.623361493398562 91.816563038099787 92.709254110149487 112.4759588639532 96.12011097773258 92.936326156925205 94.087677143732876 91.069727638131994 89.855520814406347 92.999017295844837 67.769693202946158 89.120144883359188 90.257575770087641 93.173655902898872 102.02572416863127 96.377406234577947 92.151416138400663 90.779969693166507 64.836225387235515 130.31858515733546 107.75710564836992 72.601441423544429 94.517486263022874 93.594464887095612 97.608713185323069 91.995509796873478 67.952493155676933 122.56119285191777 113.16072502749007 115.8755625228855 89.909392721365052 94.070492821370792 94.331388516760356 104.32099608269475 91.292466236639456 111.18642190446475 111.7164472635497 121.24230253901663 108.64689185836671 102.55235343444812 93.314026484209435 95.471199024335277 98.905006450906313 112.33112161718969 109.86946079931647 108.74074862246482 102.38564250212504 89.339065339719014 91.461462503280572 101.94568271367325 97.885140576037799 117.75169746154307 110.86047977954613 104.58007881264588 101.14223133919957 104.33772721555685 106.90531265276709 112.1854927869984 105.80748636448072 113.47616808406558 154.6946331678069 135.47538155330204 99.89400490755709 138.58094152478921 96.727423803868191 94.992052824536955 99.796261006966546 138.35447353655621 137.06479845659453 149.27647108345491 140.01824735149901 137.70983785134013 139.09452742941622 130.81031749512471 119.78073061526101 137.3382887799342 140.13347634042 138.21418957983167 140.24203918915876 137.77865674540215 139.49891447477151 141.55872189474877 143.10352828341971 135.32690018308213 136.53237563090795 136.22622425778306 138.90022099028883 131.92247928541855 134.23034071063449 142.52870883123765 146.46369733952889 136.07639611938734 134.14186937980702 135.03442585685221 133.17377060955548 132.53364498193429 129.4259939553167 146.21193759073512 140.57710037874594 130.14263879272684 134.06173357132059 136.70280352140813 133.39272117359837 133.67813699221091 145.81904959126834 146.94149234457518 144.55704076107051 166.6096960703384 131.32423867793821 135.22719265901182 143.98119459172261 147.08860866027518 156.8424730547392 153.30889969545493 161.39843108274425 141.29631084858573 128.61783259574156 132.03327434792629 157.00763421430398 157.58998660327518 150.27027390988221 159.86584993755096 160.93519942511327 142.32815504209427 134.3927714709572 157.95092929698924 158.82555787043515 160.56260220219929 155.94900873009342 150.63410430663131 117.04910443532981 163.53784127867863 162.55259717449999 127.29726100437267 165.99970423387472 161.65399870909607 158.92642111676841 160.60280190761196 162.28546757054244 159.52441854380695 154.93238300762829 157.79977938472862 160.18436682128061 162.00438560613568 156.57697624803808 161.05140611132879 161.13736693183697 159.90672140569629 163.80400691696704 162.82884594495448 160.13349004698733 162.72868180198833 161.28913159092633 162.62641926592343 158.54300461024778 159.00757230901488 166.95299960514245 164.89053019114354 163.98170796988126 163.29803142693325 162.64441959450437 161.87909620081197 163.04902037373043 165.82487583083127 164.3472740030881 163.67472534374753 163.21840706347294 164.86594218299493 163.7236112176833 163.07631083824745 168.39935809257105 167.24992648199063 165.60386086002077 164.94952127685761 164.37756998962473 165.60526102461031 164.30276715579299 168.07486351333637 162.13225855521318 168.77731649691762 167.19769811951454 166.54391682404778 165.77968933135492 168.23697352151109 166.78094019485798 167.34723640491168 160.12826051543118 169.16326084996822 168.36641130126154 167.66159647998941 166.26623958045172 168.05873399933651 168.21712066968718 167.0972953475798 168.87854639944271
