# Created by Octave 5.2.0, Fri Apr 02 16:04:19 2021 CEST <br1@br1>
# name: ptcls
# type: scalar struct
# ndims: 2
 1 1
# length: 2
# name: x
# type: matrix
# rows: 2
# columns: 320
 127.04335158765315 106.52237053017816 105.16930285655884 97.14865892855768 108.48503028761321 114.78478675030306 92.308786184264889 101.28897612863202 114.77882463328022 115.0419020764224 108.15934752537414 104.31073151157275 112.63730769126738 112.84919942427831 113.56388855544104 114.78520874952167 115.52947301556868 116.15030010697475 107.6187584037896 107.26802339510175 109.50606484413736 137.6142712378593 114.00315760482711 137.2509073525037 134.09483667264857 124.66335042125846 135.69967303356276 132.90800107004674 139.59923372467418 140.46620840432581 136.01913490227267 138.58376619100559 131.73820294437684 122.87852054717094 134.65926680080466 134.18503029025777 135.32386282289542 137.34171737034561 140.65038731948707 141.61205935722305 135.76647136885765 136.75403647299629 133.55201918356511 136.64225662828593 135.0448666552781 140.21386571984061 149.41600919553395 147.32412847751129 137.3017778633828 134.76228123051342 136.28467011980638 136.10462990668415 137.63769807524659 137.67301569960966 149.06633945957444 149.98132663197612 138.36085175009279 138.31120390852922 148.43237915345321 148.04284208540304 146.45823343288691 147.91429927583297 148.16449578819157 148.37039132509886 96.746829148854758 97.884881289168476 95.747681550023586 87.794881889119466 94.885740510356584 94.040709580592988 94.136871741703231 65.927627662690441 98.92816957831397 97.976111764456945 96.881423341781854 95.950126243525858 96.43178774792716 95.393334246179748 95.379345757164316 93.060845031260726 101.24454931631399 99.753405512833879 98.60879395473205 97.436281196413418 97.461606329612991 96.376148616510761 96.104468289568743 94.909334905172528 99.981867990755291 100.55622519807383 99.611978453713434 98.586640772610323 98.233786389068115 97.188843642312506 96.961519888424704 95.805055561225814 104.00231108262003 105.34042181351658 100.98655847234568 99.403810888187834 98.099399662234575 97.801043779532691 98.949774885044746 96.733273928314162 105.23301735132003 108.24289447104492 103.56822952683389 99.075668590614541 100.27712149034275 100.18664238955081 100.57252039290738 101.66433975630279 104.80716483827388 106.11566175335726 110.36032176760904 102.12657658073168 100.45899750105097 102.68992289780331 104.35514207030882 101.59709154389404 105.98633389017458 106.90042822725243 106.7394051737619 102.37994015601288 101.5923518153015 101.34282280424387 102.35609448204019 103.5339323337231 107.11978236041598 106.90978518068407 106.33138515750026 109.17851537335582 102.53436745511118 101.42154396487369 104.52510435959267 91.233894803627095 101.94562734246817 102.97894022931753 105.58248104176951 110.32600508138837 105.85389537596788 103.30159382362137 102.56111844450176 91.386380870223576 112.86687519731854 110.33490085138716 100.53132513436394 105.14560178077932 110.72481250859275 107.37135557391032 103.62253354320409 92.271255422687688 111.68358110237503 110.48344497379331 112.56399917848256 102.20872016227716 110.88008455891485 107.94996172154265 112.05730019510803 114.565198250042 109.34270316597679 111.51398858109309 112.36402094084185 113.29712847940644 113.16351668426938 106.91894665721763 118.52428771575657 117.17479658819667 109.37163015221955 111.38403623840331 112.3369491838879 111.99223709871437 113.65580118372446 114.65504296715784 112.5673107661579 118.42435084358102 120.6401402241693 111.01870632017665 110.5003251650985 112.57543866832283 110.94550337909176 111.60629368982131 114.34876426753888 114.1295218799841 119.35343632866358 138.58601407574042 137.29104018646558 112.96266458019291 130.73807710379501 113.69408285422342 116.58061626758402 115.24453795270338 136.48514675553307 134.5515359978605 133.44895695005792 131.77603794901844 133.30390821535013 131.70991091361799 129.45846737429446 121.59986296398598 133.8236537855116 135.34794269623598 133.65445682646717 132.81920567724424 133.35196755997509 132.52184879255137 133.26546854550796 135.12963535628103 136.57298983825899 135.52535588227269 134.3078704334927 132.28839195952182 129.72165193845612 131.24887068359502 134.54164768121174 137.44666279966359 134.47783608146446 134.26984879805715 133.43393754223729 130.2626848879427 128.32369791041387 127.62689278943134 134.28165821137989 135.6513296340836 135.25664351635422 131.9995438495263 133.47126778494919 129.5732819653432 128.53584492431747 136.75189100631985 139.41511422166826 138.3512694021388 147.40439518006204 132.46949494347623 132.31523694542309 138.60583765667357 138.72546003636589 145.32400391427313 138.67763037703224 148.06001654643819 138.22252456492237 128.89650530932323 130.58405978850067 144.98451588096057 146.20636187376968 143.55715021655638 146.45894993899594 147.42295816932304 136.97367192042103 128.98428304735495 146.62114321571786 145.9913443026214 147.20747698665991 146.36098440235804 139.77177124030294 126.67878586324704 148.14124845487979 149.2358719079723 143.92546908897759 149.82576788988209 148.21418378391624 145.69598832621659 149.06597166887852 150.04771868258194 147.774689266027 147.48223843893771 147.31006979522758 147.72821503757888 148.25449228129921 147.30925780697788 147.0634393077263 150.24117857574544 148.70400206268897 148.78776353365637 148.43216513644074 149.55758031651033 149.21630787743385 148.20241454757954 148.99713530583173 146.00401148056145 146.51445187263036 151.25168199410692 150.20891479758885 150.3209525330181 150.5383843529012 149.14837060786465 148.71164619643258 149.83524391199379 151.48335245980573 150.80687438384965 151.71488353921654 151.51367883290285 151.4751185224836 149.65060853720752 150.77936614498094 150.96975116393565 152.78092307597311 151.88047491758257 152.76467378075517 152.50766257947254 151.72220093299205 150.6119247618731 152.81097074479885 150.9949447591612 153.75709824598388 152.77274024175441 153.56332630922503 153.24435784042569 155.44843599289288 153.95460312552524 153.68411413181275 151.09274461658578 153.68065147265847 153.75480268047411 154.63601458083366 154.32672206064152 155.43325313430739 155.31697671488232 154.75336060289021 151.81599059911969
