# Created by Octave 5.2.0, Fri Apr 02 16:07:23 2021 CEST <br1@br1>
# name: ptcls
# type: scalar struct
# ndims: 2
 1 1
# length: 2
# name: x
# type: matrix
# rows: 2
# columns: 320
 175.15061679585432 82.500453385173074 82.481248900866575 61.250657776821654 86.380950344039491 105.83512108339882 47.276948091644826 68.079164533609486 62.232092126698809 116.43288498170473 88.122973002577353 83.308824526578945 102.4899364995907 107.79362495998338 105.82653279109945 109.40044298626616 47.857012764272696 77.600354994777661 83.88369532904558 85.21225815960851 87.308756299311852 153.26500651829841 106.65795505714181 154.6287877691195 150.41546156674269 138.97404535149985 151.40316779650618 150.10381616527542 155.95113651550457 154.97894645805275 141.63581481664616 153.71075492218023 149.53476308094218 125.83874935945796 154.97525243998882 152.20191497042481 152.98419988826871 155.7596622359963 156.19110090519325 153.90891296577567 154.49861945121609 157.1083984198643 149.46760585769411 154.91269893126923 151.86097629697926 162.09521067404856 171.66982502759879 168.94925354309115 153.4202885640677 151.20736701906833 143.0188248883415 153.90405580809707 156.66138403463884 152.41623525531909 171.74788897203709 172.66605433912585 154.70036462677731 171.25955490898028 173.33952724518926 173.30934545793059 170.70113279537313 172.03608801247879 171.24675085312239 170.02517358783737 72.594602212196548 73.517533989198327 73.204533493326522 48.950659993126834 74.347450859364798 73.621304195411085 71.849127680363253 7.1592645589812394 75.044625775282697 73.967967529554869 74.580625634434597 73.458422755259818 75.851933043174839 74.18472364863446 74.816853932378095 73.696083015334708 82.546504238869886 79.978192024450905 76.726799617804033 75.36495444828536 75.671700671415579 75.590801533131696 77.004094339976504 76.524368761120229 82.989704541688198 81.451815929369047 78.240533627220472 76.342584177503156 76.956422095736599 76.376885627369703 76.679858148134102 77.331676916310386 106.96264461710949 74.795430082034883 81.929506285871568 77.416694872947957 77.764652141436159 77.701430434161168 78.302014144394988 76.986299974765373 85.269452520058152 86.518701671980324 84.078854804599459 78.322955958297243 78.972751343746779 78.886734730388213 77.727026220855024 80.064225914940522 81.83297328694006 84.458932103914648 85.682632589202086 81.755109634825885 79.412095492431348 81.416205584761045 96.536644290728816 78.600444445636953 80.655350251871184 87.170449976753417 82.825916351177952 84.178585439113547 80.71307532959591 79.712206533451621 79.780741355540457 80.879606527359371 116.79208395116208 83.575016040866402 83.002014515973173 85.433909886382125 81.258476339965995 80.188455932606345 82.54404344874709 47.552350133746813 80.20290575102527 79.911253446181902 86.123105189193737 98.609689883701094 88.052332352409167 82.918938468963404 80.785943105821801 43.627521303191799 127.55207730035255 119.06853773092756 50.29109232491615 85.385461436116984 84.353835453324308 86.884368218873092 81.894730678798339 48.685040591383896 191.39310440132743 127.6513879172519 136.01254201971278 78.940298309017265 84.623128610560329 86.292051917204788 105.70940709172973 48.820298007035667 120.50262490845692 120.08761535666181 114.02346856012403 110.26930599435198 77.540131202292116 81.868817474345519 60.530368786310397 76.468719436405848 116.43950127723826 120.34335653253748 124.72354314009104 78.957987970527313 46.379715498125982 46.706169819592013 93.622677533443294 75.686544577701682 117.75865543112072 105.90163054140361 99.095181878482919 75.762225525444137 97.493992567038461 117.04220791141485 119.38999416314408 93.701526983459829 89.027135233772498 167.90849642492333 138.96858981390437 76.712147736203406 156.4810080991779 61.772594007669603 61.349089920762964 74.780739582767055 138.15074409410852 143.06647434690194 171.79259329502779 159.74194043471755 159.11852318880443 148.69098966875359 119.73761977180649 127.18526947624483 136.31537326481595 135.61420784842659 148.94059929276622 158.05356359860133 155.43690924694289 148.67122193200015 150.51660846073932 152.3126076327404 129.34170408574201 131.38202186350989 151.21924651233235 150.45764100122798 149.60953006774511 124.15081652469489 149.29031023556647 155.82971823219594 151.55038044524446 125.69596544530336 150.70830555000526 128.01874802087383 130.41898083454672 121.7583600866168 153.75398834594475 149.43874953746399 122.88939564649775 130.53167368439352 148.65637691675087 123.89243372448057 190.66753901292935 153.74503342717469 154.68734926392037 152.64462760915376 181.95120861582544 124.49091900085875 149.34761481793387 150.40214498920307 155.45893127476643 166.68161849912852 164.18003668862019 172.35792213447354 145.64920436185508 102.48749255251852 129.03160088555839 167.75216289836729 168.66240769740676 155.63282833946201 169.86968938743212 171.09657778132666 144.83082229904076 131.19420411793755 167.28623360613233 169.1929549124506 169.07586744178548 168.09071766102838 152.89518066406418 109.35675536569178 175.01141013688493 174.01570253046029 113.12167644650123 176.63430202840848 171.31631247908439 169.17162539973251 170.97995225036476 174.13350081536927 165.05488265924126 160.8836819234462 161.27820138971438 171.06200582925086 172.18679633664752 168.09746208548702 169.47311732502541 172.17399803992527 170.15008880792215 175.57668991150155 172.43870767407694 170.51679154315875 171.6288384367376 171.80474957666408 172.88662749478198 168.08916762671635 170.107275322932 178.36952465331251 176.01425576718253 174.77653922260171 173.58013762892537 174.55576545932797 173.06427009483403 173.06397230293561 177.20171926082534 175.7091753412308 175.20800983015963 173.98737616380541 174.21246202504918 173.48146226664488 175.33286116801628 179.49627184806459 176.77429519331361 176.2448444595021 175.70117518561048 174.56694559813266 174.85537040257853 173.58050723638979 177.67578442725616 173.84009884297259 179.40900834364587 177.29508608987771 176.77981686327976 176.4066369616213 180.21034698854879 176.3368058075915 175.94425714138231 167.41542960140538 178.76582136155412 178.22089902838596 177.5641877785061 175.39918335316187 177.80099825753186 178.32906473596364 177.11195866439667 180.27578813768739
