# Created by Octave 5.2.0, Fri Apr 02 16:03:14 2021 CEST <br1@br1>
# name: ptcls
# type: scalar struct
# ndims: 2
 1 1
# length: 2
# name: x
# type: matrix
# rows: 2
# columns: 320
 120.38109080005931 113.05397879445709 110.88971735148783 109.78381064972793 116.06173086968593 118.28852150580259 108.41327419030981 112.97795586766955 121.36275642798748 117.9269696858626 117.45836952885361 112.74686259847867 117.42789839972522 118.44804811121396 119.13933242791376 119.96290972670585 122.90212491744613 120.63587869292921 115.92539003691003 115.12073489388902 116.48120781116447 129.51532513293537 119.12541464911735 130.95648025457925 126.77110285608642 123.64878744356912 128.81124358307423 127.06503032763121 128.66704729753081 132.56911852223683 130.11787889599003 132.30138882409966 126.82610465106181 124.34524856697591 128.03481881387765 128.97844984790413 129.04349064176847 133.42719763996129 131.57874187883584 130.23919144482682 128.77774517999427 129.4218567795572 130.06930898471163 129.90678833443744 130.38306830003282 132.04030100126056 137.32005070287929 135.21083530281726 131.27154000113376 129.84799184428897 130.71984114338537 131.25712429144954 132.70230280752472 131.82133761741909 136.24031343485524 140.32796425901492 133.60985716831544 132.77362848252321 139.90535298255085 135.90016635865061 138.46323342570577 138.0539933296217 139.30923191859409 139.47650160006461 104.65482841187287 105.43745687382463 104.50904304001402 101.57851540523266 102.94604980771064 101.81195334732621 101.75552940224267 91.652290385444502 106.39419707499707 105.63796439257143 104.65949223988154 103.50785724447522 103.78665887589827 102.82794435739635 102.58991963031737 101.4512769772232 108.41548374812037 106.55819714432067 105.55741071089828 104.59743887669769 104.61593097810464 103.68875901062898 103.60097921428307 102.52514466233174 107.61298656222348 107.56090598104748 106.40694428804069 105.48973719116854 105.57906671917601 104.65721510589333 104.46048575718179 103.37292951676316 109.70358266500187 111.61547666290186 108.63831603160294 106.51559323181743 106.69299466788559 105.72156023273331 106.72600678199734 104.34104734959703 111.26684629282808 112.1984904211223 110.64066531273839 107.54994041674341 108.70331342210226 107.79945059152801 108.10551222096016 107.14920743951672 112.87172707464281 111.98444758692236 112.77777935642268 109.93162924964048 108.53470602662222 108.8719783612792 109.17494638774797 108.59293981243167 112.86058716460637 113.7404298220375 112.97794686945329 110.77543199797141 109.50770931368531 110.02129828958243 109.91894483767408 110.22497934795142 111.27089467170363 112.26108735668463 113.2757897912884 114.06356235058087 110.58818171076054 109.5284797349515 111.13695972772798 106.2921972968357 110.15537644620237 111.99719461128909 113.11749249739559 113.92182993987794 115.85559222276817 111.61336312208928 110.98903048433728 108.84604489102342 115.20698430306165 114.31225819390073 111.36444931958557 114.02428161431529 115.16792035550122 112.37953787114333 112.1046456309533 107.02463944279801 115.32506806317166 114.28358214907935 116.43770548571734 112.53876030091598 114.14550558632459 115.36166652099203 117.40863412967703 122.07830457203686 114.26232998833427 115.12003236850543 116.22184019064996 116.79197303712331 118.0342512999151 114.12145836307066 122.58585315437597 122.03652331039308 114.7290264660525 115.44444043976232 116.65775093386506 117.30593429550102 118.43840388710855 119.64227852274487 121.74866209558816 120.82527010375033 122.45902923107941 115.96403852596482 117.14053673326389 117.73707251151271 118.18304974773891 120.58215877994769 120.52019961324226 120.13920145217315 121.44782114987396 128.38706589318946 129.18216717943687 119.00565663295691 126.240190639367 121.49595556501248 122.52859752609403 121.63615250842706 130.3445543310051 129.48222242832753 129.12846980809525 127.41566543903264 129.16026715449175 126.74367536361456 126.59785111057261 125.13081453239835 128.4721593412016 130.43740479757864 128.91205838116056 127.93794193910597 129.69563230204324 128.27580507055092 127.89881183376701 127.8425252385875 131.26218097162155 129.57644262736338 130.25046445449857 130.18496260436663 129.04014093941717 129.10460865887174 128.88799017259612 131.82902304762541 131.46344287470677 130.94744479094157 132.24850265817315 130.97425378747516 130.2850368689646 131.90796193272476 130.82478453249453 131.10966369497109 130.10668395300439 133.38501734671476 131.97073085600758 131.46985229383273 132.59686475330525 132.190692570024 134.36363617089094 132.9116377760605 135.24482597734269 133.02788603697195 131.69561913918204 133.36802405994067 134.50854059415565 137.67460119965205 134.5402920611559 140.69944647458493 134.34881920782252 133.69183946455072 132.21048193252994 137.17885892567264 138.76466910582323 136.66115287256781 138.92412258103303 140.50144396605305 134.81488003984413 133.65550038385879 138.22355475270837 138.87821267197847 139.83923700490374 138.72529911715554 137.59994160449421 132.77568475546676 138.97254119116792 140.22514109082655 138.15862288743193 139.29086775599416 140.92870527188765 138.49981698096198 140.84747831213303 141.93754858641344 140.46910216576387 140.56087170500328 139.48325904804196 139.89429375992046 140.65700624848154 139.74209290910372 139.7936917611834 141.82109798218076 140.23039338848218 141.40868321768804 140.98789818887195 142.10276282022599 141.76206271446245 140.67757673185412 141.54568074235814 139.67465807772462 139.45624818182941 142.29186272407804 142.09050532354078 142.96547283026459 142.83904229733002 141.64321093194275 142.68918470389684 141.86139687302324 143.01205505961408 143.0742272815238 144.14724887575801 143.96718499193813 143.80616627363801 142.62917429076404 143.57665618814366 143.37192783858038 145.4536445535887 144.09814118825042 145.07561757248155 144.89501070459201 144.6950405452896 143.64869252689033 145.01404689777183 144.53512610751568 146.40860156385799 145.13967088859582 146.03675173089243 145.86909712065875 146.87413420539781 146.05501979782773 145.79084694996848 145.47767201340986 146.6459838134048 145.99160421997453 147.0535560943834 147.11806414079774 147.96595241071316 147.63944706743402 146.70065205337428 146.6396398182784
