# Created by Octave 5.2.0, Fri Apr 02 16:08:10 2021 CEST <br1@br1>
# name: ptcls
# type: scalar struct
# ndims: 2
 1 1
# length: 2
# name: x
# type: matrix
# rows: 2
# columns: 320
 194.36544639531991 75.142205677069114 76.02592109017877 50.032532416904147 80.197912389554148 106.51784826503371 23.664545144848653 57.701098410169045 38.014399443103514 114.82917747542594 79.701249431254183 76.71666926775768 98.969297497988521 105.55193534258993 104.73138441778565 109.42635612708683 15.662104964990101 56.311297342320472 77.116161248395585 79.013202496477561 78.69675401815401 156.48292751914843 105.86262370267643 158.49129746578532 154.86917673328261 142.01539583685212 155.79464290153484 155.47750838253438 164.59354338782455 159.5503314706192 154.56961494637602 157.9475855243669 156.49037846515682 149.65905357643186 161.98929067916393 156.26593369323746 157.58692023348794 161.03278817521922 160.20209710328729 157.31665733007006 159.98082114848251 161.36253558250334 155.01365063177224 165.0388381143149 156.84008271398289 170.15177704790395 177.65279743238492 177.08003043162191 158.91583392227659 154.68143362506737 145.68974171871542 159.5646584783201 161.22744117080961 158.28719541459029 178.9162111290249 181.71787083373565 159.27256952968588 165.46880806716521 181.78355204533236 184.00812841106469 178.25965423010391 180.14672148813025 179.61202935649044 177.89065715378911 66.322537386068433 67.333162407725084 67.023623713524017 36.811840650629136 66.574614947310749 65.972617631458647 68.591194059933727 29.998918378252242 67.654324786711285 68.321733596713727 67.623400735910906 66.68781985419659 69.118152114813455 66.500376425727168 67.387861051163057 67.505627598727742 76.016806745414868 73.843387056054198 69.192274114020236 68.529905433576033 68.628861408396631 67.054450026538746 70.152510424427248 68.027507513417731 77.276693981634963 74.44675618686864 73.373565345714169 68.847051311029546 69.646029965203226 69.569957238529469 69.791681801423252 70.385054921700871 104.98867432027478 45.341439240962927 74.873413366895875 69.92116124295768 70.716327076712531 68.761231985314069 71.278553504751159 67.724652259666158 77.901250568169715 80.104706822617558 76.821600365596765 71.297905484902913 71.922705749884486 72.233761556077368 70.875708413818842 73.631660220132105 77.814636261343793 87.100717795134159 78.284896539764034 75.184918134538862 70.963133421779361 74.79523546070476 91.870437095889116 71.479576236625689 58.450397286243174 81.564410126030239 75.911482642701188 77.338652114682276 74.128787650124465 72.688350273194672 73.256898005372932 74.349889695920496 116.57148382935704 76.6094524545517 76.985978936973325 79.45368063316478 74.969873443048385 72.893581366631963 75.637659806135275 39.643995092248588 71.898183394742475 72.931390210688875 81.250456387678753 97.354938282013762 78.906117610921925 76.609601115701821 73.920398684985528 28.702877688493622 120.85483230848513 124.43054372513386 34.591217033288842 79.759958615760326 78.00536271864182 79.129238783070889 75.731047187177623 38.862174331613929 240.55931924412943 129.26210254308441 150.16488107610178 72.950051993268474 77.27162222365908 80.67135682831146 107.08252618174427 17.467157348538834 129.50672772259941 116.38760841619771 95.499955124360625 94.160522260160292 58.49993723095546 82.215060307593177 36.719119003125833 59.259413930152974 123.8254993084938 127.72949957465343 118.43523845438872 60.995106793184846 16.886216662234474 18.104385264529938 87.947914867506 59.631435627249417 119.70316560903542 101.79928893285633 89.296593651944534 60.868936316371162 93.901014683342794 127.24026881361212 124.12180112736641 83.218247122032309 91.687117805714053 177.93446594371238 146.63560102393006 59.607821116926004 169.74566577733844 36.840455632251476 38.022831279563825 60.468584765488252 147.63238326232178 149.76210139104853 188.94280139516442 180.28600694565091 179.87265069966432 158.41143339588717 126.77667851076249 125.72740246428296 137.49532437952161 138.13979301825356 154.89252708701594 178.71098104649059 169.06354930551123 155.90655121507695 156.27484669684188 157.93164953538306 119.96447368509649 131.66287073088401 160.40810752124364 167.92762026229411 160.61635502878988 115.47267420630847 155.98642290303403 158.57179121007459 167.2978871919984 114.51301884547144 161.17747557097121 122.01335288962262 121.60456900240943 128.78097940665802 159.1673380587502 155.03167024398536 115.11416496706239 119.52751252359349 161.70755342237371 116.44511013638056 237.17885127117449 157.22890096619017 160.85376535721252 157.21609035586565 192.7470878145015 112.08429182813428 162.40452172629705 156.07739929033085 160.34935858027214 174.13790187672555 171.86617480047778 179.22008477900161 148.15454115700859 84.098325976701034 128.94425762489024 176.18592628558338 175.23240024821953 159.40647775287002 176.80322316638762 178.5754960180943 147.60508537882856 120.64169779816116 174.86555992744405 177.25548918823412 176.81508353204447 175.58392297532026 156.36222624215151 103.94362083520576 201.66868081569928 188.84874417599298 103.14626509096206 185.86098599250957 177.47058330128209 176.32035588245239 179.0997354797762 181.75397433386749 167.37493504542272 168.71954382986246 156.24844078012592 179.41096891741589 180.25667069448016 175.42721254950717 175.91228368838054 179.31066238577236 176.33534619200842 181.91668588766518 180.97717501521836 177.00074789536839 178.05018871908564 178.62989855967066 180.72032036481153 175.07230809567639 178.10368857027268 186.20526022448175 186.95455690576668 183.85081364194167 182.77079172582384 182.85361866041876 180.6530888924807 180.14665065340651 184.81412775400756 183.9797497041221 182.97616132304412 181.87723661385368 180.42743863686474 179.93655992713349 182.49299205241684 184.41166492964967 185.00420249847406 183.87328869786089 182.07682462332298 180.99601672021231 181.14063046609019 180.76500223501111 183.77910854382299 182.73728989967623 187.61018475481609 185.05408221191877 183.0082962796356 183.26727755720009 186.04303710519574 183.51884854599732 181.93714249129539 172.54343747672056 185.44908069314394 184.95951250597702 184.19380552725113 181.93881187436725 186.34206214967512 184.45272750830699 183.40809295627537 187.12898859160248
