# Created by Octave 5.2.0, Fri Apr 02 16:06:38 2021 CEST <br1@br1>
# name: ptcls
# type: scalar struct
# ndims: 2
 1 1
# length: 2
# name: x
# type: matrix
# rows: 2
# columns: 320
 158.26797446379396 88.619417268754262 88.009802065607246 70.579414655068845 91.646577144677522 107.70519440473616 58.613759965683194 76.709345836263367 81.012650365832116 108.53263990086838 94.026498724898943 89.235372331262496 105.41762577460725 106.71702778077992 107.7958435839341 109.37889416389949 72.740655499953093 95.303887147873638 91.369676341013971 91.998451526700734 92.916845710962193 149.24066341517118 106.75211980291141 150.70445924034243 144.98554408321732 126.79726895973573 146.70951443439634 145.63516684776533 153.23319222239715 152.63834850689665 141.33325601282033 152.29874254097135 145.26443211453747 122.07225237923782 151.10861604824814 147.77673088299449 148.80102011315549 152.00553177986421 152.08921585641582 150.45493375900065 150.35770852209595 151.5295983714029 144.40931326291701 151.5808671643118 146.19211738677163 155.39553968947408 164.82952583269898 164.08177945610046 148.73808072749316 145.95418455809468 140.79774668203055 149.94351177673531 151.83561622754524 148.18912825464898 164.83577511105307 165.62028227940672 149.8733474621844 160.84692959177741 166.70952731967546 165.63096477746882 163.45609062106513 164.3125677359433 166.83312332771484 163.79983425625758 77.68638408539428 78.771790680374878 77.733278985356179 59.045046604256498 79.381105522205004 78.30442878213087 76.617112229078785 11.833710722307313 80.659574652182201 79.567632451359117 80.096911641283938 78.788439017824643 81.409157732968112 79.75600536869058 80.366541998393302 77.128207304181387 87.716563788578881 85.76177535466168 83.769863921469053 80.810033762103316 81.358362899639801 81.244412913417563 82.395185546059579 81.598969022962933 87.826416994136011 86.668483665064542 84.607920311243845 82.43569853387767 82.40110788489126 82.174690237710877 82.283259224845068 82.634890556965843 108.61568856131251 89.979405119986396 86.661808249237637 83.546189043240915 83.31048781623133 83.573782406518703 83.703259295171378 85.296764344014036 89.078535953774903 90.874741697886648 89.689910990263598 83.749307182168508 84.582246503067196 84.447588584196993 83.393395010841814 85.593660125465462 88.47237614114745 90.381642684832414 92.616825067383687 87.323021031637339 84.920526904127925 86.807075444585109 100.41696395801657 84.096309457450729 89.319653916602689 90.641310931906389 91.098733854035203 88.907653620663368 85.929287312978161 85.020714161592764 86.380379036837184 88.108872180671185 114.26635149272133 90.843098397769722 87.822829063509545 90.589015957784682 86.713378511408365 85.57078459525529 88.560528759234941 59.668556114729569 84.916256807158774 85.971827367281861 90.934325328978446 99.653114899841086 92.501311744504378 88.527029680207434 86.373451882676207 56.038540730150714 133.90951570967545 111.98694781512005 63.346778093743069 90.281986230715617 89.697565732482673 93.056493845140693 87.469284991736359 59.612510268963163 150.50751521626051 120.2861670917266 124.24375480439623 85.858075654883208 91.617017053607313 89.568379100743257 104.58463059837403 73.813954909768526 114.27375659320096 119.2405571398202 129.92122562185563 114.3490664331943 92.071046424869223 89.73833970838588 82.025132205584356 89.708276750056868 113.79910063329567 115.25205982446585 115.37247368727793 91.511829615941124 72.551254381595953 71.813365150866105 98.341690697749044 88.575221029616856 116.85002315202803 109.30522830952211 107.28302757032921 90.735564568091633 99.528193971014659 107.64097793406977 115.17355937723636 103.37974228440312 98.952318798867068 160.03240044091768 134.88997373077044 90.650787951823375 144.04059195998525 81.238353905175643 81.678532777358953 89.598965057572727 137.67757773198943 138.52360162758185 156.36826856923471 142.71965360327297 142.58447113124282 142.53653025286721 128.73920835275348 127.5923372545022 135.16604762529855 136.0782140200663 142.08713988357411 144.29070240865107 141.64922873031321 143.15970077830221 146.3789682190405 145.49914946188855 135.94525314664148 134.41891194028372 137.30176178006573 140.94051471447949 140.10537876856495 132.64241724819195 145.53322087381474 150.80666930160464 138.8862365452209 131.85670171861051 138.68131928681495 133.04326675925577 134.89356558102767 125.47004302048028 149.32184643487949 144.69329068612407 127.55916400911937 136.00390914224801 139.83642710155229 131.64884807993519 151.07181259201681 149.7441429962673 150.39984041123225 147.46903902771828 172.97358275587376 133.27042699716023 139.5894240856932 146.55797210503232 151.07491197015966 160.41496462580429 157.79982670809173 166.15918989656709 142.76364812578797 117.76245590248942 130.59839417549037 161.78823597586114 162.55212828111365 152.49474093252272 163.36000739571364 164.61096978767856 143.65361709447114 134.8649786427913 161.74200004611356 162.7848513083203 162.80288121293154 160.72045118122605 150.68694135539198 113.858204080517 167.40104383789156 168.2038668819043 121.41701852110748 169.57234883799288 164.85674368750006 162.15392392418204 164.60080102025009 166.98142867968025 162.06615740927106 157.40106996530091 159.24268036457457 164.8924728916077 166.00700438969372 161.44869479751543 163.89151850042001 165.93374233339281 163.76895095709585 167.57988373134236 166.72066710808349 164.03224210332522 165.90169469548675 165.64534411041257 167.32969841302733 162.51313202659853 163.54993138691671 172.46323004457003 168.81683474451705 167.82758675579444 167.11986679020634 168.14032300778302 165.8945395214551 166.99800917754752 169.96390981012669 168.96835425217017 169.40954526079909 168.27389427352313 169.08513040828379 168.13832804002169 167.72546276994541 173.31653202837984 170.85113441513062 170.62448773002964 170.29690758602814 169.19560596525437 168.85794229320882 168.08270692991459 172.69862004308325 166.75102782130202 173.43683247962772 171.69973500348695 171.49922902240399 171.11870184321279 173.65663182494626 170.01496330294063 170.88217821247005 163.15108621035381 173.61401576063975 172.5685938702577 172.283049082791 170.14790738650154 173.54153300425548 173.14865168076469 172.00403661827551 173.79227014652938
