# Created by Octave 5.2.0, Fri Apr 02 16:07:47 2021 CEST <br1@br1>
# name: ptcls
# type: scalar struct
# ndims: 2
 1 1
# length: 2
# name: x
# type: matrix
# rows: 2
# columns: 320
 184.85916227768956 78.782601911604758 79.581605499031554 55.582552331810703 84.058281424171113 107.30956229796962 38.259477354367995 62.835510071238268 48.160409870388776 116.24154296914604 85.296971994089191 80.156621052449495 100.71108731983381 106.36378200553538 105.14122704702052 109.41353594162818 30.429104592682496 66.843778496694028 80.651395718518103 81.347631925024743 84.669194835269082 154.28087198226908 105.63672002369343 156.15323880179375 152.23961419006105 141.19220268589368 152.97701159994782 152.81894486452205 160.39283611181682 156.44349554047662 147.48931252987325 155.68023652290876 153.28140584061703 137.33660851413595 158.81689270074443 153.29858169882067 154.97449997808548 157.25531396999753 158.78736960469374 155.31511809824656 157.75279398437786 159.17672384238401 152.64584946185437 159.87502607209197 153.85613520801459 166.16589684189128 173.27387101982163 172.02281522675537 155.9123847677329 152.05673480992905 144.36834076053043 156.99063141636367 159.55231143361576 155.53330197510144 174.70248548243296 177.42643648151184 157.49837745393663 166.39347259780925 177.30364663811892 178.35446579187726 174.19011669223036 175.80907020131517 175.27322093819322 174.13321547069526 68.704377914575446 69.283559710537901 69.228572248247247 42.817361799022734 70.430091057586395 69.87323135237591 69.664181798699843 18.699300172928695 71.011640009868302 70.599512311229347 70.776732811249403 69.562550248684417 72.52946676030588 69.726980449956045 70.763867547375355 69.728735898484629 79.142699153611545 77.247484348759912 72.491375054659457 71.820489845228607 71.875099859216419 71.419535872923916 73.85061571129232 72.654093497043007 80.660621200725657 77.971036436814913 76.849817674714501 72.061579477053328 73.03625788403015 73.063913883183645 74.041671681358991 73.53029175902364 105.88433662822055 59.913413657073434 78.273842385080798 73.188807459911473 74.297956914292186 72.163759263066709 75.365250101383211 71.334821018196848 81.100926511122367 83.285633623220377 80.648740587086195 74.220493000669961 75.516640215536682 76.131328453357227 74.880496913832019 77.259499412586607 79.054071432845205 85.135279681484548 81.938862916958229 78.872114904597225 75.746653927721113 78.317544580945238 94.178981708072968 76.040935763749374 69.51620727090048 84.210090184945813 79.460509427986807 80.123121885178008 77.752227639701545 76.363351916611194 76.945305464709904 78.040535121428263 118.32658988911479 79.778368591765343 80.349750689815636 82.267924869088787 78.485362443146627 76.512422015339155 79.105945015235207 41.671715077152101 75.866891365783587 76.740362520954321 83.768938518954286 97.975710127059074 83.75542933730722 80.158306827344319 77.445243946795756 36.086648739976255 123.8396581784292 122.89314167408089 42.358523756514984 82.427611622282313 81.645874228345335 83.070342166920582 79.312256772478165 42.693736238865213 216.23498137453265 128.79782493991311 143.16319754294091 75.697814866210919 80.159502408472861 83.240798666923652 106.40319357931602 32.222789891568617 125.61217655341419 118.21813816569048 104.66841031315883 102.13013105497092 68.490543682191927 79.832730762935981 50.45884821184756 67.959106156155428 119.28083277996041 123.91835579412808 122.88054100095508 69.897672818920142 32.30667284882913 33.342734769217827 90.755429028548662 68.968406577782929 118.12413141746499 103.82886846550603 94.144316248231945 66.824582739460581 95.674402568382177 123.059123945007 121.78080189243536 88.404711895580661 90.371126428016652 172.87961137280058 142.8183270375813 66.952218343224757 163.15449949727167 49.380208630149433 49.234232916392124 67.913771060462167 142.96563034513557 146.44952801131285 180.63772778113508 170.62957406323659 169.35380861654184 153.59426144905859 122.11323314013278 126.44866298599041 136.87816472149294 136.92364512560408 152.71370041213959 168.23453244281583 162.35059986319632 151.58951441004166 153.69180485508144 154.79942851838334 125.9522165973205 131.0013798201895 156.49065057826951 159.22171039496132 154.64811044838331 119.68728017489512 154.47934213937191 157.06251140382787 159.25487013192549 119.74656233340977 155.97227401541704 124.36615079779709 124.52856808857902 124.02743968723279 156.66410746043616 151.86273037369079 118.26796201429099 125.74000281059389 155.14397270404714 120.07230897972755 214.16799152235848 156.23373248092375 160.06021250947853 154.49508562893183 187.4059686319986 119.34807922812122 156.29446387596536 153.54978179631144 158.20557565837962 171.50400568387644 168.06355910303245 175.85549674824813 147.12052033830156 93.196124177368631 128.98746955385238 172.54510596323055 173.14644111544689 157.53951435886816 173.71914470658859 174.72570441711613 146.02709362782781 124.84490658060959 171.90432046971085 173.62409020995625 172.74372512193958 172.04985521459849 154.56049802915754 106.62169791870937 187.95816209296046 181.85797183572245 108.08146860370249 180.3250778449254 175.22701290348235 172.55607125080792 175.41772916384375 177.68023350888043 166.22704809850489 163.19962515387647 162.3150478200161 175.07001451853981 176.25636868151156 171.24330459809039 173.33099767144313 175.89539551877883 174.16499680934365 179.45327514419074 176.57378353459438 174.36582428704449 175.40226699183279 175.5652393348459 176.47701547897364 170.10150949881287 174.54281274029222 182.56773565157548 180.25054730451751 178.97273978165384 177.8539866486135 178.49764864961503 176.55153874241648 176.4524228679941 181.43826015001522 179.53948540950029 178.54070413730756 177.50208854266924 177.37270163083764 176.59323541799284 178.6723494410883 182.9210558589115 180.88014605268819 179.98967936662524 179.16671427263535 177.9627740586252 178.16254281289594 177.2284942763697 180.85492339716265 178.64766367054025 183.22763260094439 182.06770749491395 180.27039508188469 179.76880256010881 183.21136604488177 179.734762907625 179.3237820733703 170.0064230541962 182.08527187950583 181.39860284500989 180.92332684666715 178.51462365905647 182.56611078816684 181.55754970283354 180.42341442039481 184.31916392596887
