# Created by Octave 5.2.0, Fri Apr 02 16:02:40 2021 CEST <br1@br1>
# name: ptcls
# type: scalar struct
# ndims: 2
 1 1
# length: 2
# name: x
# type: matrix
# rows: 2
# columns: 320
 121.57604125773517 117.11552997347522 117.02954486305133 116.47246045219948 117.90211573658232 120.38190557256695 117.36303730986381 119.47903726924145 121.82697478424663 119.77949186826882 120.38308237277235 118.14157629947317 120.02411833297927 121.40100183979905 121.39080268297613 122.17949366997371 123.54032682812682 122.71981034679595 121.49750443430548 119.15616574772434 120.5864153618863 124.39850115470665 122.6059225949376 124.89468044531228 124.60382502079655 123.42989882117014 124.14751381321081 123.32971722799935 124.64005735086425 126.84959678855319 125.69462456064721 125.9616253544761 126.0032136868561 124.69235735772992 125.73487447147637 124.7125749655485 125.72802621200734 127.96022983070119 126.96720252848864 127.30094108926048 127.29204512833037 126.60830651197426 127.81222683335713 126.79036654933901 126.81282534390537 127.75109333898567 129.19035865122837 130.46156319607908 129.88342916433456 128.23881029601995 128.86430371206561 127.94983071685013 130.5206149689356 129.47893110702501 129.92015116944745 132.16709729139103 130.61643792587051 131.38645428090524 132.78356386765 131.9405891412313 131.08918213258272 132.0462617755619 131.18936876201653 132.69708397944245 107.77157772510635 107.93987968707401 107.75000099408213 106.45213110477243 106.65493272374161 106.2278369743695 106.72583050860894 105.36453517611187 108.87963371461653 108.95896509463935 108.7648701848487 107.59446215741248 107.88679439252763 107.30944711214678 107.7309678905179 107.30009870279029 109.98641030481943 109.93650646671242 110.02792728713992 108.63250411486651 108.94970189162078 108.46411155691659 108.84950460526956 108.37136312968032 110.86276568673617 110.99810859488338 110.8538161639342 109.7423560777507 110.24525189500774 109.63010321290103 110.12941808312537 109.33290168250019 111.99386929910908 112.68538645385975 111.86213355107381 110.57810902624365 111.54553215141304 110.81863425176066 111.22296286602322 110.46093801229217 112.6344750367851 113.01628001070462 113.08684442449092 111.60266530209059 112.67360341736887 112.07154679496072 112.41302326601394 111.66593521766833 114.07827352406095 113.78668505873689 114.30105506264449 113.72555789308666 114.19343454501151 113.26580776998928 113.61209021725658 112.90122714238488 115.38729011840354 115.00826830336386 115.42039905325501 114.3419582752563 114.83097498804472 114.43873845632285 115.14262182701525 113.966360493145 114.5210569402516 116.21862849036782 116.60631720134897 115.43406310890956 115.93501352170937 115.16931746743622 115.49050976000753 115.75186178124424 115.16268771526958 115.84126961549022 116.42127148308927 116.66985035415014 117.91509863310624 116.42257860816676 116.12282926733351 115.95979749887287 116.77426545810971 116.28552134931508 116.96351849057233 117.32430157581027 118.02575189634253 117.63531310478925 117.16534039973926 115.62433489750302 118.17162375930911 117.67873712136949 118.84831453272101 117.46518100921828 118.17026241891459 118.87569450972032 119.14102261737516 120.3457763588445 119.2248140539065 119.28554978776576 120.11890840337297 119.75378535789197 120.4153375626089 118.95466811892545 119.82737081868522 120.73902694482301 120.22073675445132 120.32411223678844 121.15645043168982 120.94161332595088 121.56291002371309 121.03139440564811 121.87183232231553 121.16514492750689 122.74473256797002 121.5564391612414 122.34079670942835 122.09184918037495 123.90357782023354 122.60576618211194 123.6629343125049 122.47247273470667 124.03812574774071 124.40828108916348 124.97932457012196 123.22684239446548 125.256413098886 123.92809434148336 124.82106653753875 124.09089983046088 126.19856626431451 126.08240776906798 126.07132919911288 124.92736204828212 126.78293038151816 126.20299683217176 126.35635046815932 126.07065064413489 128.20676367743647 127.09223625451855 127.06622489372577 126.1010290065941 127.8872149989751 127.49035483573724 127.48974723301325 127.32483104049228 129.36749001215063 128.47098794394873 128.06288081862172 129.28652643865817 129.02867616887724 128.73931806171225 128.38475979124073 128.14953620679492 130.55828814322032 129.37146155883264 130.25549321670496 130.59691429710327 130.13350923913205 129.7877609795533 129.58909831364846 129.22134821237077 129.91033325676065 130.54405841079725 131.37842520433622 131.46176836316059 131.04254875105389 131.40591270557175 131.91119608639633 130.64684161822518 131.15429658734101 131.93267513800188 132.00422910809334 132.20755050703656 132.24868296031585 133.34380873333336 131.71354586338146 133.00913199330671 133.35165593996234 133.85737269618451 133.08727355917523 133.28696059358094 133.67142397366496 133.07705214350617 134.06122923472199 133.93525801526076 133.90090698217142 134.19288335011203 133.95252062833458 134.4697297651189 134.56338232587231 134.22687129834426 133.84187561852764 134.7985362517681 135.56383893456373 134.90793089500394 135.11292381183765 135.33915494069959 135.74986179418147 135.14982791529371 135.03333038193665 135.13836891979258 136.39399987662819 136.30329526997394 136.18554024056496 136.10273301018634 136.82586465160372 135.85668525366728 136.52125921806859 136.04718430000028 137.53583497184155 137.24841291015431 136.90861984297683 137.23783776711593 138.02272671176101 137.39508203619303 138.01037302043724 136.92217422660573 138.56207170211775 138.288085994553 137.99419750955039 138.61539608032311 139.25415935170241 138.5587321304846 139.20042844026068 138.50057691585869 139.35053760220097 139.11445959877432 139.274170140065 139.72501335005938 140.44614427970123 139.75254966548752 140.26529985146371 139.77661191020707 140.44778433522919 140.22738343655467 140.43035275161299 141.0544204612639 141.5701735543619 140.85094269164867 141.58995784596266 140.864538258219 141.60448494410983 141.30458445706205 141.58029248653273 142.21071708518616 142.78854851350513 142.09137503197573 142.67431113904672 142.07200131097576 142.77596254931046 142.32961662152144 142.69680009542864 143.29903598684558 143.9228170967055 143.28122822449475 144.36674359205077 143.19820364762521
