# Created by Octave 5.2.0, Fri Apr 02 16:05:53 2021 CEST <br1@br1>
# name: ptcls
# type: scalar struct
# ndims: 2
 1 1
# length: 2
# name: x
# type: matrix
# rows: 2
# columns: 320
 142.28792922978047 94.196194479106737 92.988969587138584 79.081572822585272 96.539053411782959 109.26654242911826 68.744179153139029 84.574827529821334 99.586665020283078 110.26849057948938 98.398280584509195 94.090817800671317 108.08589954424258 109.01989187482009 108.37177310861266 109.75666566787015 95.572885391516792 103.57080601929695 97.37417835596068 98.086497286712344 99.403973762671271 145.62293612799076 108.20631524528279 146.87324978795826 141.60633641542523 126.11408066038433 143.80897436431837 141.56247379889538 148.58741814386548 148.64625544176158 141.05750621692843 148.64995069553569 140.13556886135837 119.26676993914592 147.53071382893822 144.48699619387634 145.08929930567135 147.37617391748137 147.61222149603796 149.2217993873617 146.60190031326971 146.88635424218052 140.66777252150558 148.01025930949072 143.30681079433086 149.28809616757778 158.75757352335643 157.91147696668909 144.81666922639442 142.6879403973353 138.67701288260372 146.22512948475946 146.00511902866475 144.05727101561737 158.68655228160225 159.54076585883558 145.05920845462632 151.50741497190776 161.01682436891781 158.84148731562135 157.73482069131998 159.26554020460571 159.90228228881861 158.10126994060627 82.319294014393364 83.603706590785762 82.5602411734599 68.244993895412648 83.442906914389852 82.227081493371827 81.107902697844764 29.143764143228491 85.853402279230835 87.003573258697344 84.489431711202698 83.402933088045771 86.026527464222227 84.342375042935487 84.898968077875352 81.13234732123459 92.371389601284264 90.450565572519892 89.433449356800068 86.055243118639424 86.986416762985471 85.989913195439854 86.986767468576772 84.79449259612899 92.850504703193067 91.37741846342972 90.212140635667268 88.005631270948086 88.039280865026541 87.066920785421075 87.075115256098456 85.970361622578849 106.43431629826422 95.16123912027038 91.52875896986194 89.096224280850279 88.200694009316621 88.138981879972405 87.839083751607063 90.850898946702031 95.486385069032551 95.246284225408317 94.272290810041383 88.992284714239915 89.784580715642775 89.013851717839671 89.152289184872416 91.20853065883766 93.578930121759186 95.150775108020355 98.127178324078585 92.238810227408081 89.891015960851433 92.577183775843693 103.95345783200034 90.118072902460824 94.387986480662178 96.155082217032728 96.405276743395873 93.43800454960089 91.152421242719541 90.778411202688758 92.58322175003542 93.967398820233086 111.96441811287659 96.593112843170744 94.02138068609338 95.865796674624008 91.906546451797482 90.775125048689233 94.059396290351927 69.782508908606673 90.919517156982906 90.405863661810969 94.337894652026236 102.78023883380406 97.411510700580507 93.243833255459506 91.859170436794329 67.34984957497403 128.67832960711183 107.77221647940415 75.245630946344818 95.341883361997887 96.370763759320866 98.408557277644448 93.181340403056495 70.70225350721536 115.181583991897 111.35996995905009 113.52496010528569 91.544862140443172 95.47959388064389 95.314701033684585 105.05342724126642 96.553882947520037 110.32408381077175 110.02831687341595 113.03425410100553 108.17364249060431 104.52653284571778 94.732940346749672 99.09612917037667 101.3845201270466 111.41753934731258 108.97517955889055 108.03581192788558 105.3230060810799 94.46320528144264 96.522097301796563 103.19421372176186 101.5714783339515 117.7977727510944 108.48805512305678 105.11960619922601 104.29966197106205 105.31834531706576 106.013833073679 110.46995134081202 104.85859108191248 116.60018795405148 153.16955680406096 135.74257719434206 102.46746919308657 138.3483506365034 99.976247223350157 99.462357522494884 102.60352879636854 138.55937230931184 136.83807461334607 147.25024323037496 139.03315074626374 137.78598161412299 137.71874539392007 131.68585603791109 118.06651502111339 137.64988658810827 140.22443696130372 137.91738510730056 140.084143074102 136.68561634499338 138.91166068958634 141.0173723912763 142.92837946474148 134.74617414244179 136.67875482863084 135.90733904137255 138.94214309812887 130.55227073646336 134.23107247024518 141.88394548810948 145.75645543496501 135.73838336741051 134.67788233519497 134.63672619942611 133.20337344595836 131.35245767825882 129.52873175816907 145.56042531854203 139.85564532138852 130.88077444518612 133.86427994504754 136.87813249221458 132.6962172507929 132.39863110544312 144.6895136435335 145.73927014679813 144.46313553258514 164.79144273161401 130.87227025262217 135.03876828449117 143.38220077018022 146.40554117452868 155.30880200126558 152.02577769184441 160.33640989174188 140.85309441280305 130.25959918863489 131.51708397886668 155.78315606322437 157.25464186359159 149.63471190341349 159.16171890837751 160.00768945222609 141.97342881228329 133.84896587332395 156.48516172564001 157.1015380403154 159.25680674977815 154.75374803322478 149.91884692554152 117.96079025099061 161.7163518827972 161.65566592277673 128.97733028530558 164.42086540345471 160.18631690074329 158.12571601557411 159.81053527964553 160.7456741334662 157.8592385343793 154.22704387686468 157.48265379112777 158.60704954733365 160.79697077203221 156.144434451927 159.31662565074916 159.74091248239156 158.36858632030351 162.57715282755572 161.39546033694626 158.60218610084516 160.58781837677486 159.78652095047491 161.62032787828721 158.21166107117668 157.57394269769031 165.64180609690879 164.06109808092978 162.19001714648621 161.66445246504608 160.73923341701968 160.77261179951884 161.71299764928361 165.1181719514926 163.38004986240617 162.77462436957478 162.26874626476072 164.08691160835704 162.68413195269008 161.89246121820071 166.65447280506157 166.17053347401486 164.41820934390051 163.98463750810899 163.35968189860208 164.62091734918133 162.73257015272398 166.73108231273505 161.00901713614252 167.43555862702345 165.52269128655351 165.07212926448048 164.5593495121972 167.20981793226889 165.7227323315264 166.34595064724095 159.26459603116757 168.18424024890598 166.88824820653116 166.3452567288069 165.25336032456761 167.28044229053381 166.95286003634189 165.85401529627171 167.60474095765508
