# Created by Octave 5.2.0, Fri Apr 02 16:03:25 2021 CEST <br1@br1>
# name: ptcls
# type: scalar struct
# ndims: 2
 1 1
# length: 2
# name: x
# type: matrix
# rows: 2
# columns: 320
 121.17046276386722 112.8100770821469 110.1395199635637 107.65827110784882 115.41337878123224 117.65986043095631 105.59738928035942 111.01158544428006 121.3553791511229 117.72729169108663 116.51025265703976 111.39510983556818 116.53636441351216 118.20491079886327 119.01562748032201 118.82777718771253 122.47824870256875 120.67806769275171 113.61244774358202 113.75171599606409 115.04761623939402 131.25452500786338 117.13978666979362 131.89306534156765 127.82506091894585 123.81946158934863 130.02481703784287 127.87369994019362 130.44524350270979 134.00350159580347 131.95720612884281 132.84192813336736 126.78409746118339 124.73965545232653 129.29944823581204 130.8109274161514 130.17807278607469 134.55117478444208 133.5013876830044 132.33949496582844 129.59422927339756 130.6810014629111 131.07295205930268 129.80875025458207 131.08825503594701 134.18491789602788 139.84597603196679 137.71181493750862 132.38745770638485 130.70456011342966 131.72549269860673 132.31782245028762 133.4515851627319 132.75274914831635 138.97131482551788 142.7343691488484 134.03645666191858 133.41718892769143 141.57258048461858 138.57077281429338 141.2444987318604 140.37752146786195 141.49016817016056 141.79239750704113 103.37816483499586 104.5846604481147 102.64146769470408 99.167038957354151 101.3065662576643 100.35385248936852 100.2220234471027 87.324777030214847 105.7249143869979 104.31164766986366 103.42261921068862 102.30741575242293 102.25407082197475 101.31995627046587 101.1532179930191 99.226619903210832 107.9316711040407 105.12628322442792 104.23327123604946 103.14553765210736 103.23553757639075 102.24694025222435 102.20709281649154 101.09722689397812 106.46486314417358 106.18387904491148 105.20924614658863 104.29411750644104 104.36698926796383 103.351194342483 103.20194947330801 102.25965948796625 110.18121514111135 111.50615363292785 107.34272840537865 105.23781847594549 105.45401643118944 104.26652305692679 105.26796546838249 103.4619238425078 110.48722516931932 110.42280251791274 109.96162490585003 106.25355572788951 107.34407938388016 106.56336177583647 106.40143637938644 106.4528942963274 111.39826415479688 110.92502046104384 112.48415421844688 108.48859891781665 106.5831076390141 107.5757083062619 108.49984648337468 107.54138801906274 111.12857033353569 112.99577672417821 111.98978958730198 109.40672280905946 107.68689022832618 108.01361254878253 109.0881877870291 109.57353918213134 110.43768862098405 111.35334553650833 111.52250256677932 113.33881461014349 108.96095736480294 108.4678835181421 110.20599137332846 103.96186130097657 109.2110339978904 110.65699614715047 112.08457894180687 114.53304442608109 114.92383047305032 110.43892969286175 109.094098258112 105.44915356625677 114.80798513759321 112.7995642587521 110.2691255986975 112.12926258178868 114.48752897781905 111.64108921944216 109.80315895673432 104.9063956572715 114.92896619041422 113.68262748878844 115.87723065396094 110.76859478819287 112.35193601479 113.73246724036287 116.22274924788975 121.47605168210626 113.12076175972221 113.99613233892356 115.33668721891962 116.02627622363254 117.02684757334927 112.5943129007062 122.64006122706213 122.6258269266405 113.53853564078223 114.41192087928825 115.41687598137946 116.33631661149856 117.44118095064164 118.56496497973386 120.8469785443838 119.94563908246381 121.79787800205636 114.56386742577195 115.93789752985978 116.64943053589205 116.92794406710314 119.39648018271616 118.10756489929986 119.66975982311332 121.45066463211037 130.10277680240364 130.69680915906798 118.03359015119395 127.86590860139428 120.59612244926454 121.73824370887235 119.55322577673418 131.62777735396349 130.45939310639179 129.48748930623876 128.19288280154711 129.4415232108326 127.35257059636157 126.19017073097467 123.89502721588828 129.29607638738452 132.29549547025752 129.26181234453838 128.15842704909605 130.15708655001526 129.01677728777818 127.88050940817651 128.8620552181084 131.60066006295273 130.39579223074631 131.10979197339631 130.93022371817014 129.79472051798507 130.04406896631357 129.95565040469859 132.75540223277451 132.4687964083887 131.77778022153188 132.80754748064462 130.59118142156893 129.41622945142396 131.77447154953944 131.00788887694969 131.80329827497764 130.40730457350054 132.62973670781764 132.9609589248692 130.47311832078779 131.55730562914172 133.45828557637122 134.56827515830713 133.85847062871636 137.29036098340762 132.55322916762347 131.57269862478506 134.63632021455072 135.45471689784921 138.55955014382022 135.30668183596802 142.51573628370974 135.52816387891426 133.19703607452863 131.65389060023904 139.36976916840374 140.29036390875694 138.62173458456843 140.7414494990837 140.64229523333097 135.22240694368568 132.97761797271056 139.91253100005181 140.24450322560395 141.25180877567345 139.55616782118778 137.31131430520753 131.75003821285091 140.77719716764287 141.47870834290714 138.70990762512673 140.50439780648179 142.2222746660446 139.50453032090016 141.87656821234845 142.95584785459641 141.37066807926499 142.34298070521334 141.156933665016 141.21056377463736 142.07284927342178 141.17363714130195 140.50364486206513 143.73618104549408 141.50021528432018 142.53320413779022 142.20413045264885 143.03160654985862 143.46746260228218 141.77795799365552 142.68503658790604 141.50050482995141 140.10984182707702 143.52621985447846 143.62082887282835 144.46277514843749 144.18921260760058 143.06840386735135 143.53477931853746 143.26491270978858 144.44318279902905 144.55228536910246 145.53463619852596 145.25187629445986 144.9914999592007 143.8140851258224 144.30066468452176 144.18954526862885 146.61861019213077 145.54046178556843 146.28969226672154 146.01980318288852 145.81421344671458 144.6867765191711 145.33776374353417 145.2845172735656 147.68202419291475 146.61763270429051 147.12463919553798 146.81457851486587 147.75980269568913 146.71429921202176 146.04281013436332 146.26818365020245 147.58821063971087 147.56178219681735 148.46372231624898 147.86754540668792 148.84725056245912 148.78734540817317 147.44111241241652 147.00863078008413
