# Created by Octave 5.2.0, Fri Apr 02 16:08:10 2021 CEST <br1@br1>
# name: ptcls
# type: scalar struct
# ndims: 2
 1 1
# length: 2
# name: x
# type: matrix
# rows: 2
# columns: 320
 194.16318503111501 75.219660916101788 76.076632644716028 50.150617947008541 80.335722453360489 106.56042961100965 23.975075617391617 57.810341211468391 38.159134652324106 114.85922780507956 79.801036782434906 76.684010557958814 99.006356855900123 105.59943949780103 104.78706807875487 109.42608335718346 16.068174795662305 56.535392686030548 77.279081187663607 79.092167537276467 78.712407176350581 156.45619549270435 105.91802106487906 158.38295703372179 154.79328541281254 141.99788108895939 155.8025960350034 155.42094320130008 164.5041666372712 159.47546999839338 154.41897021411 157.85302797111424 156.41430391255372 149.39687389425535 161.98539870703755 156.14361714096756 157.44015629930021 161.02852448336122 160.17620708855563 157.19830873526604 159.996540048209 161.2419699115822 155.18016641389514 164.92258753181414 156.78386449649577 170.06697108607389 177.48020578178625 176.95465291243374 158.83779622778343 154.70189680486021 145.66162680471149 159.42272370421301 161.16909046815343 158.25269751039042 178.85172091412377 181.67878812083515 159.24426827400055 165.40234029341994 181.60804163032489 183.91627654058669 178.11109988232192 179.9356246371058 179.58409626095795 177.82423204825338 66.407359358261601 67.353062840533298 66.972660284831292 36.939617696339639 66.80927463291016 65.993100421015981 68.722480445318354 29.758500969628336 67.766300452051368 68.367600102279795 67.66287771011342 66.734257064051008 69.102143256293914 66.675476871193482 67.571411303229553 67.573929818047844 76.112526833553844 73.810936833285098 69.309912418942943 68.61843379618081 68.701287401208731 66.991391787645142 70.163505032302567 68.094340034025251 77.39421989840946 74.439252390063913 73.421354581207879 68.964744256494527 69.723827756600471 69.668366804650546 69.840931431657921 70.429494278756465 104.84459634813042 45.651481249816342 74.933081560615392 69.990870762973032 70.845129455720198 68.840457311206507 71.473114250086596 67.783788048838488 77.872652313307512 80.198273385769554 76.8977292530504 71.33698001640029 71.924104253762991 72.344705122492897 70.956458144694864 73.677995659037691 77.968351377514495 87.058899962928848 78.299085205611135 75.207582878057863 70.993321351716162 74.836149381470548 91.919555066361113 71.49303865950958 58.68584005187418 81.674257647883152 76.014585790042275 77.384162454431475 74.160418958421261 72.921620438205323 73.393321617483963 74.464192028561925 116.6174347877167 76.657030786217419 77.021016634977698 79.471123264814679 75.019529303500619 73.089054778153937 75.62804974078324 39.716580289866151 71.966338075912148 72.935464445698059 81.325248707965471 97.368146193610471 79.048649821999376 76.693396356600431 74.059568586178443 28.859979200227315 120.9642642112329 124.39498905038305 34.756478878463867 79.769622326755666 78.113068217122304 79.129681196772637 75.934827742163137 38.914254706169871 240.04178014052098 129.25222429620842 150.01590908603453 73.101768676116151 77.397741599008427 80.68372520111906 107.06807229658622 17.735398478311968 129.501694481063 116.42655585767628 95.698896208973821 94.330088404730731 58.614321258480544 82.164374618315492 37.032355468658622 59.553076562031379 123.7237579337736 127.63754890962491 118.43990714483139 61.184523091604746 17.116778998486556 18.479968092556021 88.007649211357972 59.813112583290859 119.75977172026248 101.84247147610419 89.399736685908096 61.019007623477407 93.934878770513365 127.15915947338213 124.07199263300618 83.328597436363125 91.659117989167299 177.68680589706614 146.60416823458087 59.742497755591963 169.58658260192021 37.142062500649253 38.276803678343143 60.631825961125017 147.48330484095746 149.6916211063733 188.76428912334507 180.09421542999789 179.65635961625745 158.30894037574188 126.67805915401775 125.74274843282993 137.47163537777237 138.12447547637134 154.85417855767821 178.46689931429063 168.93956618896394 155.81123053315153 156.0782883442497 157.97873806088413 120.10013552418596 131.57096690689119 160.32475737352078 167.75844809147384 160.50713158004783 115.57231109257586 156.03243159065102 158.54278505991891 167.1106992154271 114.6534847413853 161.03187349993877 122.01354514019815 121.59470430837843 128.69363676340765 159.13843300538443 154.85573230034066 115.08835254504122 119.68367596957459 161.56428782985671 116.57612074105241 236.68925851056139 157.27987605606185 160.87450788764795 157.08282587919595 192.63344698083122 112.23884049621911 162.29522805763921 156.05558703627773 160.17134566839491 173.97449687538813 171.78526808351086 179.25443349711838 148.13528353222054 84.291896151183323 128.94517702763412 176.15965095049569 175.25518104661441 159.36675512746572 176.68535539904977 178.45590970666953 147.56876826809099 120.76250528342845 174.78397865250494 177.24122699774117 176.77476554996611 175.46072654657914 156.35912890466233 104.00060119868456 201.37696765138568 188.70181291686976 103.25126942102037 185.74601397484119 177.4136533946276 176.21968480579099 178.97319383967681 181.67496104752445 167.35051191889255 168.57803510569909 156.48772265876948 179.48010906096718 180.20371569463194 175.33532587772481 175.89070105513474 179.33276782718733 176.22276757245564 181.7464349820558 180.83116078850327 176.99083107409194 178.0426612179605 178.50043451530942 180.59695691735322 174.94869735627213 177.95637418008269 186.07694928169786 186.72029349078031 183.72116833867489 182.71899502358664 182.86414188917098 180.60666595353018 180.05179403339005 184.85377387432649 183.82286467502792 182.84740523111051 181.82694028357102 180.43790895613424 179.94132422083007 182.51832311416098 184.35025295963916 184.99959995853953 183.89376777293134 181.99992196645812 180.99493351406778 181.07472651560334 180.61459387747433 183.69598545478527 182.64921571144586 187.50824055805936 184.94656775247805 182.9288935194256 183.19813348405549 185.99384308250541 183.46178948174614 181.80011547269706 172.48945844645408 185.4126942326495 184.9254901039719 184.02538450873266 181.83603571911564 186.30077792214655 184.39141206772788 183.4648268713747 186.96565916413164
