# Created by Octave 5.2.0, Fri Apr 02 16:07:53 2021 CEST <br1@br1>
# name: ptcls
# type: scalar struct
# ndims: 2
 1 1
# length: 2
# name: x
# type: matrix
# rows: 2
# columns: 320
 187.28629864814837 77.853139043212678 78.533488395747412 54.165525970557965 83.358853846022072 107.16339554153319 34.533111683852418 61.524596455646126 45.442030883702031 115.88093901330261 83.998669252577344 79.70275101460129 100.26637502489459 106.14945782068204 105.09792262802642 109.41680918046869 26.475840981660244 64.15463437217312 79.960688761216389 80.655225959515548 82.740338540843425 154.58981202423897 106.15651282264788 156.65217910810452 153.02177543356609 141.40237966060647 153.42273552520894 153.49772703933371 161.46535711845709 156.57133648634996 149.29704931706544 155.72600711621061 153.66598653553081 140.48276470025405 160.12944149539342 153.69412488916316 155.7142740333457 158.38654205818023 159.07644146975682 155.65701985436158 158.63905670768256 160.09054147583581 153.16792667699283 160.90819419645655 154.49279237633874 167.18356838385196 174.56622048584276 173.73133143980084 156.61322509225184 152.66937626419585 144.70571972857766 157.72483165343465 159.9148918393289 156.44827909415937 175.59004957319934 178.85142225652754 158.22525585495723 165.14792379195455 178.43453390805485 179.99001916704376 174.81966608904017 176.76391718439496 175.90473018923444 174.88338457191574 67.783182666627241 68.949248429220717 68.750861100124553 41.284037250496709 69.92071485915946 68.862081663173981 69.513168268260245 21.584309076415558 69.905595130752417 69.927088645515099 69.996083226240302 68.919731659457256 72.001790908552252 68.760136288545979 69.941159565898829 69.170610551920262 78.308539315896681 76.558845832670684 71.108901374060224 71.142797272793558 71.229233429166271 70.89268866299409 73.124910785296535 71.70181826524292 79.974634781708076 77.188669751386087 76.14649688632143 71.03435528633841 72.242431672818995 72.050616057040969 72.989296353395076 72.544524541502255 105.08327656297664 56.192909550832454 77.673406436548206 72.057166584694997 73.125877310686306 71.487477838319919 74.245101276280664 70.66162093989368 80.306252516486765 82.627546744454534 79.555729076491772 73.420355619843491 74.557592382813965 75.041900002898288 74.020354650475781 76.166637676918029 78.535009466078051 85.637093667948278 81.051822768814134 77.822977015473157 74.464295836289963 77.191444953291764 93.589566062409006 74.684834671298844 66.690894083328402 83.496104053842146 78.881460773034775 79.24507334437989 76.714128244772127 75.29569160091566 75.998795224754375 76.968049160969159 118.182055159854 79.181151549150769 79.599873915205109 81.386663185405439 77.462163086065232 75.541023200078229 78.142297426942648 41.119712294837619 75.731927530261757 75.277108412332865 82.912704589067687 97.817215187898569 82.037381375530146 79.16944210459684 76.402692816500519 34.201430599172369 122.70473902710397 123.18613010885541 40.375381614414692 81.805661297726132 80.554794222955834 82.198955026641485 78.352643475210527 41.749752155097575 222.44545061783396 128.91636390242493 144.95086142374794 74.608685622035239 79.645691633135229 82.427468946469105 106.5766402012126 27.879662818212253 126.8895644646535 117.75076886794764 102.32964575141753 100.09533732012565 65.881551869296871 80.441061182874193 47.21484804225932 65.702925839868854 120.26226340537816 124.68674203696402 121.8220703876881 67.624677237881343 29.035590936506047 29.544733869237458 90.038616902325003 66.652579582421438 118.47256387806263 103.31067794653164 92.906599840669202 65.349452146278452 95.219505068718107 124.35912960918689 122.37850382475818 87.080508123610869 90.70712422657769 173.81833211328282 143.40603619545081 64.588621872796097 164.84631893001566 45.890171656014331 46.524037743636271 66.480944166368943 144.54405571582811 147.29529142741558 182.80991767540144 173.22702814682333 171.93545632691806 154.82417769080206 123.2323554551929 126.26451136342681 136.78412561579782 137.48576275487667 153.40637181753135 170.88140262397067 164.05557593403898 152.56969140400361 154.21639075193124 155.43208457547743 124.57796366753117 130.88723669530268 157.49085235094375 161.45312030937632 156.26079543760005 118.59019694795722 155.23213067432465 157.76564989140451 161.29978198620984 118.88683598106516 157.29096228736736 123.98867939343542 123.44063248525951 125.54847115458644 157.62564254959969 152.13069468572277 116.87408741966975 123.63127983423809 156.77368699670419 119.27938157564826 220.04310464971576 156.44201425807256 161.2320256372343 155.3739550215694 188.7696586360419 117.49349521110328 157.82199369353324 154.36055105835803 159.04004990692891 172.42049667951233 169.03443970663551 176.84203281281253 147.48182485899216 90.873282083581159 128.97643672092588 173.56377653375608 173.70890514551726 158.0161858637197 174.64785486209618 175.70884927099033 146.33268593344548 124.32021755884939 172.6445469826873 174.62238879302259 173.49828437556357 172.7053160117961 154.73528851696477 105.93793355696377 191.45872006472356 183.59110431276667 106.82141664300281 181.386637095043 175.84068238126903 173.5768362480803 176.0225436060089 178.69923064880831 166.52012561686689 163.8423351030182 162.54222210790638 176.53237752521775 177.01897036598331 172.64417843027925 174.0192320611317 176.41922074357691 174.97413745422259 180.13382235729873 177.60941272067001 175.16674909548328 176.53635885181444 176.70354025598283 177.95471423351688 171.05982649751107 175.67661631980431 183.55610832363368 181.5787105052658 180.30443780536419 178.7529814273735 179.60237013484766 177.86770785820607 177.40021768544537 182.51592156709825 180.78221176706609 180.26356899792029 179.09520234848102 178.16527257236743 177.72707295980416 179.27979509184769 183.492888294751 181.87149036050508 181.46687562125905 180.08631002611429 178.72342301121864 178.66825959558639 177.50451793216723 181.61646629848269 179.77083109480736 184.30675347489586 182.63960849256833 181.12006045260699 180.54775327501082 184.06057804031371 180.48665174560341 179.75809917206067 170.65417141739391 182.83201392903689 182.24792062313836 181.6420061245079 179.23938889708714 182.95723353960452 182.33558936942387 180.79184842212075 185.50123315296247
