# Created by Octave 5.2.0, Fri Apr 02 16:02:54 2021 CEST <br1@br1>
# name: ptcls
# type: scalar struct
# ndims: 2
 1 1
# length: 2
# name: x
# type: matrix
# rows: 2
# columns: 320
 121.72649939808838 114.91356442303443 113.30662745211865 113.5630507865873 118.03012567827209 119.38586021526108 113.03739434293249 116.47372550925087 122.15407379548114 118.92455249394439 118.30151901680506 115.98643251963611 118.88947550557738 120.21199199200348 119.79963213479887 121.62091452607673 123.96381358985623 122.7297445509183 119.28035417265077 118.46566932270558 119.07903640211296 126.99850480227866 121.3870021611058 127.92172790453469 126.05547346587085 123.34536673996109 126.69266078521348 124.54743724890704 125.88535897938395 129.7002566237731 127.89561417459934 128.65932872355148 126.72210183884918 125.67197301721164 126.71313488812201 125.71242097889825 126.837086594382 130.76056554815102 130.11620625532129 129.25537837852664 127.84124467607131 127.07824188161098 127.93837980437759 127.84922256332543 128.27021944650778 130.17724926068669 133.1554141035511 132.22473187026921 130.34853923184724 128.84816949602461 128.5845285180026 129.04370193882554 131.2004382768952 129.9322495373533 133.33779491083237 135.33057733039973 131.89803946536571 132.28208067426249 137.11225829152121 133.66705267940469 134.09451065863817 134.7744091294482 134.32674404581607 135.197527165634 108.14642132871484 107.26022482168408 106.40683634172365 104.1945981126775 105.0280754404456 104.21861439098271 104.42721824282727 99.345647461408333 108.13574711618911 107.40998054217722 106.33831547228799 105.45866609695295 105.96498740670172 105.21038183962068 105.58961186379111 104.62446386186234 109.44073070161973 108.41947244678265 107.45855945353961 106.56800615579239 107.09819596529073 106.43445669048911 106.70836224230753 105.85322779400009 109.20336066599377 109.72284475640674 108.69370839318901 107.97870857063749 108.30903571598444 107.51951101938815 107.78406440604923 106.86587319785356 110.35127814500373 112.07282574770045 110.75275154670678 109.10386910223691 109.35288819341194 108.57974754908491 108.77818230089403 107.95159692612241 112.19962792661231 112.21961514429373 112.06042537955537 110.17283413882498 111.28139039756232 110.32441742463041 110.28135763534473 109.5869541843069 113.64721976662061 113.07766875845755 113.09088307100035 111.60372386646479 111.19514644585576 111.40296691463477 111.23572759547508 110.60069945631668 114.53408886871681 114.80915224117699 114.25057647904538 113.12997947416555 112.32442243530281 112.17469190256129 112.26914615535898 112.32115366478523 113.45470671826489 114.84508262752274 115.76033131138402 114.52980478131781 113.49948296580212 112.91480017476131 112.82097652113265 112.21485479936361 113.01566387361632 114.30798769675746 115.49950935861614 115.55408501660037 117.46417453089296 114.01374726982908 113.19657388231794 113.83697736967761 116.31641616246471 115.16780078773526 113.90888039898903 115.49664049106252 116.31564920190594 114.59654731363098 113.90713356549945 110.43994794187947 115.80636049161146 115.81352622412544 117.40658015647377 115.51259747713 116.41625359833007 117.47238239126466 119.69109678793966 120.48859036587662 116.93997310821629 117.14714153003587 118.11501455132199 118.3812363900054 119.45031701242601 116.72564486876858 120.79796191046131 121.56619373755268 117.69658467270325 117.95697024001362 118.95980946340342 119.19657991660181 120.19125121097866 120.92140908633507 122.62712491749767 120.7947830953496 122.64370161868844 118.64223289962132 119.76152199148842 120.04966194393911 121.89421658160371 122.11263551802838 122.59537581839434 121.99593504006612 122.4334736454414 125.48613006405171 126.84291087823399 121.19685669819624 125.34574084183761 123.26010489558415 123.72712359444154 123.35877518277654 127.78157785258206 126.76521554468982 127.66444676407775 126.36539760791088 127.70949847417872 125.87363491704049 126.53453577655434 126.16295716473439 128.94441747540876 127.72328242783541 127.86450420907333 126.71318205965993 129.20374665589557 127.93574082417736 127.78250080457768 127.25286089701088 130.06402474272787 128.9036371367628 128.73311746326436 130.21049259228258 129.48711126648487 128.63304568995426 128.39636423732975 130.33053556136451 130.85788931034494 129.88748891457521 131.09471962161476 130.85791189116117 129.9178518927236 131.32023452782312 128.88004388255024 129.71935635364335 129.85211907257158 131.65187101050117 131.84526944999806 131.1710601495532 132.72848141144684 130.9152086567851 132.6888912940297 131.45315284038867 132.4367233541378 133.70010405715286 131.93826909806003 131.97143081392207 131.94685068059033 135.40588387628998 133.47010652728903 138.13636358018175 133.85487367991806 134.86950866095103 132.36939835223012 134.19039970382639 136.12610150310471 134.59169648665096 136.38650823178972 136.22538328094276 134.29756232545967 133.57298294080235 135.62829117712562 135.70934112190147 137.21642810111888 136.43604863161008 135.65152583357374 134.59905638678381 137.19141832414473 136.66710715669603 136.3655699816766 136.73315119958434 138.16401753954784 136.89767552236211 138.66253913101386 139.9139780877162 138.47507450908213 138.69671491889005 137.59663238768485 136.84792531662958 138.76013827929182 137.5872433618452 137.70378404916465 140.9548842542639 139.01970600984615 138.53994970812428 138.05123459479452 139.08713191007786 139.88878114364638 139.17140495711928 139.20725074128981 138.77788956435904 140.15673548638705 139.79907599462854 139.18848085562723 140.73486268368123 141.1791041629335 140.24563709371924 140.47182914022426 139.81228284125731 140.88468247762691 140.19823251962714 141.2400604095746 142.01512375684848 142.38372760629511 141.40454009707497 141.78776005193555 141.03502516951235 141.92581292049172 141.39446550152181 142.36924370226802 143.20044183259984 143.36470230797173 142.65128092807947 142.8228205660302 142.03019224777833 142.9650926777945 142.57639475597932 143.66390180035469 144.04081045784312 144.35897134419284 143.64378890974282 144.16548325815754 143.41611970312252 144.48050515806827 143.67810007195098 144.47920588508237 145.14751018009079 145.83022863966747 144.66215041566133 145.490931737083 145.01592024249928
