# Created by Octave 5.2.0, Fri Apr 02 16:06:39 2021 CEST <br1@br1>
# name: ptcls
# type: scalar struct
# ndims: 2
 1 1
# length: 2
# name: x
# type: matrix
# rows: 2
# columns: 320
 158.48991463060736 88.541962029721589 87.958700392971153 70.46132912496445 91.657591562048765 107.63381337584929 58.359316675780036 76.600103034963951 80.686965462624499 108.6713200724154 93.978377430855076 89.202692001812636 105.38056641669564 106.60868844936967 107.75619506564357 109.37916693380286 72.429784211265215 95.079791804163563 91.397158173913652 91.879559042244978 92.935549022903388 149.30549924626348 106.76590642551655 150.73372593922358 145.11934468565761 126.80824957405635 146.74113482412923 145.69173202899964 153.19882703378931 152.63299887594968 141.3370858710966 152.34654102762232 145.35799360684649 122.11999852299516 151.1357623780367 147.88718652592959 148.85881132191307 152.10865875515228 152.13104280288468 150.50248123894943 150.40066149949683 151.5090466117708 144.55026809789877 151.59167545188905 146.2238105021973 155.48034565130413 164.87895741376127 164.19999436711271 148.94030011624972 145.84475084773072 140.82586159603449 149.98824897861832 151.96863191937896 148.33024434937559 164.80829057268431 165.8179920378424 150.00014968132717 160.97596926045466 166.80629631330766 165.78795324799512 163.60121562836466 164.33791615937486 166.89684420865987 163.80801288910811 77.567174622756369 78.706075546463936 77.659387591257612 58.917269558545996 79.416431200708871 78.211891671475897 76.690707813250341 11.593293313683407 80.600357090166199 79.537218202693907 79.951480421490416 78.765488973554625 81.299894718887245 79.715042046375956 80.385717506463777 77.159779857293614 87.677153934384904 85.621875650365268 83.68049590855783 80.750131407221119 81.287512792825325 81.236358517538804 82.350476598848687 81.386347220861097 87.808014221574737 86.632983951819611 84.609714387743921 82.19654842846785 82.379395520306772 82.12654051896952 82.308484169642952 82.604226178241845 108.76418226508058 89.866577172393022 86.722226232614233 83.450642253254628 83.242453791230119 83.40393596049725 83.494660654649181 85.174600980425467 89.010215848483512 90.804673797216424 89.565366798882934 83.672543039059363 84.40805895695037 84.346355658169173 83.351430233518528 85.545212250263603 88.381294672665305 90.341742612849004 92.480658699556358 87.236822162433256 84.777942697939196 86.734126951750014 100.36784598754457 84.09507752697715 89.272388239465798 90.582037992263238 90.995557259739243 88.871141140149732 85.91077477459018 85.031795590428644 86.203179566556599 87.994453735288687 114.29832278966362 90.730711738050516 87.694713382168501 90.444973031956735 86.62800838267772 85.531134261741826 88.486767202143355 59.563278194099283 84.869654925482848 85.948639825330488 90.901888099046857 99.639906988244377 92.478404083703651 88.466390482828842 86.22572174826486 55.881439218417057 133.95787658413238 112.11099578434913 63.181516248568045 90.206468766883361 89.567954060271362 92.890303935119775 87.310635264476673 59.537035434780144 151.02505431986896 120.44888583742653 124.39272679446363 85.703919479483957 91.587498630157313 89.552986995760904 104.59878120661519 73.426871024396121 114.32783518141301 119.33847786275416 129.76963569331349 114.41187644119773 91.818390428404427 89.580226757013747 81.711567628136919 89.540361065342594 113.82595421122593 115.38913489692756 115.4849863354349 91.285576488241418 72.312525100315241 71.469593481483557 98.281956353897073 88.486498756563464 116.8340679163999 109.26555380641251 107.1658491171668 90.539037875723068 99.528148652490827 107.73142959978478 115.22787309090944 103.23152916362427 98.663804236285401 160.1277177136518 134.8604497956388 90.549435916411397 144.15601348187522 81.01027405470866 81.5323111665505 89.405261812011588 137.43053414752683 138.52737863729911 156.49490781005221 143.01166003054803 142.78103174690958 142.47886977999579 128.46954903738168 127.73034029351723 135.14200094653242 135.89614738286241 142.13125804341894 144.53255299189726 141.78462084053331 143.32110428181278 146.45150986671047 145.61253591463645 135.89481142049695 134.40435544027468 137.44119155343449 141.12353299397074 140.14014903082162 132.51933690763147 145.63454161315792 150.81515170312531 138.92347307050184 131.83453228977993 139.03126067590671 132.96518188092048 134.92553617945575 125.26615160180687 149.32941199785947 144.68037224017084 127.51303053084067 135.94819851736617 140.05892466128637 131.60655292300169 151.64110674762824 149.82612976856237 150.42856338263422 147.49292943723995 173.08722358954404 133.29942383978036 139.62509678350256 146.53977931251288 151.16298002831832 160.5038626109681 157.88002183331739 166.27078981607818 142.82990942225351 117.56918900492403 130.49898292997844 161.81525237897432 162.63546964907476 152.53446355792701 163.46738972716236 164.5984858680398 143.63722721460528 134.92641921631014 161.71751662585237 162.83380977160351 162.97445599609773 160.84536470509394 150.68556947069106 113.8012237170382 167.42421323224852 168.3505987780226 121.31201419104917 169.53116882526007 164.91426066295674 162.366550335413 164.66683468155384 166.88887911682133 162.18746578035982 157.44515366097363 159.26844645350039 164.97687988082549 166.07200555304394 161.48538134876671 163.90361166701427 165.95338286808638 163.88473041787461 167.74458420096391 166.87958210455503 164.08232871925924 165.90484247659086 165.72540980954054 167.41336874800459 162.60755627631571 163.63736351535192 172.54766457366057 168.85157201232238 168.02544499954757 167.09803322515339 168.19812930040032 165.96892220684279 166.98108300360025 169.99258531284821 169.05127004296335 169.58493494375409 168.40490792901178 169.14665067319029 168.2918820662197 167.88278962701133 173.43848003446078 170.84408211547344 170.6548657177521 170.34490221163381 169.27082144617228 168.91636441202817 168.03440694273661 172.75437257529191 166.85436384963646 173.52125430216918 171.78827149971829 171.62833696527952 171.29512868552641 173.74910598338025 170.1680462597532 170.94456246483645 163.20506524062029 173.5985799807705 172.67999952283995 172.45019551421518 170.16869477233323 173.68620190875654 173.30202859140016 172.01720398497039 173.86940227753345
