# Created by Octave 5.2.0, Fri Apr 02 16:07:36 2021 CEST <br1@br1>
# name: ptcls
# type: scalar struct
# ndims: 2
 1 1
# length: 2
# name: x
# type: matrix
# rows: 2
# columns: 320
 180.61167362938664 80.409161931290896 81.243043559260329 58.062348464002994 85.375802459152439 107.20750364487118 43.807022958345925 65.129608898525248 54.17886564258297 116.87259989187204 86.030270614297407 81.757805045673365 101.48933383597745 107.26784838525329 104.96070357086779 109.4078077736573 37.736709851454982 71.549780714605618 81.78914782448274 82.907046426699239 86.735083068953472 153.898944526799 106.07942386598434 155.37139620030047 151.3115716548246 140.82439298014629 152.64775633720151 151.63107605860165 158.51426415594398 155.88692851681847 144.3257731522869 155.44220193571206 151.45423965072328 131.83083518842926 157.09112692259421 152.79210555118743 154.37766447953578 156.57867173775836 157.86093744622383 154.69837875883817 156.26767334223578 157.98890298453961 151.20852563058637 156.74017260503408 152.97703303604243 164.38497164346009 172.11096240220419 171.06032445748127 154.96501628282536 151.8660484552783 143.77792756644777 156.03604637775024 158.67833185181405 153.9109157884692 173.54732951127136 175.19440332272438 156.15887529269767 168.51773106981801 175.29219416503122 175.50632472878024 173.20709467280375 174.36858920838822 174.21816735228688 172.84127859405564 70.362812160873688 72.010643722982294 70.6301408105045 45.500679758943278 71.979295754892135 71.420320127109804 70.054034732603327 13.650534591826682 73.152181967079557 73.334693945905386 72.751700754243814 71.787868741936933 73.777634165157579 72.126721249639075 72.669536937938091 71.11472204503022 80.730005366537355 78.777295213739379 74.472138250970929 73.477307258745967 73.746019117234212 73.126444997315531 75.136442549258675 74.12694007568804 82.505278680345157 79.700297076668804 78.067520282328019 74.157558277054406 74.851657522545736 74.4968074570982 74.90731675042484 75.271246258440044 106.01900813196632 66.424295842994596 79.767571008717965 75.170155577482817 75.648964277867066 74.374266664958824 76.338772364442192 73.226926600570849 82.594609646140611 84.815994259972285 82.382121036135175 75.967585601473331 76.841790965803625 77.157318037415877 76.045296866442712 78.410622776506258 80.266462232050657 84.242179845400784 83.607045909388034 80.666655092922809 76.89756281631567 79.265832924366805 95.210459087984901 76.976465603908963 74.460505349151617 85.893111157393008 80.908834212686543 81.352704308902872 78.869240912387227 77.456386960462552 78.0518244869954 79.171075561647413 117.65530896860386 81.048282264276935 81.873037737794775 84.26877757959916 79.823531753376486 77.714379595349428 80.019444002831179 43.441622853078258 77.304431011755156 77.384464332132168 84.688595174571773 98.253076270589958 86.025234042404392 81.784515059253266 78.357699056342966 39.385780486383055 125.9383348228492 120.58985667721711 45.829022505190494 83.716068813027874 82.822798952223692 84.786140191777861 80.512144932722393 44.515399798006861 205.36666019875537 128.59038175551743 140.0347857515286 78.319030988619573 81.827105712377829 85.081608325806414 106.09966199099702 39.441131272017572 123.37674770874538 119.03603443674044 108.76124829620611 105.69102009095013 72.867218031721976 79.05284418923884 55.255696325969353 72.144048730956428 117.75938756177453 122.20417361331728 124.25431820059825 73.875415085738041 38.522794864259694 39.490244733759432 92.009850249440063 71.432279863238904 118.24253293184091 104.73570187371122 96.310319961466746 70.881328874963302 96.470473192794302 120.40811682756174 120.73482351087043 90.722068496527797 89.783130280534834 170.70473923841689 141.05634636809327 71.559206821007081 160.26131963606198 55.134412292127557 53.949295148638534 70.016514131322737 140.93687558963978 144.96944203313308 177.31762336933949 166.08947382574317 164.83267837164112 151.44190802600752 120.54579866458846 126.77092832547672 137.03216195309665 135.95051047773978 151.31629705100062 163.60031196875411 159.29938759312907 150.05943307231152 152.55173918914383 153.72731255283679 127.25504362228786 131.20113028874144 154.79964599248737 155.26857746392517 152.63308125391737 121.15708791469105 152.62661440150592 156.90193401875149 155.66509145134015 122.30782706430546 153.62682046903498 125.39558228998409 128.08063732310376 123.52281782063918 155.29846219651222 150.30228428963014 120.19882732134633 127.64897067665967 152.04243386858886 121.50789607987672 203.88654354948324 154.44123119114093 157.35137261692481 153.36785005511584 185.01951112492284 122.44875474262767 153.1014050523363 152.32570679118174 157.2976891847357 169.39489713878288 166.36451804672708 174.3248401228781 146.56999307410595 97.261097841496706 129.00677701147376 170.39670995895528 170.49317435823994 156.70533922537797 171.90571702304447 173.01921073074462 145.41055144598349 126.98195291286552 169.54572303678185 171.20169212324024 171.65669394737029 170.46312463197256 153.77159243298212 107.81828555176418 181.83218564237504 178.34376209772444 110.28655953492694 179.10059786237801 173.2318078718786 171.37231869102928 173.8071551115026 176.14286559166024 165.7141624413714 162.0748105154758 161.97301698184629 172.85026134119221 173.96545403231875 169.98445941287986 171.60855034298746 174.36520280894098 172.18386020192398 178.46990282064201 174.40729856552531 172.74743785663858 173.80970962510895 173.52448844384202 174.68472397883767 168.97883631227245 172.41523866146173 181.03717402202975 178.23830610173931 176.92605948668225 175.74002656959755 176.51344440110566 175.06515688431026 174.95540771184238 179.27312163550326 177.62713364096811 177.00345997832963 175.84036804514884 176.08944387615674 175.42064551998928 177.48344421766768 181.77993499313095 178.67347497981555 178.09016101557242 177.64844013745312 176.48555327664539 176.75318343278738 175.68219411504492 180.07998355615806 176.30333508572883 181.81125809368882 179.98542444429046 178.76156707514414 178.43534976132486 181.07420671814515 178.83518345944483 178.20000361165509 168.87286341860022 180.62224570366652 179.95845583264276 179.55543154456316 177.39049244821248 180.45745754358532 180.54550224672002 179.25014537905565 182.69728877714348
