# Created by Octave 5.2.0, Fri Apr 02 16:03:53 2021 CEST <br1@br1>
# name: ptcls
# type: scalar struct
# ndims: 2
 1 1
# length: 2
# name: x
# type: matrix
# rows: 2
# columns: 320
 124.12371753155324 109.04603969881296 106.48391433752553 102.22633672304666 112.09785593912468 116.16273224159526 98.025275962737425 105.98641658450691 118.26704618150845 116.38344909843626 111.33927898764024 107.78762056956938 115.21450725263753 115.77504551766627 116.71283567178155 115.78908211165317 120.68010514109196 118.96290859845594 109.98647572654231 109.58061562938008 111.63311044086059 135.52477146810065 114.93241859645548 133.84969047326865 130.66605537829116 124.25562885078517 133.17473676960961 130.47569827697163 136.33172737613634 137.71515024214978 133.6259159041571 136.25004119834489 130.8091979333002 122.60892023019004 131.21708194348821 131.65007950832074 131.88371314554348 135.12598446798165 138.3225475483203 137.3891466286093 132.01860019611226 134.28627425381666 133.64444853625207 133.27150384791423 132.83031137326122 137.02717554288705 145.49894628652132 143.81153603581146 134.85470983350442 132.77636476830693 134.09298226622772 134.05559823256411 135.2200672426471 135.03925534741683 146.14136875066728 146.21916881271008 136.29233645297373 135.07393157102297 144.42505112468243 145.04255940218636 144.50094313323245 144.91221860427723 144.9854877542522 144.99143847423491 99.989779359870084 101.18829813642544 98.252801273784868 93.289294854671056 98.083072754081712 96.807773752658647 97.382539825853925 76.265576233516839 102.12998520621066 101.02391156612528 99.461893061334223 98.892439582414028 99.259523290388245 98.419465713753027 98.098136551503188 96.822764799019026 104.28898300948619 102.30479905661727 101.08422714871659 100.06755969172808 100.2190918445885 99.260761616547839 99.07135119032894 98.02423943295075 103.31769358844846 103.13249371905769 102.00110687937705 101.1117286231091 101.1740406256754 100.17709587896407 100.27607284722889 99.194944037561001 106.78682544428665 108.14814951799265 104.24749308424352 102.10749770902389 101.22945754929273 101.26039552313834 102.27410769352814 100.12630365733116 108.81618811881499 108.63786755034086 107.14484075044628 102.19903380454834 103.86487652044488 103.33099936318574 102.38660488070941 104.06209004634134 109.67464018353162 107.99714338385617 113.82342481297671 105.27847666101157 103.1293544763156 104.24213675548715 104.91434455352238 103.2095831469893 107.97256029659238 109.25483740606136 108.88212813823392 106.44531516609872 104.09503448466634 104.80080568989175 105.35817836132624 107.53828311905039 109.46835794745986 109.79821635240975 108.45385180916509 112.79571351010958 105.12852695208028 104.8480632629803 108.25042797367738 97.289047499683775 106.987236362771 104.84363127096383 108.06017657564527 113.80619692529724 110.70700531704301 107.24223958945754 105.87916511531304 98.141745874770834 112.66388116484138 110.59763451959925 106.6231096891491 108.41542226644974 112.86212516365543 109.95536567817008 106.12114210008859 99.213042870966206 112.17848532488271 110.96818715963046 113.42612627875813 105.9465556462127 111.8703262006771 110.26771374698731 114.02570893376939 119.57491667344654 110.24238989215225 111.62474379588434 112.77856128763604 114.01557447753352 115.31337268878299 109.09392575516269 121.68265067849092 121.34616279324611 109.40260080383234 111.96984435037777 113.3554146383171 114.5370457288235 115.57352286746787 116.66481732866042 116.93937641907843 120.32216736583234 120.29724385595534 112.42047442272299 113.65636335616874 114.56350347870985 113.31856547412232 116.05710213122678 116.24827058039182 117.09744984795502 121.26895675864556 134.48737134817321 134.59212637231897 115.59352839435749 129.74409349440882 117.93057185844395 119.08921009553409 117.85273144063189 133.96213153057994 133.0334721272107 131.69991913504794 130.58715896220818 131.67160808538128 129.45618283912779 127.46759277773617 123.87756287370264 131.33255407974642 135.06510863938581 130.76591220897396 130.23212043872874 132.21249687504547 131.18767766240299 131.08327699885646 131.57932052591133 135.36269673339621 134.07550111632236 132.74140991060781 131.30090283083112 129.63381572678929 130.71031269359452 131.93845200679652 135.42106084097958 134.49651225869295 133.33381035365346 133.69136300773715 130.02832902731836 128.12598362537307 129.12824948073217 133.32444516462886 134.32499920955479 133.63569850790984 131.77073585687111 132.47111539261783 128.79058610922462 129.55254925003968 136.16650385759891 137.06348008537736 135.8714072606499 142.51783933224024 132.66226509053871 131.64551723704801 136.47172442001948 137.38139571069544 141.69667902110868 136.10422821198347 145.24544371982154 137.03150700701769 130.39693879587165 131.05680513278875 142.27533719578901 143.0289080388425 140.92068086654075 143.51603481429919 144.24536350226762 136.02021856454232 129.83669608814824 143.07668572499094 143.87515042640277 144.78893158859029 142.78782073314304 139.66629214435417 129.12894149283264 145.5486096404949 144.52275523191921 142.07269760172539 144.40178655199892 145.71039770568717 142.69630312094617 145.7888379704977 146.67446096854709 144.04249045953571 145.5866068412416 143.20830917170522 144.89754419791694 144.95914505934709 144.09555104121665 143.76015058877442 147.4155091326611 144.64330716449314 145.89085766916563 145.87826625533032 146.83080659916354 146.22526659272859 144.66460052511863 145.45644782203715 142.61492688386926 142.78272259674844 146.90633807677747 146.94150534394325 147.49002182885607 146.7663594195794 145.62917048505133 146.31501702365605 146.85773978294196 148.26838870200348 147.72375000249684 148.60515168141973 148.07408607370402 147.81577541187553 146.70117602177905 148.24531739552549 147.71030660934261 149.92502500560292 148.83056923599483 149.28858953109147 148.98579908533065 148.58006858611404 147.44167050631256 149.34311750906886 149.07271498059501 150.88401310018898 149.75186824925615 149.98185260311845 149.9084674764544 151.80732312633634 150.50331968405877 150.20774176827109 148.43194307742468 151.81579421385462 150.48562823699933 151.29525339906226 150.89163167602135 152.21000505228358 153.0411915605348 151.47185109720061 148.80348195663444
