# Created by Octave 5.2.0, Fri Apr 02 16:07:24 2021 CEST <br1@br1>
# name: ptcls
# type: scalar struct
# ndims: 2
 1 1
# length: 2
# name: x
# type: matrix
# rows: 2
# columns: 320
 175.55513952426412 82.345542907107728 82.290197312353484 61.014486716612865 86.126755732710436 105.77111216871413 47.09026387613978 67.860678931010654 61.640441909590976 116.60944906245929 87.990902172200919 83.015903879638728 102.41581778376749 107.89311648401055 105.74413602004586 109.40098852607291 47.132706933850805 77.152164307357509 83.711401340977432 85.062122090309941 87.037372290857149 153.39858177184814 106.80560930257057 154.58685200418836 150.57780111188993 139.30295669873999 151.73801964994408 150.21694652774403 156.07143104754212 155.08095267617023 141.64322242972355 153.61669638150414 149.58294145649975 125.90880703752055 155.32028218257526 152.22233640664791 152.98598722353182 155.68193459420331 156.15050983519458 154.16341289127513 154.63858457847772 156.95024238280399 149.60946293952276 155.08723703443562 151.90396521426635 162.26482259770867 171.87494449268777 169.24666080448208 153.42653486769004 151.30633405955535 143.07505471634937 154.10784884101133 156.84284596092954 152.81118530200231 171.96950236475664 172.7812036062422 154.8044648360034 171.04673797268609 173.30007478071542 173.4077627705345 170.73022343636757 172.37928104521674 171.41888567782931 170.39723516744579 72.470798512637217 73.46122626574261 72.937705616740544 48.69510590170583 74.114014099303958 73.59174501198143 71.494889714076777 7.6400993762290499 74.969512199170453 73.843957076024552 74.320392546097509 73.263272021950812 75.831022143808113 74.059054475334406 74.700546098525038 73.388333278859122 82.571173406078984 79.939259483283422 76.585503663092453 75.162679896504088 75.507925043215991 75.460230693881272 76.860265284870707 76.289273178445171 82.938187383994915 81.31925085158872 78.111515707806731 76.119003764843669 76.846615846507447 76.217140694860618 76.523959731120783 77.244328706888723 106.74772742896292 74.175346064328195 81.896857348075386 77.411199858807905 77.484679001323343 77.649777259518345 78.096459010904226 76.647638175152778 84.909897550598416 86.404642087143131 84.07968354574129 78.135192466826354 78.862850880763091 78.708583028412477 77.617000893268099 80.096408304125248 81.4793033988134 84.421590059517087 85.709588456344306 81.635409055151129 79.398822686087357 81.14066360101215 96.438408349784822 78.564310995235459 80.436700552554015 87.125582111576293 82.6069020469496 84.121794912278531 80.500010270860969 79.430586985412006 79.585862301289055 80.678394046010723 116.85602654504666 83.35523124946711 83.019598330929867 85.377738002858706 81.156530419712695 80.093057203643681 82.538189747802818 47.210102690658545 80.046569676656375 79.619136488804358 85.966885805403152 98.583274060507676 88.011658544255511 82.711116762052171 80.581914050534664 43.313318279724484 127.27656013400659 119.35301464551202 49.960568634566101 85.299695215876682 84.31245415347388 86.906255170259982 81.760989449940098 48.343580160544292 192.42818260854432 127.82809611190726 136.31048599984729 78.940860142710491 84.411799699057482 86.286032827374967 105.73831486204583 48.156933668643433 120.71552289366348 120.00972047370468 113.63367446650048 109.9301737052111 77.333372771324164 81.510836141575311 60.112176606189315 76.146675605077476 116.58870474304977 120.32888100629862 124.96492882445524 78.598518328729156 45.797711642545494 46.114931594539613 93.503208845739351 75.326410534361202 117.74306409755039 105.81526545490787 98.888895810555795 75.313603530674882 97.418176317094449 117.30288320034296 119.48961115186455 93.480826354798197 89.083134866866004 168.11562552221915 139.00824647202876 76.411155930605545 156.70902939420651 61.351922077550242 60.752502364250262 74.324501220021546 138.47219521786647 143.2074349162524 172.69970710186604 160.26070699979192 159.58420527245531 148.88451879941653 119.64214356650145 127.15457753915089 136.3767849881431 135.63072385190694 149.13915632811108 158.37344361239576 155.77502053584533 148.7514729632143 150.5468035451868 152.47352785791341 129.26335463717297 131.39333008311951 151.47278963490524 150.83060862270148 149.98101067315895 123.86258191986694 149.5752684339044 155.65989044090944 151.86373422950004 125.43633639637534 150.83209503290513 127.98042013474625 130.30863185744408 121.86009221443618 153.86371864346989 149.45992879474625 122.76438214155031 130.19517366906325 148.75762383749017 123.74513318155036 191.64672453415557 153.94317214877336 154.80915249838662 152.72622691300137 182.17849028316598 124.31116061219701 149.71688034233409 150.64818176091862 155.49529588444872 167.17537764860069 164.34185012255404 172.43176353691175 145.68111102444882 102.10035220355394 129.02976208007064 168.07011528537876 168.5773499258716 155.7122735902706 169.9966036687662 171.07588320404841 144.91006510749824 130.84136472729486 167.51135995605549 169.29763659863974 169.33171951190553 168.22868065680169 153.14841879741905 109.24279463873418 175.14297999219102 174.22183886445461 112.91166778638461 177.04982713109149 171.36132128668049 169.4306569645133 171.26412519882101 174.331076828113 165.10358427811724 160.97184931479165 161.32973356756602 171.20986507286148 172.25310034920665 168.38333519863747 169.5975575786083 172.26507786572432 170.40002531565926 175.86826526584071 172.64303068559971 170.63726953267147 171.82155105118304 171.84339040841621 172.95973436808006 168.07425043062094 170.48284541872673 178.65186575961457 176.36130340318053 175.0178068220103 173.76440012876097 174.52067208549101 173.17825080306142 173.31021257816636 177.40948341548847 175.6001888489123 175.20435848789387 174.02988132598145 174.34844542816236 173.59482784425822 175.41460022298332 179.64806361264706 176.76009859140976 176.49772555251005 175.87240859636916 174.79158481622545 174.84277416275935 173.73730001523677 177.86667594562073 173.94807868940413 179.22409246990594 177.57460569526816 177.06486198577588 176.67642958933502 180.34762111665503 176.66066677508059 176.01643852952915 167.52338766193833 178.89822038345068 178.16674353485169 177.77443395337269 175.43669288877052 177.9035640581159 178.5365721099852 177.29053204768385 180.33364788623425
