# Created by Octave 5.2.0, Fri Apr 02 16:02:38 2021 CEST <br1@br1>
# name: ptcls
# type: scalar struct
# ndims: 2
 1 1
# length: 2
# name: x
# type: matrix
# rows: 2
# columns: 320
 121.38818125882271 117.71150557513718 117.18381312787761 116.8130423708308 118.56036901293838 120.60126302791676 118.38895002616378 119.56883189002686 121.75901591284099 119.62084449626043 120.52636815762459 118.84434663031215 120.22305088479926 121.90588824691133 121.56381284767572 122.21099922300624 123.42992871599 122.58275630296693 121.75890626111382 119.88772600078775 121.02929377087133 123.68342957412813 122.58714941692645 124.50708128296009 124.35974992373642 123.54167279055044 123.89095845394451 123.50894831838615 124.83033037795745 126.40415702721488 125.45843959613435 125.72781428111524 125.96617591699722 124.72095385842168 125.65446925676565 124.55314228531434 125.80241789670285 127.45753728051604 126.62920054923541 127.06951546152862 127.16155969689731 126.6908703772954 127.63741867382562 126.7476092397179 126.76191332606047 127.79102951943359 128.5581055561133 129.73106754182069 129.89776697543675 128.32512375897633 128.99696907856242 127.81949590236732 130.41007746620107 129.44779375043436 129.62511887278606 131.65614418887529 130.54707695008503 130.90720695663583 132.46601391785953 131.7830998155525 130.52802108063992 132.12837576614203 130.83063765606616 132.54626607372904 107.89665147626924 108.04432815874381 107.76458775765956 106.68040566405961 107.07210341895001 106.41411942004905 106.90199177869759 106.13975084795007 109.02838223402338 109.15554890514004 108.98800973170609 107.84934864987807 108.20050179543975 107.55674039786301 108.14168940939531 107.53991019911307 110.01772249575212 110.03456425387668 110.01089797501677 109.01531173018004 109.45320383958604 108.71040470851639 109.2756592391229 108.74391619229496 111.01910385161686 111.29036118803866 110.99256614194043 109.96089543064946 110.58560773186163 109.96526388933067 110.364537146487 109.68286154416737 112.08557037888428 112.58930873988443 111.99363970851719 110.94565555321908 111.75760063854459 111.1249570296395 111.46020157634247 110.83494596466856 112.69145331464163 113.20393873420815 113.2209741314005 112.01397630194882 112.82236119698767 112.26809764769945 112.61471579279653 112.08744269509529 114.39301818718977 113.77255880336631 114.27206120607418 113.61468916514389 114.13826934943233 113.42774721542287 113.83577225975571 113.15873326150599 115.43122974004955 114.87182774507251 115.47846562250018 114.58768269134204 115.04118749175059 114.64482322875335 114.99246666052073 114.41489121461628 114.75767808649582 116.34002522996974 116.74296172157375 115.68020113759097 116.20551398522373 115.76959052612314 115.75229989949207 116.09958157958202 115.59305444340517 115.91165087528593 116.56725909909602 116.74959400584767 117.60779963261511 116.73630783984763 116.55737143175354 116.06996661263457 117.00786553649358 116.67507813271159 117.12801253732756 117.73989378914274 118.06796607184626 117.95299066562455 117.43824878299668 116.18264294383934 118.39331086077684 117.91367128874072 118.98411388094901 117.94544361815518 118.44540224638109 118.91505583920365 119.06408296822602 120.26379259252631 119.50317930751783 119.50480317704771 120.30317570071063 119.77581632799 120.52556175174492 119.11027363586156 120.04245442456759 120.6771714084515 120.77072448311831 120.59652680471189 121.41901671097635 121.11927908669968 121.77319448220426 120.97537289776284 121.96949765579041 121.21765209924502 123.07754469054643 121.60742684335113 122.56644451308551 122.44644283966191 123.78347251545584 122.78820765825456 123.54545179336573 122.88724689279222 124.12158061579385 124.51137679856984 124.88438887970064 123.42423330627173 125.24049992230164 123.87927102958075 124.93645785070466 123.956409855969 126.31348936053611 125.74299253170676 125.86329285995306 125.01244259567633 126.67075549676539 126.0123801896835 126.28233202354519 125.87682085363613 128.10237447651545 126.85972902352022 127.02490479268769 126.19227525267019 128.02210391440084 127.62102441900878 127.57470692305104 127.02052603194579 129.2006656902617 128.21733710879735 128.02588167516927 129.07695842995946 129.07829667651941 128.51884796402766 128.56347756768935 128.14148029736145 130.40167047090847 129.39076276026532 130.13991367859404 130.35005888752528 130.03639782722004 129.63162377751533 129.63002004407676 129.44501917706492 129.90667049544618 130.55701888963358 131.26253821434369 131.09666834576058 131.20205957909911 131.42934921497113 131.84235554927014 130.49040214938631 131.01287432421381 131.70023075213965 132.07197855500547 132.2276390259378 132.1490165952753 132.90422824296982 131.54408564622918 132.84598813735488 133.09012392360253 133.45188919500939 132.88115973746292 133.05235890649988 133.40220812938426 132.57009519424224 133.57221830241716 133.38877309946861 133.97132925251987 134.13176920592207 134.18810204674426 134.21197307885842 134.48024550598745 134.00179844882231 133.86230173013783 134.27448911859673 135.18802237847501 135.17655419435718 135.13447694125 135.03699776080293 135.63052132100557 135.07194235671855 134.80891027201463 134.46937388152523 136.01632523736643 136.02636616988326 136.01280115624141 136.01557864038563 136.706312476112 135.84266336712977 136.10085754836408 135.67093653725544 137.18310626706585 137.04055222514523 136.94443146291437 137.09919536909453 137.78922757861972 137.18809427034492 137.55610549011945 136.7658241366386 138.27196963336738 138.09882253158938 138.02951067060908 138.32310140036941 138.97049058598981 138.2534132765997 138.70830756717407 138.12816452811057 139.15127324102446 138.98655223422915 138.85115530134195 139.6884403398856 140.00872271568113 139.38138293070338 140.08030722338123 139.38283692545451 140.25420992651229 139.96283096994739 140.3442910189568 140.75822150850399 141.41152283114877 140.58471217257738 141.14132450654316 140.75480447408646 141.46071450261871 141.04314085297273 141.25655517263277 141.9482987786908 142.45881593455374 141.86596842345307 142.45788670632291 141.81451318902137 142.60962858621247 142.40205538201263 142.4529341676791 143.15969563650816 143.58669298740958 143.07955432279414 143.96589730285552 143.1108899365808
