# Created by Octave 5.2.0, Fri Apr 02 16:06:49 2021 CEST <br1@br1>
# name: ptcls
# type: scalar struct
# ndims: 2
 1 1
# length: 2
# name: x
# type: matrix
# rows: 2
# columns: 320
 162.04095729962171 87.302678205198816 86.613829619440523 68.571960643294133 90.293614786592357 106.89007392178966 55.85072196883128 74.852218214173291 76.909034600256064 110.5311801764951 92.321507299034607 87.543239486017015 104.78761669011001 105.92580452326129 107.91979438304293 109.38353125225687 66.699935381358571 91.494266304802352 90.273688599336808 90.369963004950037 91.182461628929573 149.64959904858461 107.06383194494613 150.81642632250663 145.63189780988728 128.78560879478653 147.83141720457959 146.59677492874852 154.06112653790404 152.9341884873046 141.39836360351703 152.03608281925096 146.87674342757663 122.88393682311255 151.63601350161832 148.4187817272458 149.35263021220592 153.05098207240516 153.14201951517686 150.79377637843376 152.20154620536914 152.53356051479165 145.63264624052564 152.02640610202272 147.31188007496735 156.83724104058504 165.83503772447654 164.81506576483417 150.05197028377626 146.79710299423178 141.27570022009746 150.46737056751263 153.19493445299733 148.5173910048845 165.92417331423277 167.00299904890403 151.62215740035961 163.04060395929068 168.45436582436957 168.42072701553937 164.73493406860658 166.44434666404445 167.60244897363242 164.70322816807953 76.782895413146178 78.013799629451597 76.633094882773804 56.872836827177963 78.761080742603383 77.292795246976524 75.765368201032572 7.7466147757009232 79.782681033405765 78.775723294731606 78.94117049446622 77.670379610553368 80.572595046298659 78.707641744513694 79.537093028005174 76.153697777831582 86.452349493014268 83.754422245209554 81.707061923079436 79.689184389837081 80.0968555812874 80.278332635387997 81.591611003632835 79.546686659860569 87.487291154159237 85.384968418651155 82.838385883521681 81.010018232852033 81.330010443121736 80.832367205597919 81.36128943532033 81.897937051240405 108.81586397298855 88.11295913507999 86.164440566958831 82.118523254852477 82.03638487295045 82.691036162078689 82.636099123893146 83.673554373265986 88.14461270955637 89.544271578046136 88.305714009976796 82.695743700084222 83.131617252702625 83.593804230548685 82.396206374217854 84.721843953105008 86.582767956571402 88.729250216215718 91.587861604130651 85.881537866748531 83.778788973176219 85.809405988891513 99.58195845999262 82.972435602399685 88.295430716193735 90.563176789107615 89.27338285911199 88.428124213132676 84.743683004967224 83.922888712493275 84.401491718690849 87.059914548117774 114.80986354074022 89.242583139081816 87.058915767433632 89.404362566684185 85.292392209208629 84.229638367633584 87.022811138745553 57.176565909275872 84.550853382730736 84.822676148976768 90.324617311019367 99.428580402697037 91.235458556551066 87.230416120126961 85.011071231728224 53.367815030678543 133.21545264973656 114.23881670574816 60.537326725767656 89.195780263136342 87.748189485618113 91.535293206810479 86.087687311409908 57.469205711088854 159.30567997760403 122.61500185220467 126.77627863554194 83.565555114164511 90.253977905290554 89.302109539277822 104.82519093847363 67.772217112023796 115.13035701296207 121.34259334611839 125.60014381337726 116.11308656294099 88.941679994929387 88.086796699039596 77.412826574110127 87.046577083682834 114.25902587607256 116.70024569420787 117.38729682251271 88.453818783937905 68.159997976355925 66.519325352145756 97.326206852265528 86.366397280333203 116.57878414634988 108.5789482227713 105.49004998422376 86.428886539912625 99.527423556109525 109.39043630813062 116.09689250967875 100.8601192311627 94.047571234978719 161.6521176776549 135.89199710977556 87.811132084787758 146.63504507494997 76.296845169400385 78.105596897366013 86.942005690733652 135.75477710600723 138.69669669703785 158.95816104562758 146.45446272005904 145.26903815284817 143.55931779234623 124.8207096577562 128.13671952615678 133.94036383078546 134.88879493322912 143.80064689977172 148.04544208016046 144.41186160220676 144.88967263183554 147.82387770459317 147.56347401456563 136.08584019130282 133.79721002090136 139.3437777760164 142.76986969293856 142.80810539722961 130.83274613150576 146.84520330059857 151.99730753441489 140.5759690356777 130.30532070315087 141.49296922026446 132.08456929817163 134.60213287962594 122.00388890303235 151.08060766402232 144.43229902317478 126.77489487838139 135.66215666425322 142.92233808553428 129.69371966048953 160.31278785491673 150.94597627172831 151.44853333292994 148.60221620924926 174.90547692826843 132.03425880608603 141.77283769874703 146.81191283611045 152.76228284676861 162.09677014092725 159.16382023667103 167.40200175728626 143.39427271729946 114.47691864387772 131.19544249359743 163.14314826050003 164.1242895537994 153.17002556439573 165.34949407400617 166.33686199241279 143.87080658515313 134.22835489065696 163.19751264765938 164.3101132615262 164.19699573848294 162.17374632416872 150.95468139260421 112.88953790137739 168.6265753133535 169.86665734452271 119.63194491011626 170.16823771039236 166.03305228183163 164.5651040864424 165.60070781520773 167.9576487258793 163.19132934053383 158.15049279173724 159.68070387631352 166.17569965561356 167.17404950433937 163.20613760518935 164.29825590408009 167.23474763825317 165.18747856699309 169.05584357680115 167.74080222576853 165.47460484123434 166.57153322329819 167.38412590324214 168.4255427942071 163.62467444538501 165.35459685473151 174.14149016465473 170.51236659151809 169.61055509166241 168.46384023763301 169.54930764776543 167.16617879097632 168.14274401691375 171.7872303971331 170.66499159557071 170.70587111852942 169.38931687260694 170.26514902015933 169.24346812372789 169.02860482810672 174.70185037382907 171.73408111072536 171.77828746086777 171.37049644776204 170.3281350508181 170.06262163987302 169.17232254682128 173.92804783309262 168.15403185621426 174.73258105331666 172.78295513776672 172.59906077884827 172.29736266280761 175.19973177187688 171.08157160151009 172.56105373910924 164.06872972488389 174.89490845349377 173.75384006598011 173.62298107426207 171.1597530431811 173.8427293705488 174.53119200672259 173.04875169125387 175.33984174989382
