# Created by Octave 5.2.0, Fri Apr 02 16:03:56 2021 CEST <br1@br1>
# name: ptcls
# type: scalar struct
# ndims: 2
 1 1
# length: 2
# name: x
# type: matrix
# rows: 2
# columns: 320
 124.46320986365788 108.70208952232498 105.98871087217107 101.63590907252468 111.74192934197819 115.89600418614069 97.225584736715973 105.44020257800983 117.89399459688902 116.22745525866721 111.17025538583665 107.41346581867757 115.01109471833041 115.58367401775561 116.74045932517272 115.33672028677003 119.99592567481862 118.75482422021645 109.5403578610547 108.83647845085247 111.42456064466867 135.44643573862413 114.62761390225343 134.259080039411 131.21392860235471 124.30303833572393 133.35317902179267 130.75852418314315 136.73883127636208 138.26587811165913 134.11414247050598 136.15787325463111 131.22152083802092 122.55597442218033 131.39378531628108 132.05376214943931 132.51973717564061 135.42228782637554 138.2796355790158 138.13122919322714 132.2197438505157 134.59364306583603 133.85668575800207 133.61386699330842 133.18566801588398 137.23778259803953 146.2148834373223 144.61732905802694 134.89947621699071 133.04300432246683 134.11454011192529 134.27171394052328 135.31247545691753 135.79154926900003 146.82395326718773 146.73314220226021 136.85694842779159 135.11713324217311 144.56471421702864 145.64200250657353 144.45109161172036 145.0693082679899 145.38200235101706 145.50539519673478 99.950714692614554 100.87340967152366 98.21910558004916 92.650409626118545 97.605085707416265 96.272563846750828 96.975552278920219 75.06348919039749 102.03513453795318 100.9463868168224 99.292752746778717 98.625735344481825 99.053155541537805 98.014476469591102 97.598449979795873 96.88760907843924 104.12852664869281 101.81291102355647 100.80547689499632 99.701582131513135 99.958363948504996 99.013596158140999 98.750273992796366 97.928127503082919 102.87997772603221 102.74839415597398 101.7063556726504 100.64986350731232 100.89913292496283 99.866425223521233 100.00359040334213 99.055695319235198 106.77271384923425 107.4427558009852 103.73237509741651 101.5581477679561 100.94575986141737 101.06287010968936 101.97449479698011 100.0811810770561 108.39255207354387 108.65105431208157 106.49747243253772 102.04918031396177 103.00732273819297 103.05606192707586 101.96857107168832 103.13503319023479 109.14834523880457 107.81619877666789 113.473736103204 104.96995575321181 102.55408991563179 103.77301828208348 104.90297588831734 102.85765112208907 107.99284846501413 108.92100210656646 108.67603040754216 106.05915069634911 103.61806351718781 104.03240049895726 104.87995739571765 107.06961323725113 109.05488818431658 109.65837453427167 107.71155601551797 112.65808792218854 104.75118639887475 104.41736848974639 107.89188656406496 96.69950422058983 106.18126621226037 104.88497224161154 107.56087187646574 113.88230164390882 110.3367006488414 106.97623892649437 105.08977913868 97.356238316102548 112.83756520277129 110.42435946113446 106.03496570583896 108.05405381020412 112.5129551916952 109.90826682110742 105.85908157256998 98.426297152499274 111.95435342010845 110.73102765879459 113.06375273465918 105.35329158837766 111.77208991633472 110.02859893248146 113.79682419671575 118.88829532788105 109.76997931316447 111.50869045185173 112.70457329426497 114.21682837819228 114.76416974892857 108.96393951924591 121.64205491426307 120.89148254753577 109.28595883911645 111.95329390740397 113.05307261264812 114.17011109775463 115.44500652940881 116.48697966545788 116.440824984066 120.29199253321805 120.29361037303649 112.16848829458851 113.43863633657547 114.51911592140824 113.87236689059962 115.31683531708306 115.9686124081188 116.4546325993465 121.08972697856815 134.96395771184382 135.32447435787481 115.48410236380474 130.02238495395108 117.47565180834057 118.76117144838896 117.61396576890418 134.19055445215429 133.0221689199476 131.89127707581096 130.52193972059786 132.27323691711834 129.39460893678867 127.6990898238476 123.69700872906864 131.3956448224088 135.43380757285166 131.28365319141167 130.02901981381504 132.19861575465683 131.23946375497857 131.92781709812667 132.03491342712269 135.69823914845853 135.00733921866365 133.2558676603293 131.39388542898345 129.81005306972156 130.62470629400801 132.27421346969334 135.64411246487643 134.54921519321914 133.50474070133694 133.55602894365819 130.29494818385456 127.9241699258619 129.00951778569106 133.16564658861353 134.46911626085858 134.02327411305978 131.63706122132484 132.4940111143392 128.49530659269794 129.05968828037592 135.96515572610642 137.26970035818539 136.12286401405396 143.08604350059161 132.56279271329657 131.53883888719136 136.68437872281601 137.50225648594119 141.96509588181726 136.56096755049552 145.23445648399198 137.23686404489024 130.07969982008251 131.07232067173342 142.43116177995114 143.29944096124021 141.66246248758455 143.99441913730317 144.13089254301056 136.06421860966782 129.7800716449693 143.62126077570471 144.24282717080797 145.21490366540522 143.35014395648469 139.66878812188077 128.84403967543935 145.99553220707978 144.92533911771082 142.25925456714774 144.70201651349529 146.03992244080109 143.12068311373545 146.38386742429816 147.02987876476328 143.99576328216369 145.80705800337415 143.10026594993369 145.18575496113127 145.26782331811083 144.35405733667176 144.29815350643761 147.8109177988969 145.067799596768 146.29355128052566 146.12121528043221 147.18943877522611 146.63543983302804 145.19947689008848 145.69646416367078 142.98512625234324 142.89582835263349 147.54757540696914 147.10804259971016 147.76949936482106 147.54715561271354 146.47242582841787 146.44144710170431 147.57910750739188 148.21125312019785 148.25154955790919 148.77367967781703 148.57777141132149 148.30823192534743 147.0795769678495 148.6920529018073 148.39279445097088 150.2961293520718 149.30698929047654 149.66716441966128 149.46353238261474 148.99519829064045 147.68160539502063 149.82968505528967 149.52010962430066 151.03095056514309 149.83610664654373 150.50721962605056 150.11856135254351 152.3621050527928 150.94873319102621 150.55255604190776 148.56986923630305 151.98526501877464 150.71695364343887 151.62787073673169 151.2383253583009 152.47473255063241 153.53285861063688 151.71245043703561 149.46026270322005
