# Created by Octave 5.2.0, Fri Apr 02 16:06:17 2021 CEST <br1@br1>
# name: ptcls
# type: scalar struct
# ndims: 2
 1 1
# length: 2
# name: x
# type: matrix
# rows: 2
# columns: 320
 150.72200879213847 91.252895395865153 90.544199573736194 74.594322678618269 93.650079901246599 108.18099163273905 63.310458494709032 80.423601080443518 89.861943365465351 108.97182852979122 97.269567033410567 91.495444571204402 106.67764394360171 107.71674677984331 108.11619464537041 109.10470002809048 83.347010005512445 100.17274638276274 93.846091044439135 95.021038096044464 96.066235639852181 147.1838092706536 107.01096251892874 149.47261225435764 143.57982223538269 126.47439274591886 145.33935204608358 143.71195068579897 151.59857287621708 151.23495970705662 141.20304083142693 149.90236983546185 141.97764034595167 120.44888349148837 149.34305230299748 146.38413823198786 147.39655200022733 150.55257017469421 149.72358437302316 151.0937467499889 148.31617078511482 149.06456731357753 142.85558865747137 149.8344283239056 144.72787900210369 152.51213698725215 162.43787472485889 161.28114957465399 146.53126931272681 144.6934441461585 139.90745428783779 148.31777318670635 149.08577945373307 145.85189007963845 162.3659926243717 163.30702434689374 147.76491487769627 156.45958085675088 163.96260937183888 162.12080714919941 161.1675690694924 161.80445853585815 163.46086155085928 161.64864140821291 79.938096072378798 81.098545748247034 80.498448269308753 63.389466158413569 81.683202461550991 79.712754820612645 79.251161941297781 20.007902615520091 83.334897219975986 83.256464671298673 82.208372077141249 81.209181388460081 83.493646024203827 82.334031513004931 82.787850587444666 78.757350003440635 89.675510518591736 87.410990684629894 86.437581385161266 83.316562795852349 84.343511262919336 83.587739850933303 84.209322690479112 82.343987030350604 89.779965373958987 88.385993437324032 87.377132260912489 85.464007727061116 85.290078360941337 84.318069922001371 84.684139818938277 83.743135459647803 108.76690929117727 92.605700741165251 88.6360629498039 86.333639663133681 85.09841183500528 84.821382546503642 85.99250480693496 87.743785865111008 92.67892298044903 93.095635945749933 91.69765167708367 86.059138975448747 86.957070809090197 86.931120435394391 85.837943986363442 88.828813496536881 90.435525782743156 92.869888457746171 94.580476783534351 89.514336529912171 87.218618288368603 90.071877536519352 102.08697495406446 86.709132046014233 91.345983908730673 93.685598548212084 93.952347066672914 90.695872063222083 88.476998757186422 87.964914875144359 89.422722478508305 90.91613285674849 113.17932739668353 93.896498346641621 90.909926118196267 92.462873616511033 89.134867267189122 88.112153982356162 91.704593841246577 64.57703596789824 88.747920979467565 88.050835520692317 92.25883014557833 100.98826650401868 94.84669278623106 90.689515720869409 89.010048074446871 61.379992129095058 132.36147260696509 107.84743712315135 68.965680829693895 92.789355377010281 93.168393380433855 96.094281044308943 90.054454609752312 64.803997407128264 132.91094051203149 115.8813384288634 119.09752239089386 87.561553696067307 92.654540237441807 92.14797295780636 104.10350991817485 84.433101078184606 112.30269077601753 114.7836438691307 131.47677896891622 110.79322714578278 99.224285700259941 91.633252839584742 90.340952181253655 94.553861132677227 113.11322351031774 112.01521830103111 111.42832234524731 97.896826244821895 83.204690365435752 83.469936733650073 100.37438643162945 93.476721250609089 117.39250116338434 109.34772699613994 106.53065107714519 97.193703638931908 102.17240246033306 107.58534931550277 113.32689311235157 106.23026264266282 107.87573131675389 156.79161316795756 135.55518938909606 96.278544509314187 138.9007539961822 90.976324154979935 89.236181577888672 96.056123549499674 138.37142208823923 137.44647442642557 152.06253438143983 140.72272323087401 138.95795207698603 139.89737642202536 132.39730053067763 122.84976925491162 137.15756279577923 138.22666045233092 138.49590330835122 140.96749927099944 138.05542647398866 139.43233836911418 142.99685803487952 144.27300316019802 134.67983704095425 136.75421860203804 136.25623589584725 139.84707847428703 133.99878784069301 133.74844274329803 143.91063357482508 148.25812259540905 136.61842880758593 134.83911523252638 135.42068084440675 133.16473326397607 133.70357389284976 131.36341748323861 147.39076844931159 141.80998709584978 129.12770227059534 134.49011671090329 137.86051666745138 132.64519304414438 134.42557456116279 147.15340596356111 148.12707338273117 145.93914026110571 169.10979441108444 132.32463714997945 137.04744321426153 145.1749778575861 148.58276490076219 158.30074923802613 155.07319245041938 163.15151401843352 141.85738935504966 124.41471517092441 132.99198667034122 159.5056867267601 160.05497207543854 151.14417166877669 160.71863260645398 162.28208690222877 142.86424770082206 134.85482904185912 159.40021983567621 160.40365084666644 161.43653015316332 158.47676521052983 151.01835109005842 115.7955364387962 165.36361746013313 164.46464938350246 124.98716574308992 167.63828346254087 163.20440398229655 159.53235399999005 162.56816896999649 164.59339670207095 160.4890286994364 155.90222431242825 158.36663334109667 162.62548759576933 163.6746189075526 158.84970098856923 162.5700288804951 163.32921844066624 161.65654326748279 165.36947109867958 164.43690320505027 161.52580106087635 164.13859073385078 163.64781894433284 164.42318027947221 160.1241841185508 161.20809570519955 168.65127686888414 166.69364343788419 165.46048574464768 164.65947398196727 164.79303587600864 163.82147011796684 165.07103247779094 166.44905218894519 165.72336091919664 165.82638027536328 165.11089891491454 166.54523859332843 165.50331552672574 165.62576692707825 170.48646692875531 167.44119701578569 167.30480363853943 166.83375138518485 166.39334161021455 166.83694584593391 166.28904511366329 169.96114644800977 164.54337191676152 170.06117002564241 168.41855610638063 167.92570230267083 167.42559159532075 169.84844612446307 167.96626102954596 168.81351825922405 161.31579918129364 170.73785483711424 169.22878009908518 168.8230614508503 167.66167494921706 169.65372193836495 169.57016599648773 168.43504708935728 170.62892038340061
