# Created by Octave 5.2.0, Fri Apr 02 16:04:23 2021 CEST <br1@br1>
# name: ptcls
# type: scalar struct
# ndims: 2
 1 1
# length: 2
# name: x
# type: matrix
# rows: 2
# columns: 320
 127.51864085259965 105.58084965114497 104.63281389237952 96.322060217826916 107.6011072501467 115.10761602122751 91.19390023117414 100.5242765195361 114.24248507747524 114.82351070074573 107.4323722198297 104.16178391637823 112.8911914530038 112.16199227236282 113.06790793940031 114.12576333855819 114.59364079169816 115.30509989315038 107.50257855934856 107.41770889159007 108.86612200034482 137.42330558259252 113.32160081357311 137.87592261662448 134.81312432267478 124.72972370017271 136.16694945522437 133.30395733868687 139.93200862972981 140.92390221334401 136.20271625660337 138.8598936191103 132.21670185763449 122.58382502310278 134.95626313600334 134.53944150009244 135.59416049540465 137.86459665384763 141.17922006223753 141.87558612180879 136.20843315739589 136.94916403480261 133.675608845851 137.21849188362779 135.50307236348505 141.07512270274816 150.23720892844389 147.96764529195434 137.56486954853452 135.56397332325611 136.76570353367421 136.50392449091359 138.34540838146259 137.45621800885988 149.11684209164542 150.67833007814463 138.75068314807376 139.09667240213051 149.07598727596769 147.89095506421674 146.50534569096337 148.38796704550256 148.84493968936096 149.05609988167657 95.87882959691737 96.852955579803591 95.398764656295995 86.900442569145952 94.552911278458126 93.846311741990704 93.848340214429811 64.244705802323352 98.457770219879322 97.432126110730749 96.361450301198715 95.642346886508591 96.161147029774469 94.930861413688859 94.617789865384339 93.307018362961628 100.6481115176079 99.215859901446123 98.093217489711023 97.114201082415946 97.014235129805371 95.689747761698015 95.540230565675955 94.490031266406859 99.507780447895087 99.988641884855568 98.970171787082265 97.97348678577977 97.723165796181803 96.702417528581222 96.488766675978368 95.496676880206408 103.2026476947005 105.15782430260295 100.22559215785057 98.910515753476986 97.686696196021117 97.475904295615322 98.702461765778168 96.425645884251452 104.54237202990222 107.97228728941647 103.03753871476262 98.831022150781692 100.02260508490542 99.949758342580481 100.10274497750447 101.389809266895 104.43370876562172 105.35107372676838 109.39863545447409 101.37201136941707 100.00300349636015 101.97531617243881 104.83188354177408 100.85388107173902 105.23769229034117 106.36029715991474 106.40094227520692 101.65712222715301 101.18803521567084 101.1099937181269 102.31239199491081 103.17542847947541 107.16402540675585 106.50142159990152 105.52131567809978 108.85834639072161 101.87473460846252 101.01209027426708 103.81718959525605 90.001456984187072 101.91586970900956 102.37608720964096 105.45016453198711 109.92277234187711 105.4508675007246 102.51432889443103 102.27429783149188 90.286670288087976 113.69907477054039 110.25684419636342 99.373860341898364 104.4941248941243 110.51299125487779 106.64248040067595 102.93769907735232 91.572206882203147 111.04308903428183 110.43165242238379 112.10723067926682 101.27434349846654 110.6447277702995 107.36006266787712 111.73686156323292 113.57006698702861 109.38924706823059 111.59641966868725 112.56656916528549 113.6550843233512 112.85858307914768 106.35181847661406 117.73066528448605 116.63470239839673 109.92929074989874 111.403928007331 112.41118261331259 111.66308462999567 113.1465448131119 114.35137023664139 112.01477877075864 117.93781390808577 120.54045049263817 110.58414798718948 109.67480693099948 112.02609301887762 110.26106634805365 110.8587428143603 114.02320903684188 113.89614619061551 119.19711749199995 139.25323498487927 137.52382587280383 112.40751812201557 131.43618238772092 113.12133872842513 115.81613146507763 114.9815483583365 136.10136868764511 135.01268621105811 133.33160535659849 132.42689371179216 133.85032243373988 132.31133958081199 129.78256323885046 121.56765855435289 134.28939356195212 135.4631315618895 133.88272002216868 132.82062106739701 133.65832425103775 132.92616312630466 133.1446853664655 135.91159291613761 136.3867327110222 135.97901034781299 134.80524226018841 132.77003209389895 129.47155841580403 131.15548436768913 135.03967686657762 137.84621958331519 134.47287640412048 134.33408954956579 133.18078756152889 130.27239581896453 128.46034666953742 127.60827117517501 134.54737538243938 135.73431835636453 135.33811605595406 132.07226292243715 133.37670522108533 129.53829709887285 128.06484866845631 136.71470035242325 139.75517843591035 138.60152980210964 148.19988101575396 132.32661081275023 132.58692422928681 138.96989225258645 139.008558051264 145.49131795666318 138.65902079023516 148.89924945941229 138.39105249022447 128.77724901063422 130.84311990113684 145.46175668690839 146.3623027426365 143.83520859438644 147.53519514571906 148.10512078694916 137.15424391131629 129.15751935332418 147.22176269930219 146.50114691026059 147.39679727264772 146.2319820976702 141.01960786062989 126.27992331889544 148.65243263474051 149.91399676143863 144.43499006454803 151.22989696041111 148.39883194092025 146.54779896056127 149.51150175166876 150.66853556686078 148.52583704475833 147.79082430864679 148.18263997290734 148.29514026070075 148.3699335589987 147.32223364082108 147.29945083089049 150.30894560241387 149.36497708562811 149.54343424398624 148.88203807849513 150.12558768683269 149.4450477132068 148.62425244606655 149.77331065301175 147.13617368033724 146.89346642978725 153.01899308287696 150.63696198179744 151.33767892736051 150.6327677956227 149.53993730011132 149.64573073822197 150.67056553618406 151.9459935663119 151.2157286142729 152.4466443896215 151.79770409231023 151.79319699594285 150.04340733404388 151.69061538793386 151.74125582769022 153.01811254717634 152.26067279768847 153.0902085498175 152.8359006977397 152.41178080312537 151.12882582542878 153.34159233654637 151.59186606990394 154.48454683685409 153.38362657293817 154.01301718599674 153.56175609075933 155.82987442734949 154.43089467487027 154.13699702961318 151.30345454170288 154.00245685512624 154.12201197877226 155.095697271544 154.81307248728044 155.91973802193729 155.79678585718383 155.27740317001107 152.62631392781677
