# Created by Octave 5.2.0, Fri Apr 02 16:08:12 2021 CEST <br1@br1>
# name: ptcls
# type: scalar struct
# ndims: 2
 1 1
# length: 2
# name: x
# type: matrix
# rows: 2
# columns: 320
 195.17449185213951 74.832384720938421 75.955204362073133 49.560190296486567 79.998847408704961 106.43398920035403 22.422423254676794 57.264127204971665 37.163255411974767 114.70897615681146 79.413926347062258 76.519281725778754 98.821060066342113 105.35865987450134 104.78766400236874 109.42744720670034 14.30502490605738 55.414915967480169 76.809597396338646 78.812911001743061 78.153385466999737 156.79747554647204 105.76840892814056 158.89380516854894 155.2921696360504 142.08545482842305 155.95263915349958 155.7037691074716 164.95105039003798 159.68945938435414 155.17219387544009 158.50337159836607 156.598205617411 150.70777230513789 161.87102868710093 156.74586297642946 158.04506763500459 160.91853203715874 160.36075809159988 157.7449970594115 160.19589918745055 162.00164228685665 154.7384121504578 165.50384044431792 157.1823064694058 170.49100089522418 178.05500346090332 177.60900654684821 159.12436201656186 154.72153834660733 145.80220137473117 159.9216920441971 161.37961025750909 158.34075018111881 179.147213142992 181.87872978055887 159.53574108128083 165.73467916214631 182.00903698713535 184.50660938981125 178.66365306126119 180.19750411377279 179.6637760067521 178.42990062342292 65.878176866606026 66.847011495262223 67.242558407142042 36.300732467787128 66.235084714894185 65.528436930648297 68.215721186346073 30.960588012747863 67.607756660335582 68.031455670368643 67.219595510429059 66.592893185296035 68.830873131102393 66.110940719924955 66.928194411947516 67.171525533185601 76.001702996245015 73.262008953093741 68.94451685006932 68.127268901943182 68.218786035507947 66.695563380639499 69.938728910063375 67.806587254929454 76.884495110090242 74.096488211672906 72.972359712599541 68.691481976346523 69.712907464290566 69.16856595748844 69.608222389627173 70.448194305861904 105.07538983413804 44.101271205549267 74.714581380531726 69.402345904855281 70.325948960375499 68.305491334016907 71.034136199094789 67.216120188639067 77.356686185963639 79.829128888728619 76.814962498931777 71.185697460567766 71.45203008499422 71.848063321916086 70.83539856644795 73.252969561530406 77.304123926101369 87.267989123955402 78.357872124360398 75.057824489712544 70.400352745700076 74.348975745208662 91.673965214001129 71.585717530473431 57.508626223719148 81.139576002757181 75.73974488456949 76.954937960701514 73.84474739595683 72.36472435533301 72.682047071404497 73.964170708522744 116.38767999591836 76.15227528021164 76.515957306374389 79.478984641528541 74.669016349272951 72.561903199953335 75.436919936865309 39.511912187604565 71.781667003469764 72.867646451987568 80.741928802970506 97.302106635626927 78.494530385591275 75.970290216422725 73.580625734479838 28.074471641558851 120.58804639324123 124.57276242413711 33.930169652588745 79.832097326041833 77.602976390882802 78.965349199118251 75.680476354671995 38.495594947563937 242.62947565856319 129.30161553058835 150.76076903637079 72.234529747136193 77.076528489976795 80.51502034350834 107.14034172237646 16.689875806753111 129.52686068874505 116.23181865028343 94.664285993053085 93.482257681878536 58.171703991493857 82.430295446282159 35.648670104218318 58.298377177859052 124.23246480737463 127.8697394920442 118.53140995192331 60.237441599505246 15.459269946366256 16.543869082222596 87.708977492098114 58.693154194387823 119.3618949048219 101.62655875986486 88.884021516090286 60.184407977871977 93.805463127515296 127.53647853708189 124.32103510480735 82.77672229528855 91.799117071901065 178.88652598419586 146.94077259303248 59.175997319972574 170.27232807207503 36.035599412090313 36.695076662039256 59.661637298142246 148.04925653607339 150.04402252974944 189.63456615098335 180.94290862755386 180.60728898968532 158.82140547646833 127.19938357519166 125.66601859009509 137.71910021121283 138.07204336108813 155.11121397939286 179.9280983996058 169.66915217863698 156.36072607900249 156.32652252276489 158.20126780800419 119.57093840132831 132.0304860268553 160.74150811213505 168.68458927796311 160.95663890492298 114.80597964053617 155.7559082628959 158.71818819396094 167.96635876589596 114.04732003958684 161.69322397697343 121.84164219157327 121.46178345783134 129.35791272238274 159.21608932146293 155.19139723789573 115.29640428184614 118.95569098677406 162.38385196235555 116.01406033392601 239.13722231362692 157.47296616968643 160.98422327392072 157.37025138022315 193.2016511491826 111.46609715579497 162.90173002797727 156.29543093616459 160.64657449254108 174.8845515066696 172.18980166834547 179.47795980652509 148.1702704646882 83.311552897193664 128.94058001391474 176.35674990686857 175.45571892906443 159.5653682544872 177.22402395971292 178.82364727780725 147.81165501325185 120.13876785809965 175.13076892864322 177.69099945279561 177.1159922892746 175.54825686003156 156.49324577991246 103.71569938129056 202.83553347295364 189.45875354394425 102.72624777072883 186.20109672292671 177.65023448614659 176.92270048736017 179.56554244243733 181.80158288886213 167.47262755154338 169.28557872651595 155.29131326555165 179.57538987039055 180.30508271379401 175.85222591228248 176.14042168641012 179.42801067587655 176.69557361584376 182.5210149201516 181.61894161054536 177.19224567489081 178.32911521757046 178.81111459586558 181.01495486308281 175.82961984565546 178.18681494691558 186.73021123843125 187.59810743548525 184.03295136455171 182.97277900504622 183.16263601938033 180.70483494414606 180.80646792891088 184.73138276768194 184.2753371549166 183.39741720228997 182.32749182719704 180.57563707114159 180.15342389751837 182.79282769729954 184.65632777679141 185.33500726536658 184.41201435722601 182.29279345692095 181.24096800373979 181.78671382379264 180.75511772288505 183.94618448182166 182.80921133692624 187.77554218787839 185.41202432710253 183.46651822292117 183.4702454174269 186.44193619268609 183.82983630113313 182.3880668072386 172.75935359778646 185.59184454206095 185.62849643159234 184.40343240975196 182.19218763076267 186.34729525804408 184.76255357633397 183.74704664268307 187.4594441104251
