# Created by Octave 5.2.0, Fri Apr 02 16:06:33 2021 CEST <br1@br1>
# name: ptcls
# type: scalar struct
# ndims: 2
 1 1
# length: 2
# name: x
# type: matrix
# rows: 2
# columns: 320
 156.49245312928679 89.239059181015648 88.50384430384581 71.524098895904004 92.180008326333464 107.70585740357797 59.797174649798684 77.583288246658697 83.099921481518919 107.30371146583879 94.61443420071808 89.710264299718787 105.71410063790006 107.01977431701182 107.7289522219516 109.37670735275263 75.328304299544882 97.096649897554244 91.910658296228817 92.463458288813541 93.230986308182509 148.88548536598108 106.80012956453545 150.36750020391133 144.06610048097633 126.72092206760038 146.75235874814317 145.18264539789089 152.91475088742158 152.23758945738965 141.30261714661012 151.60808571970264 144.76294164266201 121.69028322917913 150.48737525844103 147.43923279984685 148.4194533980943 151.8164338295438 151.45385851941182 150.37004740853769 149.53273370706165 151.10712779372764 144.07229861850061 151.18193925660475 146.33800451378602 154.71709199483362 164.60797597936514 163.70711345207081 147.95324123830488 145.76756626381328 140.57282736999906 149.47101415825787 151.04497609511859 147.78770575787971 164.15429173347357 165.16314880053716 149.44909512988761 159.8146122423594 166.44053749705802 164.75983255924805 163.06570885789128 164.08267956283663 166.02304891211941 163.27429078233916 78.12793396412566 79.473402854129432 78.355230973933004 60.067262969940515 79.455066549203494 78.403471695978695 77.251141211072252 13.757049991298555 80.985895422241882 79.847785940374322 80.506181568557267 79.406539960810221 81.847710726331186 80.57954345849231 80.827497652352889 77.102020148198477 88.073878824170833 86.007594655086081 84.948232667770768 81.573158894192858 81.964971862018132 81.653227095951465 83.158687252616801 82.065166471662806 88.399846270502621 86.918941186596655 85.284619292530536 82.929422485467811 83.265059386076956 82.799596641855914 82.94759964985046 83.2945342769749 108.78787369623259 90.60923117770264 87.105403921118068 84.228432149386194 83.803623243259167 84.103414082273019 84.119592159358035 85.963098900587596 90.068080688660601 91.421189918495671 89.927504491577324 84.462473952241979 84.983924941763945 85.10567617885377 84.087194712289502 86.629862527536716 88.855172550549455 90.846841899201706 93.060980726961446 87.808350177772255 85.605831298628274 87.691767139270979 100.80990772179254 84.900536233497206 89.86632855400201 91.234023159928611 92.274044021525356 89.130861372239664 86.627554081434496 85.803102304959097 87.041862963237094 88.711835498038127 114.01058111718302 91.357371677184219 89.138493488993973 90.929562115212178 87.431677294270202 86.196769595566323 89.195126867679704 60.852866444313968 85.713322408278643 86.045189078664819 91.257746605593468 99.777989756209294 93.287627380684668 88.86678747681222 86.986228847209972 57.295352824019972 133.54316998002537 110.99925536009418 64.668872855143263 90.836297488963936 90.543575313667006 93.541771786415197 88.118869215550092 60.726353612994941 146.36720238739298 119.31415289090546 123.05197888385707 86.779213134592965 92.016949636692601 90.131837741641647 104.47142573244481 76.752378096780973 113.75716545845265 118.12745559157013 130.36537962102989 113.37733271178899 93.859529558293161 90.08517452415623 84.251911630604368 90.876060105165664 113.67590961585621 114.65683832409991 114.42788060431508 93.174429617684524 74.803047478123929 74.279149065521992 98.819565448564816 89.608180611309891 116.97766503705304 109.44614481725499 108.26519582592437 92.170056992592848 99.52855651920531 107.16859055785076 114.7390496678517 104.56544725063391 101.24122373592569 159.26986225904471 134.76053224037184 92.016443567510933 142.79406659305221 83.585349236303088 83.125894440968537 90.964023387605138 138.14959443483826 138.98128744945745 155.35515464269474 141.65075463370533 141.35939214990449 142.27824698751687 131.27554397646441 126.47681491995326 135.56066878857661 136.83105162075253 140.6764441055852 143.0938876036316 140.36799046653104 141.79925446065667 145.91176372456718 145.5932579956455 135.80013428422549 134.82127750591081 137.03013167273107 140.59948532524871 139.2317471406935 133.57564506793153 145.06970262969639 150.18997659591309 138.0686832646814 132.27045752859587 137.03990699999051 133.53505432650158 134.24247055067528 127.10117436986754 148.75943268741833 144.02163832535624 127.92823183534901 135.69231203678231 139.00534102835471 131.7494245867282 146.51745934712537 149.10879490164751 149.99551369704074 146.92243715075261 172.06445608651157 133.13138183787808 138.71015516648305 146.31323803682454 150.27684472003827 159.66215198917266 157.15826570628647 165.03799189097913 142.4928049267975 119.30859108301257 131.88957557174672 161.22000872588075 161.5928283353999 152.17695992928836 162.48278195594085 164.04556384382991 143.52548896066463 135.28847104400168 160.75094206655601 162.01123217943197 162.25891585445271 159.98219705411563 150.73601884556825 114.3140469883474 166.89623104016795 167.34946935582562 122.25705316157394 169.52844389230424 164.59159712551647 161.39859509823484 164.47760782191824 165.97592182155833 161.32205943440664 157.0484003999191 159.036551653168 164.40279595663969 165.34128639643208 160.54195131501945 163.2705599519885 165.29475864783001 163.19327287693835 166.72422598194066 166.50841457861475 163.47481010323037 165.67301526012648 165.34742043865865 166.30804041874057 162.35822389799495 162.86463370298148 171.44488146588927 168.47628360587655 167.61243572515053 166.55938622422201 167.49317040526165 165.52312041424128 166.53927413536218 169.13171642360595 168.87353043352212 168.50273524982845 167.45047047523761 168.69882188303598 167.55454537994146 167.04052955900318 172.77734745547804 170.29157750904341 169.78477114229307 169.53855081198574 168.51548570356198 168.38835172543821 167.50499303424408 171.9361783358666 166.14036956311341 172.61805994215956 170.97599042694296 170.65426960877545 170.46390200095317 172.90563045833846 169.42484183319849 170.39574113008109 162.71925396822201 173.07249643192714 171.78699713790738 171.57500587509679 169.68508142324703 172.38993749008887 172.21054396565907 171.19227099912362 173.04759964044311
