# Created by Octave 5.2.0, Fri Apr 02 16:03:47 2021 CEST <br1@br1>
# name: ptcls
# type: scalar struct
# ndims: 2
 1 1
# length: 2
# name: x
# type: matrix
# rows: 2
# columns: 320
 123.44473286734396 109.50473824785941 107.51626757954539 103.40719202409061 113.2152534824058 116.43737292614411 99.601363288929818 107.07884459750107 119.31974708032789 116.69543677797436 112.38244793463832 108.322283021579 115.2947332815405 116.24652557708666 117.38764284124204 116.65640444067279 121.21580113489097 119.23069077487928 110.70084585689393 110.30970244949344 111.98998400125888 134.41349252757132 115.34605223583591 133.41055065936018 129.69412196724161 124.16080988090766 132.60969429373407 129.91004646462858 135.63130665033452 136.53236245517851 133.10999349278242 135.46746123076733 130.26634191773815 123.19304572517734 130.5142603556248 131.41163776927922 131.49573224485317 135.41401355334403 137.58273937803659 136.815069560182 131.41920983975186 133.53514335157553 133.17074693772508 132.52608765833821 132.15484880281625 136.47078338458871 144.48264501886888 142.6818141927192 134.26717861734696 132.0990548762905 133.48856135066654 133.7672935615239 134.37642996928835 134.52153271759849 145.20312323648875 145.3757161139583 135.54185926773505 134.73298170890885 143.80239081809484 144.1877421358457 143.29936828960783 143.37327950648515 144.19015899747649 143.99711716353687 100.64275319499592 101.75620411106084 99.258050807353939 94.567065311776076 98.656088157494182 97.646607467358095 97.613917636350678 78.669750319755536 102.35093816531769 101.20012518946727 100.06348096857545 99.779046139792257 99.663431673899922 98.542960386734862 98.824153948850977 96.818275368683246 105.1741045635985 103.20069355302462 102.09337842209854 100.97138835056938 100.93641875075272 100.01864809526896 99.739159441313546 98.565803171549092 104.21251631384293 103.93753923227092 102.89029187051133 101.84110513864813 101.76859179524213 100.82485656414244 100.77328235738074 99.504287059670972 107.10233886546187 108.68221055636265 105.12775142429118 102.63648544951876 101.71188449662229 101.93114023231639 102.76007052874432 100.56677411144041 109.27831897945845 108.54363635673955 108.17042304691108 103.08446744504866 104.58433951746858 103.86856387244637 103.18721182761855 104.04539011100708 110.50489192446953 108.80528870292471 113.60546153155492 106.15989317651685 103.76479069752988 105.2181801632931 105.91470856106938 104.26649839269746 108.6891847651949 109.80996086763014 109.59587691448633 107.18086394023665 104.92002029290286 105.99724044022939 106.52485127929515 108.11846644561194 109.96452997138246 109.73653275958253 109.11222128049926 112.80748741454856 105.94743889915874 106.12682668030415 108.66520951818578 98.634944138256529 108.11245548933685 105.73238536565835 108.7376985964144 114.268473178657 111.86266558608477 108.11113774666882 107.00595024922328 99.712760992107405 113.22942979876521 110.85294403468257 107.69626786641128 109.09353501853845 113.44157894780022 110.77629198975117 107.06870120991196 100.64301935336563 112.21767946444039 111.09553838418385 113.67826485103961 106.75149868970644 111.91958568626019 111.85418442519052 114.48347840787669 120.33938223698333 111.44105758085244 111.96930516763743 113.05075360292622 114.28331622234715 115.87349243882009 109.6682551959429 122.50483199442967 121.64920808823511 109.82416975964752 112.4788214033528 113.66192570523629 114.87065401560007 115.95001185907984 116.91086553748157 117.75543497533846 120.0871402117078 120.41860912316331 113.02903991591543 114.03013512769392 115.14245092060435 113.73156649468439 116.94434168161112 116.98343891162112 117.8631315046629 121.51331801743018 133.534198620832 133.72806694182029 116.10201787168275 129.81357332378604 118.67031906659042 120.24028527160804 118.03333608281434 133.06171166442689 132.60021938056846 131.55885406127814 130.55265775714838 131.21966693267379 129.21606889489343 127.00459868551332 123.76043728400273 131.06476122582251 134.32458288882924 130.6926799384635 130.00872251496483 131.77170911269371 130.72601951226989 130.35564939573638 131.01517338003384 133.97247624930159 132.18093724163074 132.23375237837556 131.20824667865719 129.55600692206767 130.7498573639017 131.45555924660616 134.83413860151464 134.3233011726073 132.91621190623425 133.43326324344761 130.01593686026726 128.49517734354433 129.75184594358771 132.47588001976825 133.61334419778552 132.75207879805632 132.17425703431869 132.34680954431374 129.32645682367814 129.91018546944869 136.2872365283302 136.40107499972325 135.35934129093764 141.3814309955375 132.969405313354 131.76355460257054 136.16533403876846 136.77240539905821 141.21019552430948 136.47216020488534 144.45270867982478 136.76418705320376 130.77396170946668 131.06368259503307 142.17883992993242 142.79977896221325 140.90669805222558 142.87771760231095 143.3487051481458 135.78882435236005 130.52911697207315 142.47351904715873 142.94147536836522 143.82420097245375 142.26541106502265 139.66364046965381 129.69874512761922 144.79571658175104 143.57663538591004 141.37018093814493 143.28368157231628 144.73863992902056 142.06981517536511 145.33003924027733 146.0788327897956 144.02921853969943 145.09156217294634 143.20290969260793 144.30919890338248 144.45494408500139 143.49665849231363 143.11728149225917 146.65205508882605 144.1602350382264 145.38836037685016 144.94456804047744 145.79374003858024 145.4767617563565 143.93935844042394 144.85516662507652 141.81300640158628 141.87397322294464 146.37307352544823 146.13717660608552 146.45899740092455 146.25108143403546 145.10410012301864 145.65729992726156 146.50567701131473 147.30770262376458 146.87707614176426 147.67232283626026 147.35677527926126 146.99242884205702 145.8673605075777 147.78961740917455 147.15426319054765 149.75031627662284 148.17194477101975 148.39638384822211 148.06015287648771 147.83377725091944 146.76344561565438 148.81036911327843 147.66130992999689 149.89874716451993 148.82933375127863 149.35222777076453 148.87434613010305 151.10280980898952 149.80585459695754 149.42970913566492 147.86969248600707 150.83027660105955 149.54976548618032 150.42708795697743 150.04115214646768 151.13521895931916 152.16315479271884 150.50982801711064 148.19017082639138
