# Created by Octave 5.2.0, Fri Apr 02 16:07:55 2021 CEST <br1@br1>
# name: ptcls
# type: scalar struct
# ndims: 2
 1 1
# length: 2
# name: x
# type: matrix
# rows: 2
# columns: 320
 188.09534410496798 77.543318087081985 78.513726228111778 53.693183850140386 83.135060539809089 107.2354225374726 33.290989793680559 61.087625250448745 44.401421615523283 115.76073769468813 83.514763268029526 79.183405592262488 100.11813759324818 106.15821801956942 105.22433279675838 109.41790026008219 25.133145233043361 63.258252997332818 79.631947238655144 80.336247778119571 82.123202521147078 154.81581158775552 106.24986487383831 156.84530784943342 153.41599635978361 141.4724386521774 153.74934346846388 153.72398776427093 161.82286412067052 156.8450849896229 149.89962824612951 155.95464184343865 154.12894835118036 141.53148342896009 160.5834947311983 153.73720093645019 155.86655986639832 158.71996661422955 159.14410508573232 155.8434201296987 158.83475622492674 160.47524267679688 153.29378216442586 161.53485158523782 154.93383308337408 167.52279223117219 174.95224146340129 174.03069482224561 156.71316250486146 152.95765642934265 144.81817938459341 157.75259363117436 160.07155730522987 156.88466368183569 176.11360386709174 179.28325028090646 158.10777815107406 164.45920484420355 178.71547709577848 180.42731394191478 175.24983784582807 177.24343234274718 176.46551406480543 175.37794050688294 67.660649186100471 68.70140124726791 68.282402149189025 40.772929067654701 69.353267471944847 68.84459143632138 69.967989704330321 22.545978710911179 69.87535874163764 69.658771724210936 69.62956741420129 68.721887120389695 71.804383503004516 68.646811255762344 69.795541856057142 68.836029536385539 77.95095956046373 76.039792228592177 71.246326103962105 70.93886408493124 70.732179957336584 70.460228030888118 72.794026190795663 71.499443770133013 79.653783757679349 76.909865500913426 75.697890706343443 70.932996156146203 71.799528735975755 71.862023783831233 72.733032107339568 72.304821485276577 104.55437293936978 54.952741515418793 77.159742988822074 72.095002098719107 73.043667644765705 71.186495531676456 73.91461970779892 70.251400106446667 80.080586847087034 82.379974707290387 78.981394342168372 72.956372084012486 74.078009896497633 74.637647212931824 73.590326625748617 75.877650000789686 78.631228128095898 85.804364996769522 80.690748794136624 77.709099260205193 73.973018106426551 76.855328544459766 93.393094180521018 74.156093482423785 65.749123020804376 83.352433684680477 78.532244704470742 78.814853101027012 76.551849010851782 74.958456070956274 75.335789174298341 76.553516461641337 117.99596353850676 78.986580853464872 79.247569518383315 81.132393836436236 77.317871295013347 75.406769271471305 77.784598899674918 40.959398936334367 75.628500444877616 74.580954487237207 82.919837642368108 97.764383541511734 81.325998210314069 78.827577116754753 76.212700509507627 33.57302455223774 122.38549092228767 123.32834880785866 39.714334233714595 81.334009903853655 80.528562900821441 81.917198976437845 77.918479940143897 41.411403224906785 224.51560703226772 128.95587688992887 145.54674938401695 74.512484236408795 79.19344120241476 82.30972366107332 106.63445574184479 26.627222719452259 127.31536043506661 117.59497910203336 101.55005756417043 99.417072741843896 64.5601860544609 80.643803939984934 45.973273364332961 65.010730635942707 120.67151669216743 125.12332669921629 121.3944685061939 66.867012044201743 27.729779023696747 28.323857130529589 89.799679526917117 66.019246401324608 118.64451166487223 103.13794777354018 92.494027704814954 64.980577831121153 95.067872568830083 124.75438327800789 122.57773780219912 86.639106866287605 90.819123492764703 174.38643544696782 144.0365489801583 63.887118705734245 165.39599045192966 44.892176784707623 45.750012793326093 66.047364821031294 144.63558777397466 147.57721256611649 183.40481588005588 173.98089602797799 172.97210217638354 155.23414977138322 123.63722764710892 126.20312748923894 136.71703437074697 137.70888017445341 153.6330697676992 171.69954621838986 164.63816957998733 152.90060958695369 154.38791210859259 155.79282889971537 124.08842254211979 130.84918898700707 157.82425294183517 162.1955626767114 156.5615819784054 118.05380068503301 155.30784964509542 157.51250884275117 161.98278020844108 118.5413282126504 157.67247147703318 123.8799857729641 123.04017525289366 125.82905972544968 157.93988067572263 152.29815289481027 116.59747748828813 123.03955467508231 157.28666892081486 119.05669167904118 222.00147569216819 156.46198369496722 161.34535354860449 155.67326109701196 189.22422197072299 116.87530053876397 158.65625516274869 154.61738247866322 158.91542647694507 172.47481993076005 169.3580665745032 177.09416658591419 147.58133368372847 90.099001385652002 128.97275910995037 173.80351362386008 173.70495853550514 158.17507636533688 174.60802020414036 175.78708280716265 146.45547605081185 124.10965769771705 172.88197642110728 174.84055653259497 174.03305318529567 172.85052872470746 154.91615616762022 105.71001210304857 192.62557272197793 184.29798023188246 106.40139932276958 181.72198849457408 176.22515180178837 173.87291132160684 176.44597542787824 178.78557427961272 166.61781812298756 164.32991346555391 162.61814117018045 176.9976062605129 177.48942415220395 172.97095580637099 174.33687319725948 177.09480960141494 175.15069172759783 180.29640407024573 178.13860537204235 175.31990526837458 176.71242925580586 176.72392983383372 178.42223817769872 171.8039525232646 175.80340932122198 183.64734256177138 181.49845432875745 180.49288882802816 179.47753491638687 179.94246929956509 178.08210829313813 177.56415275333191 183.10546676862126 181.24648088408802 180.64624292859341 179.55859306903213 178.66987084995111 177.94922845469114 179.62099112927925 183.46794191740116 182.33121370997097 181.81090939311491 180.11266113383141 179.01144071304847 178.78512665505124 177.70725614799071 181.93803968322192 180.00852715813653 184.43520522844003 183.00799399207898 181.3676736245697 180.84156717594601 184.19549493126127 180.7618626497019 180.14493395128588 170.87008753845981 183.40716818692729 182.43624934978962 182.25512305542705 179.7372528934377 183.48512148808334 182.38502035353062 181.41434603390729 185.53091668338934
