# Created by Octave 5.2.0, Fri Apr 02 16:03:42 2021 CEST <br1@br1>
# name: ptcls
# type: scalar struct
# ndims: 2
 1 1
# length: 2
# name: x
# type: matrix
# rows: 2
# columns: 320
 122.90154513597653 110.28273268600094 108.19508358823697 104.35187626492576 113.53486408739042 116.39268968888219 100.95951215759298 107.9527870078964 119.98900520221392 116.94502692160485 113.77437015975698 108.86048624203352 115.17295315851261 116.71894195232814 118.07811352201446 117.19793160326182 121.67765290338789 120.0942105131704 111.32216201556054 111.04627847175708 112.3995857169451 134.51404867740951 116.033789306109 133.39214777654047 129.22391944032674 124.08495470500566 131.94981045381118 129.45752501475414 134.87142064958195 135.31001532238477 133.28255890013082 134.43038324863389 129.67247923881362 123.72602431209737 130.12555505980276 131.20952042628284 130.94966201059796 135.67278082206712 136.26200787484521 135.81766827356674 130.7499719698539 133.2651593597613 132.66117522833281 132.21672617640905 131.97977482079773 135.6950422074114 144.19307556849975 141.81757227130231 133.77140295934606 131.48407839343028 133.01349206746397 133.1429148282113 134.14743732336524 134.25503292681992 144.18457701209786 144.54614827143644 135.075710659892 134.14530169997457 142.92418472623743 143.19071074466757 142.94709857620907 142.46005386794843 143.63190206828705 143.47584345876686 101.01474541478848 102.57327461891479 99.876676390583626 95.589281677460093 99.32551139174673 98.26308755569616 97.975948290422224 80.593089588746494 102.78877291161265 101.75480150121754 100.66742550276093 100.23233283059989 100.31876913524439 99.369073501230375 99.149563212866141 97.257211896336656 105.89610605358828 103.73746271642534 102.6057658301056 101.42476036064036 101.34508274088265 100.34685368373711 100.10426116082633 99.143294640322225 104.86618462305033 104.56245744850361 103.52147704647244 102.28895091450607 102.15749532313403 101.3047903251277 101.35534180880218 100.26317189278919 107.76262076245048 109.83577263012127 105.66947634169738 103.17642434787443 102.29091672529289 102.57490344232659 103.4968432589192 101.32814759976729 109.48120653131282 109.09436573643875 108.60797033672542 103.76714230444519 105.21225576735419 104.50446035350213 103.74590197348678 104.35963429758439 110.49636025915191 109.27575248033639 113.09483642990538 106.82474295344441 104.3013125805889 105.84079404933259 106.16753028843733 104.92503813856247 109.08298275377447 110.48955522530488 110.22837369889461 108.18705003813808 105.43718474179754 106.40935302496784 106.96323914393169 108.13643294066591 110.29331873082739 110.09776168980194 109.32380974316808 113.15305603329591 106.77609226384607 106.54934299248836 109.2687825925412 99.756501360462082 108.51887549876298 106.99006610031473 109.50295201386892 114.18642802365783 112.85842623717025 109.02816318641231 107.61455910804064 100.96957308597666 113.60372524977807 111.00488151970849 108.34955082316083 109.78501769365822 113.41586563606243 111.04247861674084 107.89936215568292 101.64488162022867 112.95634667952082 111.83201302925855 113.98443739174901 107.5477745424874 111.7675334681286 112.41742887718644 114.84969398716252 120.74101762172555 111.51896335709067 112.1279221223766 113.23316460467916 114.90218797409773 116.01117001627269 110.27888323603138 122.77230380790073 121.94697944265216 110.67521820766889 112.69945869607714 113.90720891997701 115.17000145609371 116.33432212906069 117.476448964266 118.44313723777033 119.70745857912877 120.59427677910422 113.17487404559897 114.16568943316935 115.2749592388877 114.17100805068796 117.71174993422504 117.15408426978546 118.6718643919092 121.63023158228334 132.77166043895903 133.80091415183827 116.46422739239928 129.25353416985405 119.39626042370116 120.85712966912853 118.28562424427994 132.76851618464508 132.5717299237451 131.01125841240818 129.86186096746482 131.00716452156524 128.91310029150748 126.63420341173503 123.60105862131275 130.50897656198748 133.84564257317263 130.3827186407905 129.41942920120184 131.37228327030607 130.27113852256676 129.97777452640369 130.34887749705018 133.19519596502579 131.65791860855677 132.36710362556599 131.11275654274201 129.71724428296116 130.5715899648219 130.8144858079213 134.69571660376448 133.4193529219059 132.49035521980107 133.36523570976811 129.85259702893899 128.7472226207552 130.05507804513502 131.96349912755917 133.81129902652495 131.66414486601789 132.39659540735542 132.28651041005566 129.77178634742094 130.5936376095508 135.50337048640898 136.01756840417531 134.80889265916909 140.4723043261753 133.5235140943999 131.86161665104026 135.80303535464483 136.53542810728987 140.72114152836039 136.59911593435172 144.06398597286417 136.4892631392467 131.18041389850845 131.26124096150141 141.38099162074826 142.12596627821264 140.71039468333609 142.14844169957848 143.10482128340757 135.66477693352013 130.94280585181323 141.70970033066524 142.14132321961108 143.1829497984196 141.75613495255104 139.75181348538555 130.15458803544848 143.9555042222143 143.05763742164447 140.15679942181021 142.52186459037858 144.17351290086162 141.4554339819461 144.40151389166925 145.1694419577548 143.93145287496606 144.48454443700069 143.09618493414305 143.29386859095672 143.80050976515747 142.81480132123656 142.51630293889073 145.97171028240638 143.75968216040948 144.3077972605758 144.34858727427749 145.3066378307646 144.93647563603216 143.27499297594281 144.14071575672739 141.58384005735152 142.02082879484024 144.85239759176844 145.56410274773472 146.2032984366393 145.63341973957935 144.51646416832176 145.12079001210475 145.66606147466553 146.92705518114201 146.30931464728826 147.26892390547852 146.89738342756729 146.67304544761328 145.17470647545426 147.11663427735004 146.28012948116378 149.31972778606334 147.75491805290937 147.9216502258046 147.69358329079509 147.16999586209161 146.45420890903932 147.95156132650229 147.1565707720153 149.48668797051127 148.45991689122559 148.836731209026 148.34225510358888 150.14127122197985 149.00485162387264 148.99151165680621 147.2222108466425 150.55432672585019 149.25355484274246 150.00796346435749 149.53822481684435 150.83988301576096 151.18202412402007 150.08225834718485 147.97083577733852
