# Created by Octave 5.2.0, Fri Apr 02 16:07:40 2021 CEST <br1@br1>
# name: ptcls
# type: scalar struct
# ndims: 2
 1 1
# length: 2
# name: x
# type: matrix
# rows: 2
# columns: 320
 182.02750317882095 79.866975258062183 80.686329417585398 57.235749753272231 85.229224711543992 107.16859215695493 42.850751755629545 64.364909289429335 52.166609313906861 116.66224758429671 85.871896931954026 81.458776848308062 101.22991833059623 106.80466289343147 105.22705432660709 109.40971716298093 35.208709699524775 69.981113308635088 81.698448256370568 82.230579238904255 86.39654372831798 153.90548929279956 106.11254364389968 155.81290409545144 151.59094549107451 140.94699621539542 152.58028828599302 152.02703232724178 159.14156160406984 156.39289794934169 145.38028627814901 155.65614628474222 151.94364525828337 133.66609296366482 157.88434495556177 152.72425343927125 154.48298543953013 156.98438913177301 158.3445836356081 155.02200858924957 157.03347870814969 157.98293207396586 151.82120420002647 156.9553341284844 153.34243855019463 164.97861337627049 172.7323340344912 171.12320835464934 155.08359398370527 152.20906940327919 143.97473196447532 156.12215043129524 158.51933128020806 154.82087201610105 173.82064902870187 176.19177824064437 156.48507085153526 167.80964491248176 176.11680332626858 176.20940985409322 173.00552710947107 174.86892523517116 174.67732108175099 173.145810816384 69.928585616299756 70.794530829137571 70.111049144697787 44.606240438969763 71.040688069696088 70.998201479802077 69.908698654853112 15.333456452194019 71.967365206999602 72.366780498805753 72.022787132695328 70.97596640090083 73.271221712529155 71.049038113013793 72.147223458675057 70.63981032252272 80.140186439180397 78.192954272695417 74.036943743127168 72.723873786021457 73.121363610808643 72.59313736651589 74.774482896369477 73.546984426609129 82.027564414384244 78.991568039715929 78.014895951779607 73.334020092329993 74.172138921488184 73.82899838583937 74.455650235522654 74.643103712762013 105.82201471254864 64.254001781021188 79.32154840055685 74.614236535657412 74.889634141026335 73.669310861781227 75.750075127298643 72.688000197293547 82.216794942667889 84.254468195327803 81.783351680369208 75.629965359558255 76.081372707448622 76.720213526992524 75.656892318015522 78.000762254254269 79.991744237197466 84.549830030610195 83.139853198100113 79.796433747469095 76.837424752587083 79.285472468468384 94.866633294680923 76.793527407486209 72.812405989734572 85.510011529983785 80.156982675910015 81.087443692193716 78.824389624167466 77.159174015995333 77.831547902813156 78.803108069143775 117.87910804719988 80.671375840085915 81.20313124690388 83.146459977009457 79.6686881913474 77.396791864167497 80.102704091476298 42.454099671848411 76.571077348206529 77.281609012071939 84.437774545809987 98.160620889412996 85.398045731074745 80.905140261462861 78.226830004535373 38.286069904247455 125.80101234615121 121.17690516308164 44.672189588965324 83.282257345395848 82.303046774302558 84.200742169333424 80.431039808891896 43.412821868937861 208.98943392401446 128.65952948364932 141.07758968199937 77.587620779042439 81.276961630733041 84.270508109652681 106.20083918710336 37.272384753016738 124.12189065696832 118.76340234639045 107.39696896852368 104.50405707895706 71.394203435503627 78.979363465285658 53.558832089279647 70.694383538609301 117.64423714237776 122.72114304134138 123.88212675103323 72.549500996798741 36.329602473006219 37.416990922879428 91.591709842476263 70.499287673598317 118.82532581408202 104.43342407097616 95.588318723721812 69.575528891026835 96.20511631799026 121.31426819218869 121.08348297139207 89.949616296212085 89.979128996362107 171.42969107895226 142.16352596799913 70.063245266524248 161.24174708066644 53.242587966938636 52.455383445679765 69.409958349970665 141.09327446472852 145.46280402585967 178.39277070799392 167.60029464495477 166.27948177657612 152.15935916702455 121.04617068285775 126.66350654564795 137.0115123660315 136.24420587022522 151.83231866746857 165.20783806342618 160.30042419228357 150.51923968879998 153.10117831864721 153.62934408731778 126.77036424646302 131.13454679922413 155.33185248286873 156.62416619700846 153.28531229705888 120.47873755582005 153.09235895497071 156.9527440967382 156.85526829367657 121.37990555064863 154.21619435675748 124.43444708302458 126.79604885808678 123.89618360931244 155.96996821969543 150.67133582759968 119.81700109546883 127.26536600038459 153.13885465121427 120.95451930349374 207.31369287377498 155.38737329321739 158.27677265932724 153.86316768482257 185.81499696061476 121.49045330138198 154.31507280549187 152.63997308854402 157.4824292197317 170.3863424852542 166.93086506549554 174.76149112282491 146.76905566732469 95.906106620120681 129.00034119226663 171.32920004070715 171.46163438824493 156.98339760320803 172.37460201620493 173.52730883805089 145.60051200144477 126.16785527737781 170.19099481962078 171.96085976305696 172.52398134169289 171.08042206785123 154.68697040444164 107.41942300741258 183.87417779257018 179.54671947566791 109.55152922451879 179.86009691765389 174.22963268283405 171.84431312510807 174.23473173414644 176.90894780503888 165.88512432708256 162.42893623994627 162.10783974956601 173.62517355364116 174.65139762265642 170.64052448410371 171.9550232398152 174.90252751497977 172.88492564407639 178.57575903759152 175.39529694944491 173.33734883762671 174.58952878506713 174.2551783079914 175.32055497125626 169.01753092805643 173.11852790441807 181.37332887934502 178.5070912176551 177.53466761806263 176.36070723275085 177.17336134253495 175.64476874578824 175.30248856663795 180.15710080495134 178.25440421575098 177.54122797845804 176.38579941035863 176.48870663568087 175.83670581779646 178.22359901733154 181.88712341267171 179.64169409557437 178.71102431337084 178.06809100612367 176.90744158786885 177.28620193314617 176.03457361760039 180.35556961152992 177.12893414915422 182.22946433139106 180.71160019011327 179.11699011183987 178.80868266446598 181.92922675173546 179.24862130134684 178.4042024402379 169.25071663046555 181.1113796945121 180.30945392919011 179.89756163678953 177.63867336588302 181.22337710930219 180.62267714792785 179.58093506322663 183.30835348983996
