# Created by Octave 5.2.0, Fri Apr 02 16:07:51 2021 CEST <br1@br1>
# name: ptcls
# type: scalar struct
# ndims: 2
 1 1
# length: 2
# name: x
# type: matrix
# rows: 2
# columns: 320
 186.47725319132877 78.162959999343371 79.113544583771187 54.637868090975545 83.552027589768471 107.1480754188745 35.775233574024277 61.961567660843507 46.280850281554258 116.00114033191709 84.484434485180202 80.011758169166541 100.41461245654099 106.24799439157609 105.20923241534369 109.41571810085519 28.14811052111618 65.051015747013423 80.202708329649184 80.982245984850408 83.236703537211341 154.2706312061664 105.93018985210033 156.58061123559133 152.69854204470923 141.33232066903554 153.22899209240114 153.27146631439649 161.10785011624367 156.53682742782172 148.69447038800138 155.85508649840241 153.66399692288087 139.43404597154802 159.75743409997867 153.59937506664599 155.34392805462542 157.84378294542927 158.98241292038784 155.46417870516078 158.22257387828316 159.73947061775627 152.87567854914209 160.89375565682741 154.38849135628811 166.84434453653174 174.01003804889078 172.96373695371256 156.28960064184324 152.23587189955094 144.59326007256192 157.31351779764384 159.76544901320395 156.25167758028792 175.16050699852843 178.53994574783448 157.87364261079458 165.58420542815693 177.80213852336811 179.60630742047783 174.73229401377048 176.33794762279743 175.66767306059461 174.3863816779058 67.829297898981935 68.885765542437426 68.845691740748762 41.795145433338718 69.917400696245465 69.025201899992879 69.526404713991099 20.622639441919937 70.212125131524346 70.008146454634016 70.30389561683738 69.031996209091034 72.216962082792051 69.057315656126818 70.111859862134807 69.727747095561156 78.556037589517729 76.796251171479852 71.485692991031442 71.175359259202068 71.4913201427226 71.227142228801554 73.381616902808815 72.039674554559625 80.32792656711058 77.336994077920593 76.232712125887218 71.391369122885081 72.657013466908239 72.422289644816459 73.24971394693236 73.013598002309237 105.34342750682936 57.433077586246114 78.045985523717647 72.353805656563964 73.489180248870653 71.690826418154643 74.370480007769487 70.941747204501183 80.553281302634844 82.918662452736086 79.831855857526349 73.805832596936909 74.617264902083903 75.338582567098456 74.2985558997038 76.639509097562353 78.586664227655248 85.469822339127035 81.30469432941635 78.106943642061026 75.232683072143246 77.578809830771391 93.786037944296993 75.270116750748073 67.632665145852428 83.686610937014166 79.039043226785722 79.483871552474781 76.975207018800859 75.638900416065312 76.31648006259843 77.348577611337987 118.40025412336445 79.382312499730375 79.850219627926322 81.773117643764834 77.827336801951247 75.95516672830334 78.634797211865035 41.266271596850629 75.915099578577085 75.76394096689674 83.264720595339739 97.870046834285404 82.768599380373715 79.581503700091631 76.78571551683666 34.829836646106997 122.90617996252286 123.04626888603438 41.03642899511479 81.87461996090876 80.863856096314692 82.426822953122823 78.741013341179567 42.101855141778607 220.37529420340019 128.87685091492099 144.35497346347893 74.83446341526232 79.946573217656464 82.722963553215408 106.51882466058041 29.174524067059746 126.4637684942404 117.90655863386192 103.10923393866463 100.77360189840741 66.827421542061074 80.238318425763453 48.361894440448509 66.414813499507943 119.82030432340069 124.37439674154813 122.31121775444305 68.382342431560943 30.001623745852498 30.733394770481603 90.277554277732889 67.523753230535775 118.30121454427815 103.48340811952311 93.31917197652345 65.539733221132778 95.37113756860613 123.93234994163504 122.17926984731724 87.521909380934133 90.595124960390677 173.47679868976331 143.07544660011021 65.335428136861623 164.31772773172111 47.03793418652414 47.444613184807054 67.165776874347173 144.15260046831469 147.01337028871467 182.01019635899976 172.34354407831137 171.22631843137239 154.4142056102209 122.84739074269432 126.32589523761467 136.78150573384056 137.3323564623081 153.19770329456713 169.86536726298914 163.45190196447135 152.22074379384989 154.03121967015736 155.40041334010297 125.08867458651548 130.92528440359828 157.15745176005234 160.70530212652011 155.69575136156749 119.00166382665958 154.93222773303916 157.65803478903567 160.62215957949948 119.16829355489665 156.86985758098177 124.15368588356647 123.67573061663487 125.14123455518164 157.31932033167649 152.11893242074331 117.25696450583632 124.42525018264686 156.21042466635589 119.5847838962755 218.08473360726333 156.52662559376679 160.97313149883701 155.20324566356064 188.3150953013608 118.11168988344259 157.34186568250226 153.92428559110516 158.76881050723435 172.34639318916112 168.71081283876782 176.70827541964337 147.36695817091973 91.647562781510317 128.98011433190138 173.34520943656642 173.47234149213665 157.85729536210252 174.50503933785922 175.69585452875387 146.22525367941503 124.48434005745966 172.51740073743775 174.05709556246086 173.06314851901558 172.48456904198233 154.66681783402043 106.16585501087897 190.2918674074692 183.0890515053982 107.24143396323603 181.02565491087537 175.7173534349734 173.3300769678599 175.84181892483664 178.21004917630299 166.42243311074623 163.60708838058801 162.46640871707521 175.96178946989116 176.7915692768907 172.30485500986387 173.853926197616 176.00848340124244 174.79989838304317 180.06303449000447 177.34204426092799 174.88720327186172 176.25109626731128 176.51607561004843 177.03665497052413 170.60716392796996 175.1970855264081 183.0749230118615 181.03509383618638 179.80058797752392 178.49195396881828 179.02897922402988 177.25013286469971 177.18945289972646 182.43107981556679 180.22946959491242 179.6631514493312 178.55969156322703 177.88108631420394 177.5676252029449 179.16228706282948 183.33086460449965 181.65192795079457 181.40068590155343 179.56787346570283 178.60409616255254 178.30625663603811 177.34318599038534 181.65911764627975 179.35079034589981 183.98929341884966 182.49032362736565 180.78936708065746 180.22132993025062 183.57314655530462 180.33762879617021 179.48278302539146 170.43825529632801 182.60269226004522 181.84637570232644 181.35096339429771 178.91815021496561 182.90053257646707 182.27164992619922 180.7118411150465 185.09160474497565
