# Created by Octave 5.2.0, Fri Apr 02 16:06:22 2021 CEST <br1@br1>
# name: ptcls
# type: scalar struct
# ndims: 2
 1 1
# length: 2
# name: x
# type: matrix
# rows: 2
# columns: 320
 152.27558995983225 90.71070872263644 89.850763375129773 73.767723967887505 93.166827540457732 108.19969552497565 62.337735684052781 79.658901471347605 87.96795621905423 107.94046805689266 96.142874034582775 90.874691798149115 106.4182284382205 107.76536203297827 107.49134699484402 109.2737091417475 81.285904284995581 99.639717923809442 93.425633504363233 94.074725227176415 94.999881981348949 147.43089801076374 107.06443060393525 149.62612679982411 143.98300498533877 126.54076602483312 145.70066504770784 144.1079069544391 152.07512007134008 151.42021463564802 141.22984983936087 150.57266449739856 142.92186383687505 120.78310649778973 149.50368119298662 146.57872050503164 147.69405269699172 150.94743743065098 149.85969752449128 151.13634347580694 148.56040733470286 149.55096931552825 143.08147763240947 149.99559738320647 145.57516641333382 153.10577872006255 163.18811369198539 162.41105832138174 146.83524582696705 145.08662356835762 140.04100278450923 148.64496141240357 149.90673116807343 146.4263310088657 163.11393248232096 163.80905380086449 147.91235563340123 157.36285853749163 164.85361989024375 162.74363757577123 161.87509444514151 162.40206605251038 164.1032724730841 162.18403572104984 79.715764306140429 80.621156518819006 79.925472170048508 62.495026838440054 81.06286244279363 79.181707643089155 78.92742192806412 18.324980755152755 82.323755566335535 82.128608984969702 81.721787464764404 80.781397528023462 83.094445383174801 81.867053416451583 81.916770831812698 78.115820552874169 89.096802323071657 87.119014593006028 86.015591327643307 82.902331375374217 83.522344744748665 83.09626099887754 84.142231052343277 82.113747226221705 89.444894056000621 87.871695057311001 86.688417100566852 84.509519217551997 84.683496926873005 83.862565196510644 84.298220875526638 83.716483015956328 108.70425012149124 91.880894307719217 88.258475184743176 85.664682774815176 84.976060685963319 84.951363338262823 85.751455214596504 87.409698638323349 92.126697081134765 92.657962714374861 90.929931800912371 85.809475721873369 86.577509583150601 86.681882766089657 85.382727090645091 88.329857554829772 90.123282596813226 91.955110575382363 94.481522466010134 88.794719301171881 86.853471597774103 89.557093443449361 101.74314916076048 86.09673142128581 90.744249065777453 92.94586824603951 93.747108608224792 90.133047468462905 87.794053678228067 87.614111189817621 89.456060881407538 90.651071464629368 113.40312647527955 93.183017237507343 90.788390725790165 92.229448159383338 88.863151165454838 87.72056180132715 90.637840829593173 63.603589477312717 88.237616870152422 87.139184600654318 92.008391015946415 100.65816633800559 94.285876540863953 89.922713069564821 88.681842738772545 60.280281546959458 132.67944272858506 108.65379523179594 67.808847913468725 92.231309576978873 92.682286031315371 95.053541990780957 89.850709699781703 63.703794395354798 136.53395941883258 116.7781676779894 120.12269143980561 87.415889532234473 92.455380177587102 91.630474882078417 104.20256417586292 82.494137751586308 112.75864723077554 115.71129090044202 131.11058329477169 111.44751026074101 97.775517056991617 91.409584504425212 88.66646787881038 93.349081761581999 113.2098325414552 112.67675275677072 112.3176646371931 96.468202888335057 80.865087441064659 80.846415832071742 99.954517981752275 92.335508635984795 117.28081451398745 108.71795290723313 107.3992454243208 95.948898766490288 101.23509163377162 107.66847226989347 113.70708910806314 106.46570181515077 106.09377416351835 157.45883407709641 135.68932364852773 95.28530863717873 139.00082680054641 89.157683390629302 87.528437197580274 94.830727585425166 138.4179013077769 137.4706441295061 152.94900906716231 141.07203766467796 139.35835583742659 140.45781288026473 131.87872712589362 123.82628154934591 136.78522147492706 137.90803229284094 138.81978028064836 140.68433499436725 138.4177389751207 139.46000823641793 144.03535028089402 144.33208557638704 135.16811774846775 136.15741413225118 136.50968206002187 139.95820571631876 136.24543454547702 134.03551461550805 144.51774181176719 148.70807350088182 137.14181833543631 135.04580069677394 135.99487343381799 133.2192559332978 134.34797529404543 130.9900343415342 147.52477138580969 142.26384843057573 128.8047679226444 134.71500376277919 138.23516144430326 132.26953955030419 135.86794182298408 147.58739744143909 148.49413442664905 146.42736056602897 169.90528024677636 133.49660920176999 137.37185138238368 145.69249254814838 148.95485041881227 158.54209606324676 155.63455832699898 163.85905534798823 142.04393497252346 123.07948176952667 132.87563663554801 160.04142229889442 160.37021798402796 151.42223004660676 161.23436064178361 162.65042262149393 143.02680199954577 135.57428721755664 159.72860078383837 160.76458245453173 161.46186214343044 158.83557805514494 150.86838250760465 115.3966738944446 165.81524668434193 165.20232919262057 124.25213543268177 168.52517000020771 163.32989007802649 160.15623772025813 163.07637511895052 164.71668868039509 160.81742050240129 156.21081018213732 158.54699596357742 163.17249544058458 163.78072507937929 159.27852073268733 162.61998511260202 164.09414787473872 161.94345043591343 165.63192825328167 164.67988632660777 162.24618091733041 164.53709771907782 164.31046299340321 164.95016330023475 161.09403174228896 161.52499464821469 169.12512096975084 167.23050856105593 165.91247474428533 165.03370245237633 165.41256673732869 164.16405298956388 165.3639669194252 167.24509361039412 166.11241998954847 166.51669876098495 165.86983365307069 167.19612293070551 166.07436942235498 165.75826858264807 171.03040439454693 168.0033940017739 168.13594462067408 167.68637829322552 166.91683091357882 166.71151487930447 166.46114243324655 170.3997197481194 164.831924856185 170.52217308166311 169.14482308017099 168.84599930408217 168.35167443980049 170.91652433440882 168.59385749836864 169.48210798172701 161.69365239315897 171.40939465510721 169.89202586407251 169.3886480526894 168.47108400276693 170.20345622151996 170.46083316301252 169.41739614490737 171.42997113095504
