# Created by Octave 5.2.0, Fri Apr 02 16:02:41 2021 CEST <br1@br1>
# name: ptcls
# type: scalar struct
# ndims: 2
 1 1
# length: 2
# name: x
# type: matrix
# rows: 2
# columns: 320
 121.47983466028982 116.71368162556577 116.31046391304533 116.16107141146932 118.12957095080837 120.28271644161694 116.31243795779123 119.03756359816524 122.10317929676545 119.68709400789632 120.15465466169462 117.6005824676006 119.92059913839272 121.3611970897588 121.08005814802809 121.98691672265522 123.72738343331153 122.64154074580009 121.11672729694251 119.07378216890208 120.25997209291454 124.69631163395131 122.62076718463109 125.34202536225223 124.85841618828657 123.34863943940243 124.4675935745739 123.25523775103642 124.64228576139071 127.2007859962856 125.79973561515588 126.53637164351387 125.97324615016925 124.73235913769246 125.96053641027481 124.86619493499214 125.63431386234721 128.34244000280762 127.49983400696867 127.46145944859251 127.20719707725341 126.5869873430813 127.65474572130374 126.88461472122914 126.80990879806359 128.20025601210421 129.46500203577523 130.82901961583806 130.03953569900915 128.56562684683615 128.74992922289911 127.75696649535237 130.6078314712598 129.3097808326016 130.5108261978767 132.50581407800092 130.80376635255061 131.61964700785393 133.07264281643992 132.22233458789856 131.44503855837422 132.53705985739629 131.42366641178043 133.1579191878472 107.76495436543182 107.81467649199901 107.74483251878884 106.16810269684589 106.51842641256746 106.06148294057678 106.40046235644226 104.63513632271136 108.76748948260949 108.74833461753265 108.53195070331883 107.27159364958256 107.61835022375371 107.08388360458309 107.56676342705367 106.82737836822213 109.61212987660448 109.80792179181461 109.81611972526046 108.52745950375613 108.60848229220274 108.138579351299 108.75161485439401 108.11624694292074 110.60530330494271 110.88827274717623 110.63827622049142 109.60412701816713 109.66886598931899 109.25946140981569 109.91720580163719 109.13587238069123 111.72848316972318 112.86614897862773 111.7139211143883 110.33960718752634 111.17123310521126 110.57731979897241 111.07387708842114 110.31383413544678 112.64432701412726 112.85518803170962 113.28831286374266 111.40617369593741 112.70574322745202 111.73384760233866 112.13959201844108 111.39959302976776 114.14928131985599 113.8779633950089 114.28793459243163 113.45713631576167 113.73489658773406 112.76116555945201 113.19876780243945 112.50511348700513 115.18883525088765 114.93220156223677 115.38817778551777 114.12977142476231 114.60079134843699 114.06140109339947 114.73955238597281 113.77888082224477 114.52253835948675 115.96725507168554 116.60371243049339 115.31976586611067 115.77478386643907 114.89288863143004 115.16729331722378 115.18036051562736 114.83488470186612 115.54946454496827 116.01338617171555 116.66378471946688 117.87195151242695 115.97539227218421 115.73012839919546 115.82933952469058 116.74025232770758 116.04886579083359 116.68972366587163 117.06310249951333 117.69410703483518 117.33014191044312 116.78540203297575 115.27682429749127 117.9701048262656 117.48968554565501 118.73091186343153 117.35206595026851 117.6320040594951 118.87064475104791 119.3949922320885 120.34445436860631 118.95775919796165 118.95293082209901 119.83995765060057 119.61448404825903 120.45553491842502 118.66812034092024 119.97991207758903 120.96815425373075 119.87863513569535 120.06386202405169 120.90847465657527 120.6666844429985 121.5396333284302 121.16021323253959 121.80964576069465 121.17742427373862 122.5483998648686 121.51255864886828 121.99437493260368 121.69161749124233 123.71299355340557 122.21512422159918 123.83245008666972 122.10646568784077 123.8842125045576 124.42119436269188 125.01184100917432 122.78176532428458 125.44005996966031 123.72718168448527 124.81114221056629 124.12823938171242 126.1946806068143 126.18974828872364 126.23171415465795 125.12907760267021 126.91327377510969 126.19136304411069 126.47714138080552 126.16398628040047 128.51307597738756 127.2742545985473 127.19557591274419 126.157851437753 128.18016440572686 127.17559932604546 127.33152056561997 127.36366276416194 129.6211223067846 128.63293047046577 128.17068500946249 129.26615181776225 128.99534271762653 128.91119767416396 128.43829673343367 128.23188118994679 130.61891573184818 129.32027409513384 130.45518513358266 130.80823312368275 130.28520963623697 129.92328287631662 129.45711181824987 129.41049752610877 129.64782007796694 130.59703342541169 131.60282985652259 131.31787210234523 131.10440558369487 131.32789581134622 131.92815781079918 130.85588327823356 131.32181869234529 132.18358724271684 131.8499897234623 132.4148979432488 132.38895990822809 133.84920029985614 132.03037842256217 133.31304115983031 133.42727237706416 134.07159214430834 133.09079853027814 133.28821951509684 133.94470294448234 133.28179558645533 134.28918565997364 134.15551806455323 133.83035864959703 134.16284459995603 133.84969611995231 134.90455715316315 134.8275541982882 134.48913373668736 133.78352572131365 135.25574208540903 135.86937772478794 135.02810074511441 135.13897417625927 135.80498624694772 135.95054304285134 135.27420118846814 135.48460513414005 135.33432667640679 136.68297904794028 136.55836898867176 136.25088654472481 136.26760009861016 136.99715981336274 135.81909853361333 136.61542158982309 137.0850125580842 137.67079933300934 137.46920112978208 136.94851361091187 137.31082394265218 138.41522771011034 137.67866964173697 138.21607453385428 137.16319795920597 138.83002459425157 138.55461964448833 138.18521725510072 138.87991220617542 139.4709761580973 138.85558254956183 139.44836345400307 138.82042870192203 139.64017138751475 139.29194708267977 139.61135194755471 140.15811735960585 140.62809804866998 140.19303784190075 140.70413059698586 139.88441138427024 140.7100684319405 140.31720285717444 140.68492654469782 141.21099358512842 141.69235365222707 141.36080166253114 141.88995869795124 141.05929383365654 141.78324083540875 141.41273045729588 141.82581507964167 142.36500388625902 142.88040724326859 142.40521958911484 142.9764461170158 142.12722039157705 142.85100436861157 142.5170642197908 142.86095831320506 143.53029495222961 144.02462376534388 143.52975748421127 144.61162883460901 143.15359623889557
