# Created by Octave 5.2.0, Fri Apr 02 16:07:15 2021 CEST <br1@br1>
# name: ptcls
# type: scalar struct
# ndims: 2
 1 1
# length: 2
# name: x
# type: matrix
# rows: 2
# columns: 320
 171.9144349685759 83.739737209695846 83.378580517956109 63.140026258491972 86.968405864776301 105.90235468429837 49.218845418306174 69.827049354400145 66.517032255879869 114.97829823045851 89.679897349649096 84.249046380672496 103.08288622617633 107.37897187175042 106.66193950465227 109.39607866781215 52.99787368052057 81.185880494138871 85.61827252475193 86.70960701492541 88.539989444770271 152.48599884983076 106.44805094618344 154.05459018428675 148.62794396360843 136.34477140138029 150.55445608886825 149.19877326552654 155.80554559217774 154.71038432980654 141.57453708422574 153.19325979172601 149.2682156678558 125.08025943595004 154.08200219766144 151.4159518177886 151.85136411407333 155.14457538155156 155.43592128813503 153.69446019870168 153.31866143918691 156.1119963943957 148.3106676760332 154.39059884020793 150.84238933584615 160.73831528476765 170.01261081276866 168.20578969156878 152.30611469184223 150.14388311201071 142.56898626427852 152.91182969093578 155.80805611381831 151.50249600439193 170.299676408247 171.71429837426311 153.86927522128883 169.06471407968658 171.90324511200865 173.34550167546951 169.00682988695513 170.78160551523879 170.69121006546322 169.02599117710739 73.801174499642769 74.899780288998343 74.483165184227786 50.995092724494867 75.557598014865533 74.83353569355593 73.528040327360429 3.3125860209987552 76.304846899125664 75.157856306433274 75.982584306245556 74.121495816078834 77.184957046588693 75.556690646329955 76.166432833044951 75.054763883049603 82.869626940682608 80.713692691030502 78.054775780957243 76.832608310615541 77.091792336088275 76.795657757366854 78.466739514012289 76.264270087172747 83.488328566429857 81.782436668598393 79.247058354033328 77.749048240552909 78.288053938340923 77.88366963321694 78.09127912257874 78.147925899938514 107.59797833727961 79.756102223688387 82.210903733819592 78.920690447842162 79.090056732431961 79.161856777417853 79.787724246145089 78.85644696721269 86.280113713816661 87.44278175162718 84.417102493879966 79.375325218369085 80.183279539900511 80.335084221315981 79.188837716124283 81.603392671077557 83.611600291279572 85.299440794850725 86.58227442922562 82.576416009837445 80.420457966240122 82.838149590421594 97.322531818280765 79.674161515876506 82.436663629447651 88.462439745967302 84.894300854621761 84.746254317162496 81.396879281334336 80.930710757908173 80.834196576690942 82.320410073413541 116.28054320008548 84.991000629446262 84.419331048161439 85.988120090374167 82.383561869281834 81.258750489723582 84.24182876334045 50.423884120019395 80.349794968120207 81.486572698781501 87.0149544352834 98.821016469248434 87.752382233940139 83.644168038796579 82.044318410673654 46.141145490930313 129.68853732501145 117.94940802445689 52.935281847716539 86.417893621325149 85.094336923682704 88.077172892209845 83.177891262777067 50.83474599391328 183.11247874359236 126.237722360009 133.62899017863674 80.801219423747881 86.059467037803415 86.951585093640972 105.4774890252603 53.350543531427618 118.7994410268045 120.71077442031893 117.1442869363883 112.982364307479 79.958400602351986 83.655927507073173 64.478511973997428 78.872127323326538 117.08253638200785 120.44615628378854 122.99048616418484 80.832839890600383 52.197708353544975 51.70436851910933 94.578427035074839 78.518817739672471 116.04672326842127 106.59255123336946 100.74547042189991 79.287084538318496 98.100522566590556 114.99912333143685 118.59059262610428 95.467132012752884 88.579138169024446 166.25146364655677 136.77136639537969 79.63109211393926 154.20691530250446 65.640105704067295 65.465309978385193 78.442198707513484 137.14216614226328 141.93878979209831 168.44983029316839 156.66376602567811 155.43823398031432 147.54861303595212 120.50118578800968 127.4308049729963 135.6901244345064 135.93297397958685 147.49765781504141 154.36394097243749 153.19539831570324 147.88369887725344 149.1999904594721 151.19682316086232 131.61750378468614 130.98267009927898 149.00806542624372 147.26256427698249 148.07789171108351 126.34116933846451 148.22160857874937 155.09751607190194 148.13112381026968 126.75780146035305 148.7638471098619 128.39304841600355 131.13280086466813 119.8008219125166 152.69524519721963 149.07775335185576 124.06379963565414 132.59112438872725 147.0291673905073 125.91215001797354 182.83405484311965 153.08073817917031 154.12037181635665 150.43967520291261 180.13295527710105 126.04409861175279 147.6254026797468 149.34069908323403 154.71026223778901 165.29840514675558 162.88552921714944 170.52275021850659 145.00261561803993 105.58527124817587 129.04631132946039 166.43852101365502 167.32874756874915 154.99726633299329 168.35611487747198 169.52465420516165 144.58821527444465 133.47832234504943 166.0352636196728 167.60323376777893 167.13013398742302 165.98105223895058 152.23123866238805 110.26844118135259 173.74735684139426 172.56133517834584 114.80174572743414 174.72654909968978 169.94752717796425 168.31043621909348 169.65933250288992 172.78914183673189 164.81162945320651 160.1783427926826 160.86594396690126 169.83202887962986 170.88927472855258 166.33636520301829 167.87135721233889 171.55839071406751 168.86826069231125 173.50224006827057 171.22866488523513 169.17504979531697 170.18775882972872 170.55047257064749 171.47812865615745 167.42094150903412 168.89215041019713 177.61535398033308 174.43440073484376 173.552956519215 172.47977867683824 173.10258513833844 171.47764505458466 171.61013228123403 175.57506450516357 174.22443245127693 173.95415655112052 172.77609751680461 173.30432618542724 172.50681125253328 174.10065078362109 177.95223379202062 175.33819485722728 175.01430453761378 174.84053614222276 173.56139232126256 173.59703941799256 172.37649642285876 176.3724702237364 172.64439116713521 178.66019930690939 176.33785456158725 176.02456500327077 175.45562302869263 179.06885835879228 175.27511176651214 174.69398069346613 166.55176511714177 177.66687261766563 177.26712203360773 176.55607061938366 174.39315481463723 177.41190367814275 177.08539062453059 175.69784264808567 178.53129418862721
