# Created by Octave 5.2.0, Fri Apr 02 16:07:20 2021 CEST <br1@br1>
# name: ptcls
# type: scalar struct
# ndims: 2
 1 1
# length: 2
# name: x
# type: matrix
# rows: 2
# columns: 320
 173.93704861062491 82.965184819369114 83.109390503112152 61.959170957448023 86.578559698016207 105.7670179273545 47.905072820868718 68.734621341405983 63.873217578821446 115.87835910818539 88.585866579067243 83.596352364073496 102.71229264706031 107.64516158796373 106.28160521549205 109.3988063668459 49.592550179896001 78.944927057038115 84.663075081715476 85.866844736081291 87.763632132480893 153.04082769578224 106.39158594782731 154.05850209575536 149.63984889725725 137.98806762020502 150.86148999727359 149.76442507786959 155.94378787433331 154.76947957575621 141.6128356669885 153.59989178251121 149.38640283496073 125.55772087352341 155.02274460286165 151.9211681346236 152.61482119281254 155.29637664670241 156.25278112185063 153.75891551654399 154.19699155854966 156.80087356466541 149.0170582902405 154.91717624796237 151.07323245057813 161.58637490306822 170.88131082350856 168.34318566839562 153.01656928165502 150.52207924976494 142.85013540431788 153.7570796665068 156.44120346358227 152.13829780978836 171.08349203445866 172.15703053257926 154.60362827578103 170.46231011599636 172.79233142625284 173.2749020731703 170.02194324691311 171.38894626289016 171.25965029907704 169.44624808822743 73.286853678828706 73.765551588853569 73.652286415346268 49.717322267389847 74.996233091741033 74.43168320163015 72.374758595553388 5.7167601072378078 75.570030746033325 74.668097833106657 74.913186102618482 73.556126094023782 76.692971888436404 74.709868705098657 75.627165218792214 74.521007282126163 82.637255547724692 80.531164717936193 77.145328458784391 75.809009507424747 76.213298724218561 76.205487269096963 77.788794185599571 76.820119535051802 83.027962913799698 81.589475102029752 78.24058046278941 76.763405785545146 77.60710877993273 76.998243814066583 77.237259585384038 77.784616173168715 107.33303914338205 76.655682135154947 81.887139101814824 78.075194322352957 78.171330342720026 78.273550392853736 78.859686039108894 77.598840881982682 85.647005443840712 86.863680165083224 84.18421493694062 78.668187834580579 79.27794734700089 79.505109464865996 78.314404792828199 80.666415043486069 82.507944785245527 84.684310518648047 86.105519155230667 82.212558747736963 79.848663218313519 81.678042945749354 96.831352113560797 78.965509446636872 81.535933766012292 87.761841082382503 83.525220848580915 84.085766456768454 81.030916676005248 79.88727001416359 80.0322782851011 81.185934493352363 116.60025616950836 84.027771297024643 83.415046877859098 85.651179014883283 81.516523555655439 80.345960839663377 82.762602394143855 48.598598190297643 80.152230675891943 80.718532173256307 86.429347980311704 98.688937353281347 87.900634481150377 83.468388836756219 80.992261619878889 44.570130373593742 128.45895013645327 118.54962517843116 51.282663395966296 85.8023757185004 84.641957844565255 87.020305885718656 82.400930403637759 49.621844073907944 188.28786977967678 127.12126333328581 135.11871007930927 79.527368251235586 85.018570605625968 86.693024874086944 105.62268378078144 50.805813536683708 119.86393095283726 120.32130000553323 115.19285084099468 111.28670286177461 78.234639500659924 82.649200543096214 61.958641290728437 77.168890053532337 116.54674587014415 120.37122527401074 124.07024153874526 79.899181328256248 48.540812272883066 48.506756847904597 93.981083596555123 76.836363336075834 117.2505744414911 106.1607258008908 99.71404008226429 77.145982564767593 97.721441316870497 116.28510703572515 119.09114319698267 94.363628869444725 88.859136334491978 167.28710913303587 138.55257745619727 78.013016054435724 155.64407716679949 63.207192853389401 62.926398770085513 75.973197525256751 137.45958177919078 142.64359263885058 170.51323665132944 158.0604475585331 157.89465905279513 148.30357310033719 120.02395702788269 127.27734528752663 136.03223124664297 135.68741801315466 148.41595836555382 157.04593462323618 154.57544242752769 148.35943865953581 149.96920216613219 151.73093059571636 130.15212405162123 131.24130335301604 150.34544309807504 149.25874135977352 149.03530000807868 124.9968297062114 148.79657777493063 155.75579781674247 150.4093480340162 126.07101886250376 149.96356604135715 128.0534103421939 130.79440506584405 121.13420334914501 153.30995029077087 149.0275020326778 123.32352686375586 131.24901045458208 147.92517259381611 124.53687294666796 187.72998244925071 153.54405534735173 154.5684388793251 151.78225233530617 181.26936361380379 125.19109023358246 148.70141216728481 150.10913421415219 155.34714104599618 165.95734607843556 163.69459638681866 171.9033578474837 145.39423134079524 103.64891359941225 129.03711730202164 167.13943944582613 168.06027948734774 155.39449258703624 169.39409653159319 170.5363982463777 144.75234690694634 132.0319304971716 167.06972625226587 168.44715854976727 168.55460923171194 167.0651994144585 152.52894465010129 109.69863754656458 174.52566118387097 173.48204374062234 113.75170242685107 175.54235046759217 170.76510369063556 168.86842402907899 170.24039065732381 173.6756208211315 164.92170660260538 160.61917974940985 161.12360485615946 170.48503214898597 171.53203416888394 167.06295272318891 168.86150816082875 172.22845189457743 169.67470373530969 174.48578678157409 172.14108156704143 169.9066035660959 171.41608977429871 171.24628942458611 172.48646381614248 167.8236253620116 169.56160827777012 178.15420592103123 175.39134559007712 174.27393421604026 173.27702922627032 174.06930988944421 172.58826832293369 172.55411371691653 176.76200461224568 175.20992497473864 174.79061881977779 173.57432966000243 173.90553665295346 173.14295803611731 174.74495572545442 179.17302597927818 176.41731392209559 175.83509394605801 175.42363275810683 174.32656576248868 174.2743326127935 173.05091913914245 177.12155195196067 173.2602808504289 178.86880714426837 176.8972276590859 176.66797220798585 176.28816186087028 179.79319443850318 175.86915033729088 175.37070535617187 167.09155541980653 178.42465864151606 177.80059236643655 177.37186078758828 175.16103884593011 177.72283391395237 178.05266720911604 176.85952294591169 179.9840907554366
