# Created by Octave 5.2.0, Fri Apr 02 16:03:25 2021 CEST <br1@br1>
# name: ptcls
# type: scalar struct
# ndims: 2
 1 1
# length: 2
# name: x
# type: matrix
# rows: 2
# columns: 320
 121.19475746090079 112.78562993851799 110.08352037038573 107.54018557774442 115.3046370501166 117.63418124555069 105.34931516434966 110.90234264298064 121.30450860491949 117.70576782372562 116.51181663134768 111.1931488710924 116.48260277127719 118.07738769586217 119.00213323112575 118.72191206004841 122.45661722025254 120.71481389332131 113.49832129250876 113.65397392288597 114.91123067771177 131.34928492639438 117.18789898622239 131.95673541071972 127.95854967784489 123.82894348633639 130.02413030880638 127.93026512142792 130.69711918927774 133.95260047108448 131.84815656102518 132.95077256999181 126.79996263896857 124.77947473536027 129.3566135595824 130.84839034470818 130.12586707241181 134.54691453957855 133.59580529740239 132.54365645221364 129.67279513733169 130.64448590119841 131.23112597604367 129.86721233583253 131.06982821853086 134.35298855616421 140.08046436095637 137.91488648847476 132.4515170830031 130.66201854277276 131.81448890787783 132.30847957393593 133.51845103575337 132.90902282191843 139.13181306306862 142.76295868607534 134.04990441836196 133.47074661968657 141.62653811940831 138.70764362969433 141.49130114766143 140.43598350585998 141.5797633413703 141.90802772383202 103.41310078726413 104.60442395597327 102.50266054968688 99.039261911643649 101.16541965856017 100.24858022791037 100.14657597915499 87.084359621590977 105.61669158055258 104.26317430323606 103.38018506629305 102.12945108544743 102.24705379789143 101.2302521611817 101.10491013970733 99.138953108418491 107.81635111054835 105.14932169997871 104.15942526027168 103.10474077776209 103.1594360416002 102.09688299785483 102.1577009735002 101.0133498960751 106.46674114017094 106.20829522132186 105.21656544105024 104.21339958370241 104.21524264956386 103.21874380062215 103.16905183617209 102.24628779058399 110.1647665666592 111.42331598238682 107.25309731204263 105.20455802581549 105.45831529022739 104.11430491593231 105.17894178358738 103.34392553797943 110.38752565400486 110.41650470132454 109.95767337930333 106.27769309703102 107.28697806295239 106.40888051371637 106.4421975811032 106.46819461699098 111.32417487327893 110.87537186622875 112.41031652367167 108.41196388009766 106.4070793545072 107.49573795357666 108.40956127117536 107.39747175514333 110.99550875260415 112.97903921117886 111.89815739774284 109.34184167471462 107.5935106916497 107.86117701844921 109.08403221815843 109.47000817844584 110.41428776710219 111.37882929754487 111.43451109479679 113.45878466287478 108.7722058293833 108.32849205992385 110.18484404574281 103.87662116652656 109.18798657629947 110.53425797733175 112.03499394705646 114.52468568995397 114.95082250117098 110.4589546967276 109.01482121318128 105.27639039644714 114.6849029678218 112.7687755213537 110.19485298336338 111.94445311631206 114.5250255638793 111.5774994546878 109.69443498824987 104.82017552109072 114.89141241875183 113.76926683339937 115.71914733059928 110.67235823863116 112.32357759370284 113.58914387623139 116.16729739988618 121.46255156824157 113.14954670609697 113.93128310909589 115.30935679484789 115.91990084877294 116.91833279725061 112.45847640355389 122.56675861531754 122.60125499495575 113.53218203877488 114.36230125517778 115.27452096294438 116.22683546953139 117.40393727461048 118.55255465582631 120.8616628912423 119.99530706295792 121.75511735478254 114.56688559227479 115.80894943012048 116.68440525497722 116.77791881801183 119.32044971176467 117.97929490521163 119.63382383870238 121.45685262678494 130.19809407513776 130.73614801085927 118.02599564033062 128.04054530045332 120.5401851836922 121.71807158050831 119.40862323065261 131.70456054262451 130.54177684760526 129.54255157577333 128.18441270874104 129.49318734719341 127.30943897272333 126.18696958205601 123.80850794232582 129.32106515133469 132.41933595583382 129.39973867684347 128.19657642665268 130.16529084022247 129.03848504578025 127.92625943026809 128.92088809517259 131.74309277219135 130.35076642490756 131.18105096946795 131.00167520516959 129.68517781683158 130.03255359078551 130.01210593956307 132.85722842530419 132.45593515232457 131.79417617229285 132.91398377435252 130.56591768881319 129.36900991857294 131.78115720243221 131.0976974162237 131.70565510915176 130.39421212830794 132.65617638869466 132.93300953622281 130.41481219748681 131.54666280301731 133.59687024580987 134.62252657988748 133.90593138511991 137.4040018170779 132.63424791380262 131.59132405880814 134.55121485775661 135.64741019118389 138.49170962695973 135.369703388586 142.56149544124804 135.5608158631232 133.13859315868839 131.66974622646259 139.46800058913135 140.33876112100808 138.72124503754679 140.76344173794615 140.65758888490444 135.24328166970142 132.82409462188448 139.97367133172708 140.21367260496598 141.31261550055817 139.61852955502613 137.43223882743084 131.69305784937225 140.85342851143031 141.57237828959512 138.8325127216799 140.50812928060691 142.27055056862002 139.59404867146606 141.96698352454916 143.01470927629833 141.44461228884077 142.48019955778707 141.22302179896238 141.3399835367037 142.16777985353289 141.24238976810443 140.49423531520256 143.78343940669137 141.52444061106058 142.6096779018128 142.23700325585062 143.16431012411985 143.48048547366909 141.81231437157055 142.71709035854644 141.65773471568087 140.1973617411212 143.50778619310387 143.69210805192856 144.5228743091491 144.22986736010796 143.09122887102703 143.57310498585036 143.36030400942559 144.55319059177822 144.63669001974611 145.60762304806056 145.31875926831239 145.09337114430505 143.85544116612581 144.27161848627313 144.23802349046457 146.68260585774877 145.61959931906398 146.37043427057111 146.11973076418397 145.93739528253937 144.72964646048044 145.3039536626323 145.33018242182578 147.67742660650944 146.6952097736243 147.34058047850368 146.96447037050589 147.78367174790847 146.83272223918397 146.20283428576349 146.2508705768773 147.65834367255962 147.66014775472703 148.46759194953279 147.95977149102814 148.98392157226994 148.85982574904264 147.45616208542842 147.11040611542575
