# Created by Octave 5.2.0, Fri Apr 02 16:05:32 2021 CEST <br1@br1>
# name: ptcls
# type: scalar struct
# ndims: 2
 1 1
# length: 2
# name: x
# type: matrix
# rows: 2
# columns: 320
 135.19114357654507 96.752217367184954 95.273462639337282 82.978395316030301 99.557122189620742 109.93020651028259 74.258556414215121 88.179839972702069 104.39597828889494 111.29804992196513 100.1660656727491 96.092176594801032 109.30885835532544 110.2157332047849 108.87591571459349 110.10111649770027 103.35183399658344 106.00195974483302 99.666938988028534 100.45857453230499 101.57056737108209 143.32999385829385 109.18120064284308 142.65559926080283 140.5565920622133 125.80117805978855 142.08504624926087 139.69582281816332 145.74399938600112 146.53603778028582 140.97026321547457 148.71119592260035 138.78258607547787 118.84143078309302 145.38928544890288 142.38959784641986 143.47943845302348 144.30774701644671 145.4468824171808 146.3971455611929 144.89186936782207 146.26258223889232 140.02723444736441 145.52941045215752 142.39615469582097 146.87274042692439 156.60179519837232 155.68131485499123 143.23704257584825 141.01873802995766 139.84413899875253 144.38509043562394 144.51255792805048 142.72476000515658 156.89000673958429 157.68189537733775 143.72571622298022 146.48231085156567 159.08959118304409 155.97191948348913 155.04849276171856 157.18877678458031 157.35887190720373 156.33199780629749 85.217766309562478 87.383316921973631 85.129655759198485 72.461636403859217 86.028211198900905 84.601549054313878 83.914793680126039 37.077538627818114 88.492436706922263 88.324007093165022 87.362747002771542 86.147398200239877 87.919157209485974 87.108135767246438 86.957706589936066 83.491780393837502 94.341114216512807 92.085229023418847 91.020220068806893 88.126097030858659 89.225381712548625 88.422951668895621 89.502819127330653 87.380961319128346 94.318361457102341 93.03500628469493 92.179100831318834 90.163307471468002 90.168623113430058 89.239552683605382 89.730503999908905 88.583849453513565 104.62625287002608 97.490572949170627 93.145411776740076 91.388822839632638 90.470303177354538 90.732629279798147 90.476072407765798 91.846712198178253 97.963924613125769 97.151717741104818 96.168425911301753 91.386618576695312 92.517001644505527 91.557486701806766 91.489833819379101 93.864496817411293 96.134474609036161 97.511736892815975 99.691316143924965 94.083174250031391 92.338234019551052 94.733420538943449 105.57435085757623 92.68313694297494 97.481874203898883 98.27408820953076 99.302240964256271 95.398807316233146 93.293297184618567 93.629215274019458 94.939012113607319 96.505658822362918 110.90936531378108 98.115867582824677 96.990023915572706 99.476407862764816 94.359322402032987 93.342790427950376 96.283422324829885 74.145701619784177 93.193705728429862 94.038164883243326 96.251810145608616 104.33642533072295 99.09706937560496 95.044122507958647 94.340268385828381 72.534199462184716 125.2953025347756 108.26238664880066 80.699271837120619 97.434386706600392 98.74349678513201 100.40428497228459 95.349696947814834 75.186153010604954 111.53520590713218 109.34363381072249 110.87240007734219 93.028577115440967 98.210613816246749 98.381041288791877 106.56406650582049 101.91025034990102 109.7669145709062 109.99695375519595 109.73857029419899 107.95907066774858 107.81819751543719 98.623466562539861 102.71588582054839 104.34940232386091 110.52115792274375 108.95478959024778 108.5433460987763 107.34391878749153 104.13045696869733 105.04647829810551 103.75280424416195 105.68607729969585 117.85227237449854 107.97422166778458 105.19341367202358 106.97532499845209 106.58180828948792 106.25095225351861 109.19108880759718 105.86288047032049 117.75258586642305 150.02408680383496 137.22016084357736 105.12300900633855 137.29251016439699 103.10264062958686 103.82349366304264 106.81638074305278 138.47561414727159 136.79186110434736 143.07114828339758 137.32679905444914 136.20384751253309 136.43404778703879 135.01442046260325 120.0329538646147 137.77257703081901 138.81159001343556 137.42044403356877 139.65460647112883 135.58737207736286 138.01162662118378 139.51712631813672 141.71020688005723 134.59023630094561 137.63417410639553 136.3324343354623 136.87486366583784 130.56572276681689 133.57917095743343 140.92816688891844 144.26205209764808 135.66255101345752 135.12351006373868 134.31047830632437 132.4740222597886 129.55457857361341 128.5931675647897 143.79492944794097 138.68443977875324 132.40317922838338 133.47983384398222 135.40558941206277 130.74747733376918 130.40897773706683 141.58040036034086 142.67695347699174 143.06451802522832 161.04129522049496 132.74159036716327 134.72807510575626 141.96338612508495 144.76599436160947 153.08955078562892 148.32889535531439 158.3253385822274 140.24078334017685 129.82042376079653 130.67121374160919 152.20828385167366 154.10172830146072 148.32386526507176 157.04701564148425 158.04455205282082 140.93998313712174 131.64888897288347 153.1725665631692 153.90855983246252 156.62079104577839 151.91925558399473 147.43615606296109 119.84114224579102 158.27217742666809 159.4930977932209 132.44247317722972 161.94256204857223 157.48134259901545 155.91490578383474 157.44412670764271 158.61229244024383 157.02236784892401 152.77228191966475 155.89189344116912 155.52506506976601 158.56524728675356 154.81796421265051 156.53019609182937 158.03418028724573 155.9892443771823 159.03624284319335 158.55725007463371 157.05569793856202 157.58691349037812 157.38294527259367 159.33107011939711 157.33756891153263 154.66396867561761 162.28490867323319 161.16043674763537 159.50186582972711 159.69539959948142 158.77971314531439 158.4083322560335 159.42394080857457 161.51663252106596 160.33593147291396 160.86167796133699 159.88030145429846 161.32937302528902 160.15858125688027 160.31241996622089 163.65162250565052 162.5438384221442 160.54367402056084 161.89517615726407 161.12771667387821 161.48035763828327 160.49957777258268 164.53066109773459 158.82835612146104 164.04440879561341 161.79956165036143 162.98185316702546 162.06826218219877 164.71615646970957 163.53903000857102 163.45008939731369 157.48328803237388 164.39819040131491 162.93587441688027 164.13365838727773 162.3660764459828 163.71274662150449 164.2234691957762 163.12582404928887 164.72138532040125
