# Created by Octave 5.2.0, Fri Apr 02 16:06:45 2021 CEST <br1@br1>
# name: ptcls
# type: scalar struct
# ndims: 2
 1 1
# length: 2
# name: x
# type: matrix
# rows: 2
# columns: 320
 160.48737613192793 87.844864878427529 87.015939946303746 69.398559354024897 91.11321703407242 107.12380907502654 56.87797369968289 75.616917823269205 78.440730599835192 109.72414499069329 93.343618384000976 88.168602147803185 105.04703219549123 106.0214443756638 107.82802690968386 109.38162186293324 69.011028051151527 93.062933710772882 90.754005001041492 90.84441811901273 92.02101340565288 149.20973175070154 106.74454653155465 150.53615027844771 145.55349890607778 127.63595729203378 147.26970658442059 146.20081866010838 153.69777159023138 152.79862806180878 141.37155459558309 152.24640748654855 146.17331351122144 122.54971381681119 151.38237177874441 148.38357646424174 149.2705223739724 152.57460016318947 152.69408604597763 150.88761608360738 151.74018516764127 152.0751323545133 145.27834809727008 151.63819335753033 146.68867964689221 156.24359930777464 165.48463558087349 164.67486162924075 149.39178095501279 145.79173684069443 141.07889582206991 150.2366266600865 152.72109546802824 148.01989855794679 165.43070027353349 166.45420190382922 151.17096269630318 162.13732627854992 167.9711278118277 167.34666491120691 164.33644632907695 165.63195772995974 167.2664616213444 164.28432875576397 77.294920327441872 78.315279912678463 76.867591109635839 57.767276147151478 79.072678427813614 77.803351861861373 76.16862711305177 9.42953663606826 80.088543227804877 78.781249227905391 79.696013598253316 78.017493088599551 81.027550874534825 79.105555362603809 79.979468001206712 76.633300884069158 87.266168016926585 84.427586443973951 82.358075157909056 80.28363797366805 80.769468001708262 80.627127942751301 82.045846817779676 80.224769026166967 87.871559363928171 86.107323149722845 83.528030143135197 81.417185217395357 81.905984057735353 81.438258892293575 81.739208397854838 82.485556960485127 109.29716171960084 88.652422926978758 86.735531285463225 82.614670822655711 82.530238635539931 82.816011150519913 83.179872901160195 84.674761211265363 88.279334487261522 90.147268048316036 88.783040766799814 82.954102384302232 83.638664693205541 84.000526143551411 82.911587692547371 85.043377177878924 87.590571375646348 89.47451837144753 92.047412560204464 86.555075936965849 83.984616389478518 86.157470705944817 99.925784253296598 83.778301456482751 88.768252044025587 90.610586414130907 90.631981165127414 88.281361384300268 85.376352894601595 84.279163447800499 85.104641625419703 87.566239555381131 114.58606446214421 89.737257039757708 87.123354110347776 89.891068125791605 85.806228753447485 84.688457595559356 87.616606908066657 58.199766701660579 84.573412882710073 85.520226022504815 90.574110095288106 99.521035783873998 91.596794183664528 87.704638557583749 85.407498170781821 54.467525612814143 133.80940191188313 113.26037814119641 61.694159641992826 89.589449169635984 88.547570040528498 91.726648240854658 86.538721729853904 58.465125500867771 155.68290625234494 121.70688396353596 125.73347470507018 84.413064933843174 90.656517219805252 89.528276934000445 104.72613668078556 70.127364605510408 114.85729493351526 120.42623495434981 127.47635210938697 115.40802073690261 90.263094384956915 88.593886445204802 79.412050898405013 88.367535383994877 114.00666915918566 116.16620487933685 116.50861577635293 89.668196270919324 69.877118532930666 69.09915750535599 97.744347259229329 87.055627780384171 116.69047079574676 108.88122602550636 106.21205122196869 88.181463569217499 99.527740785776345 108.66724028652183 115.71669651396718 101.89761107661464 96.067173173050392 160.9855731682589 135.28790043529418 89.287437313517998 145.48214839278461 78.363327197719414 79.603051138686538 87.757046142243027 136.33196855777342 138.19924409708253 157.626069748492 144.69954749484569 144.07180371770443 142.90905228611791 126.34826363857958 128.24348545556066 134.05278072688606 135.36701509226199 143.29358259023357 146.64821421482085 143.06086472367869 144.24953623517746 147.17106585203643 146.990737986564 136.11165954659805 134.18326994665208 138.85060316056962 142.35877553312676 142.00234336979381 131.51451690982927 146.3263302765094 151.62485214729188 139.8305878063756 131.385464273579 139.77496524625309 132.58959087083127 134.84116316783658 123.4311288337462 150.34817120553663 144.60081101987635 127.09782922633232 135.67580550541544 141.68605160730448 130.62871820101284 156.77334537704894 150.51372939645555 150.92504511858436 148.26010429016316 174.10999109257651 132.70731748258927 140.92379498031872 146.6800528315413 152.29487870831466 161.36275554450515 158.6017779603483 166.70650230420344 143.16250064141417 115.82978692683548 130.83395533478216 162.49164888692883 163.24786040261736 152.89196718656567 164.35429366321847 165.54371271452345 143.75347874484115 134.4801082535572 162.34660404635196 163.38194057670879 163.59441328771504 161.26524564335898 150.78260683034188 113.288400445729 168.02122578224638 169.28269784230258 120.36697522052441 169.31042761056895 165.51037505945783 163.3984806865995 165.0876601047317 167.60166418956553 162.99392316833627 157.84190692202816 159.50034125383277 165.69817569963365 166.55340558645253 162.35656453023304 164.36231208069739 166.47592331286725 164.63095015351959 168.50661892364326 167.49535078340429 165.3019987944341 166.31797442953183 166.88084926780894 167.912615102676 163.08076698857226 164.29544995459111 173.33252703976686 169.66658388856675 168.9798153513492 167.68304773635344 169.05930441427569 166.41033945259701 167.66818471020875 170.80831075113477 170.08275194246056 169.95129024387177 168.89526729313138 170.05373458579766 168.93223581371373 168.57387972147919 174.30106009150822 171.14583092302931 170.98454686687731 171.23897525158154 170.18213728787615 169.72196627562752 168.62366230699831 173.42151058098366 167.56376415453985 174.31070565423727 172.09502363328801 172.27329045997769 172.09363737414611 174.57806666713179 170.86739597220713 171.91687439069915 163.69087651301857 174.57079040207907 173.36604058297635 173.23802332155159 171.09244828590926 174.12520857616965 173.85512233183422 172.68536098883601 174.48086067401229
