# Created by Octave 5.2.0, Fri Apr 02 16:03:27 2021 CEST <br1@br1>
# name: ptcls
# type: scalar struct
# ndims: 2
 1 1
# length: 2
# name: x
# type: matrix
# rows: 2
# columns: 320
 121.22534540209011 112.55190387363906 109.99521104762869 107.30401451753563 115.14057092151167 117.45521596926905 104.79917931182791 110.68385704038181 121.29926993932862 117.66065789509466 116.4235368595912 110.90974307935385 116.40162460816676 118.15091846702521 119.00720918442693 118.52160555786001 122.41805465299969 120.79261999317943 113.39719184848927 113.39727009645715 114.61734838277673 131.56908307959299 117.0131202211921 132.16546204391287 128.05855050030314 123.84790728031189 130.10453408105036 128.04339548389652 131.22965707439485 134.00076225342724 131.99989049884616 132.96986387386377 126.91553579061767 124.79248547449689 129.57839993640133 130.65813162115495 129.99915597537472 134.73875681754222 133.88360706248275 132.74649547738031 129.44297403432924 130.80151362906008 131.51190818338574 129.89545869435534 130.99629786067928 134.26694044180437 140.5355629782272 138.40581999440269 132.56883567763128 130.5836451369515 131.96981259107284 132.30117052938533 133.48661227635677 133.03172835434455 139.38255045252689 142.88337356885705 134.15611686118112 133.51256208990614 141.77724761077477 139.04043478795023 141.86579609355846 140.64359878547828 141.75709059861174 142.01728132083218 103.52274495535309 104.47991109166828 102.16724029726598 98.783707820222645 101.05341646133054 100.05177146437869 100.0095624706214 86.603524804343238 105.50963885528026 104.35498418006793 103.27302013824978 101.85614185454381 102.05475965552709 100.96472198069316 101.03961900714562 98.92785399338193 107.50616016434448 104.99674664016933 104.14983835553993 102.99521512322497 103.07679034187294 102.03424096297712 101.92109895082959 100.97117474502815 106.4663517551635 106.09051555350923 105.19218236883594 104.05627189186575 104.01066533539121 102.86340346908798 102.93021792299487 102.10780718771163 110.09353862938599 111.17238080256787 107.16556025323705 105.0293990045202 105.28750447719999 103.99307881139798 105.04454974264883 103.19459629507686 110.09492781002676 110.32839104268977 109.80626064400593 106.13342807757826 107.23832034809196 106.36117992462744 106.32390898339717 106.35742127224344 111.39800796720455 110.77806167608465 112.53452125659403 108.22643023376682 106.19384917487783 107.21345052052061 108.23816868856147 107.30067446349327 110.67706110856736 112.8496667713966 112.00512035842794 109.24900961993166 107.30575510744681 107.75282760118209 108.81420597601428 109.4729947395311 110.39531139438681 111.3619842178077 111.10315414260731 113.61138135670518 108.39418941665139 108.23443999621119 110.05054899560409 103.67539931927975 109.18841366472564 110.29992880469617 111.83994135773912 114.4532370480829 114.92843595652134 110.32769555676295 108.86066694827187 104.9251725457582 114.41953412978199 112.83854941119471 110.00815234125197 111.68215701785599 114.59433930766221 111.50407104832171 109.52159032575668 104.73815595864792 114.82225738724168 113.7377413500349 115.47093876643271 110.48324123388855 112.42841651510625 113.34031465548817 116.05845589778788 121.39115111501656 113.09116604439924 113.90049179944252 114.99494221278428 115.90515354091906 116.86118907489147 112.25451488843419 122.34413506032443 122.50713331475765 113.50361222280864 114.14373427041957 115.11126989055805 116.15039850465635 117.37986393545752 118.48442563137247 120.82336881989676 120.19065316885403 121.65415015703975 114.46819937556195 115.47842491802353 116.65128358832423 116.58416235834883 119.08747390543141 117.96517596709724 119.56699959143685 121.48467451932918 130.388728620606 130.8839351212427 117.95506840036114 128.42711065514948 120.47027478444558 121.53353842868121 119.13624407274301 131.76861899723306 130.65811651490446 129.32200508892655 128.37246634090607 129.56547130316895 127.16563224026446 126.24175131941752 123.70209722213173 129.30982991173752 132.67317481326205 129.4757435381434 128.35545327700996 130.27440667526713 129.02686639465449 128.08645883114647 129.03502526971744 132.08074578099692 130.47099545356596 131.20415533368882 131.13320676189636 129.66844369994112 129.9294951282435 130.20260467045853 133.00988818182168 132.43151835544194 131.76973548417126 133.01946649974357 130.63405516379913 129.23286673377311 131.70798288447176 131.34341943552295 131.89861727258122 130.56222631509206 132.60462581132339 132.85194235134259 130.39953292052061 131.58877656883854 133.71356311240089 134.68838569150739 133.94350412904194 137.63128348441845 132.69744391077231 131.69178082944214 134.71729211278713 135.92246383488836 138.68500166270547 135.70681149183608 142.79281171171914 135.60566375711886 132.95680859008945 131.69729312831669 139.63894779494876 140.47217981941677 138.60157037129929 140.78009204147293 140.84160072434423 135.30133415044634 132.63412815857859 140.04699902259915 140.16350189738225 141.36251207374238 139.80256166029085 137.48999569953924 131.57909712241494 141.04689858157744 141.71871080039864 138.94181401261224 140.75595502777753 142.51386777402681 139.61171140534029 142.17213648309229 143.06680021821785 141.52582358779873 142.38395778001123 141.37226009640455 141.60739464450373 142.25245439166304 141.44084287657893 140.83341214332859 144.00210390399951 141.65981152806526 142.73589581081583 142.50674300863773 143.26396748371022 143.38210478222899 141.94619185251534 142.82202020745487 141.66411474630797 140.44761777890673 143.67104254794756 143.97842481845771 144.46846868017778 144.34549750080288 143.17380989186424 143.69024237561129 143.24381745230804 144.74589161765448 144.68136129286134 145.61996967618785 145.52383259368531 145.33135825568036 143.87922572879185 144.37497396005443 144.42414996782708 146.85419883400417 145.78791738271264 146.70571365964952 146.38194804132908 146.03077888517342 144.69234233347098 145.5715449684275 145.50987271416469 147.80331650413893 146.71155071274427 147.46736768077133 147.0585393910244 148.07412680621769 146.87657191184849 146.53630581487226 146.16630237060528 147.8752898052187 147.74952547410356 148.66046956299246 148.21996803289588 149.13127288531919 148.92467284526265 147.56447876760828 147.30110613849288
