# Created by Octave 5.2.0, Fri Apr 02 16:06:50 2021 CEST <br1@br1>
# name: ptcls
# type: scalar struct
# ndims: 2
 1 1
# length: 2
# name: x
# type: matrix
# rows: 2
# columns: 320
 162.26289746643511 87.225222966166143 86.618252774481974 68.453875113189738 90.228901231100878 106.87325631245771 55.723091715479789 74.742975412873875 76.651995361945026 110.64519303790841 92.149733590334222 87.424004016400389 104.75055733219841 105.91564599679596 107.86266605716459 109.38380402216025 66.436002562989287 91.270170961092276 90.241090539882904 90.293804810077646 91.151997236433886 149.73204688768283 107.1137007647141 150.85155815508941 145.66546649925368 128.949938416669 147.83370317655672 146.65334010998282 154.14921896723976 153.07098621006878 141.4021934617933 151.99378457594869 146.95922458123641 122.93168296686989 151.70302420069001 148.43575140686818 149.42376590174828 153.06833516727104 153.22239615894975 150.78397136018407 152.25117232992568 152.59842864617698 145.72227173618248 152.03745983639723 147.44543385586229 156.9220470024151 165.92191435509775 164.92933462490129 150.09289693891429 146.87519384850631 141.3038151341014 150.48198562724573 153.20529162757876 148.58936571884971 165.89065717892922 166.99417858580051 151.63029710783749 163.16964362796793 168.54007761195217 168.56746766045936 164.84127662867468 166.51695048946729 167.61471249226855 164.8253182308336 76.744676780830019 77.857132864721223 76.446571179767702 56.745059781467461 78.854373177836436 77.169855368896378 75.65504307985745 7.5061973670770179 79.873906378203372 78.662172052396812 78.976111666361533 77.673254157242496 80.557326157243395 78.691039447116964 79.47224613767419 76.026574347287536 86.417296862995812 83.678705514256379 81.634076893757637 79.692191979757752 79.997954647285141 80.198148772619334 81.556685484442269 79.430005711863899 87.440413565763606 85.26797023048411 82.837328066000069 80.850522430369324 81.257745227012478 80.682450171092952 81.228903434193882 81.822276923697146 108.7930110626818 88.085171738932473 86.054566534152499 81.996110624953701 81.999244963854906 82.665295685717368 82.554638013111926 83.532959001868718 88.103772070990459 89.525718878715395 88.26452172670561 82.655046327738958 83.043187117544903 83.464799386448831 82.373462362210674 84.62493064449761 86.470906526484114 88.483831974028845 91.473834555816197 85.770450498962873 83.706284613271109 85.658880109004329 99.532840489520623 82.891342077435425 88.211736968818641 90.556672065361695 89.123589244577445 88.467208026889665 84.746382376459962 83.814330619940378 84.279291281687676 86.927431290569231 114.84183483768251 89.279472718079589 86.991089501511539 89.33726766044407 85.238231281898067 84.232457444230107 86.997426680731763 57.019525178706296 84.521268773730668 84.705268054388185 90.218625518102016 99.415372491100328 91.122368637364048 87.245006174248999 84.978262733941463 53.210713518944885 133.09539529715687 114.39012329613377 60.372064880592632 89.142302160950379 87.738530776954377 91.430021703372958 85.996307183251218 57.318680650293452 159.82321908121247 122.72014089707734 126.92525062560934 83.488602218726612 90.213159171185225 89.105969058306798 104.83934154671478 67.358723056104921 115.2182657680504 121.49809376987963 125.32819375705182 116.26107309779273 88.757305389839715 88.010861393515626 77.235999151672019 86.886657294191892 114.24481042604823 116.77859886961787 117.45333508079487 88.248792533066833 67.888510789545464 66.187783288520833 97.266472508413557 86.299642988026022 116.56282891072175 108.53576567952344 105.3869069502602 86.172822480227268 99.527378237585694 109.49502790491883 116.15120622335183 100.71190611038385 93.759056672397051 161.74672335864804 136.02195497278291 87.54762661966214 146.81275472252335 76.034669911716449 77.788087873868591 86.850521098029688 135.69502888963959 138.76717698171308 159.16450168144368 146.67542476789325 145.47282635412247 143.64699330732728 124.60640796024835 128.12137355760981 134.01610285835872 134.82411507297104 143.93183372277312 148.19674752937104 144.60629207277555 144.91934269705172 147.9293210012076 147.70376198547217 136.0146939095994 133.6472810235108 139.51895154631919 142.8318628863569 142.87083195145163 130.74506913119254 146.88859197657231 152.11870448988574 140.6418507620761 130.19660746127516 141.75812294517812 132.04770412451447 134.64722123763079 121.79999748435894 151.15477273010998 144.44975568757931 126.72876140010268 135.58086806295171 143.0888354593248 129.57052478133377 160.80238061552984 150.96405249820111 151.47025431924672 148.62303816028674 175.0191177619387 131.8641883924507 141.90860920768131 146.90193672203353 152.82889362885922 162.31214938870781 159.24472695363795 167.39298182328338 143.40322308374164 114.28365174631233 131.23704306659116 163.27342351838649 164.34636605311138 153.20974818980002 165.48296396926148 166.46368635778134 143.9117276353106 134.21170933870479 163.31266421950306 164.42775118303067 164.24666406858336 162.24769416900386 150.98776881409583 112.83255753789859 168.74705251201138 169.91608143634014 119.52694058005795 170.33017277506644 166.13160741800101 164.66867347186849 165.80063059485076 168.10195499675316 163.13533041228862 158.19457648740996 159.70646996523934 166.38916057084845 167.33764032243295 163.25049114701389 164.31060375426532 167.37782844398214 165.21659204705057 169.1774959638106 167.79087034569767 165.52397315333229 166.64506636369759 167.46216317428994 168.49504930187192 163.71540871262897 165.43172667488923 174.28192465922962 170.65015286674739 169.69592751909641 168.53151603799765 169.67802398835278 167.20354990523035 168.28672242693281 171.8587377714878 170.81200461769313 170.72421595371981 169.51258232610664 170.31107540857727 169.3773179397806 169.03572537723602 174.78465255617337 171.81607503856509 171.88738965870846 171.47469147233247 170.35391063474108 170.11746983511915 169.15800502186403 174.05989941735677 168.14936488894145 174.73233759654968 172.8764767766221 172.55027561796237 172.32025725849778 175.28692887117722 171.24840811490446 172.54949585370494 164.12270875515037 174.90465030789323 173.81251810750589 173.66534297596704 171.15522349223946 173.74624037065732 174.56646707986295 173.10187813829108 175.36138646716319
