# Created by Octave 5.2.0, Fri Apr 02 16:07:35 2021 CEST <br1@br1>
# name: ptcls
# type: scalar struct
# ndims: 2
 1 1
# length: 2
# name: x
# type: matrix
# rows: 2
# columns: 320
 180.20715090097684 80.564072409356243 81.306163126324179 58.298519524211784 85.534031216637956 107.23039348752316 43.995665692409581 65.348094501124081 54.727473890607875 116.93270055117928 86.229327186973435 81.806200936417483 101.56345255180065 107.1496682909785 105.06947412082681 109.40726223385055 38.479558527555881 71.997971402025769 81.978698320939515 83.262044948249851 86.863555461338066 153.89214111117809 106.00277706251379 155.41254129764596 151.36833687609422 140.78936348436082 152.547912240025 151.51794569613304 158.33056815116373 155.79751422945512 144.02448368775487 155.42733565251569 151.2431837004693 131.30647582407624 157.06230437215928 152.80597349988861 154.28446675550632 156.47423732500573 157.71338002447351 154.74561676149531 156.23385155933596 158.10026247165644 151.18154578411307 156.54396562396849 152.85406705791232 164.21535971979998 172.10340529818427 170.96821180359845 154.94567794039793 151.90148882117336 143.7216977384399 155.98245086023064 158.43978399492033 153.72907342058738 173.38435040270892 175.07607747392876 156.0315714805397 168.72004140048551 175.07625698077382 175.29849809236853 172.93095437845216 174.14173582999075 174.08978525453549 172.78786376142841 70.406283144350837 72.296724764553517 70.847092367463347 45.756233850364282 72.099437130502082 71.636507041218735 70.173784295666266 13.169699774578872 73.377862594695173 73.459730548716465 72.877396412543987 71.76556156550653 74.012376068891498 72.324294056581593 72.825687067667999 71.358710646819631 80.884030304133006 78.890278380751951 74.698780523453991 73.680833896070254 73.961966939044245 73.270165758994395 75.401217242905844 74.321383514777452 82.635840253316459 79.834535764258717 78.02973873685923 74.336480963678909 75.049756916271505 74.771155412374682 75.044097338799347 75.460367093431145 106.19635174152955 67.044379860701284 80.022248922227831 75.577823005042021 75.813083752082051 74.505142159825425 76.468227362843194 73.413202288760331 82.810434709935464 84.956667321275177 82.497426630323829 76.033046495883085 76.87634091893338 77.412041645353128 76.17259038200875 78.463221676752909 80.397197379581726 84.137186013527426 83.869832984704175 80.845166591596467 77.001019447249547 79.415662091061492 95.308695028928895 77.107993768632582 74.93139088041363 86.049433483436687 80.952935677187625 81.510239660041478 78.988837349736713 77.525749216969501 78.134742405889071 79.1456304533354 117.59136637471929 81.102215564198772 82.047625590425724 84.384845180120664 79.934532251480078 77.910163287328814 80.082612915507781 43.777953903631712 77.541626992110537 77.398525457682837 84.808679555232175 98.279492093783375 85.979476722380497 81.993972345133059 78.403002015335517 39.69998350985037 125.97104990709201 120.4911850976939 46.159546195540543 83.811356559932605 82.965164679245063 84.931332690020625 80.480158915323585 44.860818102822662 204.33158199153848 128.57062526176546 139.7368417713941 78.515665080766695 81.999640973757295 85.010161510609549 106.07075422068093 40.063939069233847 123.16384972353883 119.11392931969758 109.15104238982966 106.03015238009101 73.238139423742481 79.097153453119248 55.651017865777696 72.328369448447702 117.89483155666758 122.15879802670186 124.35383547830413 74.254247682577841 39.253693253376134 39.954602120772826 92.129318937144006 71.707710853443018 117.97347680470669 104.82206696020695 96.51660602939387 71.298578058227548 96.546289442738313 120.15171789344423 120.63520652214996 90.942769125189429 89.727130647441328 170.49761014112107 140.70777040805984 72.102135491476275 159.93286833004632 55.615126248562234 54.551753288231602 70.301088691581256 140.92442912824617 144.82848146378262 176.87268819549379 165.6311753905145 164.32096388616515 151.23692198571695 120.40033377502125 126.80162026257065 137.0285247740965 135.87613456947705 151.09675999107657 163.26599622693917 159.06170631521363 150.00016206567665 152.25831849782841 153.37498606436461 127.35908653250974 131.22015414288924 154.50216339978172 154.90606052600691 152.4374488651664 121.34392669531857 152.38516248562706 156.94008043191428 155.44567039173523 122.56603635282275 153.49096165534417 125.67671225821488 128.45938468492088 123.25157849393 155.14670355915823 150.22899166107874 120.52611403164704 127.79384202599171 151.686836713801 121.52669349936063 202.90735802825702 154.27346129661188 157.08065970930042 153.16914285414671 184.79222945758229 122.65755863399359 152.7737238476673 152.15638749153993 157.08636508661237 169.14329379564074 166.20270461279324 173.9099490043119 146.4241800857896 97.648238190461285 129.00861581696151 170.19047715962228 170.42039507379044 156.62589397456938 171.65164703937148 172.8061366240521 145.44521496324845 127.20199704938159 169.24009540674143 171.01637455881627 171.57909450051224 170.32439250563777 153.5642892942293 107.93224627872178 181.24875931374785 178.13781020968506 110.49656819504355 178.88331945183393 173.10785707402221 171.27881792658795 173.6379914279662 175.81389949628345 165.66531618831107 161.98702788972921 161.92110003839571 172.63976650052484 173.76953186890091 170.0208707505343 171.36792391131846 174.20593201260155 171.94619592730939 178.41772997060249 174.34971876626281 172.45247380997685 173.57715167942479 173.19344795644662 174.37051332483981 168.96430209632567 172.12617884293704 180.710699276794 177.95245005128072 176.80799409387001 175.74207408861679 176.3107939466482 174.69190179970252 174.84742015836375 179.23934410410973 177.42453447454903 176.9505126355636 175.7345971939167 176.04500119053174 175.24438426405808 177.62226616443687 181.6781413371387 178.59429763762898 178.0223901006481 177.57269464283783 176.46315310859777 176.65879305443752 175.54838606466618 180.03204604863657 176.1437159729968 181.55578332667673 179.78581321688347 178.71596910236835 178.32725610322925 181.13649978525029 178.83238962366042 177.99493488341281 168.76490535806727 180.5851100301353 179.83267112116232 179.41820516324378 177.06529476636265 180.21158911960472 180.12942319729601 179.0932330801848 182.67703378669975
