# Created by Octave 5.2.0, Fri Apr 02 16:06:28 2021 CEST <br1@br1>
# name: ptcls
# type: scalar struct
# ndims: 2
 1 1
# length: 2
# name: x
# type: matrix
# rows: 2
# columns: 320
 154.49499162796621 89.936156332309707 89.238609114171638 72.586868666843557 92.598046765325918 107.80776298835708 60.835525334165673 78.566473458353443 85.462727893114888 106.48832474000614 95.408963189421328 90.364381024275318 106.04763485910448 107.69567837654394 107.58840981050122 109.30538840251306 78.574309875082733 98.75124929422806 92.63510823375259 93.22727045863509 93.685064213074313 148.07358969274023 106.7767738969421 150.11917588498119 144.14824318320885 126.63558499471063 146.36991611238051 144.67355876678215 152.49491641986069 151.61015809683022 141.26814842212363 151.1477967457979 143.84311448004212 121.2605679353631 150.18176203643463 147.02481418498249 147.92769906972393 151.20934602274627 151.015693574278 150.88221660647415 148.99133080318268 150.65280359947661 143.95530993487498 150.48443298317548 145.74585407526354 153.95383833836311 164.10637055019126 163.29985049187357 147.74538971328795 145.36295853135158 140.31979314396364 148.83377153603504 150.36723310136739 147.04240780811975 163.4672669105405 164.4692665829385 148.84041967325945 158.65325522426414 165.51659844663587 163.81713614686237 162.13348190608849 162.82281299742368 165.11956476353322 162.92834997765524 78.932508578927866 79.747287291899895 79.351772708498004 61.217256381335034 80.449351929218622 78.650712748309317 77.969661789441616 15.920806668913702 81.763092071240735 80.902027964742459 80.896027534890834 80.443993980857371 82.496791230992685 81.439336108309391 81.424040327108273 77.791773942634123 88.461501618568562 86.333030729221534 85.190792069327372 81.990910101303783 82.78466740643978 82.45398960615357 83.60336882342375 81.79712537612906 88.430600773324088 87.232499824458756 85.681595182554972 83.430284734310874 83.966430320159176 83.095705258244593 83.657167932282164 83.290196994612444 108.75662312200399 91.245133408122101 87.457302246318747 84.61586601914226 84.350146469752517 84.168686492252306 84.668700595646285 86.62120392284902 91.071832286671054 92.00521930797818 90.800440718356498 85.027934642816533 85.615644607940652 85.615703726447393 84.519330873764488 87.727773449037457 89.45997983547521 91.368888933620468 93.866662824721047 88.399823721906529 86.168299725814322 89.098705185255227 101.25196945604051 85.724845058472667 90.062818115330657 92.024098704246185 93.241454634602462 89.52665544873652 87.337072044799442 86.603935937051787 88.279493315989001 89.968281952399352 113.72283944470243 92.010022423487342 89.422808754250454 91.620089942200835 88.278280552758758 86.948600157814653 90.170668394044313 62.392920478854329 87.044553552423196 86.216493898325922 91.624100983231656 100.18659467227259 93.942116630076157 89.67841441901804 87.763356393756837 58.709266429622886 133.1340360188168 109.88824793090028 66.156229461718482 91.488117071749727 91.507960956921238 94.427792240643214 88.938504034100731 62.064713296535729 141.709350454917 118.17431325286995 121.7061178581083 87.292187562026427 92.673401862491545 90.684214404553771 104.34407025827444 79.601118093257895 113.25210028096788 116.9215400119005 130.7527566517582 112.59115215800901 95.739386511527741 90.913210538880861 86.286453286420794 92.028099408112865 113.48143051258646 113.64430147700693 113.38074893919534 94.64942324872402 77.519533460147088 76.992022633995546 99.35717454323256 90.9381339176458 117.12126215770618 109.21951350329735 108.31474043049401 93.935082684936361 99.891223082637012 107.68523377150437 114.25022624479396 105.72468563030051 103.54812108746758 158.41200680443762 135.19670334323135 93.581104658506518 141.227541409423 86.13145065617222 85.304403431061459 92.84165490817297 138.59549014211922 138.57074703599156 154.21540147533727 141.39938273831368 140.37454672329119 141.42480576757009 131.25814606739388 125.22129911282346 136.24403082585155 137.30629485559155 139.49038489105945 141.93926562969369 139.31099808842202 140.57878424709699 144.88781815729018 145.01102528070169 134.98256119486035 135.38681006573319 136.40185054626048 140.24211758301055 138.02747871582429 134.00535419468045 144.97249236489361 149.51982997698678 137.25700824178978 133.95296616588149 136.57096867852303 132.99623378727344 134.77130909202546 128.93890021813786 148.01725242210117 143.01773845906845 128.34343313985735 135.24352992191055 138.37458182919627 132.26951401074817 141.24800753013704 148.44169694973218 149.15916258839329 146.6494287729426 171.0416885834791 133.92385031353578 137.69219027531648 146.1096496291313 149.71256130844094 158.85486610285494 156.43650957925556 164.57071751694392 142.22671776797344 121.0531062762435 132.85976141427318 160.61013915252929 161.025566643058 151.8194563006497 161.71087099171612 163.70900435029856 143.34273337009202 135.30129723622883 160.31965851108669 161.52937233377313 162.01428832579751 159.50813087871688 150.73479029349144 114.8268702596566 166.40559927863995 166.3109895030756 123.2020921320987 169.24553964426443 164.14614300297194 160.62976879626601 163.92395309470788 165.19048782426506 161.32035905734443 156.65164713886458 158.80465685283562 163.75428526033809 164.8157863622676 159.98898940764494 163.00534806352073 164.68543094639742 162.76286591139052 166.31614534990678 165.76771648676061 163.22259535883254 165.12201796776964 164.64968544941382 165.62277035580365 161.66295009071158 162.26019421132582 170.14252044767187 167.63468084828435 166.88039723379572 165.65617014258441 166.57878134760765 165.04046201000278 166.03299655215926 168.00754620167928 167.41413128549885 167.63661264300794 166.63497269747484 168.16811392164445 167.03380496427272 166.26023035687709 172.16894124964796 169.12216871243814 168.54707309061345 168.88412211265677 168.15260704037655 167.23238772322441 167.30686406648678 171.16238607395763 165.82510479313277 171.76184132356374 169.94426871944569 169.91221290376828 169.16089607423331 172.02662852841772 168.87551582148942 170.01426850829682 162.23344269582373 172.83706348238547 170.92312490703026 170.67444040706482 169.20326096898245 170.88579886898125 171.16443303566351 170.16158288033043 172.06318647975877
