# Created by Octave 5.2.0, Fri Apr 02 16:04:57 2021 CEST <br1@br1>
# name: ptcls
# type: scalar struct
# ndims: 2
 1 1
# length: 2
# name: x
# type: matrix
# rows: 2
# columns: 320
 131.45675190502072 101.01225551398198 99.028932136132397 89.473099471772016 103.08664079301518 111.14081499664634 81.67741671913096 94.188194044169961 108.59043026064138 113.01398215942471 102.94613901111201 99.82377995201486 111.34723498767332 111.75647666416684 110.21586672927107 110.06033184546008 108.30613777091253 109.76648543633571 103.35645980938794 104.00874900753398 104.87199020764567 139.73646407298938 111.26609560462151 139.87369477399741 140.10545542102187 125.27967372546226 140.07515402671643 136.58473785027655 141.89192033261273 142.89777543525145 138.8809898890658 142.75720467331661 137.36253790528571 121.05341496273489 141.31773078475251 138.46825262115567 139.73854918794652 140.82254259811904 142.19467828754384 143.98586124096224 140.54679195070113 143.12500394221539 135.58063781424732 141.61017723957318 138.95873178282244 143.36988407254441 153.03644002497279 151.9101105760974 140.77957977961657 139.38651862182556 137.67232233702509 140.1294482494755 143.68579410607467 141.12173344492533 152.79110506858567 154.13526407167464 141.99481024362143 142.2837123118467 154.24846943638147 151.68604909715344 151.15033044929083 153.09626531768387 152.74373496896951 152.04558544323021 89.014553949903771 91.284593148925779 90.296746005220342 79.489373917936831 89.634701757563207 89.245600304856026 88.205116629604476 50.300496102134858 93.718516006188338 92.532141900252512 91.497527066122373 90.455447140003841 91.633611999542197 90.71972605603078 90.771789945887789 88.382045670514785 97.672284918688007 95.682851773552343 94.847137636458001 92.365598888488549 92.832701061569665 92.039798639015146 92.686164662054509 91.55745375546914 96.906253973161114 96.819213496913022 95.871827933292437 93.777618090516754 94.072443765464627 93.276455853842705 93.461871807599636 92.411132389007506 101.90019283648311 100.9822265268007 96.643042817651491 94.968906669233675 94.270044102133539 94.499026512444757 95.395521770696362 94.497401235899531 101.23321280962993 102.37006141615265 99.947713443904391 95.048195001366778 96.165810177971395 95.38522350461767 96.376474364509178 97.338469378902957 100.11290662945397 100.77717018136657 105.16436928228593 97.934030381516493 95.974346945419327 98.300090510123837 108.27862109053275 96.336008837211452 102.82612946444561 103.41977705287111 101.96771003840192 98.914243159936319 96.886431415770687 97.196925476766708 99.095359528467398 100.13027289867038 109.15094398195524 101.43164486701741 100.88623542851299 104.10610012571838 97.968900409351505 97.034074331184399 100.04243691183193 82.351424325153133 97.606300878914666 98.147938138281205 100.31754942315379 106.8131955314926 101.35842077202254 98.701612981259203 98.146393986591789 81.17478260753586 119.65692408088188 109.06295551991474 89.788673321746955 101.31709649886491 105.65167988370537 102.15604307595541 98.935312678981177 83.497352459725747 110.65406084633611 109.92402708792301 112.28248281124087 96.823216656379827 104.3414404683774 103.43173159898299 109.08179861341061 107.16588094267186 108.75036949030634 111.01681672684529 111.35157747535622 111.45149376787992 111.39374293484714 102.36904797096918 108.16348632571082 110.11972649409753 109.61845744084181 110.25894587740545 110.55960587209395 109.64530634668658 111.71267406379249 110.96699348966122 106.50891181929347 109.38113750618575 118.27952630402311 109.48252144073854 107.95360003013478 110.41223730538049 108.56204572421399 109.01696997075361 112.50870388456211 109.59332543208555 119.33682782985797 144.7816368034583 137.74117731893946 108.44410962821526 134.73281490158874 107.8045469993166 108.89161997539807 110.60859957512594 138.7171993814961 136.61245007020105 136.5588848781849 135.31989466052661 135.44969587146295 134.46239535993504 132.46792897374303 120.38946916405359 136.2722186900908 137.95789113961368 136.06632967674372 135.87174650106547 134.44971214111774 135.03758114766384 136.4516462956698 139.96153057680121 134.79568227952635 137.70638273754074 136.77503494252437 134.87699987997229 130.11073916658378 131.41441092279754 138.23642521198283 141.31128020074871 135.45527167872265 136.14450416448022 133.60516064156207 131.11819332048535 128.46554018030378 127.42542884704585 139.30874840621232 136.63681057335097 134.94052053371215 132.5125802425224 134.40533642546777 129.1741976502347 129.00655570969275 139.03049454319842 140.60413314824584 140.30577087962217 154.79104936862987 132.60636027221398 133.48125714628407 139.50104870874122 141.20472348186584 149.91265900437168 143.92950416713984 154.099235673783 139.42359328919406 127.97981261418693 130.95483653649316 149.44390975616128 150.89817131460924 146.13912086783554 152.477206014888 153.22135551139064 139.01424527512529 129.59459494555463 150.49291516804689 149.05634658216206 152.11631878888994 150.79390832588777 143.36243258643691 122.97506223712503 154.75721235818884 153.66349188555822 138.2177113304366 156.82029804016258 152.89014302484105 151.54756460031376 153.63389162869626 154.84136582196663 154.39013127446586 150.34767865766486 151.4677024695867 151.90231875171463 153.90177023812672 151.83827612224101 151.84076834747674 153.85335021480594 152.96182889308253 154.78132513737685 152.88651150647289 153.11091084027342 154.12971130689931 153.50172413765125 155.18219066165989 152.40078901268404 150.21510228057642 157.95294355992425 155.61367045983064 155.12908989688989 154.86594947680746 154.52130157006206 154.34998773592258 155.57096805507328 157.05909521289902 156.02809996930094 156.46653784182865 155.69972731420557 156.4798962805489 155.35454697996013 156.70078857019104 156.02384567054281 158.15434447563817 156.18375627849477 157.57232081597309 156.71662545249922 157.65351508130607 156.31471360151784 157.80171116870443 155.3118157522845 159.18260325579749 157.31927149106139 158.42802688328214 157.54314130745496 161.09661464368691 158.77613405128668 159.33606183314186 154.51444136771772 158.99639498713745 158.39046882296489 159.61698251751741 158.29056985125203 160.81714280823743 160.19744262845694 159.28446208402517 160.22495195075697
