# Created by Octave 5.2.0, Fri Apr 02 16:03:17 2021 CEST <br1@br1>
# name: ptcls
# type: scalar struct
# ndims: 2
 1 1
# length: 2
# name: x
# type: matrix
# rows: 2
# columns: 320
 120.5687580073062 112.07479878477078 111.02478830616754 109.07529746910156 115.87856997799065 118.12174370429524 107.76323723962422 112.32249905987305 121.61600915083756 117.89259745581177 117.23319857166952 112.50317635491037 117.2138654309405 118.38734936074658 119.06096600780178 119.60900228776498 122.72205105898588 120.57636448491733 115.11213935313538 114.35580169682875 115.9809889433363 129.98035174463479 118.32993208248996 131.44412137924701 127.11291905820187 123.70567882549562 129.45716226067947 127.47769094946096 128.53006341376241 133.23417923633139 131.11907607825364 132.71470785892785 126.67567946597468 124.47038358097514 128.19157370234365 129.98636150660869 129.31643818051839 133.91780043790587 132.09130046322363 130.98930825884344 129.05653958456995 129.7182396245833 130.54549071866927 130.05928108790076 130.74793223907974 132.37781697635839 138.14227204209129 136.03560063463524 131.57964001045417 130.33743358704334 130.85025635204516 131.81309956998709 132.67404836611502 132.04883803663668 137.06401864504443 141.1385023770336 133.60496928606364 132.90981997197679 140.67149801162881 136.5743694887131 139.04248396833523 139.01104664940434 140.3741916609774 139.97716891942113 103.71866116471909 104.91873769353123 103.81396258600192 100.72852908539886 102.47673481836185 101.41095368368826 101.27517810528796 90.209785933701284 105.96198445324097 105.03725020438459 104.15419581481667 102.93018784093096 103.29742780230399 102.26578569059855 101.86351874101899 100.55275423328871 108.81264022296713 106.13773176898626 105.1360854458494 104.09132607003903 104.34525475991285 103.232545330804 103.29830563554104 102.16065676476899 107.29595785562709 107.038055151355 106.04296811055023 105.02243482177347 105.33242569120185 104.44380136895172 104.11282995663619 103.03347432055259 109.70871264251863 111.75106733344884 108.10168732541383 105.90784297101699 106.3314778100229 105.48444568371808 106.56538021634825 103.91404289727615 111.28770889437916 111.72637058142699 111.13335423817848 106.92577094903905 108.1997256243743 107.45921440119915 107.54499082955937 106.94373722371495 112.27891788392073 111.52930497432847 112.72996057968771 109.48677193744697 107.67492845952347 108.42606257253865 108.90476462842258 108.18977129405397 112.42398189322022 113.76844766287748 112.57303190316681 110.39660712354028 108.78998821800526 109.12040953381486 109.73392671854262 110.12765568502348 111.34634835385148 111.93475554767792 112.89506999056788 113.88574105604623 109.96686517041667 109.24330275536587 110.73490572875026 105.22744546258963 109.68378186229951 111.42402381965567 112.40062868487129 113.80176597479488 115.16126901360072 111.47118394239497 110.16685037181952 107.68046126813201 115.22109358407371 113.6834677761632 111.09415854333785 113.42669328077056 114.78450825598638 112.30285950587647 111.46845468725523 106.35122651192026 115.57214416661644 114.27249376835522 116.32690689266458 112.16453305808263 113.13117936446616 114.95781422605592 116.98115206754012 121.99782417498962 113.91854073240459 114.76962146114506 115.77449669299021 116.60942062501385 117.72620445292335 113.91115134413887 122.71822962218486 121.82402437231036 114.03739962406577 114.95851785958681 116.19051310824612 117.06057520092079 118.1330894164106 119.29666637141452 121.38547297697424 120.47487256224078 122.32023156269256 115.36887089837977 116.55769556064517 117.31309480784532 117.72498024792969 120.26145674935837 120.08746153899664 120.24019624567369 121.36718290266521 128.95896952959419 129.65483400554621 118.55961643604039 126.50548726653416 121.00116240013709 122.17503232362314 120.97887558128083 130.75018175302003 129.80419255429666 128.93129108990544 127.8002996434148 129.36780706590699 126.99361486185343 126.77854021182551 124.72469897358462 128.72968651127408 131.28398264802613 129.04059134992761 127.96090988054958 129.80101711743274 128.55285173754686 127.77802211287126 128.18225202729803 131.13075175217421 129.80863897264518 130.6231822481663 130.69846677686962 129.13125395938971 129.77807389961754 129.27465765491885 132.19769510235486 131.71028437608624 131.45905943439047 132.53608444817982 130.78074570844248 130.00982663345263 132.17495380642791 130.60381110859768 131.45597166584216 130.07278567188143 133.10378328741319 132.37451191144933 131.06722458964455 132.15584276810492 132.63972082521124 134.48791274836589 133.45756383584759 135.92667097936433 132.80686318541717 131.48072432166992 133.7141040933117 134.80637062107346 138.36538689274514 134.79431865312722 141.77387807929438 134.96900974885136 133.63862003260834 131.86312493837715 138.00492283254982 139.57876704687479 137.04398385511831 139.6260105049204 140.89674044772153 134.57075154634492 133.24558131926068 138.6081645289066 139.59204480275341 140.56969940220148 139.54848318848545 137.57729574252087 132.43380257459481 139.51060611679623 140.70648390805005 138.01279543823969 139.71179613152711 141.5495841856721 138.94447072387979 141.30341365115623 142.02267647025775 140.76997360195412 140.89319671881259 139.94150960392369 140.68362016822707 141.2728798904561 140.48836756776817 140.21831113276471 142.20606998602835 140.97695290193079 141.75582699692475 141.5620660371637 142.54306257605563 142.31072437485412 141.05607491523989 141.7633661278748 140.17967193609883 139.68981098026674 142.6574191102458 142.61512950762034 143.32392027177434 143.21166471389878 142.15160753699357 142.64611636943914 142.55659936144684 143.60581850885686 143.49116263942869 144.36116950983356 144.22049614623052 144.17355507276196 143.01614331336776 143.68695852063874 143.45299518374534 145.5733087300149 144.5724241901554 145.26898514562322 145.21727223332314 145.08727490903834 143.95166413432983 144.91335111076867 144.49666249454992 146.42927345744783 145.36565891255333 146.33201014244429 146.22522915646155 147.10666477781965 146.25075083852798 145.92401656423615 145.91945803379153 146.57562858830835 146.31496570331763 147.47208325805744 147.20534648617215 148.2488655537787 148.09669312879745 147.48417250222215 146.942126221107
