# Created by Octave 5.2.0, Fri Apr 02 16:07:34 2021 CEST <br1@br1>
# name: ptcls
# type: scalar struct
# ndims: 2
 1 1
# length: 2
# name: x
# type: matrix
# rows: 2
# columns: 320
 179.80262817256704 80.718982887421589 81.47522267342309 58.534690584420574 85.652953732794529 107.14969529359524 44.168038211704292 65.566580103722913 55.363597036364723 116.99280121048652 86.372788780691394 81.860864108366926 101.63757126762385 107.25152732643046 105.14544224683607 109.40671669404379 39.235310485541802 72.44616208944592 82.101866979564107 83.426637003317893 86.949113149448976 153.94988312919466 105.99385528216193 155.29154420889643 151.40043455865228 140.75433398857535 152.52724717353911 151.40481533366443 158.14241634298961 155.84754958750958 143.72319422322283 155.3063592239042 150.92165469576685 130.78211645972323 157.11475660981773 152.60881692601694 154.24605431197571 156.40410966291654 157.54450842310936 154.68505577682274 156.26542335287516 158.07421806027091 150.90692951512358 156.3447417866964 152.84452909453358 164.04574779613986 172.18791007792629 170.97967838387757 154.80487614024963 151.69105853318379 143.66546791043203 155.97109113004831 158.05848016678186 153.61881297150836 173.20925715471299 174.90276676791478 155.97536866425352 168.92235173115301 174.69520750039729 175.02565552751025 172.68653912715132 173.85187461082396 173.79715149835016 172.57273881563097 70.558738694168142 72.407556716241075 71.170378259282145 46.011787941785286 72.228458895856519 71.742134252333329 70.352262666324521 12.688864957331061 73.540157121415234 73.372183275058333 72.885009999546028 71.803019274869158 74.098128812125012 72.439240321805343 73.017912820493322 71.635947257787279 81.304869292716617 78.975594540527197 75.085509172928766 73.809037375556073 74.012921301540061 73.521041574159284 75.646752702433332 74.530914954969646 82.606337798956446 79.928220119823138 78.085017769922814 74.661107000038385 75.095553905467369 74.863233542350656 75.182388336498335 75.666397989827104 106.22232165877698 67.664463878407972 80.095780197319925 75.715945938684328 75.961778767619919 74.688750827638074 76.74774949878929 73.649184704799126 82.946691720665839 85.100128534489301 82.61265411926189 76.154528344014693 77.076047949356422 77.495964336393328 76.423116167149331 78.577126375293375 80.350332200614247 84.014467995190259 84.028810936341927 80.95958292657869 77.210247038279078 79.476793467738659 95.406930969872889 77.182799591548189 75.402276411675643 86.142650312460134 81.122269187819143 81.686432779758732 79.126798745663805 77.746524835895414 78.187860578096434 79.178679203161806 117.52742378083471 81.194210497257288 82.150074713741176 84.634534356053038 80.210787508700506 78.001209078481025 80.161406785952266 44.085502181918848 77.866780447252964 77.398132685306393 84.917502538491874 98.305907916976793 86.3236667872835 82.028557461997863 78.630974129972088 40.014186533317684 125.98945072020878 120.42393376070098 46.490069885890591 83.915117552326848 83.176215624055615 85.094352576943933 80.650682124076368 45.251289394673734 203.2965037843216 128.55086876801349 139.43889779125959 78.638795596053882 82.104669394378121 85.015450105894956 106.04184645036483 40.667036136442576 122.95095173833228 119.19182420265471 109.54083648345321 106.36928466923189 73.583296783397387 79.24968485965411 56.006616477427485 72.848332761625159 118.03524520019683 121.98158175481156 124.44687976118483 74.633080279417641 39.820131558353424 40.590227040047914 92.248787624847949 71.92895905119876 117.69945102893624 104.90843204670269 96.722892097320994 71.451382945547067 96.622105692682325 119.89535968138651 120.53558953342949 91.163469753851061 89.671131014347822 170.29048104382525 140.37909091484539 72.505759552120821 159.69700206320928 56.182823918334428 55.019435744913771 70.733716386736873 140.89208620003359 144.68752089443217 176.50395495771815 165.07874676299437 164.07108916310449 151.03193594542637 120.25482816339432 126.83231219966459 136.92878405600916 135.89786220030149 150.87937108308435 162.76397091500041 158.7314399981195 149.93874290710991 152.06826526803522 153.29393230524363 127.50257804250437 131.23917799703705 154.22621295941926 154.54990918124284 152.27424982607928 121.53742492355187 152.08195047771869 156.95377333309276 155.19794283101999 122.82105792364976 153.35254123755374 125.97215649757167 128.69212031308922 123.08723260479057 155.03951881424894 150.2176542996452 120.60263306859696 127.892601456658 151.33906480584992 121.86630057983012 201.92817250703081 154.07861303751554 156.81455691795497 152.9889563418019 184.56494779024175 122.79284880780926 152.40875440621016 151.99069822978322 157.00748203937957 168.92776374814142 166.0408911788594 173.66243650307865 146.46496756076712 98.035378539425864 129.01045462244926 169.96165723803799 170.41296402943135 156.54644872376079 171.32968843194735 172.53743845129955 145.29327801721945 127.57471623843929 169.06681032525719 170.84467158796926 171.31295815124705 170.27591749459162 153.65875933539471 108.04620700567938 180.66533298512067 177.85565638557568 110.70657685516016 178.65453594563644 172.91160478791031 171.18562012074415 173.56931608011683 175.48302057404126 165.61646993525073 161.89866900410055 161.86975935482715 172.41891245272166 173.51649721516256 170.12309261071513 171.02009115652632 174.03332196487909 171.84799800405625 178.20490141093114 174.18691380549944 172.2560125058514 173.43722442046473 173.04720377166305 174.41401169164394 168.82911988063486 171.89255015593542 180.57263521028844 177.82972677310309 176.62616317260949 175.55127981645933 176.1127835917776 174.52809637796216 174.67309476669485 179.23983419975622 177.28711567640258 176.80842247187448 175.60674345641377 175.75958706035286 175.10087906039007 177.73149548376739 181.45758398194167 178.60367137478988 178.10232917053435 177.48948924354474 176.22038568203112 176.6630767210325 175.3637724507355 179.85841938245994 176.01719206368432 181.36683718252507 179.52728779255682 178.60176368989653 178.16665792205848 181.07936982233451 178.78770021228971 177.73745297336916 168.65694729753432 180.48497146819113 179.71845821559572 179.3146417779684 177.00870975152557 180.08964526888525 179.86774607934362 178.83415601576993 182.57253522663666
