# Created by Octave 5.2.0, Fri Apr 02 16:07:52 2021 CEST <br1@br1>
# name: ptcls
# type: scalar struct
# ndims: 2
 1 1
# length: 2
# name: x
# type: matrix
# rows: 2
# columns: 320
 186.67951455553367 78.085504760310698 78.953296400124515 54.51978256087115 83.499541676417252 107.12127476281474 35.464703101481312 61.852324859544161 46.057842663305578 115.97109000226347 84.268725212551516 79.965942873641666 100.37755309862939 106.25001946225392 105.11937066475008 109.41599087075856 27.699755687274205 64.826920403303347 80.136117627654713 80.982795838107165 83.240691102667626 154.32779400740822 106.00910037658871 156.63457348978801 152.85424619112644 141.34983541692827 153.3158560831979 153.3280314956308 161.19722686679702 156.58043030404343 148.84511512026739 155.77691322093747 153.59501505857327 139.69622565372453 159.86615930218474 153.61768252965913 155.43357360167118 158.01494662598276 159.02585578200797 155.48554945052504 158.37688228337524 159.78355072025377 152.9435651564373 160.88811972506784 154.45261453622228 166.92915049836179 174.23999499862296 173.11270314186856 156.41905049833568 152.31723679483409 144.62137498656585 157.36970076372913 159.7777773879171 156.30202910768992 175.2301890460611 178.62320053586515 158.02663860734802 165.48249209320286 178.01505390004635 179.69411848048034 174.73344975738163 176.34079370021337 175.76256172748123 174.46503452428729 67.822159231905999 68.870598145759558 68.805261467593908 41.667368387628215 69.95669299059395 69.005778239291516 69.517154467389403 20.863056850543842 70.092275178920261 70.049744256585811 70.235965162839406 69.005071085647629 72.182894415212147 68.94020513174614 70.086773068910475 69.76566800947478 78.482214851525598 76.749726304254295 71.331117720119366 71.093662320112344 71.395919614808264 71.104300920980506 73.22501912653307 71.920929219226238 80.266843619741707 77.348473692481036 76.184918685077406 71.271263439556947 72.541463876774671 72.407661165157364 73.122997462576095 72.933294881367999 105.32206576610213 57.123035577392699 77.997292984740454 72.326552862773852 73.495696590565984 71.646491610318463 74.352162306829953 70.725385706990224 80.503336953137577 82.864728143889238 79.706726414927104 73.69974099887726 74.49618432092835 75.326959169215471 74.211080289577254 76.490323614209814 78.587686378039194 85.511640171332346 81.266933857053232 77.983077077934666 75.086858190747819 77.596654208324793 93.736919973824996 75.19090650506044 67.397222380221422 83.578695190816788 79.036305889561717 79.438634877643707 76.895977315693926 75.600562893134679 76.193953132658933 77.300096124710336 118.33772571630102 79.291849876682235 79.737881010019422 81.635350476405478 77.718097571515742 75.840518028681359 78.472286199805538 41.237723081631621 75.916232799689752 75.642714405464829 83.153094173844579 97.856838922688695 82.570279119091367 79.471135317951266 76.673545050191223 34.67273513437334 122.95082200347859 123.08036735029255 40.871167149939765 81.862158096816714 80.749671291278176 82.409409469653696 78.647050550006057 42.005738084824102 220.89283330700863 128.88672916179698 144.50394545354618 74.730611156554971 79.833546109875684 82.697443560921101 106.53327854573845 28.873518951619744 126.57021748684367 117.86761119238335 102.91433689185286 100.60403575383697 66.591705801975621 80.289004115041138 48.11311123582044 66.267111212273846 119.93917335921471 124.44562181495589 122.17341679486528 68.192926133141043 29.802491496219048 30.401430844673527 90.217819933880918 67.323933325962528 118.3436512785904 103.44022557627524 93.216028942559888 65.44885192780319 95.333229443634124 124.04505916563647 122.22907834167748 87.411559066603317 90.623124776937431 173.54112934873979 143.15436890171046 65.173521594656933 164.45020794934311 46.705328581779412 47.235458670498041 66.964089884920355 144.25418937742796 147.0838505733899 182.20318976096732 172.51037985635818 171.49101347676628 154.51669863036619 122.9367992300098 126.31054926906771 136.75883011760502 137.39403862217509 153.2791343793015 170.0860007708082 163.6024880388149 152.27871674239503 154.14784248724541 155.39898940947751 124.90501629689909 130.91577247652438 157.24080190777519 160.89087707993846 155.78778401206293 118.90713260577812 155.02971058515936 157.74027143092493 160.79294477347275 119.08939079435015 157.01028198597047 124.03290857225629 123.65035256754315 125.25080932878213 157.34959495456809 152.08839556316758 117.15380050703185 124.23701610029796 156.31864241850963 119.51608091167601 218.57432636787644 156.51270978969529 161.04850196758349 155.19150694477275 188.42873613503107 117.95714121535777 157.50857565581379 153.88702273939657 158.82963104408745 172.40370489583694 168.79171955573474 176.81854614953349 147.43487685834543 91.453992607028027 128.9791949291575 173.39474263845517 173.52332426479384 157.89701798750681 174.48606358965776 175.68782388579564 146.21290972751507 124.45645338786768 172.50343678780561 174.28666404965034 173.14720113785148 172.54409966767042 154.68613839909059 106.10887464740017 190.58358057178279 183.22150163437323 107.13642963317773 181.06094781941943 175.63683598354044 173.47595276608214 175.87296090146165 178.3133578609571 166.44685623727639 163.658542987099 162.485362064783 176.1743120905989 176.80113872746438 172.38406386477442 173.92556700016624 176.07700378835341 174.85091375558125 180.13162839587233 177.3790271973343 174.92792786188593 176.38833155472324 176.55342251853082 177.19235114675729 170.70863648044536 175.34771226590249 183.21261812557825 181.11293441263794 180.02021945089047 178.54395450750462 179.29267672429606 177.39634051286481 177.34675184610222 182.49674293327172 180.34116992344488 179.80454775843899 178.6058170475732 177.90753192436958 177.63923983078254 179.24411024093061 183.42475033461392 181.65299654607975 181.56852014821189 179.7479677792106 178.65706241168874 178.38563534186423 177.42278003100839 181.70236453747222 179.50870320148931 184.09305201433406 182.58716259270082 180.80641293031186 180.31401066439497 183.6179861855305 180.34591265994084 179.40937484928958 170.49223432659448 182.58472045794579 181.8917774196525 181.41624848249091 179.01837982253085 182.86416565553452 182.259528811287 180.68096406779222 185.21876495932182
