# Created by Octave 5.2.0, Fri Apr 02 16:07:27 2021 CEST <br1@br1>
# name: ptcls
# type: scalar struct
# ndims: 2
 1 1
# length: 2
# name: x
# type: matrix
# rows: 2
# columns: 320
 176.56644634528863 81.958266711944361 82.070249580506811 60.424059066090891 85.865401818262001 105.94393983228358 46.650370995545551 67.314464924513572 60.233200414755828 117.09258700496429 87.921976627496946 82.688461851721144 102.23052099420948 107.92979386509175 105.58999712307964 109.40235237558979 45.351391421516915 76.031687588807131 83.33123047391588 84.712430378026582 86.926387188571056 153.65141555670408 106.62153538576868 154.63366448346935 151.03526517592917 140.15599801851496 152.00394077863743 150.49977243391555 156.60195740054436 155.53677126685878 141.63097851074266 153.97129701761205 149.76465193675449 126.71885841141649 155.67438011712576 152.24351469106784 153.28093292273226 155.72313611356003 156.44199300269679 154.38251756259623 155.35096340768524 157.13395803377341 150.12064841191534 155.44446481114647 152.21867780524843 162.68885240685896 171.90472507116519 170.11601024132986 153.73259657717193 151.15302017343393 143.21562928636905 154.54520213741836 157.26696598036582 153.07032742812817 172.41769963020079 173.10670850221845 154.79328897452663 170.54083437649302 173.52611553941975 173.87942082959353 171.00815619052332 172.936719897681 171.97520099055225 171.0211334966036 71.946201674762605 73.180375579739376 72.610894036332866 48.056220673153319 73.688977247796402 73.386868099418905 70.937815182838108 8.8421864193485771 74.568264317044623 73.743345767986241 74.040286358596362 72.938319498468857 75.510856694084126 73.645851990485724 74.377423728701814 72.827292017248979 82.267152387772271 79.951678928315388 76.44255411447773 74.880270490374556 75.201860520795933 75.270784240307194 76.692224227821896 76.060658540540032 82.851086707637336 80.976389319448671 78.336337208266741 75.668782807162557 76.355269361097342 76.005374782108262 76.170037548108596 76.997255161698803 106.59099243700828 72.625136020061476 81.629524746377257 76.773671658890535 77.043586715511424 77.091029085580246 77.798385036788417 76.048863298544077 84.398968810449475 86.1231433834662 83.600190737765587 77.568226116848834 78.265533703245737 78.483667174527909 77.411592923842804 79.639118417139215 81.284359341485981 84.033144784501587 85.335482020269993 81.187217686875385 78.899010891524711 80.755757767782157 96.192818497424838 78.021945771385873 79.17031190345125 86.905767705815464 82.185683779379687 83.836459004131399 80.184498007041611 78.927967799121504 79.152239429955785 80.388616411484264 117.0158830297581 82.591865367102272 82.572687021569735 85.097741940836784 80.83832000637608 79.44514235143221 81.849897765684887 46.369835911557672 79.894511782263422 78.827354092516487 85.690901332373272 98.517234502524133 87.890232330458929 82.421674856914848 80.126662410172443 42.527810721056198 126.70479638261233 119.81482169706516 49.13425940869098 84.967065420413263 83.810864277573472 86.7948982431042 81.495713305082731 47.447759596657107 195.01587812658653 128.25702585062649 137.05534595018355 78.764972438258525 83.710832900401797 86.224816550383608 105.81058428783606 46.206726870943584 121.24776785667986 119.81498326631183 112.65918923244161 109.08234298235891 76.666147218113878 81.049316391139996 59.065383122298435 75.477223510344672 117.28267580840416 120.80051110724135 124.9463266045456 77.663530788700058 44.387410359435719 44.854474564065605 93.204537126479494 74.515214200843729 117.38312336279911 105.59935273866854 98.373180640737985 74.224283693189847 97.22863569223442 117.93590215991168 119.73865362366573 92.929074783144117 89.22313394959977 168.6334482654587 139.06212734217706 75.265174463785996 157.42524105437468 60.193328575149501 59.297376135724562 73.50701876944683 139.3208704012857 143.55983633962853 173.99938980985564 161.53140970956991 160.55769882199925 149.39204762310175 119.3803945753715 127.07784769641606 136.61699303646856 135.58554852173879 149.57479233000069 159.39006900937284 156.47414033550493 149.0128571277221 150.82183019240932 152.5926005319096 128.76469346347926 131.38188380274278 152.1482773832507 151.69769173744407 150.52774324495405 123.38996515281688 150.0366314250839 156.12484061344929 152.77662988683494 124.46899106045811 151.28993724381507 127.76757125495664 130.0725441828337 121.85598885235284 154.22668808044094 149.46374630405583 122.20059676257893 129.52176731708789 149.45502177423188 123.44874229888681 194.0946883372211 153.72746798054141 155.062278392808 152.50637709226231 182.74669445151736 124.11145875106062 150.29985275982469 151.22041998966196 156.14327560325114 167.69460052687089 164.74638370738865 172.72176455450358 145.91814781306672 101.13250133114249 129.02516506635126 168.71561564132332 169.01079689772016 155.91088671729207 170.49157855613862 171.67898481104908 144.95090199650886 130.09414217786357 167.74389883139352 169.74149346700048 169.92090082349443 168.75411068902022 153.24862049049608 108.95789282134018 175.9964775874459 175.15456980701484 112.38664613609308 177.4769025621508 171.7347616945585 169.95634465695539 172.07104666912116 174.63832690202656 165.22569991076807 161.19226779315528 161.45856401219513 171.41200738851887 172.46204699777729 168.83571080477964 169.77707060914054 172.58671447386172 170.56795599024565 176.24235450720181 172.82719531147032 170.90810926423725 171.97722134852111 172.08998360574193 173.14595372748329 168.33478787800112 170.99289018229919 179.25497887983738 176.83370102781043 175.68512516097312 174.48293707348358 175.00151991121854 173.51108279862547 173.58474783904549 177.96618106613681 176.20344028526281 175.55549173430603 174.31032341985355 174.68922774537026 174.01438188851481 175.69962955146568 180.3412288394409 177.38122064876362 176.5512752303282 176.22564571305421 175.04190941545312 175.10369789893934 174.06235640860007 178.29911756895734 174.19227537659899 179.98356183680167 177.5401500369473 177.56775725390105 176.92482866333651 180.69040432909691 176.9765178140122 176.37000698531403 167.79328281327071 179.1497654591343 178.62346448268173 177.99061522365443 175.77679276338205 178.43874155162166 178.73358155223889 177.55378266705065 180.70689160582248
