# Created by Octave 5.2.0, Fri Apr 02 16:07:57 2021 CEST <br1@br1>
# name: ptcls
# type: scalar struct
# ndims: 2
 1 1
# length: 2
# name: x
# type: matrix
# rows: 2
# columns: 320
 189.10665092599248 77.156041891918619 78.132508129947254 53.102756199618412 82.718942176076297 107.13464370744704 31.738337430965736 60.54141124395202 43.354714864529988 115.61048604642004 82.530104166015164 78.255388517452545 99.932840803690169 106.06198937554024 105.26736735972823 109.41926410959907 23.837263201975802 62.137776278782439 79.24675951858913 80.164086408659585 81.199320489376873 154.94769806982984 106.47245023677647 157.2438330416596 153.81617917336069 141.56001239164107 154.18439700062154 154.00681367044245 162.2697478734373 157.14767883405833 150.65285190745959 156.26938287962173 154.38618198638764 142.84238183984263 160.95308496820508 153.97232104132928 156.27912744196018 159.04081806600465 159.14380039737037 155.98006315943454 159.3224868136283 160.16352317238079 153.43049466336007 162.15630235421105 155.24041860037707 167.94682204032247 175.3500814399529 174.75393064965948 157.22661688182805 153.29740747633232 144.95875395461309 158.10884454265289 160.25773096772357 156.97955451926012 176.40812650228796 179.8299040316883 158.02794422411776 163.71525993408468 179.11848019465532 180.99701675463243 176.05477110640626 177.50209977324459 177.15304180312694 175.83353377322285 67.490470051345469 68.425689956748826 67.653800631425796 40.134043839102191 68.784525734847747 68.634184640214826 70.096543060880592 23.748065754030705 69.579630723893615 69.510571785655031 69.541149558936795 68.522901683265857 71.220445050340714 68.401300379896739 69.324127135517799 69.080625072427821 77.521362497835653 75.372937668864139 70.867313575770581 70.420071416692451 70.593390819917346 69.77149739095259 72.223595086036184 70.723383805008297 79.223493823143045 76.404134951504545 74.87665216629469 70.874443454393642 71.707223494116448 71.436708367992424 72.361424276662063 72.142883537571677 104.20031772644433 53.402531471151718 76.565352238011016 72.049771098389598 72.601671961023527 71.018685804714821 73.518119201128869 69.909564309369017 79.80270980601982 82.054726562839448 78.558745007129332 72.861140392249936 73.835568627218322 74.333761531094638 73.231615134538345 75.373303311405721 78.797716867466576 86.013454157796076 80.486756320712217 77.224371821507603 73.89939948139515 76.492327247788026 93.147504328161034 73.720047025220168 64.571909192649343 83.080073920920725 78.135913028421385 78.609943409502989 76.162714298679248 74.50870588438427 74.849424929989411 76.22051234636919 117.76620874670841 78.273821171111834 78.808065332464764 80.906328422939566 77.056779349299347 74.932313170168797 77.268416751210026 40.741362998736079 75.111474820458284 74.078540481542063 82.784710235090074 97.69834398352819 81.004010740541219 78.307084740564932 75.805265497988245 32.787516993569454 122.32725654159175 123.50612218161272 38.888025007839474 80.904272483412413 80.184177988268956 81.570961497760663 77.634204563606971 41.006111301637539 227.10330255030993 129.0052681243088 146.29160933435321 74.412195871390367 79.088049947517263 81.989043449031556 106.70672516763503 24.879555462442443 127.84760539808299 117.40024189464052 100.57557233011156 98.569242018991702 63.663935510826768 80.897232386373361 44.613692062184121 64.194567686115704 121.18022356576846 125.30781605574776 120.87210250845435 65.919930552102244 26.04013955867925 26.654765260006922 89.50100780765726 64.76501297218077 118.85944639838422 102.92203505730085 91.978312534997144 64.390087116342244 94.878331943970053 125.19143946965411 122.8267802740003 86.087355294633525 90.959122575498469 174.53600923847969 144.87480426099134 63.114198661011336 166.11133920905863 43.479577091463653 44.501145830059698 65.188858718868488 144.69988854670916 147.92961398949262 184.33274124242374 175.09196230940265 173.97625898380298 155.74661487210966 124.14277943701286 126.1263976465041 136.75364050718971 137.86730675616786 153.8330175066381 172.84514478584492 165.33815228268631 153.3976820144122 154.71134740526006 156.25105142444721 123.41955376911034 130.80162935163756 158.24100368044944 163.11837576145771 157.19388547876181 117.35096811419247 155.48966814306328 157.82571079357822 162.84176786065285 118.05703540302329 158.33375345938782 123.39115664292201 122.68140761980797 126.5410369103126 158.18628600371358 153.16276183058955 116.63802006173609 122.17036612092782 157.99449675991988 118.47676966190116 224.44943949523372 156.57327260811826 161.59977025140452 155.81751896186265 189.79242613907437 116.10255719833982 159.19176574567945 154.83741740302222 158.90444856152641 172.75751211832966 169.76260015933781 177.47888368435355 147.59106250892177 89.131150513240556 128.968162096231 174.23135483186778 173.82254050452485 158.37368949235835 174.96019601855676 176.354676595988 146.72362090324705 123.94867777975618 173.03447650835426 175.30418520987567 174.36073383225303 173.30813837765032 154.93072586177726 105.42511028565457 194.08413854354589 184.99727252422747 105.87637767247804 181.76120870104637 176.38172272399152 174.25279926706915 176.89588083602834 179.36202145429357 166.73993375563839 165.04031700161477 162.49515564056261 177.78452649491925 177.968622731414 173.6058347870941 174.27278304595532 177.17842450421074 175.30842038892493 180.93621466034878 178.29597230833343 175.5728198028869 177.19047744371278 177.26293939483546 178.97230656030573 172.08429667523416 176.25627967046299 184.10282435559103 182.56753655889392 180.92409485838121 179.90388708516141 180.34049102616666 178.58658740162895 178.08218532521033 183.50818205543391 181.58930479401729 180.95645626373158 179.98729916112796 178.98927174505818 178.26358865024326 179.93869929355566 183.57848654682348 182.71995582458905 181.98911031747747 180.60522993871334 179.40499357761095 179.10743749187887 178.36704894131705 182.02659846468046 180.46107965388362 184.70211112108009 183.42054465561972 181.91186686215147 181.28086990054985 184.61154570777697 181.05271821322251 180.64175390854689 171.13998268979219 183.41384042016318 182.98414218438899 182.33353060079023 180.16316711876439 184.1293816698801 182.67498439551045 181.84280591376191 185.64576885583745
