# Created by Octave 5.2.0, Fri Apr 02 16:06:23 2021 CEST <br1@br1>
# name: ptcls
# type: scalar struct
# ndims: 2
 1 1
# length: 2
# name: x
# type: matrix
# rows: 2
# columns: 320
 152.71947029345904 90.555798244571093 89.629111144511825 73.531552907678716 93.083688069293402 108.12744745055011 62.154325812233196 79.440415868748772 87.515953510304229 107.62929112728489 96.125071204855999 90.71924623918953 106.34410972239729 107.8668418364488 107.55570920969849 109.22233483597186 80.906811573537283 99.466125715377373 93.353666106900405 93.974124610173945 94.665219897916586 147.50904984686463 106.97466582066409 149.81340508189939 143.99532385188309 126.55972981880862 145.75999234434025 144.22103731690771 152.21470217874185 151.43292663123705 141.23750955591342 150.6897413394712 143.17835768728807 120.8785987853044 149.58424752751165 146.64933581790402 147.69999224198014 150.94562347964259 150.15906393681507 151.1523526046104 148.62841380051586 149.7412954978011 143.23853644965624 150.1385361878354 145.65605704659629 153.27539064372266 163.46213155239664 162.77688890510069 146.98013908422908 145.19974698643659 140.09501782169036 148.65881556915258 150.14470743863285 146.46687634919635 163.19747664503734 163.79943385698942 148.13962324827864 157.62093787484613 164.87843102897898 162.97398298324671 162.19341574702995 162.45237240285397 164.24970331687308 162.24683012389033 79.496589843392442 80.569236727286068 79.830242359104432 62.23947274701905 80.94400974324644 79.039980887276457 78.69771618484593 17.844145937904944 82.249790629888466 81.803722783650926 81.457187240881609 80.597536341785656 83.008760074335953 81.678002631998822 81.761442105161535 77.977868672700353 88.804879036225827 86.964403865200055 85.799708755321774 82.707935516532913 83.40591845474853 83.034159203317031 84.134152264207785 82.083027797589295 89.185589994354387 87.772239761710182 86.741543632606849 84.286990129361229 84.604647144218404 83.818419091298296 84.320777770817458 83.520819357440772 108.63816370201648 91.55603757870584 88.087847088748774 85.348201881469706 84.888088523603074 84.7439205848152 85.523663407663165 87.191719659156632 91.708136195764311 92.512586170526731 90.823304520832423 85.585438961925846 86.568874475154615 86.415685209746172 85.406977423216233 88.331163421135727 90.010558528424212 92.021891347043137 94.443559772081258 88.805059615997337 86.774140258505895 89.399006668182437 101.64491321981649 85.940408384420451 90.611170393475945 92.665945500264201 93.631338798366357 89.879218129395085 87.865826477604472 87.536420979320965 89.28294145071547 90.461691727836154 113.46706906916413 92.806638084207819 90.65138246442784 92.134287496422502 88.571039156998026 87.57327277864637 90.597260767949876 63.281904623186826 87.981756254007081 86.865722628723447 91.945699661766213 100.56385200485899 94.144710788228139 89.869998039803761 88.611481113757677 59.966078523492143 132.77036138663141 108.90068577161681 67.478324223118676 92.083332286139068 92.414592009124775 95.027046225398323 89.587070481246755 63.338497031867355 137.56903762604946 117.07045849089099 120.41568217719863 87.497320922257543 92.38833973796622 91.47219368151103 104.23086539234522 81.851121466372277 112.81973252010712 115.94027902480825 130.98650407125297 111.79854729984682 97.370466431891955 91.342250319477586 88.205501186809414 93.058531491148955 113.30264922239864 112.80938894558621 112.46795462716274 96.140079085947249 80.122216658436898 80.050483361924805 99.835049294048332 92.01563605885282 117.2489040427312 108.86425688594008 107.61728260242297 95.552504740204981 100.96679481392169 107.53664851246428 113.81571653540931 106.39249286580099 105.58464354830819 157.64946862256465 135.52951793955987 95.009443837288117 139.24153824558883 88.481715428036424 87.090272677063211 94.38593327992001 138.59878664616144 137.72478911212534 153.2022875487973 141.0682890735321 139.65643651570261 140.82934885636712 131.58341347879994 124.10528506204142 136.81297116713773 137.62299202554306 138.73492128622561 140.7654014657341 138.47769848467016 139.72093580817875 144.28114506755577 144.30657788291524 135.39445724081097 136.12860731003363 136.42129986616561 139.99437643490378 136.833362910294 134.11905134618817 144.68945255123688 148.86677210577724 137.20693388702938 134.66609409367999 136.27919288776735 133.15820901187661 134.58155869273116 130.97297980837263 147.50800872796492 142.52601892358115 128.71250096608699 134.84408748765139 138.27627784948947 131.99620542829453 136.85495763533095 147.71253446807944 148.54237872844203 146.41037481304858 170.13256191411691 133.49669794769588 137.40119182650969 145.76665028383528 149.21026485292126 158.71962435144042 155.7949485774503 164.11975117096722 142.01828876847227 122.69790121713763 132.80012877755928 160.26070786118788 160.49770530690739 151.50167529741535 161.38828792120265 162.76575914945826 143.15219103679624 135.44520871890126 159.75954209763 160.93079024512502 161.3309538080137 159.07125072884278 150.81173945792338 115.282713167487 165.97583384740807 165.3815446105051 124.04212677256515 168.66887557835935 163.64691261615604 160.40211689849204 163.25229638699903 164.57810061335303 160.88526093204004 156.29897757348277 158.59852814142906 163.20472345953175 164.11759285488012 159.42128798874643 162.57864757826275 164.20478293479229 162.00482111632067 165.92072331666387 164.65605411163588 162.37822226981157 164.67107168833212 164.56906931225285 165.25271124069462 161.26215341620636 161.65489604317406 169.26028794178191 167.24715308857481 166.09640563406637 165.15781510167614 165.69718004623311 164.38213275572397 165.42161582777339 167.21236854625496 166.22801459745219 166.77638004946516 166.07535765935111 167.47752615860614 166.33281215942714 165.62036267295773 171.28740420887834 168.18823168994274 168.23584081498919 167.92079690316785 167.21691879709545 166.72199533911382 166.4699665891269 170.52016024088567 164.93472224151293 170.70116265867259 169.34609916775887 169.10469164964564 168.39293440113767 171.16243969815875 168.69736264758339 169.6082081030149 161.80161045369192 171.82539221385426 170.18543441708755 169.67822476198251 168.6752937637786 170.30869177626553 170.68470189326717 169.64630277062923 171.55212753838856
