# Created by Octave 5.2.0, Fri Apr 02 16:07:16 2021 CEST <br1@br1>
# name: ptcls
# type: scalar struct
# ndims: 2
 1 1
# length: 2
# name: x
# type: matrix
# rows: 2
# columns: 320
 172.31895769698571 83.5848267316305 83.312021194142574 62.903855198283182 86.811389458089437 106.09265162218743 48.955341692860735 69.608563751801313 66.131271165273034 115.15543061162514 89.359192395597944 83.997053502142037 103.00876751035312 107.18452844155449 106.59535342259647 109.3966242076189 52.355359311698287 80.73768980671872 85.333571657409763 86.605276910061036 88.465768926648465 152.93034080381159 106.48168814915621 154.09613754607778 148.86197892627428 136.67343064514523 150.59549513228379 149.31190362799515 155.86854161448733 154.69141275688833 141.58219680077829 153.32124099950087 149.24544013185476 125.17575172346471 154.31399425150369 151.4482665272057 152.17397471195184 155.22986730095312 155.37137496859356 153.54323436719281 153.47125751673661 156.31725995016683 148.50683830356027 154.4199197301192 150.71984628567725 160.90792720842776 170.0750000663503 168.06651141978261 152.30927068920241 150.27019007316704 142.62521609228639 153.24455512632861 156.02148097382474 151.60718174392034 170.61695709929205 171.73496349219943 154.01913515642823 169.34423328694854 172.2016610574662 173.44814974170887 169.39539682810502 170.87926006878709 170.77871851560036 169.09166319214683 73.573502554150522 74.446107328092594 74.430372082453118 50.739538633073863 75.603832640934485 74.857337191467238 73.369879545447162 3.7934208382465657 76.32082572798214 75.110475247352383 75.782036592969959 74.303482788782205 77.192889306409 75.398793671801897 75.905547273614673 75.139182742113448 82.885462837538512 80.560400360216818 77.828223434447253 76.619853183366004 76.940765304493112 76.699765998832873 78.25119244613488 76.283293152175659 83.224431161794257 81.794502787939976 78.906810919947134 77.475340053353491 78.058521761640563 77.810107165399572 77.748358091820577 78.063362114435378 107.52089660424063 79.136018205981699 82.173418532841353 78.508648766058457 78.828978864113225 78.852380454935201 79.642155855372565 78.624811461589942 86.057823162983951 87.304885767492678 84.497378340681863 79.222265874151859 79.955285169000888 80.193799049159395 79.123147875679891 81.419823074022545 83.439216932757716 85.16000874111289 86.267596193364653 82.614685777855499 80.365161381368267 82.476019379429189 97.224295877336772 79.672694560951498 82.40360947742613 88.341303033443722 84.656114537053554 84.540580975626483 81.540546393856303 80.76809511117942 80.758843362115613 82.121606777402363 116.34448579397005 84.679793870863506 84.28294551381893 85.808463550949725 82.100531711840972 81.019595198051221 83.967235666489458 50.030483683896406 80.241221332262441 81.416683797325007 86.925076019441505 98.794600646055017 87.876118153512678 83.612929189865739 81.837650005901651 45.826942467462999 129.57731207400997 118.0565830457448 52.60475815736649 86.289622832433452 85.063661657415068 87.881711851003288 82.954762026615498 50.621258066048796 184.14755695080925 126.41443055466436 133.92693415877125 80.531790763008971 85.892050015924909 86.840267470110987 105.50687204189511 52.907000859990056 119.01233901201105 120.63287953736179 116.75223642680939 112.64323201833813 79.738158659543757 83.664262833748325 63.903333051162271 78.609033341303913 117.04467994579944 120.41993778024576 123.20643723909693 80.484595357567557 51.421178065690427 51.006043597776703 94.458958347370896 78.091114736176337 116.21819183687089 106.50618614687373 100.53918435397279 78.845145100299774 98.024706316646544 115.25919986667326 118.69246603078024 95.246431384091252 88.635137802117953 166.45859274385259 137.22576715481469 79.365936157579625 154.48537560791141 65.072924560822401 64.96632925121105 77.954319452703984 137.12766018657339 142.07975036144876 168.8625115648006 156.99788820554377 155.9869070539313 147.62805129475228 120.40574003598428 127.40011303590236 135.76977503340913 135.85246408562887 147.70523191109143 154.78998768831198 153.47855728738998 147.95493284776236 149.37883436248106 151.29278543977944 131.30613392215292 131.01853570293599 149.32686405096234 147.68096067473596 148.28625077516807 126.06394162377185 148.24513867987909 155.20315044049624 148.62126555725618 126.69408921192294 148.97594651269574 128.19042861453144 131.01146000404518 120.09159891093644 152.66215001978591 149.26562384893725 123.91574508127448 132.35430016445284 147.13236660249953 125.52739371391938 183.81324036434586 153.02791649442597 154.22920833035712 150.62878610168733 180.3602369444416 125.91791334301411 147.89414616499565 149.53331523571251 154.81541173664021 165.47038403871289 163.04734265108328 170.82882697364681 145.08308509619624 105.19765565289255 129.04447252397264 166.83053530503847 167.24226375408827 155.07671158380188 168.61150845661945 169.72693196972972 144.61889526733975 133.24526207678807 166.2063972552983 167.84001351090103 167.4422150562651 166.04290649112428 152.3457227079204 110.15448045439499 173.89824491560995 172.7502496850808 114.59173706731752 174.73853859574857 170.08097339346037 168.39625283304099 169.84103230299942 173.16575019751951 164.80922094606441 160.26651018402805 160.9174761447529 169.97504232218131 170.9891372281495 166.48354254933412 168.07259581793863 171.82161506150629 168.95412674240998 173.66555633964589 171.44466445161964 169.1260271866316 170.43027520153916 170.65934702294837 171.65106995447078 167.52488833964594 168.88823731709877 177.5829523316043 174.74385801532432 173.67855976400463 172.58597471859846 173.32968283578452 171.62397032021983 171.75846574764242 175.81234317170723 174.50080747025038 174.14010178825146 172.99748636537905 173.28116089749722 172.61141206249962 174.21743860315831 178.40121332850438 175.5405345278584 175.32097677878156 174.85148124766914 173.76564738706952 173.60347738160041 172.49301647455889 176.53756988737769 172.71681251802886 178.8831481080903 176.48735671321941 176.06559933911603 175.57089473591455 179.21687761790616 175.43143397428656 174.70271554359201 166.65972317767472 177.90662142633664 177.44480452808185 176.70497082938408 174.53650538365159 177.51047306276368 177.25834622281448 175.93610966105447 178.85518853865628
