# Created by Octave 5.2.0, Fri Apr 02 16:06:41 2021 CEST <br1@br1>
# name: ptcls
# type: scalar struct
# ndims: 2
 1 1
# length: 2
# name: x
# type: matrix
# rows: 2
# columns: 320
 159.37767529786095 88.232141073590896 87.498558214917907 69.988987004546871 91.521201916233977 107.3561091730049 57.733402746227391 76.163131829766286 79.671699433836466 109.14427074043981 93.861468772278741 88.687165089350358 105.23232898504924 106.33170732503157 107.96859884738407 109.38025801341637 70.834639405105179 94.18341042932326 91.003589240188944 91.366505973343195 92.471097989127884 149.48434902981828 106.62583354195239 150.71882725107949 145.26207802928107 126.95088250144236 147.11761673702276 145.91799275393686 153.16927204456908 152.79184115293123 141.35240530420171 152.37092826670695 145.68722866878227 122.31098309802451 151.4044810821544 148.03848454826502 149.07071041368101 151.98199030991998 152.37086245039478 150.77529675798436 151.04449866499635 151.8093417937298 144.82736528495462 151.597725657317 146.39078427033758 155.81956949862436 165.18953545188742 164.36106601973989 149.29827070779459 145.89912829575604 140.93832125205023 150.20724569540042 152.27930210765948 147.96744130222393 165.11984015810415 166.22258804431257 150.51248736636313 161.49212793516367 167.37159939294284 166.4808219091654 163.89717612118437 165.03537170317759 167.0696745072197 164.23026056767722 77.424571709850156 78.671489411677427 77.45271401228878 58.406161375703988 79.276370503045982 78.167182340444668 76.250449916910483 10.631623679187786 80.44317393205985 79.419824210607317 79.72386892376791 78.603169069844625 81.164170895096831 79.509050756422155 80.00979239617125 77.098706270405515 87.538430921024585 85.376987851410306 83.064379319185349 80.577607455121026 80.810499087182123 80.860899188846602 82.106631470017291 80.930770959420087 88.010487737432726 86.388392551841932 84.076607990976484 81.545446763968542 82.188749180767289 81.729990746435163 81.84636881751166 82.665288670320564 109.01818248522899 89.399724447708948 86.85858389253444 83.077928967860743 82.927681172734012 83.005267201418874 83.332237033021713 84.902059678340692 88.480356943220201 90.528800518324857 89.263031517354634 83.385218814222171 84.099609227043572 84.158064045578939 82.994587372060636 85.277385061570342 88.0802745006485 89.956372338923543 92.422023556209496 86.925691716591686 84.312679102992774 86.317536209544173 100.17137410565658 83.996878890893612 88.903016390678872 90.617241420604046 90.782049667368099 88.65763546971354 85.763993866790173 84.594039926676288 85.85660763395407 87.664424921896739 114.42620797743277 90.248832662054582 87.483867301029989 90.245681435430626 86.34119301217838 85.170059418176024 88.201620702041865 58.881654416029903 84.659105408036467 85.7328735175265 90.720644498013058 99.587075341857542 92.281480356232237 88.152585322210456 85.861742588126916 55.253033171482429 134.10577807918889 112.61292047048141 62.520468867867947 89.951495269072453 89.092300522400961 92.284873085461584 87.029652254619904 59.103788963536282 153.09521073430273 121.02073924460541 124.98861475473321 85.234452908628043 91.322412921555681 89.358872470893587 104.6553836395798 72.071038567824516 114.47143780116531 119.80918233011089 128.76826242908049 114.82773820380901 91.042158389724293 89.185511998620612 80.617851213754292 89.239015357295543 114.00330659747736 115.75460218679892 115.9502890467903 90.236575423618589 71.230667476991002 70.380603868645423 98.043018978489187 88.013211090165996 116.7702469738874 109.0971387417457 106.72967186401063 89.538820270140832 99.527967378395502 108.15218677354363 115.44512794560177 102.63867668050888 97.50974598595873 160.50898680458829 134.8346308460564 89.923953231644617 144.62736848761946 79.800726314771794 80.796637581936068 88.722312359012889 136.77263411988545 138.05438388100981 157.0014647733222 143.81549541523617 143.47834360571474 142.41461153930589 127.48791564889734 128.18364197947378 134.35570282171909 135.96650706641339 142.60542063204966 145.43982146529194 142.26419900700392 143.81860999312983 146.76968492347027 146.07036181662605 135.98513951857745 134.08595020454092 137.95965326847713 141.94237667527392 141.24093785353347 132.15461741734947 145.98296989799474 151.12248001587182 139.16332122410412 131.58815239208778 139.4733406984347 133.06956966048622 134.96844476909044 124.45058592711324 149.88345884092882 144.76735131815261 127.32849661772585 135.84181104379368 140.66898415313858 131.12833344342641 153.91828337007396 149.96521323665743 150.62928378681923 147.6812782657577 173.54178692422514 133.34413911486547 140.2721921221063 146.54951957386959 151.80893237724686 160.9255445709008 158.20080233422001 166.64735872050741 142.92584478816701 116.79612141466245 130.67247946289137 162.0834734077028 162.78767988145248 152.69335405954419 163.88383244109895 164.96707319945699 143.7407775150902 134.71461509180176 161.96806580529679 162.97451563063791 163.14759346752578 161.11440861929202 150.70661710712585 113.573302263123 167.69585412558934 168.75856304658302 120.89199687081594 169.29588671617026 165.19120138342666 162.58358649201668 164.9573470121085 167.15166215468784 162.56564514156199 157.62148844366453 159.37151080920367 165.2332934010318 166.45117231413292 161.7349518467683 163.98432297760704 166.29991247294566 164.12599658176796 168.13556513374931 167.31183686168478 164.46727452271756 166.27161405364501 166.21807563297875 167.74864193539975 162.87729116038099 163.86160655117234 172.99562451767156 169.2091694215035 168.37832208621293 167.41973923551822 168.47231308154781 166.03437269447051 167.03053267017589 170.33391144327135 169.43175900048684 169.78666731845604 168.78921041057791 169.58548644534065 168.63615544103661 168.10862106942153 173.81092598807413 171.00475669044144 170.85745022273693 170.77323510639005 169.72148816270141 169.16770330042988 168.0306618717652 173.08009450264831 167.28743012564573 173.82016617076695 171.90431889766728 171.91542672473537 171.69911165474917 174.11859135101497 170.27430532353719 171.40214937668557 163.42098136168619 173.91530646300757 172.93308272295749 172.72234642545567 170.56297598448981 174.05446756401398 173.62671393004709 172.55840612387632 174.19126970702652
