# Created by Octave 5.2.0, Fri Apr 02 16:07:04 2021 CEST <br1@br1>
# name: ptcls
# type: scalar struct
# ndims: 2
 1 1
# length: 2
# name: x
# type: matrix
# rows: 2
# columns: 320
 167.36752130314323 85.443752468414658 85.106542493878564 65.737907920788658 88.752467108119149 105.85373130135623 52.497327214182363 72.230390982987302 71.712624273427835 112.96820533861394 91.171675148223372 85.897977605535871 103.89819210023157 106.54231482462933 107.34126386418502 109.39007772993789 59.396819041280089 86.115978055760536 87.99504781848249 88.085784203343081 89.96928582016821 151.46928894224072 107.2254157229935 152.90149729724399 147.11648236750452 132.72951971996588 149.06061918556296 147.95433927837183 154.99635730691938 153.98237129961541 141.49028020214766 152.18022180313068 148.5853111405242 124.02984427328863 153.08472498111743 149.54228795307702 150.44352731577155 154.00520205942431 154.00991071505223 152.19938338443643 153.0048077894952 154.63579217550321 146.99355025887317 153.14732979355847 148.55637330250931 158.8725841245064 168.02884976177577 165.84084389128671 151.36535446412876 148.28959994355719 141.95045815619193 152.05036217673307 154.95900950602373 150.26565070112946 168.44267126210076 169.51310456277386 152.99014274018086 166.08716645273066 170.39651109118245 170.88108165429344 167.18014063040613 168.72484747117477 169.25721322114177 166.86287220533771 74.388697526369029 75.751563251035591 75.239925323404066 53.806187730125913 76.858231104521167 76.395974627175192 73.75698185764827 1.9765969687271967 77.975932058482954 76.746015359527036 77.351899114995433 75.627402992332705 78.829614004368352 76.723460628020831 77.439831342961895 75.494996777679233 84.722924633714527 82.38699309273612 80.726342465927658 77.864473424736445 78.433061431605452 78.266109878378472 79.891953641320157 77.868917166997264 85.896411111526916 83.51659580283706 81.943997126323893 79.741547349883064 79.507346328648865 79.226133632875644 79.538663466226268 80.460485976500635 108.28251777971778 86.555560047693461 84.27090146015378 81.34541618301013 80.278164799810355 81.365419333848337 81.067862604662466 81.627096731917746 87.060422474144303 88.602024495200936 86.32290170111726 80.825573269858708 81.604423556196906 82.1758902501319 80.657480550109483 83.158301918876717 84.926650685605807 86.409434422812041 89.012367054420409 84.335788033880903 81.976081194825227 84.247671441357511 98.403127168664696 81.541719451359171 86.104936586326303 89.217582577652124 86.949236017706028 86.439634392527225 83.214495793839248 82.303136868813567 82.628101209996174 83.692410771101436 115.57717466735514 87.111684061943762 86.141172367568458 87.567227899376675 84.074452322411915 82.703282712478014 85.202848954298005 53.704669136014964 82.65529838910615 81.87914270902975 88.438125562325467 99.111590524376027 88.938067238989973 85.383268670378897 83.492397405616742 49.597378749070771 130.12116598300278 117.36327546215136 56.571042441567073 87.751976828258449 85.988555550205149 89.127367862512685 84.685801038248087 53.849792165803578 171.72661846420664 124.32672274153143 130.35160639715718 83.029949171098238 87.853208294141396 88.184826555212581 105.16480553626128 60.080392059746465 116.0090507164753 121.55674418110881 121.52640607859345 116.80785529726138 83.960512498524807 86.08558088660088 70.538671087875784 82.669743772551087 115.26103219865561 118.91550934948091 120.49109286606162 84.751665228217206 61.191818565470179 57.751499162022974 95.892582599818212 82.432851492366439 116.29828140401656 107.54256718482252 103.01461716909827 82.070694692281364 98.934501315974686 112.19991814284812 117.40042163783272 97.894838928030836 87.812889422573477 163.97304357630276 135.74829131658984 83.610325845941077 151.11817337295366 70.675996990125114 71.471788283372192 83.043606601864312 135.49722610761617 140.38822352924331 163.91033630521409 152.01648701308952 150.16992489465844 145.92396057875848 121.56196301203008 127.76841628102957 134.15156628417236 136.55604484060373 145.6055633552871 150.73861891903442 149.24997668594276 146.61509801493543 149.8598398678545 149.42773085847111 133.57214582094704 132.53574971698148 144.08900083738337 144.87713744933347 146.00845515272215 128.63360986114992 147.64538961499284 153.84243125259221 143.76467284279272 129.12204102541779 144.82157898339395 131.41271533522183 133.01727806245438 118.40615346233204 152.06380770091789 145.97209976083835 125.65960921109894 134.10398568111893 145.79673366348462 128.26783807858919 172.0630141096313 151.9446479263249 153.05571314482233 148.80433145736788 177.63285693635501 128.15152034666471 145.0741978161777 148.01884933576568 154.09811046415547 163.96752046303871 161.10558144387716 168.87710181631687 144.18620806243268 109.83851310230827 129.36957320910196 164.53245690575727 165.84176382092269 154.12336857409881 167.04666641785019 168.10943501745692 144.27578523841075 134.80927173297741 164.9975434318132 165.99893410995716 166.02798205431549 163.59061594411972 150.97354102392993 111.52200917788619 171.27861143752725 171.29225219175612 117.11184098871689 173.2841238092835 168.33769324248092 166.73371782550504 167.77915384154099 170.21733744957135 165.20651288093822 159.20850148788264 160.29909001053321 168.14880381564635 169.3017278603424 164.6711012439211 166.39000376912188 169.89831738371933 167.26846650205133 172.05418710275876 169.60759090141758 167.59975357268758 168.78157249430859 169.13400577503981 169.96098824032944 165.45654146047673 167.09719577324341 175.89230970859651 172.70274433061746 171.57668720782971 170.62039406076323 171.37249533175529 168.99500959399725 169.76427764142846 173.88223644041881 172.44651787118869 172.07835294913724 170.94826075859677 172.03897749090095 170.87328772104556 171.86988377854621 175.92987968639082 173.66391336296047 173.35145847843506 172.95606563635198 171.90930068902853 171.3295315114849 170.99839760592144 175.18050201443702 170.73482591719414 176.73885498578181 174.7059884066141 174.22528526368814 173.92807312693918 177.28471879679321 172.66796282455371 173.56975925505859 165.36422645127931 176.30330895397989 175.50065576415633 175.30723242513091 172.77303221058199 174.95476471743046 175.76651835835688 174.66636502167495 176.39316114457858
