# Created by Octave 5.2.0, Fri Apr 02 16:04:17 2021 CEST <br1@br1>
# name: ptcls
# type: scalar struct
# ndims: 2
 1 1
# length: 2
# name: x
# type: matrix
# rows: 2
# columns: 320
 126.90755465481129 106.62240331259551 105.26008302104717 97.384829988766469 108.51954162544092 114.73077392232557 92.501782687996837 101.50746173123085 115.00257708164975 115.10429961233002 108.11144392054479 104.1689901013704 112.66441620203936 113.0906477582116 113.79497094815201 114.82992040996947 115.79620430130933 116.48542081039086 107.79627205753316 107.3517724634506 109.78910311095865 137.49987551124408 114.06924151708709 137.19036073045947 133.7371764819114 124.64438662728296 135.57044416768844 132.79487070757813 139.46527692141947 140.35251994321573 135.99871921095135 138.34012346155231 131.71460189710629 122.8259684687262 134.52016061495186 134.20211730779496 135.26822121533183 137.03515334665656 140.47099967270773 141.44471040675157 135.69989526972438 136.62442824521241 133.54749767328303 136.62293060767675 134.85662329619404 139.83562409973013 149.18632087063972 147.15176397643475 137.11037100697774 134.60012258757791 136.13834598103131 136.00757637729043 137.62739256322121 137.70652360787517 149.01009865776822 149.73136612561339 138.32450976410999 138.50117174407862 148.20022576799101 147.9211886254713 146.43081734767637 147.6140816372768 148.09585040074202 148.27235826408287 96.918233038146738 98.024876167501631 95.779659291550374 88.05043598054047 95.023574581947656 94.081964981867813 94.398797252634978 66.40846247993818 99.119441558250614 98.150962870211785 97.101268831083047 96.083080870367525 96.715265173295876 95.522551964574987 95.513141953547503 92.96807851358534 101.45443118619788 99.66657007056159 98.717207894048755 97.694745906440971 97.69011914687141 96.60220579107974 96.360192464994981 94.81846743848898 100.36732047768521 100.65793596002999 99.638412296587475 98.66625561798142 98.428609393052326 97.427250792709472 97.042311007514513 95.948763342080767 104.30915690194958 105.37550865561674 101.29994111902204 99.412186496669349 98.1604409349967 97.970369152834905 99.105470249655028 96.816875146716995 105.45821881441111 108.20786632644993 103.66100040142933 99.40028685279438 100.32919758279363 100.32297821785509 100.68622178151115 101.7311849317956 104.84499700490923 106.3360113877179 110.85648104831961 102.3975076107313 100.31372034972365 102.76141641372425 104.40952257425937 101.71829357087722 106.03131189128779 107.21453834047826 106.9602870237949 102.51316430541972 101.74455228115673 101.4233060552744 102.43966245428474 103.64145480165318 107.01585269833902 106.95367754370443 106.40953566965474 109.42273117851737 102.77356974580483 101.37920740585183 104.68360801013372 91.455206793045193 101.94592655357515 103.12620837971266 105.69566504984867 110.47574876188608 105.99081065636967 103.5021094284881 102.50749740951943 91.70058389369089 112.76384718693406 110.29450054793485 100.86464426958851 105.47546742886401 110.82924969877384 107.49822353296246 103.96111861484795 92.727339018970554 111.85686708747859 110.29891592943332 112.78204990441468 102.50624855395374 110.95280719636894 108.18272439317451 112.14885408992949 114.76175071586172 109.19404374137733 111.42739365149438 112.32000742015946 113.45482138133843 113.34503643421276 107.07777948238429 118.71632917553346 117.36851321673896 109.18347886365775 111.36437715960768 112.29257393526672 112.15110578393846 113.64636680894428 114.84042482367725 112.67769681635249 118.41508990458931 120.65801152506835 111.22782388543497 110.64998377438128 112.53983560808949 111.20688451445743 111.84507299198738 114.4465301490732 114.29656184600135 119.4087103329631 138.39537953027218 137.23317997837211 113.18680444357565 130.49274278475443 113.82727520111042 116.75793346033882 115.37579875335702 136.41105596178465 134.29244536508671 133.49469905129789 131.73428388180008 133.30368307016653 131.65619126270829 129.36586855584989 121.74581502348822 133.69321727675336 135.30481202099696 133.52337858410459 132.67538252808319 133.30160991358488 132.53232207739254 133.19077437340738 135.02437805700737 136.59407032566529 135.39965246445053 134.20141115046539 132.33971194485375 129.77369807060785 131.30137484327184 134.25930993400169 137.35301152185369 134.55126692784663 134.37805900082864 133.5241593788455 130.09137140104005 128.23648176355337 127.85127893628652 134.40840424259227 135.52710742021691 135.24851490914151 131.82808151165392 133.31609066235788 129.41772325972832 128.59410991090058 136.58358916884524 139.36295486873527 138.22448911703626 147.17711351272149 132.45066844160038 132.16584049571102 138.47230876073209 138.62225210943811 145.08001742429641 138.69986656194885 147.71468994943623 138.20276846706869 128.93758550510222 130.67738861829409 144.99201754266679 146.23965116142816 143.47770496574779 146.20529228969903 147.01728302755293 136.89368518507547 129.00142887808539 146.46647190606359 146.00822585818483 147.26560886946172 146.23301550418412 139.49596927212107 126.79274659020464 148.08169887715283 148.9556189047486 143.65886447445709 149.39768372206217 148.05867194519212 145.63187840183269 148.77208185200703 149.92969536568418 147.52287150377671 147.39407104759226 147.07560184848614 147.59250422007628 148.11237227107856 147.1757744270416 146.9353195776726 150.15460317248017 148.39526653535006 148.65196298130138 148.31469461919679 149.50901391126661 149.10875549570792 147.87784313688798 148.81912618460581 145.86829100416435 146.38312146464045 150.94234394325406 150.12425174836741 150.21585706141397 150.38915459854167 149.08319432489159 148.59644978457811 149.77967917980104 151.29921153207403 150.61003274303471 151.60501007774641 151.3830333912511 151.42284941413982 149.46317773144679 150.64597030172027 150.94769147520074 152.72405130881731 151.66334357857053 152.62887434051862 152.35912498603903 151.51751141149515 150.51419452539417 152.67113848036053 150.89506742883671 153.5469874826434 152.65614797574722 153.54198117948485 153.10886716901251 155.20727539151463 153.78407622631204 153.50446281037364 151.07618303346808 153.55173812757477 153.57211866166827 154.50846146866962 154.22059216568329 155.25338746985042 155.16701687873757 154.63354510108283 151.77687303219358
