# Created by Octave 5.2.0, Fri Apr 02 16:07:37 2021 CEST <br1@br1>
# name: ptcls
# type: scalar struct
# ndims: 2
 1 1
# length: 2
# name: x
# type: matrix
# rows: 2
# columns: 320
 180.81393499359154 80.331706692258223 81.241020030199621 57.944262933898599 85.362565927248198 107.16199947764589 43.650385662760428 65.020366097225832 53.928112088371627 116.84254956221842 86.083847757462181 81.66665295450639 101.45227447806585 107.2783783419391 104.91664761417093 109.40808054356067 37.369280742412684 71.325685370895542 81.808005453392852 82.7458161759115 86.684950416662303 153.8791879297917 106.15106857242223 155.46295353535686 151.38103644672049 140.84190772803902 152.70794165935467 151.68764123983595 158.60476070752446 155.92473419799239 144.47641788455292 155.46886445062512 151.61984508868204 132.09301487060577 157.17932767557704 152.74129640197535 154.44047650892117 156.61460184575236 157.99274534088397 154.77556466045434 156.44813233721317 157.94817450037351 151.24460320072896 156.795698232143 153.05606105852377 164.46977760529015 172.20486527670025 171.06023216140852 154.89727833064347 151.88663356705118 143.80604248045171 155.97696101999523 158.72128668491402 154.06669992957819 173.62612512685709 175.38807486822353 156.29169815944681 168.41657590448426 175.53982941881395 175.53773342113269 173.18416049257323 174.41483345039987 174.31470970780939 172.88338407246812 70.265523492843244 71.798441185583087 70.585777560913456 45.372902713232776 71.882164820313619 71.419135455339713 70.009499111386575 13.890952000450588 72.947220006482297 73.116523652973669 72.688564891732256 71.630836882532392 73.727197109212611 71.982003277437641 72.550441725483935 70.997728381136824 80.664332549183285 78.704897640221063 74.455651073128095 73.385195894929893 73.736734511483903 73.066026294057565 75.11926209974034 74.046064932184535 82.377110937947037 79.583153486537412 78.050322883656463 74.03478092297226 74.892358985619921 74.429554266502137 74.792689831022543 75.163773084547202 105.96930504055031 66.114253834141252 79.701144930308487 75.068036236560346 75.512776240690869 74.294356503157687 76.275295549862577 73.179236624124144 82.486842199702977 84.740990108973449 82.335870971030857 75.893122219809854 76.706052763245197 77.023802024954023 75.944769130779179 78.366701612241059 80.169846157805452 84.289987250782133 83.567865942388948 80.439517869478905 76.875180607939058 79.277029548827727 95.161341117512904 76.924308378341621 74.225062583520611 85.871512938035366 80.761891435659223 81.340074988051882 78.854664673482446 77.414273332306621 78.011749503900745 79.093936951851688 117.68728026554615 81.014627898979128 81.769554827431747 84.072425466344086 79.837488690074565 77.66944898701513 80.012933920002368 43.301834599490988 77.213037446161238 77.319069508877391 84.685332959072369 98.239868358993249 85.963541745091916 81.67988606363096 78.324873118127684 39.228678974649398 125.91047313263174 120.65217472629003 45.66376066001547 83.616312585092075 82.691911840464513 84.772088072855439 80.609787309341129 44.376629302463165 205.88419930236381 128.60026000239341 140.18375774159585 78.251873778441691 81.760132381139769 84.947537979377486 106.11411587615507 39.095414386619574 123.48319670134866 118.99708699526187 108.56635124939433 105.52145394637969 72.61746054725522 79.072345337732003 55.042383596048552 72.038325198512467 117.70258988800637 122.25210045672134 124.20310944460178 73.685998787318141 38.209966412054641 39.235763055681275 91.950115905588092 71.274003400240744 118.36613667172972 104.69251933046336 96.207176927503184 70.682385357050379 96.432565067822296 120.53873685583083 120.78463200523066 90.611718182196981 89.811130097081588 170.8083037870648 141.22961192388141 71.319579279746293 160.40599389289028 54.836394503600026 53.697828279367705 69.931129913551402 140.94412124456517 145.0399223178083 177.42643189260735 166.27928253995236 165.12108070854495 151.54440104615281 120.6161105481617 126.75558235692975 136.99617139420414 136.02550758026368 151.38894083587181 163.77426524890083 159.43777962826638 150.12619332071984 152.55835599135082 153.82167740487574 127.21617507553991 131.19161836166754 154.93607808312484 155.4364524555379 152.72565840364501 121.05872040324601 152.72588216433624 156.81820265067159 155.80049466420431 122.17755550556694 153.67169890887772 125.26652145396478 127.91088638806299 123.6216662917297 155.29081722472822 150.31631542461122 120.07618801579616 127.56597867180278 152.28068853000158 121.48123553018424 204.37613631009634 154.50100541764127 157.48669261613514 153.44908703949019 185.13315195859312 122.32672562290615 153.23307958230254 152.36705270371323 157.36198078568611 169.47560984066939 166.44542476369401 174.45396978213995 146.63993236849919 97.067527667014417 129.00585760872988 170.54563177174327 170.66196669417721 156.74506185078226 171.98035380497194 173.14179580213548 145.39618688711599 126.84971152056761 169.65138127919661 171.28387286559266 171.7032568638362 170.59641979946247 153.85074504766877 107.76130518828538 182.12389880668863 178.56039710539918 110.18155520486863 179.25014911009069 173.39938152030081 171.3815955318689 173.92736396536671 176.28130818429744 165.73858556790157 162.11815490780867 161.99952237411202 173.02356936388526 174.11019658701841 170.05704293181972 171.71527570070614 174.49188539088885 172.25829523756187 178.46218639931556 174.48780651006695 172.81356134737291 173.91357218300007 173.68339626557582 174.84224297919309 168.89215301243533 172.54103736582141 181.14853540879645 178.19845525114329 177.01655433718111 175.67401847528936 176.59811910724005 175.25661668918514 175.06040640819407 179.45562178548974 177.70267769059561 176.98219872379354 175.89152362853866 176.1395789292948 175.47678105982328 177.491194792144 181.79588247318128 178.78490478429683 178.12897692956474 177.7070823768118 176.53341882212032 176.79144359351085 175.62880886040062 180.0536729588398 176.38411042327331 181.81514341948366 180.09382655777469 178.797387532199 178.55880304341449 181.02513314029227 178.88165995630126 178.22172659028948 168.92684244886669 180.71343620632706 180.01439053494545 179.62399739525895 177.46849212385749 180.55344405952124 180.73646820664504 179.36534524605131 182.75135817847129
