# Created by Octave 5.2.0, Fri Apr 02 16:04:02 2021 CEST <br1@br1>
# name: ptcls
# type: scalar struct
# ndims: 2
 1 1
# length: 2
# name: x
# type: matrix
# rows: 2
# columns: 320
 125.14219452786716 107.91381712442515 105.30804240310432 100.45505377148073 110.6039824957882 115.44138600162957 95.670356649583823 104.34777456501567 117.06557320912317 115.9154675791291 110.53173046312124 106.27027691654264 114.828648137293 114.76509214506486 116.10260806397903 114.82516876262763 118.79670804024572 118.01231269485812 108.9905307609142 108.07375370137218 111.42545918340431 135.53384954170261 114.45055341509595 134.94517592235297 130.98824029515913 124.39785730560143 134.24817953173599 131.3241759954862 137.58173749878048 138.81079661953532 134.53422254426803 136.49225832761519 131.55426226888741 122.51236617436379 131.8847991048784 132.67840193498054 133.38228798004948 135.81061336572481 139.18244990497269 139.11629429644111 133.08372598422997 135.38218953487515 133.85494653846666 134.50231890284812 133.82433053484854 138.19060377342635 147.48886260102381 146.39778656670282 135.85642756359874 133.63666944547955 134.76883345709328 134.92892113793408 136.16773858672823 136.56758236144267 147.87220363249693 147.35769750638062 137.56928572591855 136.0455663890462 145.60366520919158 146.58917310543669 145.27894137865604 145.74262904183701 146.33591387101015 146.4072362759579 99.279049170512891 99.897950942542849 98.178225735080417 91.372639169013524 96.672321598939703 95.193949667588782 95.848195959621222 72.659315104158793 101.14841456507733 100.36650399794389 99.26505703300613 97.959913031562408 98.045630738981927 96.981723820131336 97.131878633055891 95.804863000445323 104.09451986820615 101.32820631975903 100.01337734899386 99.050107715829242 99.003981000185192 98.073506073931327 98.158495166280986 96.759471699096252 102.79949436837192 102.15581008940657 101.17030336211235 99.86645606950178 100.13342242933864 99.167099246011318 99.244060599803802 98.386316009958009 106.80648676416421 106.2102372744092 103.32535948302673 101.0454825985377 100.21293894851726 100.2585354532527 101.15378633442636 99.381752714542557 107.73076097903061 109.10779948097216 105.77593687358676 101.16198251566325 102.29702261114696 102.19985446583631 101.33556437073926 102.54794549908991 108.01455683389459 107.0015651801633 113.26541552826717 104.49976428306394 102.02811008519389 103.18701956533597 104.42714594190356 102.17337891826081 107.57364593074529 109.03434129907079 108.24010447955055 105.27888402309051 103.0547601785261 103.14162566034126 104.19554010918391 106.10192926305167 108.06475956805819 108.7654684129803 107.09676228416963 112.22767950978367 104.14037659820801 103.53042790734551 107.17425663048712 95.743826103707605 104.50356196213698 103.93025280632644 106.81868870437408 113.29293122772984 109.21844170914767 106.16939986984566 104.65735641144731 95.785223198765976 112.4727403880741 110.56599730209925 105.6501203933781 106.94375197519227 112.84855989134901 109.38435677168054 105.26118283496631 96.585242909349148 111.65434568451181 110.65588762812462 112.92192122129254 104.47848614423071 111.53421870340856 109.03364992376073 113.33905472260845 117.42768304903134 109.56010157208006 111.54533515517669 112.56058242530446 113.60052081002991 114.35073284242698 108.01099820941718 120.84431345536372 119.77152893986796 109.64562088570574 111.59889503061126 112.6925334113747 113.70540041340884 114.86172936493944 115.87153445758864 115.58040085825542 119.4721255319315 120.42266781668826 111.96317320386623 112.78708393557744 113.9137228532594 113.98616405911132 115.32502503699405 115.58462935773447 115.95597903975215 120.59494300892386 135.91713043918503 136.07216719829981 115.03916679433409 129.73183438527042 116.28740786935734 117.90211305362195 116.91848476289334 134.73995134289498 133.93186830284608 132.10366607672304 130.80996502084409 132.75510526595414 129.74490831098734 128.16208391607046 123.27361707159771 131.89587435689063 135.30330223523981 131.71735882190796 130.767604579427 132.82407542772427 131.63276305309384 132.59163392857059 132.09777609073242 136.58410924682289 135.70280393702885 133.72411041965617 131.60693645548611 129.80618398592904 130.79865668582417 132.64542636546429 136.0524047788989 134.66714813924449 133.82341828041774 133.5981628506066 130.52889288714184 127.55786046555735 128.57121854041358 133.34225732552764 135.01877793177232 134.93210355810243 131.61117457387311 132.57064886368386 128.49752893265082 128.70313700112928 135.74617784121966 138.04884274073154 136.98876576847189 144.22245183729436 132.34179183887198 131.3955373975316 137.30543011852575 137.64344236819386 142.7790903290676 136.93289822854544 146.48853192561609 137.44225470368337 129.60002258360649 130.58919246829356 143.06089294579357 143.98129185008327 142.83188742732395 144.77290001009231 144.77750272469157 136.3575421168708 129.55608372834647 144.20652269258059 144.84138915991397 145.61910612816325 143.99711434999361 139.56737586130495 128.27423604065277 146.58429629566541 146.03558793387822 142.52694637639507 145.86313005498718 146.4736177295234 143.84424014171807 146.94272262580691 148.05557065999736 144.74436651756088 146.24789496010141 143.9677551463636 145.9756197647776 145.92562460425304 145.16608200432336 144.9710514326288 148.48167166260123 145.29154572365204 147.00726009992181 146.84349342024234 147.5427220365884 147.14416076178637 145.86137703751285 146.84973364703876 143.30354860792735 143.46908241353245 148.38266817314312 147.95813266555774 148.33757498140727 148.01976156898954 146.85625284166017 147.40992519758976 147.94334818561131 149.34617196087285 148.97000783368296 149.60993200779114 149.00404608044391 148.90650920649136 147.77623055548094 149.54410472426864 148.98164767150899 151.22093259816577 150.15085209443455 150.25824028185954 150.06347077209918 149.72118279965747 148.64185501660751 150.61475019411427 149.49730286723832 152.14086244493868 150.70177678781829 151.23048157506989 150.91382889243795 152.94480669793444 151.73524716131041 151.50059349770902 149.31763613537123 152.16571097786553 151.74588003117907 152.38850793394829 152.07417393013182 153.16048184455229 153.82318322780625 152.5807366896708 150.17273491759011
