# Created by Octave 5.2.0, Fri Apr 02 16:02:25 2021 CEST <br1@br1>
# name: ptcls
# type: scalar struct
# ndims: 2
 1 1
# length: 2
# name: x
# type: matrix
# rows: 2
# columns: 320
 121.08182814274133 121.10926570556728 121.10716210007531 121.09887872519624 121.11421131892719 121.10778625875905 121.11505898553445 121.11280801744496 122.19602312698534 122.20813132605477 122.21344057619197 122.19939080071941 122.21723723365611 122.22011548607817 122.20760757626743 122.22173990075197 123.31237912297267 123.31636797326422 123.32636234654575 123.31534855618689 123.31865082501427 123.3302734894859 123.30891141987432 123.34279184397208 124.44162794173629 124.43195895745703 124.44517512125269 124.44184399366188 124.43570639477598 124.45815856370642 124.4237792569822 124.46105949687488 125.55842353131537 125.55518635680362 125.57081084667072 125.56983225948089 125.56055142213711 125.57322674275862 125.54108472380878 125.56919062717242 126.68066225143735 126.68065110063674 126.68112494307027 126.68633696085331 126.6854871813473 126.6817268957715 126.66235058763448 126.68923076820184 127.79437333946288 127.7921349763252 127.782339083753 127.78900295268548 127.80412463983639 127.79239630283131 127.77109388642873 127.792518816495 128.90592238596528 128.89762088058717 128.8814053072185 128.88604390601714 128.90698820507527 128.88201224014588 128.86799091225836 128.89962439985209 107.6220302890727 107.63955022948133 107.63892893469975 107.63877642401941 107.64392696778539 107.61500333620806 107.65120981464278 107.61845539813218 108.73730448987712 108.73732047205372 108.73943841469259 108.74032198234598 108.74603015138355 108.72189182679736 108.74955590302142 108.72932234255133 109.8506333320171 109.84269337322951 109.8409357028297 109.85318084969093 109.8537013664271 109.83112135330698 109.86003206616087 109.84428364571383 110.97713724842524 110.96461776061072 110.96335233239164 110.97934754688811 110.97249439208105 110.95272809434162 110.97721222073288 110.96026858127554 112.10527255702769 112.09082162737647 112.09251943934653 112.10158010996697 112.09831640304888 112.07965902605477 112.0936183149243 112.08446495113921 113.22934294808641 113.21799029789352 113.2221970167376 113.22510680441727 113.22192152451903 113.20244855212968 113.22346770350552 113.20401374316411 114.34936983133447 114.34677356313013 114.34873203098695 114.33896326689477 114.34556965983654 114.32592441510053 114.33414233807027 114.32859804540205 115.46819987368447 115.47327706913906 115.46845661079077 115.45683974364793 115.46971555666158 115.45594252469752 115.46284129197569 115.45282733085364 116.58821725683495 116.59447458204359 116.59078523119715 116.57138151887548 116.58933045323528 116.58267453127993 116.57977000905177 116.58000797525199 117.71408150845372 117.71106064740249 117.70883190084811 117.69402804392085 117.71810121538454 117.70391784220975 117.70339693570611 117.69914820241075 118.83556761675251 118.83183569716698 118.83685744799004 118.81600869131077 118.83061029846301 118.82906628471314 118.83061358095563 118.82227732836436 119.96188101949042 119.94402224402036 119.95077908099842 119.93810965127557 119.95481995593148 119.94625912270023 119.94695316638892 119.94875978139537 121.08494748513785 121.06221485243066 121.07320890381624 121.06626606624918 121.07152221103949 121.07014121812698 121.07257111100097 121.07066189267952 122.20246386015671 122.18145128997304 122.19130790670215 122.18258853052613 122.19224060041758 122.1821192200147 122.18938011093663 122.19321451486638 123.32255233380036 123.30546015853908 123.30898630198587 123.31074999819926 123.31930333103476 123.30310938722425 123.31288739690446 123.31765275690054 124.43814902305989 124.43376385418146 124.43234014574654 124.43401883242412 124.4443801751769 124.42254732550512 124.43734660958606 124.43561972123403 125.56724241733183 125.55813098610315 125.55547324260907 125.55698203840811 125.57143773418782 125.54109467587301 125.56591295515244 125.55849039364365 126.68533739170027 126.68164839288958 126.68149827232922 126.68388926026454 126.68848902025941 126.67228226139939 126.69252519269153 126.6822542255958 127.81967494766889 127.80692868393953 127.80659796566088 127.80819764807383 127.8088198886413 127.7930095457167 127.82075622741789 127.80395172852437 128.93931245237152 128.92493138578561 128.93110422778517 128.92520734633666 128.92719468671157 128.91463009112752 128.94564995598711 128.92053580374071 130.05943632709764 130.05042092360523 130.05187350374817 130.05066192742566 130.05471264612555 130.04614755484553 130.06818931980834 130.05051638836585 131.17837299846954 131.17354487535908 131.16783691441066 131.17314688539466 131.17327240339662 131.17085741803214 131.18627803822861 131.17273279235789 132.29525817359348 132.29284965418714 132.28767103763158 132.29710098716222 132.29457163969414 132.3015468095011 132.3097425595202 132.30246547444716 133.41877464642133 133.42005153459726 133.41138642796446 133.42353347102298 133.42297835030072 133.42723648380255 133.4255368738574 133.42597105801687 134.54571170211614 134.54063405028108 134.5372771153468 134.54809023441138 134.54443694643354 134.54479417538656 134.5492623863347 134.53699298895503 135.6728506117388 135.65984835888506 135.66121805086786 135.66445436445426 135.66682543728379 135.66507614091182 135.67095767038293 135.65834376827726 136.79315743990344 136.78173434734722 136.78622865941796 136.7856925391884 136.78802636747295 136.78864789080362 136.79972432566942 136.77295839288328 137.91557225279414 137.90142427361994 137.90553976748791 137.90796330805912 137.90258906902335 137.90445289123241 137.92220961363603 137.89494753916009 139.03496059560351 139.02185575438759 139.02956134742837 139.03429688040677 139.02915371587062 139.02489656039768 139.04407495070626 139.02307872809322 140.15608140448751 140.14990617786438 140.14411285122253 140.15300624508217 140.15118139103092 140.14269918404227 140.15277949556463 140.14260267596532 141.27275222974976 141.25816098435308 141.25162090741557 141.25907496470344 141.26353110728814 141.24522467113877 141.25829109151064 141.25670437764822 142.38361420600523 142.36241114406431 142.35117409407542 142.35700002159456 142.36653473473919 142.34383267087307 142.34992598089394 142.3701447496168
