# Created by Octave 5.2.0, Fri Apr 02 16:05:05 2021 CEST <br1@br1>
# name: ptcls
# type: scalar struct
# ndims: 2
 1 1
# length: 2
# name: x
# type: matrix
# rows: 2
# columns: 320
 132.33943196849464 100.00533740655723 98.197393192882288 87.937987580414884 102.59174254383076 110.75266947973202 79.793508815556237 92.76803762727755 107.36219032993574 112.60839817602518 102.78707703196122 99.036302583603089 110.86535138761272 111.72649166959548 109.5394141687737 110.06685840996958 107.65714170296769 108.48771024070392 102.23287755947473 103.62930375289861 104.57500145638105 140.50099626352716 110.90617333513457 140.69678197187937 140.60424721246014 125.40293838630302 140.83544860827502 137.32008520632252 142.87428149176498 143.88509942920373 139.68350351839067 144.38942669189288 137.97277347368214 120.94097813869659 142.44870629429815 139.25477572991798 140.0052902005811 141.63466410865482 142.72142315284873 144.78841854072587 141.45149896071973 143.75051825517491 135.95413380012766 142.85972521138771 139.53473114525215 143.91629552824529 153.37305336952213 152.55860067168888 141.14281960940949 139.55299331410842 137.94700007768316 140.93386788643758 143.83523017520022 141.97141859314993 153.75271074563011 154.44788505391119 142.87276066806356 143.9398591088862 155.72418498698164 153.08911095370181 151.9562523844084 154.23015528523069 154.18001033010327 153.39468198800907 87.623694721351228 90.283622957551515 88.851461667556919 77.828272323700304 89.069497890942401 88.094775497049113 87.001537778123364 47.175069790023628 92.276554911043277 91.182955612441944 90.177653548598926 89.246573973587914 91.165275098742143 90.318720075686883 90.125423157337579 87.348211667102092 96.752748290843542 94.769429846798531 93.532819378340179 91.421146116143731 92.115888613138011 91.152276721637705 92.284898253689676 90.354962123633058 96.449800957033645 95.874774280841493 94.945810205265914 92.786287708594401 93.447000168461898 92.195580631589351 92.067477792648219 90.788445511373041 102.32447123386918 100.18380498496381 95.593179368496934 94.071502877675812 93.307536432410686 93.4516111801818 94.653098182740507 93.630907705086855 100.18763280962963 101.0190513689344 99.080936522966184 94.484719201652268 95.513497370944251 94.315543587134457 95.659823698094613 96.396294884050945 99.614842728620346 99.936141480004139 103.31008667237747 97.121116568686247 95.193023025322361 97.715753564304833 107.6373056174001 95.40970166619401 101.24853106441164 102.29613475146922 101.19272229721045 97.597636330371529 96.042663219079259 96.525546193165766 98.601701186751043 99.16825001261283 109.56657084220498 100.45284541220936 100.16129074455121 104.11570918445652 97.401467859016762 96.462526463486668 99.231058823649178 80.415096688947315 97.286791042384564 96.163093172827132 98.796126321372356 106.30120878159082 100.72665569409588 97.911292574679877 97.605392985539481 79.132462954998317 120.98963171543858 109.01778265224341 87.64026933447164 99.903629823800586 103.47695359771767 101.71900334077452 98.340950410375626 81.660039418192227 110.99690225867577 110.14721886833421 112.14449820888362 96.216278671018586 102.24962911713361 102.60569808747967 108.48669829707113 106.22837734180671 108.93174266454085 111.06780060574145 111.58977205778189 110.20245995338909 110.84675696609759 101.64536046826159 106.50196657179055 108.52992901948298 109.90766332818376 110.11725117292438 110.61228695501805 109.32901026048336 110.86674230474662 109.50185625227191 105.42885935580837 107.44703797731809 117.99550193497379 109.39895276983543 107.28998678291606 109.28096772882623 108.38201841065144 108.16041634685328 111.36340671117497 108.29239038019259 119.14540771511685 146.02076134900187 138.25781647786047 107.2559227224594 135.64794691265379 106.35253087799181 107.40801495960238 109.94092538480317 139.52940064457977 136.54093041444168 137.74654352412804 135.97693062067836 135.49485478002055 134.60346957275743 133.06982129363274 119.8948061112181 137.32028348663275 138.61643162406858 136.45939206565126 136.78524230748314 134.17725263047595 135.56801650691656 137.04389548927296 139.99821224928891 134.75341837993386 137.75581964125064 136.7675531822851 135.39234569875583 129.90723965989457 131.29687024564925 138.0891051221341 142.09354274873718 135.67085408662794 135.77709846405418 133.7414432315224 131.66649527557027 128.27284993263655 127.38763204018649 140.32641111596109 136.88920209600815 134.34078531608898 132.81338970741098 134.66797849490172 129.40394123997288 129.29498885900651 139.10946120293406 141.00564754438318 141.6161074624716 156.26838020634344 132.67063007211354 133.40367626117228 140.3253730021855 141.84499313736671 150.74814210521177 145.15159234932398 154.96894117323075 139.60837901635313 128.76838393732922 130.32809788593218 149.92451106364848 151.94242655171021 146.65551499809138 153.45114731505774 154.61770114510389 139.47778796376127 130.3592918653232 150.95311715727598 150.11871266454645 152.8440650532435 150.20209485313575 144.81325873559248 122.23431751190063 155.74435274337188 154.88506827655442 136.85265503967861 158.11552121280917 153.6835852020194 152.2131306166475 154.49591413755942 155.66939180782973 155.82371916667879 150.92076670141029 152.20390328376243 152.17751130269804 155.07222851887119 152.48603513360175 152.81970286488283 154.89312584442305 153.27434671168444 156.1398135731057 153.84884248774608 154.30882977696774 155.23773386123011 153.88452562251663 156.1292254529626 153.84370084811331 151.18356399835037 159.28404783974273 157.00289844365716 156.33560113522356 156.09370002299158 155.02624109843853 155.27210600272562 156.49768421127379 158.48292414207333 157.24576085087159 157.23260308212352 156.5471262149226 158.31616603205873 156.92822966472292 157.95061882881393 157.11737922571663 159.4546799497989 157.38371101575316 158.35587651034166 157.60147746376811 158.44555162466588 157.28537784655126 159.11068788715519 155.47626446043805 160.45870668725294 158.34221626172118 159.7794082276593 158.90580450444591 161.91014719926227 159.65943105067376 160.60252323253721 155.2161687611819 160.24973878352364 159.44070419376777 160.87121801173717 159.44588705128919 161.80673415557013 161.26324587850749 160.22041417241547 161.91964657067376
