# Created by Octave 5.2.0, Fri Apr 02 16:05:04 2021 CEST <br1@br1>
# name: ptcls
# type: scalar struct
# ndims: 2
 1 1
# length: 2
# name: x
# type: matrix
# rows: 2
# columns: 320
 132.2036350356525 100.16024788462258 98.310999082397274 88.174158640623673 102.75166125993303 110.71836261442613 80.124674632510008 92.986523229876383 107.62384150736787 112.6707957119328 102.75248995827833 99.30065323494668 110.93947010343592 111.76084274989702 109.66773733124472 110.11449061224076 107.84988232723114 108.63497202556546 102.62239693718357 103.71441603176949 104.70136087450283 140.55143295915266 110.95338492173003 140.57955061073133 140.65456069366905 125.38397459232752 140.62758559394493 137.20695484385391 142.60638508100845 143.60245116233187 139.48012594175989 144.06746298337697 137.86505684723886 121.07432438169803 142.34209517495361 138.88387831564077 139.89236625505097 141.45808400137318 142.70621367241952 144.73307850642755 141.22796046158598 143.68325090229348 135.84297111776434 142.80945074427885 139.38372006620656 143.77253070404873 153.16572393191791 152.40757901603035 141.08129131898937 139.5858117377351 137.91872068220087 140.77705019817239 143.87364070124667 141.83848062995915 153.60837010303851 154.30795360666158 142.79396639937829 143.84718811441971 155.5240852321057 152.81884360066752 151.80315837606875 154.07005169859784 154.01135507605429 153.30961444647744 87.81767840982684 90.392837154566394 88.969266348976959 78.083826415121308 89.100120592819636 88.148795608735966 87.098273146122594 47.655904607271509 92.470276106278689 91.361785768768456 90.499326070911664 89.527521773659117 91.325156720741916 90.30941082873214 90.253479517131581 87.454486619143168 96.959121683444565 94.755726216438916 93.672409051091748 91.524372138993613 92.364015355037466 91.331244015235498 92.420390773551787 90.745522327444434 96.675679769678183 96.13991657214072 94.912586330031814 93.068445694272668 93.467623625571491 92.365849422730662 92.089562352136042 91.040461709751071 102.20725747077185 100.41179669261304 95.791952984859421 94.074789407573689 93.515734861528372 93.470780415195662 94.730829490609182 93.738055497567117 100.2777769606397 101.21421194478276 99.183944349018688 94.632539478882208 95.747005912049644 94.400167209213976 95.899600577949116 96.673102203623358 99.64798166042668 100.19748652936906 103.54270363707768 97.145446668433692 95.219775522519768 97.740097997298648 107.7355415583441 95.560207081116204 101.45806369244409 102.27740627672554 101.23981655515124 97.757946236865848 96.040781870214033 96.910144632359916 98.598100738698065 99.326598367420956 109.50262824832041 100.77285786885206 100.206548665729 104.07442980294194 97.36284749210779 96.495889396653837 99.392940275718743 80.787392158083321 97.376988996556321 96.473638950400058 98.966689289266299 106.38256152689821 100.85092293043618 98.083392131536016 97.547725047941313 79.446665978465631 120.78459977166062 109.05443675933338 87.970793024821688 100.08003964679612 103.77525637167587 101.75519846216686 98.516734852857425 81.826970221535362 110.93362509174855 110.12331665680986 112.29210678716508 96.263426137327102 102.59292132369158 102.8629043178868 108.57825219189259 106.58876235912506 108.96339139489814 111.16569960414458 111.41830162815461 110.36360202465897 110.91361695014147 101.81160885478202 106.76361406248974 108.64568656738413 109.86906529675225 110.12533516684495 110.48474339548108 109.29663845709464 111.05710720714984 109.71081378307986 105.66054172737307 107.64196692866579 117.97027997603951 109.36835081741856 107.34481816340892 109.32549191412444 108.38184599865875 108.40237356354804 111.7244438630409 108.37230462527043 119.24377497924968 145.83012680353363 138.24575038247406 107.32066137357417 135.63609862378399 106.6430851933053 107.55454456663207 110.1035786673291 139.52440428973031 136.64064417541144 137.47740951764189 135.84516641612953 135.45527545893742 134.44598727579196 132.97722247518817 119.85485984927419 137.06620254190562 138.55790837308339 136.30750796877027 136.68669418578921 134.23808761441902 135.56925759817611 136.91610288619736 140.01709186662612 134.88010390022899 137.7040161145822 136.69568392128832 135.28857510260488 130.05578603604181 131.30216831108186 138.17678471638843 141.94887315462327 135.71656915472093 135.86050450386662 133.73952828045182 131.54248209986477 128.29299280218549 127.35592513936294 140.33833779944061 136.78072313240153 134.43305227264639 132.93814053500856 134.48358093282695 129.23671777956233 129.27172900831403 138.86559835556139 140.9930893962354 141.52720029090332 156.04109853900289 132.55846728963795 133.39482310614827 140.38303571231228 141.66239887292735 150.65329252069986 144.83535378947656 154.87823264877267 139.56852267527617 128.44115857564307 130.51496820484846 149.91357204400924 151.72759765022388 146.57606974728279 153.20161954663939 154.36858583163612 139.41790147163897 130.32101948078605 151.01129343593581 149.93998279711616 152.59131183187057 150.25911668369176 144.70884967325728 122.34827823885823 155.67003856502126 154.61957987395436 137.06266369979522 157.94701590762816 153.67416166707434 152.19012332653324 154.37881759740802 155.37044506357299 155.7804990204456 150.83259931006484 152.06537987834446 152.15090050099315 154.7775506961965 152.4331226120502 152.48808779888057 154.72125463081716 153.27857351108068 155.91032161548176 153.63670484245759 154.16570719838595 154.9884587409652 153.81199291228415 156.05000906551064 153.62505205021716 151.10270416806733 159.08660363039857 156.75450593453493 156.07931758470104 156.00275742184334 154.84259241046527 155.18327930902936 156.21588121574868 158.22519356004435 157.03040220860765 156.99759213596224 156.24811512068675 157.97838516563584 156.74411329451596 157.88819508666512 156.68694357031998 159.32651917828363 157.25945552633689 158.31901100957106 157.63360191504876 158.32427590216022 157.25090450397838 158.90860293925573 155.56332549330367 160.40871189381969 158.205620490721 159.48101623818997 158.6778744125852 161.82905318674489 159.37251805443779 160.28939143013071 155.10821070064895 160.24979301424682 159.22347545738208 160.66942778636948 159.28704550799824 161.75681885110291 161.19840332663662 160.19614594858763 161.6642538937231
