# Created by Octave 5.2.0, Fri Apr 02 16:07:38 2021 CEST <br1@br1>
# name: ptcls
# type: scalar struct
# ndims: 2
 1 1
# length: 2
# name: x
# type: matrix
# rows: 2
# columns: 320
 181.21845772200135 80.176796214192876 81.168401963860376 57.70809187368981 85.385088529230259 107.19809307781271 43.376784044290822 64.801880494627 53.410637456217806 116.78244890291118 86.103544937397061 81.60010233679634 101.37815576224264 107.19373969204403 104.87829641824439 109.40862608336742 36.641802690844358 70.877494683475391 81.647870627515474 82.641487266781894 86.504944732258224 153.74776994240057 106.1611951228589 155.66484542926599 151.53730127194549 140.87693722382448 152.76194390141748 151.80077160230456 158.78405460185641 156.11609027700169 144.77770734908495 155.66027053461536 151.79110421336063 132.61737423495879 157.50739587310838 152.70278534306328 154.49287742998663 156.71673740967665 158.17086616070492 154.93024054340802 156.60904741600518 158.01734941343361 151.43103378598451 156.83237295278104 153.19998843288201 164.63938952895026 172.45181794628101 171.0586412896925 154.81497240490199 152.03349527815831 143.86227230845958 155.85087640048459 158.63673895268107 154.35223773884979 173.65769338579383 175.59024015277774 156.35098043991275 168.21426557381676 175.75113051349618 175.69836147419832 173.04234756609574 174.5556014900836 174.55905468066169 173.04558621748882 70.171027746095277 71.450326665593181 70.419979702567161 45.117348621811772 71.746422429567403 71.268682547440193 69.95349803495813 14.371786817698398 72.428299055153914 72.817219169715955 72.517037405423295 71.297440926517396 73.784684502162207 71.750821431341507 72.361450295860294 70.839772646923961 80.480746332373755 78.554620266959589 74.303363849605518 73.113594424317199 73.62394538265859 72.791858411465824 75.097595149077549 73.8526036357988 82.080024827523431 79.460774709028129 77.926670840926292 73.768475868977262 74.752366076039038 74.249571186928179 74.717172505534677 75.006032447005424 105.93189763133957 65.494169816434564 79.635484161803873 75.026377129359631 75.40144447122141 74.043346256398252 76.115980681441371 73.014994976620926 82.435391617761155 84.587437001657065 82.225922712156532 75.921856740421262 76.463995232073117 76.832741649864232 75.82995098829403 78.315759752536849 80.067404765666382 84.380313499181014 83.466916908732841 80.210154007724256 76.844777117132622 79.225091985771996 95.063105176568911 76.801190899622569 73.754177052258598 85.791805606308301 80.5057286055291 81.389235778202831 78.913036081000968 77.270903055959138 77.822793028743078 79.023809478124932 117.75122285943073 80.892002108534683 81.531499267033112 83.722210429802473 79.763493101506327 77.355759649693624 80.046503681231911 43.065395176487172 76.966931598775332 77.249627467574172 84.613410729316684 98.213452535799831 85.760616561859152 81.2913684029769 78.358681394102888 38.914475951182084 125.81587467852005 120.80144468599946 45.333236969665421 83.485742733296078 82.644735546653976 84.662435346035437 80.588358015370716 44.016278254503668 206.9192775095807 128.62001649614538 140.48170172173036 78.119530469077688 81.472479759970867 84.734339624576236 106.14302364647116 38.462532828372709 123.69609468655521 118.91919211230473 108.17655715577078 105.18232165723882 72.083247853234241 79.064942525920571 54.570923627748471 71.612397129931765 117.63210634977114 122.3786962578444 124.09894911620681 73.307166190478341 37.577371128205819 38.667805699898281 91.830647217884149 70.894462289642163 118.57023234220614 104.60615424396762 96.00089085957606 70.453125968524375 96.356748817878284 120.79978014847815 120.88424899395113 90.391017553535349 89.867129730175094 171.01543288436062 141.58841504178045 70.955854440300072 160.63984892928397 54.251075359433294 53.244980140127332 69.788370501016104 140.94634054809313 145.18088288715876 177.64688740331488 166.67337596012035 165.6143016385283 151.74938708644339 120.75693107919903 126.72489041983582 136.99901299787405 136.10067906385672 151.45717294253183 164.19127956126914 159.7700571758038 150.33676928061877 152.66434145213356 153.80183364840326 127.06946073960648 131.17259450751973 155.05493607732225 155.82043562838601 152.86324287280596 120.82179598857302 152.84643459826302 156.71512125268447 156.17707408738769 121.91478096009418 153.75279892385086 125.04727485560289 127.58579489809885 123.76573007443413 155.45018744970426 150.42317003701726 119.93205732155273 127.47940846892621 152.72325072410919 121.39047592614773 205.35532183132256 154.81695082061199 157.75145871457622 153.49833246731274 185.36043362593367 122.0613787910364 153.58660246595952 152.44825792567977 157.51591462381069 169.7458755117228 166.60723819762785 174.45313049072681 146.70083319263622 96.680387318049839 129.00401880324213 170.78109631242683 171.03074021952816 156.82450710159085 172.12475365539103 173.41030513619725 145.4464355340304 126.56038179145474 169.75712199118283 171.52066424421091 171.95433320126375 170.82688417399729 154.00271780092015 107.64734446132778 182.70732513531581 178.99082865657672 109.97154654475202 179.50565877087831 173.67257706128461 171.40593960429442 173.99935331326222 176.54857529343761 165.7874318209619 162.2016712524948 162.05570559862304 173.2724299277985 174.59704447360454 170.31458739249149 171.76207930626666 174.6915870482932 172.59239508841608 178.46976740836672 174.74382513528613 172.97019260979968 174.06670792715946 173.90060618815559 175.03818452986968 168.83036186324657 172.58754701219237 181.2476953201344 178.18469406546032 177.12158637998641 175.81053661871033 176.84267366377239 175.47811271068838 175.15786495971801 179.73202107052114 177.94000308300002 177.19969427324151 176.10913249788243 176.31290556558861 175.66255898562488 177.65514799416127 181.99457268003883 178.95535054689893 178.22345779771712 177.84775249988854 176.78218051590252 176.79836437512711 175.64068518479775 180.20784295663199 176.69735134013911 181.94449811900932 179.98392893537348 178.96576072801446 178.6845438264593 181.28817080480138 178.96449554813196 178.26620198485904 169.03480050939964 180.79363919491919 180.01611201728662 179.78316656982381 177.4937484157438 180.85441012129027 180.7946223322034 179.38523887350297 182.92257050944943
