# Created by Octave 5.2.0, Fri Apr 02 16:07:33 2021 CEST <br1@br1>
# name: ptcls
# type: scalar struct
# ndims: 2
 1 1
# length: 2
# name: x
# type: matrix
# rows: 2
# columns: 320
 179.39810544415724 80.873893365486936 81.623585514584363 58.770861644629363 85.901847387331458 106.93338956198147 44.39494791612843 65.785065706321745 56.041531941918691 117.05290186979376 86.659463112143129 81.806730902948189 101.71168998344706 107.2269763335176 105.19395844077394 109.40617115423704 40.009228214742031 72.894352776866072 82.115742635109427 83.469843623646838 86.882359427690162 153.84465603396603 106.11775062355437 155.13394557256748 151.22919752500346 140.71930449278989 152.46542693368107 151.29168497119582 157.94846974920432 155.87024083167557 143.4219047586908 155.08398281267978 150.66760910950651 130.25775709537021 156.98340414954362 152.47060285890254 154.29091029790661 156.37990083547948 157.21308123808933 154.77055340667368 156.20846155317378 157.99516141525024 150.6684229976087 156.22498241537508 152.87146944039054 163.87613587247975 172.1443335412086 171.07647661017376 154.83794975953643 151.55049337642473 143.60923808242416 155.81999433254057 157.99612506798866 153.59280923485676 173.1834823444787 174.72800125774725 155.91201397554644 169.12466206182052 174.47876528746477 174.75187307661102 172.34318978857317 173.71578036307014 173.61948336918482 172.46171510633187 70.812928480976794 72.551183176112161 71.407152220415242 46.26734203320629 72.568816949220263 71.858942071032942 70.612189062603562 12.208030140083251 73.721107865650595 73.280600696369405 73.074416856374413 71.849985394996011 74.284632525815766 72.579396210970515 73.080676015010596 71.894367984208941 81.444742105996966 79.177903442044723 75.282465584374592 73.67927838162413 74.107631694636908 73.570951031380829 75.85429848415626 74.759094760041791 82.590604999581188 80.006127431555754 78.371352767737932 74.805507872248029 75.123148286567087 74.863343646684172 75.378539298603215 76.005135722708729 106.40494395240226 68.28454789611466 80.261229513925755 75.988598995869921 76.188710776597503 75.004195246422938 76.906975894801988 73.844255683411305 83.130270613535259 85.234569709267362 82.744503380227883 76.35465622865155 77.200530829325928 77.631372781558269 76.446723666111467 78.715801753779516 80.460154200798073 83.859851190667129 84.281831607268415 81.008177196785624 77.104153379781707 79.704130116684155 95.505166910816882 77.142438648577581 75.873161942937656 86.169475790301576 81.166669580881788 81.958600215138233 79.180848559529309 77.98660049830012 78.331606688731839 79.405388946805289 117.46348118695013 81.147056892297172 82.231050940239967 84.657783300988825 80.310271724505029 78.062114713717506 80.356135296278097 44.455197876476134 78.221420290387471 77.499854506139954 84.968972608545812 98.33232374017021 86.626865413107296 82.216691524684137 78.977839992354916 40.328389556784998 126.00758403082089 120.3946866449277 46.82059357624064 84.085251496362901 83.320055286756372 85.502049267466944 80.794342352761305 45.525076085125256 202.26142557710472 128.53111227426152 139.14095381112509 78.630325130138928 82.270575600115436 85.285485968386155 106.01293868004873 41.3573930169226 122.73805375312573 119.26971908561185 109.93063057707676 106.70841695837277 74.073026934093775 79.330257457033582 56.320923112887819 73.202076913092981 118.14602140576841 121.76139750950385 124.52950625834356 75.011912876257441 40.315189014302803 41.19180722386529 92.368256312551893 72.173893441901996 117.45506269112346 104.99479713319842 96.929178165248118 71.781495604183533 96.697921942626337 119.63356672971051 120.43597254470902 91.384170382512693 89.615131381254315 170.08335194652943 140.05762726360948 72.768470736460557 159.41583214294022 56.658257658312685 55.578862347782213 71.127909364601038 140.85252742984247 144.54656032508171 176.23042977294233 164.71359236324403 163.53016397107766 150.82694990513579 120.11475729138563 126.86300413675852 136.96020589516542 135.78842727388235 150.8160789611641 162.36572184425793 158.44647733445751 149.72322696247119 151.88071867081254 153.29818140159648 127.67186232823435 131.25820185118485 153.97644746441094 154.17832365546536 152.06316154653047 121.77289034003981 151.72706156037418 156.9127231890873 154.93706056445296 123.07251335292035 153.13052823301678 126.26786823943313 128.92381636223746 122.9382682535709 154.99719939025729 150.25671323869051 120.78683463121986 128.00960302067614 150.98617415863455 122.17155373346849 200.94898698580459 154.02287435691639 156.54563242669585 152.84986239238327 184.3376661229012 122.81640933608492 152.18278947273657 151.8232666493484 156.84794073204077 168.83013727017084 165.87907774492555 173.46216591028502 146.4152744115903 98.422518888390442 129.01229342793701 169.67365738951801 169.99891635870293 156.4670034729522 171.3931312703975 172.31361966266132 145.23182169534499 127.90444009742995 168.99993643626337 170.67899681847007 171.16758974713608 169.95364675644001 153.57432251680413 108.16016773263698 180.08190665649349 177.47829450846632 110.91658551527678 178.4329138100596 172.79509474999278 171.27203125985412 173.33168018912303 175.40783939786442 165.5676236821904 161.81016197124262 161.81856681848794 172.24286259471779 173.41469795115833 169.93296547571978 170.85904039732858 173.84761600133979 171.50733286581195 177.88357283346974 173.91882938271334 172.10087776322629 173.35075591212095 172.83020535320466 174.51379363101779 168.84078614507339 171.84141285961098 180.42977626801877 177.64625434833658 176.46064898513183 175.1443736109982 176.00485403207085 174.1846060024323 174.41897354823158 179.09824783902437 177.19012420402402 176.54705339388795 175.50491846177778 175.64729483099833 174.9100473107859 177.55909634296685 181.33668046557972 178.49292999862593 178.06121691063319 177.25193819959759 176.05471048112022 176.53858055111613 175.10705437171387 179.79864622497021 175.73950680100944 181.19852418275499 179.34766291379347 178.54489306680995 177.88012214110677 181.21934386333504 178.70278843660452 177.55559519724559 168.54898923700136 180.27651761961687 179.61138901649107 179.18938059276746 176.76674951413312 180.08899399730217 179.79910324649975 178.59464504159325 182.40562472920007
