# Created by Octave 5.2.0, Fri Apr 02 16:05:00 2021 CEST <br1@br1>
# name: ptcls
# type: scalar struct
# ndims: 2
 1 1
# length: 2
# name: x
# type: matrix
# rows: 2
# columns: 320
 131.79624423712607 100.62497931881862 98.733115241124281 88.882671821250042 102.88377259172734 110.98467905210968 80.938390765566879 93.64198003767288 108.27025199737545 112.85798831965566 102.69354285157343 99.608022366869321 111.16182625090553 111.79039757503111 110.03950645056965 110.03843269352137 108.14160763939908 109.39625131899632 102.90539500498851 103.96057308362207 104.71207593835342 140.09734586977592 111.03143595730688 140.25258138159782 140.46908461462692 125.32708321040101 140.40830865396109 136.86756375644808 142.22124779798222 143.20906431303789 138.93986952604482 143.40068895048884 137.61547809208187 121.04434918572399 141.85212602271332 138.50848119239953 139.62429306149647 141.25339011142867 142.44667125100398 144.31536781733811 140.72105705907947 143.04518734821022 135.64695709710759 141.94726483790765 139.21468196265707 143.34485297984219 153.18794832739692 152.16194973815752 141.06623299998586 139.46026991263543 137.74961259473685 140.29340840409392 143.89451325139689 141.49211028067859 153.11107001924938 154.24583492072742 142.12644157960597 143.10986935975319 154.87139587319632 152.13447765194394 151.35404760754383 153.53505073263008 153.38261552994209 152.52445635848375 88.314920654167906 91.006301357710342 89.401881657334727 78.850488689384321 89.421786706395352 88.831356915805316 87.621833671812198 49.098409059015154 93.099610944680549 91.959814886687127 91.055763255692881 89.946336355763691 91.446762342028165 90.496511953300171 90.817926181542802 88.137763210730185 97.377167652437279 95.326675553213775 94.223659589484242 92.021472993329482 92.573561188535635 91.877292858700088 92.484242579642213 91.101205451726358 97.168969590400692 96.457177487031956 95.410718956591154 93.448633871501613 93.705103713904961 92.95601338342999 92.830438012730824 91.624298087686839 101.74211288276933 100.68096166272434 96.167006330074116 94.596376977407104 93.968369864395044 93.81110303981778 95.03787420204695 93.997379319464684 100.98462981614209 101.88245324832451 99.559767930856736 94.806754447062886 95.780321064945099 95.057454583404009 96.195784469826521 97.147120601282523 99.987929788094092 100.56409823075622 104.62746711618189 97.645133986206332 95.721524715495121 98.190674333615362 108.03024938117608 96.057643248269585 102.27100437601987 102.9056826294818 101.78276405688919 98.433648283229459 96.619542913329965 97.163910501500865 98.643799002746505 99.758776431522222 109.31080046666668 100.76058449572045 100.79486166847512 103.9892018666737 97.792441788058085 96.677712779796778 99.787597046402809 81.654477427555435 97.57497721694719 97.398113477016125 99.596228129685045 106.61765267780041 101.03365695705601 98.590660621893889 97.849489003967932 80.389275048867574 120.16950394032676 109.15312101341358 88.962364095871834 100.73227868806822 104.74073714678832 101.88363502981473 98.84483113922245 82.757345087305225 110.90377688831316 110.01408974113593 112.27744461280643 96.484636984479565 103.52635331032452 103.53027523707566 108.85291387635696 106.91076327869527 108.82941325553952 111.05844988970422 111.41789330759518 110.64418709252951 111.10542875551522 102.00879985934164 107.68997893246176 109.13430142963026 109.70040008282341 110.3624690766447 110.35861293969199 109.46223648362562 111.23147873189717 110.41391937943595 106.25094220339935 108.76766913233804 118.07683890521677 109.41186426299595 107.38914603869659 110.04315069698552 108.38020958616076 108.80077542478107 112.38802091846559 109.22098458118124 119.35665196566795 145.2582231671289 137.86715556421098 107.84112855371895 135.49077793072126 107.23183019831581 108.29757876926988 110.24541923303268 139.30696476416077 136.65636523921793 136.7645874396425 135.62553136605825 135.43949479958312 134.48750060658369 132.69942601985446 120.16503498842076 136.08349374525972 138.2014507160923 136.16180447492235 136.29805845878622 134.42618063094235 135.14603772518777 136.69394255384259 140.19044311210288 134.78803985670194 137.7449519728417 136.67317657679493 135.13464453362923 130.02440240902001 131.53617794435388 138.44438190504385 141.72918681414609 135.7310361314585 135.99233987540396 133.71862019600223 131.4011507965038 128.30584101761121 127.17967477615429 139.95418027185877 136.66638013988387 134.70985314231862 132.64249732114172 134.60513979403322 129.16943116377135 129.05692376211684 138.60854665554092 140.96837268904488 141.01779856438631 155.35925353698124 132.54553064651029 133.56696775250873 139.83813232174538 141.28956151574215 150.24990060197356 144.47473751766304 154.50069454262376 139.4918980896953 128.12818443773864 130.82597603367745 149.84078371710342 151.50758682471781 146.33773399485702 152.75973186841722 153.88494372892274 139.19529755762213 129.96569915542557 150.96026216641729 149.40842415123126 152.50756442896184 150.71655162561177 144.16060867734515 122.69016041973103 155.18834072483898 154.08186997128468 137.69268968014507 157.13228318591283 153.11734978965541 151.70107184228362 153.81026008230316 155.01514836603781 155.2868384562326 150.56809713602848 151.86860791534744 151.81644596358203 154.15384826815099 152.31118160062513 151.77283463218961 154.11070794451132 152.9568171184919 155.17057154250017 153.28464375255817 153.56135980089081 154.37287037970438 153.80299351161426 155.74467549481838 153.3222516585019 150.62571760775597 158.36816748368165 156.01680079134081 155.51703868427825 155.19052591075618 154.73165718156955 154.75797366825074 155.92412291377605 157.56490649231853 156.32116700446829 156.59556729106998 155.85191969038382 156.96049666667778 155.97137824741279 156.98751690000279 156.14796521614019 158.92613526863329 156.7612784494016 157.75945129124165 156.86450784819121 157.82069044578347 156.75256442330104 158.42261096243632 155.40487148371986 159.96447888202138 157.93430572322075 158.84966294288478 158.00997543561331 161.4161019831441 159.34399061686941 159.80678403754217 154.7843365190501 159.59394662535928 159.00611238908704 160.26714309072617 158.70697960308522 161.15122003889778 160.95092560584723 159.62746828619828 160.76401963325037
