# Created by Octave 5.2.0, Fri Apr 02 16:07:56 2021 CEST <br1@br1>
# name: ptcls
# type: scalar struct
# ndims: 2
 1 1
# length: 2
# name: x
# type: matrix
# rows: 2
# columns: 320
 188.49986683337778 77.388407609016639 78.347542441729729 53.457012789931596 83.017025357023016 107.29534042820877 32.66992884859463 60.869139647850055 43.937931240008716 115.70063703538089 83.199224966328842 78.795509015188188 100.04401887742497 106.09588250752486 105.25014096461629 109.41844579988894 24.557179154616843 62.810062309912666 79.526210313877613 80.217104274516586 81.765019442950745 154.93036896940907 106.28658310257806 157.0729571303506 153.68019863334479 141.50746814796287 153.95953121531508 153.83711812673954 162.00161762177723 157.06950586917085 150.20091771066154 156.09048775371477 154.31617525800911 142.0558427933131 160.73678613621303 153.8018737309124 156.04241309897165 158.81304199307101 159.12526253649619 155.88512908610707 158.90406347810026 160.31666225365584 153.40026124867873 161.81962257766293 154.97033941992424 167.6924041548323 175.13318035414437 174.43051319076491 156.92654711739431 153.05032580013221 144.87440921260128 157.9766891193224 160.20296978717775 156.98779116576904 176.22292114845951 179.48902959740116 158.17948299595054 164.06864982514361 178.82562352485223 180.55912083040178 175.49479153986445 177.37639094124293 176.83051536878614 175.50761833277392 67.681188431578477 68.696379395863133 67.938185546957214 40.517374976233697 69.080202040378481 68.72352848608611 70.227754942674508 23.026813528158989 69.659430679537223 69.536273773653789 69.646785686426526 68.586907923270616 71.685866269894419 68.570168937787926 69.638394361306354 68.834447262940444 77.719963659987428 75.849154132887946 71.181034840365328 70.812180281892111 70.733258594880112 70.184590783896581 72.51024784081747 71.128860513171048 79.484080050524895 76.511222459312705 75.543555714654644 70.886797452861302 71.740504768640648 71.685427295724622 72.533138696558566 72.191829803170677 104.3800870596516 54.332657497711963 76.854805977311912 71.999183267605019 72.666652054865622 71.126147996903285 73.549674153118886 70.112181973938249 79.815642413180839 82.226414417782024 78.883200774834535 72.951973929176461 74.004114372803897 74.602060598569224 73.480404571527146 75.633709526561731 78.69452546313768 85.888000661180143 80.70025740913276 77.438095784269038 73.872990445309242 76.668656943247683 93.294858239577025 73.947024534713947 65.278237489542363 83.258233226387134 78.31346504682466 78.67785634720498 76.418549754423523 74.904955330828599 75.271914852346271 76.328505388298197 117.90406162178742 78.81808086732137 79.207911422954922 81.056803272699199 77.325285366160756 75.315703223057156 77.592809519612018 40.872507920041507 75.470231380386949 74.315090992215275 82.902036353838881 97.737967718318316 81.192230980876715 78.761599112325584 75.981108815504413 33.258821528770426 122.30573499635784 123.39945815736029 39.383810543364547 81.149326293023165 80.195119328765031 81.761595580190658 77.883623220475101 41.24896309685262 225.55068523948461 128.97563338368084 145.84469336415145 74.488725597868253 79.105582281915929 82.152664450820041 106.66336351216088 25.931396888355582 127.52825842027316 117.51708421907622 101.16026347054688 99.077940452703018 64.151157181804876 80.745175318540305 45.338729025713121 64.780511054511962 120.87499944160784 125.19700855595397 121.18493893280095 66.488179447361944 27.085503227673282 27.679012586629224 89.680210839213174 65.528428069064276 118.73048555827702 103.05158268704444 92.28774163688783 64.793271018256121 94.992056318886071 124.91655752483646 122.67735479091959 86.418406237625973 90.87512312585821 174.50089561442107 144.35646374976886 63.499684650451933 165.69209844018408 44.43120149054598 45.281920917761127 65.676746961817884 144.67669542579114 147.71817313546694 183.8017487047232 174.49136406378096 173.25257086945251 155.43913581167379 123.85868412120081 126.172435552145 136.76620451143731 137.73772312102594 153.7498624528159 172.21293815203754 164.90819417566405 153.06262496839597 154.36577430170993 155.88274799881165 123.63794818718681 130.83016513285926 157.99095323728088 162.56690853204864 156.81730315527565 117.78708964854678 155.41201990404755 157.63194692245571 162.32415464788704 118.38186921212419 157.93429721485222 123.74149946889591 122.92507523456868 126.11396448526976 158.06809960249532 152.59830455237088 116.54304583739803 122.84021371602751 157.48305897859461 118.84669143727983 222.9806612133944 156.44667192438055 161.51031299756582 155.69326111409754 189.45150363806354 116.56620320259431 158.95708775217838 154.76146803836986 158.72900780664892 172.70990829741237 169.51988000843704 177.24164559592259 147.64848217880254 89.711861036687424 128.97092030446262 173.74779107689656 173.74365496479754 158.25452161614547 174.73321753098597 175.91589874464546 146.49947702678918 124.04486355044521 172.86983888483675 174.95294052245794 174.1619701622852 173.04253764094395 154.81531974112272 105.59605137609097 193.20899905060512 184.55193446910027 106.19139066265296 181.80673890483325 176.41322460227173 173.95578131874495 176.72120844432919 179.01781438289274 166.66666437604789 164.61544562251717 162.66055327080679 177.33433370067306 177.81419903251603 173.18280445468861 174.20722227520221 177.0934095303821 175.3073757412522 180.49228720273524 178.41646020174315 175.35418873947427 176.86131294073942 177.01584547121334 178.55690606824081 171.97700726527108 176.04776658411072 183.7805298193702 181.82974238223662 180.63866259236977 179.41184369958009 180.00826577134549 178.41663848805575 177.86688741984526 183.31711847784797 181.37457976768181 180.85884832406859 179.66912393716484 178.65911045105651 178.08576491356249 179.71820072201859 183.61707907616454 182.54655904389242 182.10763872303022 180.37732656599857 179.24503679604919 178.89087708393217 177.88250064586995 181.87656513409394 180.29636524290876 184.50045309839234 183.13862499006189 181.42184686801949 180.94486657650265 184.25074595920202 180.86824618486534 180.58449735128261 170.97804559899276 183.42993840774446 182.64397270758249 182.36276522087502 179.89192311703431 183.70703077297105 182.47185622480112 181.62768386017166 185.56631813912088
