# Created by Octave 5.2.0, Fri Apr 02 16:02:53 2021 CEST <br1@br1>
# name: ptcls
# type: scalar struct
# ndims: 2
 1 1
# length: 2
# name: x
# type: matrix
# rows: 2
# columns: 320
 121.7448031527595 114.90074728392347 113.36719990278372 113.681450179987 118.04991040612757 119.37724366392514 113.29056705368205 116.58296831055029 122.16244109724225 118.96765414862155 118.3941811079934 116.01483530823205 119.0156080922542 120.22795224610113 119.85010000462 121.7069550328001 123.98699632214627 122.78789856003291 119.34904247979419 118.56408277076608 119.13618897192978 126.99085860788088 121.39522848619606 127.72339987099832 125.98388420625211 123.33588484297334 126.71644648983899 124.58045901236454 125.83532475684699 129.58570503500252 127.70852363117673 128.63665411346921 126.61739912212536 125.59799865880949 126.66314567228433 125.66194653978285 126.73739083959229 130.64947203039037 130.00975383065224 129.27841792702793 127.87123470938548 126.9372118963559 127.73268104298248 127.80010339717566 128.06898627378672 130.10706806125555 132.82905793151843 132.25331387677014 130.3745292037984 128.99041379349117 128.62363667577193 128.93781375542963 131.17581741933029 129.89057115508805 133.23605351021109 135.16432348091809 131.82587687228423 132.36057867652073 136.86498700684385 133.63025483049046 133.95617512863348 134.68275531656366 134.27855481782476 135.01251256576575 108.22011972890455 107.24246258434943 106.39951517715495 104.26594599747007 105.0729013332088 104.20366516785455 104.58337054920889 99.586064870032203 108.19850393933868 107.40032668320544 106.37458438933338 105.48782667438979 106.17661007911808 105.3210231026579 105.67247690883754 104.85928247896068 109.36309602163983 108.49458259956504 107.62850000525965 106.67219379776432 107.30886059579289 106.49289992833769 106.75742979797988 105.97583411904574 109.21655958323858 109.72346202149221 108.72922094338344 108.0371522613767 108.31312008085486 107.5495846529689 107.80145200441956 107.05318450320935 110.58399806755793 112.06346375705591 110.8224520048802 109.12358084914976 109.36279747614334 108.7990555666582 108.82817199969807 108.04933881573268 112.18810364258299 112.29409712492679 112.10046041736899 110.28211268328948 111.31499860511504 110.33109926917795 110.30663904036638 109.62297133930555 113.71182687671673 113.14196846928014 113.15170720293845 111.69117436152308 111.33955999197188 111.40486637581164 111.24395453489886 110.63090089511626 114.63788758481344 114.75249322501728 114.27701306386102 113.11256783755843 112.43338805558734 112.3503415173878 112.53544807523809 112.36514574606259 113.56523132356865 114.85930288958555 115.81574078237098 114.48735387060937 113.70847773125645 112.96283772050633 112.92834594990364 112.3163984692184 113.15793034790612 114.2626393137232 115.53204630897015 115.70298370473625 117.48755928951003 114.07945486700588 113.30763045287691 113.9273374417847 116.26211919260034 115.21297628222428 114.06340327185595 115.48949569993832 116.38236097188808 114.80394213414485 113.95983521419546 110.58685518232286 116.00802698875628 115.90418593381393 117.4169676688304 115.50866017310538 116.49536621663226 117.55596208371863 119.69177266547504 120.48201221894563 116.95669470480645 117.16939339116622 118.26627104461905 118.49637322074055 119.5241339865502 116.93207258198306 120.66713969965926 121.57742720629803 117.75187623929074 117.99541194296259 119.02014353898868 119.19906165457157 120.22203780001786 120.91432152904761 122.61986577417586 120.82503507218215 122.63181695709163 118.74165940448624 119.90030775675099 120.13134274949742 122.03225559482713 122.11398106040551 122.69818687557634 121.996957935355 122.48193095963745 125.41564170754977 126.68549020046508 121.31829426221093 125.34808073583778 123.28456534520458 123.83022583285101 123.33982206315365 127.68674687481482 126.81632474552188 127.60839123107601 126.28815899990191 127.79317734805218 125.85559575595629 126.54447297898957 126.20868959364054 128.93039983175862 127.6805246592799 127.88949448259038 126.74218260723136 129.18582605545103 127.93197214459349 127.74786879892963 127.2555426212969 129.98455303942586 128.84880424521026 128.74817415049608 130.31146550120235 129.38973197355122 128.71057549202882 128.38605488472658 130.3508369441391 130.85349290976123 129.83304391922121 131.09258461337657 130.88526528280474 130.02346557480516 131.29394743511452 128.86182924058326 129.64457317675752 129.82146459059717 131.40237466263946 131.79018785059483 131.2081431968021 132.79986424173185 130.91648949446736 132.52927105745431 131.36667088624691 132.31977633381391 133.63458199187471 131.88890219282459 131.99252145806526 132.05800932736145 135.26573885624745 133.38222549604737 137.87668638483532 133.83438039236168 134.9156303591086 132.27621774141195 134.11084261864451 135.96971878831067 134.51901972449062 136.29043795040081 136.10446523025121 134.24623352978966 133.46197835592713 135.65379153201951 135.60948494387145 137.08960047638939 136.31910380619516 135.6896559540501 134.65603675026247 137.15785124680738 136.55031644716169 136.38157899765989 136.62982845735439 138.13455910323071 136.75815031103895 138.52604784699236 139.65624050160051 138.4224100205347 138.59276941357794 137.48287509175069 136.75238040831084 138.75885683149346 137.47982294627923 137.71619640709511 140.88695662376657 139.02210637125859 138.4541055294564 137.98633809519444 138.93422483709392 139.91141537672988 139.05868610686389 139.18569547100935 138.68490839422614 140.18133255285022 139.6936603142959 139.15017321104139 140.73306745444469 141.13729563479257 140.18125280134177 140.46580713526888 139.86787113604507 140.80715597045835 140.22324109500437 141.14212005035489 141.91702387227394 142.24369133472334 141.42724042785576 141.72461976617305 140.94683641354706 141.86302464041557 141.33259735515676 142.27013417194644 143.12182628690758 143.25055213832132 142.51082527641685 142.81856388581741 142.03457366128447 142.92373326974044 142.4753701158742 143.5832072275779 144.0214191198032 144.30413595026954 143.56798937574541 144.03587648925512 143.2805997729742 144.36767486828575 143.60318352029941 144.37324000062685 145.17675484855815 145.86810963739322 144.63992585234919 145.44019603204904 145.00523090039064
