# Created by Octave 5.2.0, Fri Apr 02 16:04:46 2021 CEST <br1@br1>
# name: ptcls
# type: scalar struct
# ndims: 2
 1 1
# length: 2
# name: x
# type: matrix
# rows: 2
# columns: 320
 130.16668104302039 102.48390505560278 100.16264520426618 91.716724543755518 104.29332471531359 111.74644899685323 84.619064917873189 96.263807268858869 110.59109979174295 113.60675875054712 104.17683485306594 101.12886949288091 112.06513868839781 111.72252474045051 111.08231688893298 110.80233730606768 109.94668928265909 111.7900913659695 105.62540318909147 105.41271953882897 105.70512521034249 138.15273132835523 112.4070765655659 138.75696140171067 138.94392473069971 125.09951768269499 138.80982505806335 135.50999940682476 140.99340779011609 141.9798155701763 137.69205787137446 141.94773078473813 135.86639857220266 120.63266074149331 140.26697754618218 137.70137291326168 138.88575640510157 139.43555614580194 141.54003593544329 143.50690645106326 139.59504724590883 140.88494868502013 135.59021083612177 139.73048365992074 137.13719506006052 142.89934078252168 152.4347218441938 150.42254237415662 139.7048350476511 137.73105103100619 137.89777687827609 138.61198083334307 141.76645216788842 139.79632488615019 151.34608977976225 153.66887639900767 140.82569369610675 141.28027483758319 152.86661478473243 150.40785589481314 150.08675260672021 152.02264127707573 151.36951513955978 151.60205939503183 91.010666951289807 93.008567184629356 91.983935678685498 81.917137786436371 91.027952619395833 90.974409629985004 88.620012227780393 54.868426865989733 95.862182702173357 94.980851206462347 93.059114118255607 91.92149186212113 93.007737150324004 91.842300255271738 92.37499758826462 90.015908807710602 98.128271374965053 96.900330142628221 96.042432247208936 94.094038324930438 94.44065225636183 93.443664844663544 93.807437148120343 92.739921020279141 96.68886299933132 98.046422478219114 97.491107056951719 95.218306839285106 95.543226745802031 94.64983992164936 94.590059079906737 93.555749977054134 101.92953338615295 102.7114361677602 97.706134665627019 96.387754517908235 95.755565769053192 95.750592000987496 96.738187752000144 95.531076351822605 101.08387049948439 104.37902605952519 100.8566169632855 96.661877628782193 97.492331502576263 96.695257890220105 97.589079653516279 98.741479147134058 101.62869787007946 101.96108498197162 107.3047055111372 98.800535124086124 97.465215920483615 99.745080509046318 107.99747405156037 97.823878404330443 104.2287131906747 104.44342832765794 102.64921723170271 99.628363531561661 98.659522988186893 98.707885817522651 100.27571562398147 100.61502822691071 108.54348934005176 103.22062639331442 102.12631598995165 105.23294401943286 99.084848587363751 98.292125426897698 100.79642926972299 85.026218365868417 98.280857377650491 99.036020546291965 102.22604617348237 107.28333939133226 102.27372716420433 99.841000375924054 99.522096994942046 84.159711330475346 117.70912061499132 109.15578098075528 92.928648380072417 103.19962558765189 108.09693702431436 103.290054546242 99.766688398297049 86.149635069880873 110.7955569057354 109.93015355357954 112.20322862462261 99.515544131138128 107.25494854391201 104.24338072778332 109.95156061421447 108.71444441661795 108.89486110053917 111.2849585010201 112.05962449963464 112.2124227177904 111.72210936744634 103.3498666824318 111.37260660538205 112.70449346131483 109.62056239945957 110.74241082432195 111.22180204195671 110.69839269438681 112.06504331811256 112.62392867246722 108.52667576028237 112.23132827922812 118.75687897571463 109.86848405643251 108.69405164978332 110.93153053865528 109.70263429500712 109.82206727077555 112.8004837759199 110.31264212915329 119.5543555575524 142.97060862151 138.5299370773013 109.18780176044346 133.36655102356423 109.56302017168474 111.43059509601605 111.41213550407807 138.28321682778505 136.47431655518872 135.54564562438313 134.49642945518733 135.28775032288956 133.48895200806248 131.5882401985196 121.69752320534123 136.34710853011683 137.33798546103944 135.15632961661876 134.60172830992653 134.18900962352438 133.90658709474857 136.65887530460012 138.58570403654883 135.34363511948007 137.25116508209499 135.40567720326811 134.38779597815915 130.059537374651 131.17976739102741 137.36039272119325 139.95914301396635 134.24616846761006 135.33660881850852 133.34750256937582 130.74355219751851 128.18299449525099 127.07335358004501 137.60455149273736 136.78092379402861 135.81793090002515 132.22462709314254 134.30440655498325 129.27820691108423 128.34858228150171 138.01564048794251 139.72758626279355 140.68885879697672 152.63187352889466 132.30889733396842 133.46500313647431 138.96097922890385 140.50006547830617 148.26940405705236 140.93527567362565 152.33615820569858 139.056892267146 127.96892971715526 131.47382521268605 148.57470948322481 149.34912478934856 145.38439098515394 150.99174956559759 151.43898385909563 138.43338938178044 129.35105094210297 149.77599672508282 148.87104996301528 150.46296685903243 149.38546677511945 142.54537997175876 124.05768914322223 152.85586293943581 152.3367167852804 140.21279360154443 154.92961707311167 150.90905577486316 148.80006462259482 152.69985194331511 153.81955052592062 152.6189315862463 149.51008843988308 150.85093287407361 151.12161674034684 152.12852126893455 150.22974583629087 149.9725085395788 152.59495088468438 151.8667877558826 152.76694120513409 151.47625633874105 152.32301969978772 152.51475481443043 152.0128146954313 153.44433671288996 150.21220969163664 149.80951118822279 155.97310224901318 153.80905562965671 153.48968701354258 153.43088833484452 153.07898604586333 153.10705824195082 154.2166180366178 155.29943235866608 154.1701075021648 154.53529972121311 154.29878704819205 154.93870800632686 153.90239176321623 155.25263054807283 154.85913426069519 156.61308517632207 154.59453162716451 155.6575943514575 155.57716967158973 155.8042809836642 154.69696457336727 156.2346307845425 154.71194152794953 157.79847988995445 155.63444002354277 156.53381611390537 156.3272649845963 159.37597135875873 156.98099603661439 157.9745707171563 153.48310536374777 157.13513172639998 156.72750115561433 157.62637985540547 157.31134483346736 158.47748377242644 159.0103388744194 158.0253917399084 157.30088505918761
