# Created by Octave 5.2.0, Fri Apr 02 16:03:36 2021 CEST <br1@br1>
# name: ptcls
# type: scalar struct
# ndims: 2
 1 1
# length: 2
# name: x
# type: matrix
# rows: 2
# columns: 320
 122.29045893818818 110.94356942299633 108.57851563975575 105.41464603586532 114.26787270490567 116.5973138054743 102.36957018318635 108.93597221959115 120.79729061961409 117.22540839879518 115.07540101905981 109.74067763087301 115.47587932949622 117.45628999409183 118.58086322760971 117.70248750128252 121.938021780269 120.52419979645886 111.99693215170171 111.89134246586548 113.07878598841168 133.81437548274189 116.28548429281308 133.02851238266564 128.67968675968038 123.9996176321159 131.36825435244242 128.9484383836454 133.67834805454919 134.50770442055276 132.4677378164302 133.59977940206664 128.42498269209008 124.32760240932708 129.97086425519191 131.08899542416364 130.29063408675788 135.1931763552557 136.00991245112309 134.60348093875209 130.18575002377131 132.07838803469681 132.42670566318779 130.86905967496475 131.50739922495083 135.16168095310977 143.16018417671276 141.47263132330437 133.53704622438704 130.80456380919117 132.82194593140545 132.90584304993308 133.92782604419455 133.27639735586524 142.30514208180773 144.05722005979877 134.84348415493758 133.93036762381149 142.67718667467989 141.91018062757234 142.79845156316486 141.91674734174686 143.03713755040096 143.04307609394351 101.58597095582941 103.08644632141964 100.55508727592922 96.739275088854612 99.840970744117797 98.983422715427622 98.874663475401306 82.756846266361322 103.60880104428905 102.48252515955009 101.44521409178363 100.90344710293311 100.87818051724373 99.958112210934829 99.784432420544633 97.930239941215632 106.57255798421019 104.44074039167863 102.7268457679604 101.96764363626117 101.90882671332844 101.05425965855565 100.78230533111363 100.03786427634147 105.54911004621169 105.38453140218816 104.14397139539153 103.03785586577587 102.89659133005487 102.02743680306077 101.63572931370229 100.80091772531406 108.59349366811554 109.99709318358958 106.41637881860964 103.9556571651695 103.32572034248464 102.8341257669798 103.99390748891005 102.22477877003368 109.44753369745665 109.7167381104388 109.677071117293 104.87885951751609 105.9461726513853 105.05132021440467 104.54385454247513 105.19185368839393 110.68843854610407 109.49450667652913 112.69618649819544 107.49979810909619 105.05611288792903 106.23632687134392 107.2901439699428 105.59432025026123 109.24141070954057 111.42452445884177 110.8225377818251 108.69529860799088 106.19130232289285 106.86826513862847 107.47664148032378 108.38810011376859 110.10044262654206 110.86097548145786 110.1450343320019 112.80650329143508 107.54653267158567 107.24808030387175 109.27616671148904 101.22555866971361 108.98150691539638 108.51221696705362 110.30073333126332 114.65681429807476 113.86363072650727 109.6410262835153 107.90932498004426 102.38348669157958 113.9310595460161 111.58619982847301 108.9310633452764 110.7689511462933 113.74322616566707 111.07242544037271 108.59343781158861 102.68253068783193 113.36622453756716 112.26814485507062 114.50435678031813 108.51007976350228 111.72083547672128 112.41284249145998 115.26209394825318 121.32846468070481 112.07854198551746 112.80298846033162 113.89339561718791 115.14594140689532 116.26488645975078 111.4238845700643 122.43177574062105 122.15669494081841 111.440335686563 113.3267080066381 114.42526644965318 115.57520939336786 116.61668170016064 117.68338803942439 119.91512779540528 119.5459949706145 120.86429947344317 113.76027818365631 114.7269192247022 115.82890307652373 115.10377726309169 118.10607839845244 117.19184101025986 118.95274929106337 121.68936276133753 131.91380498435194 132.6799971395175 116.95661879369729 128.63576925362162 120.14315636220333 121.12653004254909 118.30365573615769 132.53086034372441 132.2866437222454 130.64957187419384 129.30093327867735 130.63120528642494 128.0754796239161 126.23774714291608 123.41978043884171 130.03319811293528 133.6860252227676 130.31582699014919 128.91851223196571 131.02120459118743 129.90561787173604 129.39549914533251 129.73526257899061 132.55897742538971 131.13341599041007 131.73084312515294 131.09739570711352 130.03578907396522 130.54443043909538 130.61757124078801 134.30009010962161 133.09071114395419 132.32593869530166 133.30178067459184 129.76558676171857 129.24101441618791 130.3042664096364 131.70448315800525 132.99358075266946 131.43345355700762 132.22563380096577 132.29662156667086 130.38585969427186 131.1066595238012 135.22678741483773 135.78556748585163 135.05589495940035 139.44953682314284 133.30163004833997 131.60367722266824 135.66662766040977 136.52914579628282 139.58564537401998 136.36113367984137 143.69471753513321 136.1328845761727 131.71059367949627 131.22674845334274 140.57706477380788 140.9698196371551 139.83336005969056 141.89125770823682 142.45115425334561 135.57231274719743 131.42598633538063 141.07834878680839 141.3940923388941 142.64649937648664 140.74721670453815 138.74229528837074 130.66741130675641 142.91245914610818 142.57157088347267 139.66948065249667 141.75396228828151 143.427319653762 141.22406837872239 143.4429010439849 144.35449165574246 142.62512958011513 143.92620798018049 142.51698582588492 142.46361415314055 143.14197292204184 142.29597957914859 142.14134874457204 145.28487850777501 143.51246579173531 144.49159443629682 143.81717665743443 144.58564636025804 144.30859883771657 142.85359275473726 143.58469254654847 141.66102504595321 141.57292347069824 144.37673724060787 145.20144523686022 145.37099365995579 145.17072700368212 144.02304968098377 144.74923175741966 144.65063138447988 146.24855677981654 145.83790095778079 146.61919713454159 146.22525059857617 145.88204556981029 144.81339536657165 146.12829772498978 145.44220560815518 148.31168691737614 147.27169340113977 147.54808457394304 147.12067958033441 146.78083363396496 145.9507839246634 147.06562704350461 146.69909890988413 148.70949832398784 147.62138447326507 148.25802800304038 147.85581310261904 149.06271583672557 148.12840592850893 148.09888092930603 146.69165215724354 149.56029518467153 148.66225529279916 149.42806175949602 148.98319726074581 149.97842105467132 150.23505172496252 149.25734900982405 147.62149134357807
