# Created by Octave 5.2.0, Fri Apr 02 16:06:34 2021 CEST <br1@br1>
# name: ptcls
# type: scalar struct
# ndims: 2
 1 1
# length: 2
# name: x
# type: matrix
# rows: 2
# columns: 320
 156.93633346291358 89.084148702950301 88.51435307257114 71.287927835695214 91.996865607795513 107.74183574325951 59.51139630596861 77.364802644059864 82.653758849818246 107.65137278469439 94.358126612208551 89.658693408079984 105.63998192207686 106.89389140713658 107.79984258886917 109.37725754447924 74.814006631147421 96.648459210134092 91.722674517853292 92.397815659734817 93.198604403023381 148.90508421420844 106.69537443141813 150.52647616362393 144.1942104318662 126.73988586157589 146.73132989206263 145.2957757603595 153.11387760723426 152.4413577032314 141.31027686316267 151.76213430180673 144.89727902442232 121.7857755166938 150.72290439820031 147.37252626941546 148.48458715895421 151.84967629671499 151.66925935964181 150.35342710852325 149.86546087461963 151.31288862155182 144.07347932493803 151.24171919541416 146.28351940755749 154.88670391849374 164.48612809164982 163.7025719975145 148.17876733424961 145.90716295293933 140.62905719800693 149.6397301959633 151.21353190773601 147.77414924699568 164.38641007203825 165.15558541543311 149.48344891825013 160.0726915797139 166.50249132844266 165.00571287108656 163.10730062027338 164.22091521925026 166.18109380403459 163.41790033406966 78.022608240547086 79.269528208186912 78.125924333866308 59.811708878519511 79.440012049959037 78.369012200570594 76.943632135238943 13.276215174050744 80.976454932928036 79.831340862081902 80.470328194749641 79.21004200229072 81.838158769005148 80.223721246371667 80.627242595080304 77.031951044016935 88.012044514220861 85.883985145562804 84.610351791435036 81.34221859522718 81.920742632074564 81.437893620850332 82.854894428666512 82.162636222139838 88.065254227696286 86.979605623036591 85.21089501163523 82.701839744162854 83.113976018059873 82.538252302819672 82.665138394000891 83.224832341761314 108.79746127627732 90.468468086295999 86.97109420179919 84.050960434968303 83.728946904247081 84.00464111755818 84.186981438280881 85.753260762397346 89.870686527235719 91.286982342092656 89.864114260940511 84.378205155201442 84.860247748827348 85.06623877224574 83.907922223152525 86.289466263507308 88.936164159710145 90.741335823046398 92.834542159019506 87.620434558438831 85.371100092057986 87.386491158515454 100.71167178084855 84.76758592939025 89.69844385053085 91.026539797218092 92.054970398426633 89.177308599088619 86.576479097691362 85.675318789792399 86.963466274353067 88.482895243534543 114.0745237110676 91.087089822411883 88.712987156923973 90.997881354137277 87.065345734863314 86.065593894890569 89.044723819144437 60.553412795985949 85.473551122127162 86.038388569405839 91.194380987671096 99.733712991686161 92.871711847350738 88.783789953417752 86.869302341552867 56.981149800552657 133.63408863807172 111.24614589991505 64.338349164793215 90.677825494421171 90.455321427399042 93.568431155491965 87.876125269465902 60.441193515720101 147.40228059460986 119.51287671831638 123.34992286399186 86.577893731950269 91.923513139480605 89.908361165639818 104.49972694892712 75.929127100210977 113.86515382071993 118.45001070142702 130.16935636280766 113.61316632548204 93.430532685465238 90.127057307579832 83.767694317225633 90.450887662288068 113.72669101692946 114.82835124356649 114.64962949598095 92.810965302455486 74.260916913414619 73.597916045751731 98.700096760860873 89.457783988129933 116.94575456579679 109.47087847612002 108.02233939091501 91.709317812892095 99.528465882157647 107.1836097771196 114.84767709519787 104.26902100907621 100.68205555209214 159.46049680451296 134.83578948421464 91.681717604453297 143.16451796029304 82.889692565205053 82.724829173285016 90.6732606739305 138.00852282602554 138.95077584283564 155.60843312432974 141.84845124119013 141.7704227207839 142.37212933453736 130.55328548381763 126.75581843264877 135.60191786879008 136.59262091545511 140.95955946379078 143.34831522175628 140.45162796426374 142.03754080349364 145.97204901426795 145.58776092508768 135.95705040870547 134.66973845123542 136.98189095298804 140.77160698436458 139.67045082770207 133.40032254510351 145.2353935072141 150.25737602076103 138.0501359390276 132.12880502024734 137.07679495224278 133.45489227287061 134.41788261475415 126.69339153252072 148.84512077969717 144.31299296906406 127.8359648787916 135.96923875100558 139.26534413943654 131.76974751333066 147.65604765834823 149.18255567770737 150.25789050611459 146.97866519632313 172.29173775385212 133.2325918967866 139.07971569966173 146.35626286701324 150.4732623179012 159.8927785552826 157.31865595673779 165.35666181080467 142.62104894715344 118.92205728788178 131.62462802584105 161.28950154571376 161.80903505780111 152.25640518009695 162.54835252755078 164.13208774957249 143.49698777350798 135.18221063157162 161.05534959773956 162.14871725297718 162.34738909940879 160.30708460387655 150.70193687007421 114.2000862613898 167.00384874942625 167.58165422751793 122.04704450145732 169.62947278993784 164.65882771364696 161.5395309124678 164.58360234547587 166.36150236168669 161.39371570698663 157.13656779126455 159.08808383101965 164.4559068625619 165.46906966724927 160.74446652124649 163.58162941027754 165.41200762330504 163.2345959241737 166.93305863561926 166.59971210380141 163.61985362506644 165.75563729584533 165.46591960632989 166.62045833616386 162.54378916788906 163.13223582945776 171.70360775390256 168.45885207609066 167.59017838323931 166.44878766713347 167.75904996270836 165.4325097836718 166.78668546081423 169.45930073764177 168.9243635287892 168.68908854984369 167.66459534082256 168.62957687093345 167.7035386286596 167.30776071733612 172.93045626009732 170.41617021396272 170.08424909514045 169.80096989714633 168.73006853888973 168.52706012993963 167.6738273947731 172.06230193813781 166.32683001637858 172.91606568910947 171.19855659735182 170.92393098760863 170.55939052862189 173.09494790710252 169.67140768574237 170.48725580363612 162.82721202875496 173.14287231933758 172.15106964035633 171.6494254470899 169.57451702600463 172.67693939138042 172.54401880328854 171.42036487871053 173.26463727425838
