# Created by Octave 5.2.0, Fri Apr 02 16:02:31 2021 CEST <br1@br1>
# name: ptcls
# type: scalar struct
# ndims: 2
 1 1
# length: 2
# name: x
# type: matrix
# rows: 2
# columns: 320
 121.23811654492681 120.829558788938 121.38745010878429 120.22966067517447 120.90724590198241 121.11840764915111 120.59268867806563 121.26598623387183 122.50796472724126 121.96782127577316 122.54486808981486 121.83038297732672 122.33757963126622 122.33758258964065 121.88619327819464 122.48903288355027 123.5240623282388 123.17766771974628 123.65441028972323 122.9419895661978 123.3152706138153 123.56576649876874 123.05992250237702 123.60920141884165 124.65572431448699 124.17866106742733 124.62311739139703 123.98484512662411 124.54306848676957 124.82651167515411 124.30225491861225 124.68183523800856 125.76104051737516 125.38279506137579 125.7387275102501 125.0871417542016 125.58441022658012 125.84245974185036 125.33865192355545 125.85251961432999 127.03366295383002 126.41252376603501 126.71399603858349 126.16351342336885 126.72280482535405 127.01834179510459 126.51543288169341 126.88752816939731 127.99802991623164 127.54625100582231 128.05206064481928 127.33994489180095 127.80808282586092 128.14339429226573 127.56860958177471 128.09152646790258 129.36969030292641 128.49491873633659 129.60928239020728 128.67121748987157 129.06242706946392 129.50277188338211 128.57940289340047 129.33893739876763 107.76776987783586 107.96108074766668 107.9653698544775 107.67366659836495 108.2150653001042 107.35896716996122 108.04578062583012 107.52519134830555 108.9010175536833 109.0660678367109 109.10857471787702 108.77143044675842 109.25174743440878 108.68584128147656 109.17474542645652 108.68992364248508 110.02087436998791 110.13121828556578 110.22167064705857 109.87102131868238 110.33612066645375 109.78551518294242 110.24128573943972 109.78649803901159 111.09995904592957 111.10257411404226 111.32294961820932 110.92434621253898 111.5056886458096 110.97720501942247 111.390876793334 110.91556301230464 112.31134896995239 112.23243771394932 112.37137674494232 112.06059346919469 112.56384267837254 112.03403693368283 112.54748493139461 112.00550949958539 113.42713563580338 113.23684728441482 113.4036999741607 113.09627376968183 113.67867707462001 113.13032007777126 113.66417483805922 113.1170020726058 114.49383016596651 114.2011381070192 114.64472227078578 114.18659350834064 114.81369574628452 114.20244063269251 114.74397223107847 114.21233574744591 115.67378743214948 115.25732177520371 115.84050277119526 115.2505969317659 115.9004331538827 115.25358270300347 115.73066191585566 115.35354482926537 116.82882679304456 116.30872038093179 116.97299521956411 116.33497968571216 116.91310330244612 116.22478476551478 116.89879045565743 116.38970361280644 117.95677228327334 117.39693171705267 118.02887474990828 117.39047202344497 117.96771649781503 117.20489385059426 118.01086577217869 117.49793848574406 119.09982533228965 118.49289779883439 119.01492506563295 118.38066950891915 119.01858720514522 118.20462448560797 119.11162604153833 118.66962726633467 120.18276130813956 119.57091937912666 120.16511899991556 119.46334153016795 120.05766429268287 119.06289386204728 119.91504055094205 119.93374809130363 121.28737265684759 120.74311985305555 121.24817758392129 120.66936419246687 121.03968000950368 120.18699069137168 121.03252181008388 120.71970151163273 122.42513630351517 121.85426793792874 122.44469572982374 121.72907899946036 122.47757407861947 121.83433022817799 122.38202429817254 121.69316423397646 123.53657824350682 123.03511940724219 123.67492565437686 123.00718315368216 123.53250069570448 122.93914173009567 123.56114626742922 122.90605652988145 124.65319736205572 124.0737797668795 124.76805830492583 124.24107991235606 124.59933964295979 124.11465574087235 124.77252742672357 124.02319814785824 125.76171029331103 125.38088950502359 125.90146072914283 125.25583588627148 125.72286847448549 125.14265661712437 125.9067036142858 125.1923652278855 126.86011768216011 126.3821149085841 127.03656116581314 126.55798683807677 127.10251356397997 126.40658069782013 126.97510084940747 126.17415297691515 128.02714356129644 127.52002951913212 128.13820720485018 127.67700105206336 128.31901388732078 127.53622056975532 128.21059158080655 127.53031287013401 129.10638249708151 128.61175842888119 129.23113907885562 128.81743845671053 129.59203465470443 129.01322204383573 129.65000064050602 128.62469878128465 130.34826080776506 129.65760040363344 130.24575130151871 129.95704572364451 130.69129907517436 130.01462560302926 130.70191470462328 130.14545952692362 131.41219297996835 130.87493566029354 131.20000683447162 131.39086815376916 131.77035257527331 130.97477583786039 131.69002807426386 131.02789973025583 132.5530249135341 132.03710733964911 132.20884314687524 132.40066712250186 132.75321456487353 131.96592164391248 132.71734560328952 132.17359449107119 133.52074113190471 133.04201512759363 133.19202478043064 133.45020292608828 133.72395365203346 133.13858199226405 133.79043324572891 133.30535783439791 134.75316906701164 134.16026412232821 134.22682795572359 134.54369450923494 134.73025498876513 134.14612771186037 134.85254841035433 134.30309696834865 135.89845057562147 135.21027621830183 135.34249796998105 135.67592444893074 135.80731991548473 135.13058591074241 135.98489794620528 135.34060990770479 136.96182716075771 136.28264762937656 136.44332212815499 136.7660900759077 136.86820358489993 136.16532790710227 137.05015154968754 136.48102474506359 138.11982460166644 137.42091402849289 137.5587103031113 137.86247387150237 137.93439782529421 137.30538383735072 138.18148195969042 137.59507869501437 139.20909195580231 138.51479217351516 138.6728744702416 138.95931043732472 139.03585894393609 138.39390900117456 139.32199239579248 138.68050410099292 140.29082290333608 139.6200083887818 139.78781585607231 140.0522771078368 140.1473028786931 139.48342288775541 140.38257007200644 139.80014910059 141.41700938330203 140.76177421772874 140.88912428926523 141.14199683055577 141.21555714616272 140.60924482169978 141.50939771163408 140.93321844227532 142.51587066915846 141.90433724692397 141.99041610352944 142.2231872993745 142.35590343543589 141.74812071682496 142.6073807710965 142.05945659408363
