# Created by Octave 5.2.0, Fri Apr 02 16:04:42 2021 CEST <br1@br1>
# name: ptcls
# type: scalar struct
# ndims: 2
 1 1
# length: 2
# name: x
# type: matrix
# rows: 2
# columns: 320
 129.6913917780729 103.02609172883149 101.06001453757675 92.543323254486282 104.96565729254473 112.42199227243117 85.918966209806271 97.028506877954783 111.29091852621671 113.82515012622379 104.66338333188268 101.92341018814352 112.29919980367923 111.66862592598454 111.31054953636041 111.42581274356445 110.88514812585386 112.39433513038676 106.33183197732495 105.21520096717548 106.2998373247837 138.1327224002934 112.64713984176126 138.4378262932693 138.26313133901081 125.03314440378074 138.37664523024432 135.11404313818463 139.99881621472241 141.49931702174777 137.37142815875208 141.53857374060166 135.58171990168989 120.69662740183401 138.58933196310042 136.99496197209928 137.8952040836202 139.19000799924689 141.79022277015437 143.67202138580402 139.07569196407277 140.4212091303751 134.90964391250299 139.07280613317818 136.95817202693269 142.52069066949139 151.99897901455194 150.01926518195168 139.41007704229423 137.14112219225987 137.83627655004017 138.023912617663 141.51874602169667 139.42427344901498 150.98537927593659 153.07198432487667 140.4748671175488 141.46314273323262 152.09100299981219 149.85955840973648 149.76145842925899 151.38096828895942 151.02235983631061 151.06167730665658 91.995083895332741 93.939509234793817 92.767616956055875 82.811577106409885 91.454332514399255 91.440767202006739 89.637146603613672 56.551348726357318 96.382764215143837 95.386268651259115 93.63712662841867 92.58088718991813 93.653754028409622 92.45107834175532 92.796541864366233 90.157824738713472 98.734188141150426 97.427707725509293 96.791060947738188 94.63240962307718 94.72547557222515 93.822443900589604 94.078949219679586 92.884635313871456 97.081372097419077 98.664163568064438 98.007417184587865 95.800262653713119 95.931597758419528 95.014722142078611 95.179324646601273 94.436159282212685 101.47988028149508 102.98376012327326 98.109854037135563 96.815316627508906 96.057868775882326 96.275417325351015 97.014454102736138 95.687028014398734 101.75111347400552 105.33827790827981 101.21778428009189 96.965511204792691 98.084639634224985 97.2661582962578 97.940101571190851 98.895985869529881 102.0078408989461 102.30647645631205 107.38589491284323 99.259985338070607 97.983572270484501 99.624618572739507 107.43447749489985 98.014163482495547 104.23091476817203 104.34801052729473 102.82515856744234 99.771970464986467 99.207928055028404 99.14246251654825 100.25935677873682 101.08380835574657 108.31969026145575 103.72811574205751 102.72967277442304 106.08306713970047 99.868719359592006 98.941064518846161 101.26153178322298 85.975337750884734 99.251991114349835 98.978160773406827 103.06670978903101 107.23665122961506 102.74576227563959 100.94753075503678 100.08186118100328 85.259421912610946 116.99150881176848 109.48911404762136 94.085481296297587 103.6908846109388 109.23683893406887 103.82463835616343 100.18736421891984 86.946986705946657 110.74439200357497 110.25549915925319 112.11953604951171 100.16988936050994 108.15007321941336 105.11424185675664 110.27199924608958 109.80941615290888 109.21366106619573 111.3151447076033 112.08826448551277 112.53145330226506 111.74945064921435 103.98498640033539 112.87138443462477 113.36720286151771 109.67935596867478 110.97641716770924 111.50362946076679 110.71595808529497 112.19615708386857 113.18075971723403 109.11148786758591 113.12528846233928 119.11674513714539 110.26691609901579 108.75116514958445 110.97952399915552 109.532196835357 109.90817059968707 112.76438843204807 110.88354867787385 119.45049796431643 142.30338771237115 138.26679009311084 109.62441826779148 133.13997059610776 110.21095729096929 112.10118207019151 112.05653663243321 138.17917383755812 136.16120598736228 135.28786192569373 134.08448323713554 134.8765221356557 133.31194006883226 131.2641443339636 121.9604564787018 135.93890979917597 137.08345471489912 134.71087770556434 134.53185558043063 134.2939229628636 133.71466431359198 135.94012181180366 138.52765419901237 135.12208696028739 137.26513104961393 135.47707855141104 133.87904847312089 129.92425706659705 130.95813482308716 137.48549779447026 139.00250938010825 134.50814615011097 135.32838722264455 133.31828450420352 130.49388266975748 128.28167280620838 127.10592573864538 136.22797483201651 136.70349494376254 136.26827607432287 132.27550473878227 134.2825503454057 129.08646358225116 127.67042151701887 138.18827731059108 139.95113667162713 139.92787123765893 151.83638769320274 132.13103725152601 133.33120044200183 139.05501487973444 140.68362553547198 147.87559675864063 140.27928684702184 151.79673824211724 138.93871085095978 127.97771656376483 131.52909708533761 147.80882345548517 148.67681578018616 145.10633260732388 150.31048692237101 150.82571068371556 138.20247088176927 129.27165106359979 148.91517515716751 148.0514641564499 149.83283106976668 148.92437997186377 142.50950774864666 124.45655168757384 152.03585458501868 151.96741610637045 140.94782391195258 154.4496586687867 150.70386866912131 148.27310748319252 152.17427594586275 153.3202855147147 152.07946202814287 149.201502570174 150.39611012210526 150.65201354772213 151.80930024690505 149.72575078419737 149.73422874880731 151.91113334074103 151.28606517880539 152.38669966694135 150.77420414675282 151.71140750802689 151.81066793738052 151.45942091542284 152.85083759217252 149.44454030219975 149.23790373322382 155.64679545620589 153.27333080541186 152.91255910446441 152.82927190009346 152.60768063488564 152.55187064897368 153.65325750798129 154.85671042012339 153.76911555298369 153.91107055440463 153.70308087600282 154.19154331911557 153.1870427654836 154.68191643513325 154.87049106243856 156.03197257415351 154.2503563951721 154.85201952887445 154.98069804154864 155.18811858803224 153.94024105107056 155.78782779249261 154.29851966474919 156.96567147721208 155.370784333144 156.04174858853472 155.93114462051625 158.8355878890896 156.56465379271683 157.26773519775108 153.00143439671581 156.81851245859576 155.88926224611677 157.05203194204256 156.85901577051393 157.9242716758713 158.48025617360395 157.70447316016026 156.7942489353251
