# Created by Octave 5.2.0, Fri Apr 02 16:05:55 2021 CEST <br1@br1>
# name: ptcls
# type: scalar struct
# ndims: 2
 1 1
# length: 2
# name: x
# type: matrix
# rows: 2
# columns: 320
 142.73216278685618 94.04128400104139 92.938448857276626 78.845401762376483 96.401948929754255 109.18111981339793 68.48703841562714 84.356341927222502 99.044638414261939 110.20609304358176 98.296522777702009 93.858306207558769 108.01178082841938 108.99866972207494 108.44457948210606 109.65158735908838 94.851433897126739 103.23373989302223 97.210681366684312 97.973624716845748 99.124288130935739 145.80350724600066 108.12202078270322 147.2199853623994 141.68481105942686 126.13304445435983 143.8248904244204 141.67560416136399 148.98989894768516 148.81328678776055 141.06516593348098 148.75745338722152 140.1421458772428 119.27147666576397 147.64345896055681 144.4347636823826 145.36872178335744 147.73504774375198 147.50150933070421 149.19726467924355 146.54024587050708 146.83617076987278 140.72305891453357 148.21736172410522 143.43905223682188 149.43531577940445 158.91443582521873 158.08403775886902 145.02475911710965 142.69299064063753 138.7612366338407 146.24639818244887 146.09280965624239 144.18108320660755 158.96105863990093 159.75263549713324 145.24458259943029 151.7954061143931 161.40567261215259 159.0199234178103 158.0005755588422 159.29995650817608 159.98814693876378 158.28950457967909 82.101894483079278 83.311467758759321 82.407901257553775 67.989439803991644 83.24014174840859 82.184474335583033 81.096718068494113 28.662929325980681 85.783418391306412 86.690671342613797 84.394444223072895 83.222920324965244 85.834988134619053 84.182753264897414 84.772174294207417 81.088892986836584 92.226273439152607 90.401949977190014 89.219406375738515 85.962761770860425 86.924717772755727 85.854183396165453 86.758024022250325 84.822147140675142 92.819516733724242 91.372896183224455 90.024763461072823 87.869053234737891 87.868696946946031 86.884423345813374 86.783838494890816 85.731543146120444 106.54389589997562 95.013505352288817 91.340455467368855 88.982720949066689 88.099735493801845 87.926980885145014 87.811118187816717 90.98754701768253 95.409128831637389 95.276680513336672 93.947952848084199 88.872431160145126 89.715697178972732 88.821125135113874 89.009956122236417 91.056518975174455 93.403038788947171 95.181418454376285 98.166708559894062 92.044524723842969 89.84334591739615 92.495525300342408 103.85522189105635 89.805371517689323 94.235212986593311 96.036399601422943 96.219867369728576 93.32382483362332 90.978586044078909 90.719338567885984 92.4827022615533 93.663088879190042 112.02836070676116 96.620603424134103 93.756009802213285 95.420170096319595 91.755626834610936 90.757775723734852 93.913502012617172 69.451476962682975 90.638905343291299 90.361680698456993 94.04412361832604 102.68592450065746 97.455779452644549 92.954766645367755 91.794260950489416 67.035646551506716 128.88336155088979 107.77032762552487 74.915107255994769 95.244952886791566 96.133541395083412 98.31983025013426 92.897216927609705 70.420034101218008 116.10659137402649 111.64527075160157 113.82086039707757 91.421765719435598 95.20270825135789 95.241312378975337 104.96187334644496 95.962988247127115 110.56552009096681 110.25003252237221 114.06091244469371 108.10124833936126 104.02363759405364 94.475311763831868 98.69205671902634 101.22514540392045 111.49207115051544 109.05862516594206 108.03633186932187 104.99606150170661 93.749274310722114 95.987462217853093 103.01114168566093 100.83733471295953 117.74374946647741 108.88351918606851 104.99598312018107 103.9030599742711 105.19603977908044 106.18377265178192 110.70019283590058 104.97979022509622 116.58194597032633 153.3601913495292 135.76836183409793 102.37507868038016 138.37742449753912 99.625030359815256 99.055492859820149 102.17588539765414 138.65398480281823 136.97641543604587 147.50352171200996 139.18407237382314 137.95790412517655 137.96833954629469 131.46793827443867 117.96752827658146 137.52202308221629 140.15558469673888 137.90473765693753 140.02319946310095 136.75170720722863 138.89869804427971 140.95387566038485 142.9702660643874 134.827513004336 136.5964642533323 135.95084101709944 138.96262291920135 130.63766704413922 134.27307102790866 141.96615686933492 145.79279725649965 135.97426046063046 134.61663268258374 134.81373191078262 132.97634879146139 131.47637153192292 129.39460891773612 145.6064330014822 139.92491507547851 130.78850748862871 133.88639044307584 136.74474964289374 132.86752188008481 132.6340081726357 144.75213986350823 145.9897096126117 144.78749439512549 165.01872439895456 130.71619518791641 135.04741716295626 143.53462919545674 146.51305074538368 155.55056455733879 152.18616794229573 160.56071384673413 140.97465321478708 130.17892397415937 131.68058747317252 156.08131459974641 157.41456876337912 149.71415715422208 159.2253513050772 160.20230332912445 141.9516128434984 133.9522349868414 156.57981136432511 157.14603575275751 159.38663366830184 154.86679584519143 149.96454001916698 117.84682952403301 161.94828613556476 161.76353425095988 128.76732162518897 164.6562166000505 160.43445939819469 158.23017616489702 159.97455332049765 161.00262608201052 157.99268338545099 154.31521126821013 157.47573643821545 158.72605464150996 160.74319490742351 156.35663885625328 159.50731442440215 159.97933627301634 158.45756095692207 162.65281817634326 161.55011834547986 158.91592734618797 160.92795218360195 159.90133135676032 161.65879376795749 158.13150839189217 157.64780959300336 166.03454129256855 164.11085902341009 162.45972966844701 161.75004212697954 160.91910315493436 160.79007540910874 161.86327434575705 165.23383736631499 163.44329619991927 162.91416468763154 162.44837056816513 164.11513000236462 162.92635670160217 162.00670827490364 166.97309917270232 166.27927280897688 164.63420333919331 164.054445288713 163.55906246425997 164.73661272917965 162.98761835889962 166.95848235879066 160.96336628011591 167.5807069750291 165.76029609251685 165.16377203909724 164.78767720119751 167.2874240873723 165.86121035944234 166.48618222272364 159.37255409170052 168.26247045642145 166.92995602296062 166.45937099917009 165.3593949005064 167.40450597495189 167.29300079944613 166.01496456902154 167.73035926359427
