# Created by Octave 5.2.0, Fri Apr 02 16:04:42 2021 CEST <br1@br1>
# name: ptcls
# type: scalar struct
# ndims: 2
 1 1
# length: 2
# name: x
# type: matrix
# rows: 2
# columns: 320
 129.75929024449397 102.94863648979882 100.96914413601988 92.425237724381887 104.84654091633372 112.36450419976207 85.690377459101654 96.919264076655367 111.2028720858723 113.79395135826998 104.57840173284032 101.88925240007771 112.26990811375477 111.71793996825242 111.31171286938368 111.35387997514007 110.66747398225952 112.32080213408541 106.33543157042638 105.26823480408484 106.24709799138175 138.161247878197 112.47716400641475 138.45010737648406 138.35425547734889 125.04262630076849 138.34575687070043 135.17060831941893 140.12068960310452 141.5477600224184 137.38718069223751 141.66627798089459 135.68441302927812 120.72314263594903 138.84005961716704 137.13765547403904 137.95039613866859 139.25117890377135 141.71565184127493 143.67800976240099 139.08367403183126 140.53884022377204 135.02697324984149 139.207234752228 136.98381451532998 142.61270297437372 152.08512463406345 150.08637218745108 139.38507880574105 137.1752025662968 137.83424401761951 138.07115671553589 141.64804665267206 139.50215697509196 151.08098569879525 153.18595395257086 140.54783985635876 141.43470187090549 152.14545309249516 149.97158067202614 149.86693585181337 151.39306239225888 151.04215672928797 151.18185380247161 91.847571509030075 93.806740009826257 92.670955591906676 82.683800060699383 91.316627746150871 91.371453533721876 89.51723949884024 56.310931317733377 96.246806170646764 95.345913395065452 93.582632024252092 92.459984124965686 93.559458073866821 92.402689008343543 92.755344712221174 90.075253651136705 98.596872796097344 97.320610211262661 96.741220874404036 94.557047557440868 94.578149183788824 93.873574680536834 94.092449066227402 92.890929152155167 96.995313326919799 98.632901384421814 98.034854406183811 95.647756647644883 95.832777773890726 94.93301238804672 95.134520377339285 94.286131246939789 101.50569545587118 102.87746723601067 98.082640125416205 96.775772938076059 96.000891392961847 96.165150933156355 96.973672669812629 95.693294684514953 101.57793960185897 105.23349309390822 101.1403733034884 96.903283685149574 97.945567983466617 97.140804274650662 97.898565231102168 98.837228385495308 101.90115172164428 102.17165466175628 107.37427816862025 99.158920177589309 97.891801485224022 99.624877389210383 107.51490557442278 98.028565219458997 104.1868818660278 104.32357241764673 102.76397202467608 99.751190301313457 99.192725569531476 99.092321589693753 100.32537237450819 101.00944847656847 108.35166155839804 103.66366324080029 102.60724727699133 106.09371739603073 99.86168695212902 98.935753346193536 101.22147951497817 85.847860474363273 99.113396694222928 98.943990203756272 102.93298377973989 107.09312387499288 102.64959631472988 100.7454349553836 99.961169020740812 85.102320400877289 117.09402478365746 109.45850155919928 93.920219451122563 103.72261539764996 109.0540279851041 103.71804558404099 100.14593738229161 86.867856688456271 110.78228202804074 110.19912767999521 112.14919017953447 100.11870875126083 108.08155075284868 105.01862876685212 110.22622229867885 109.66464392068762 109.04587311739431 111.27216210052981 112.03535529032459 112.51930732407179 111.73565641675432 103.93601287991106 112.60835469123303 113.35643067745904 109.71356733281924 111.00778592307421 111.46037599681179 110.67258209557744 112.13438745900226 113.0985074502877 109.04297965909063 113.0817403692547 119.07638765959248 110.29783595521599 108.75147790564745 111.05760177986781 109.48829150681678 109.84552968130423 112.78493660136637 110.84823374785806 119.45428278927008 142.39870498510527 138.3360315379237 109.56829197792143 133.17431136944171 110.16330869585063 111.89472234692639 111.92575073244069 138.2849220150953 136.27595487716411 135.23826922367252 134.17613827238884 134.92059623906971 133.44602555733326 131.31044374318589 121.88724125405804 135.99640380704096 137.11243669567725 134.79381409686914 134.54259505845241 134.35844125269526 133.63889676646951 136.0750812565793 138.50373715074889 135.1778139365172 137.22844044511126 135.44646361512301 133.87193615306936 129.95661810730613 130.99162465674601 137.49238169049059 139.06120667933592 134.43748354414686 135.41100028675567 133.25898205424474 130.54043371352256 128.23085569846924 127.11765159507412 136.37907100300768 136.70328322453128 136.15068502896983 132.27687970211642 134.29971156067487 129.10606153506689 127.74753485252968 138.18479349073678 139.88057305791884 140.14692310074852 151.95002852687301 132.10522723454625 133.30052313511311 139.05685424827308 140.67642119929536 147.9723841883754 140.33111360776297 151.8215618467778 139.00091448610894 127.96442903184396 131.57562235066871 147.87558559080745 148.78708343130052 145.14605523272817 150.47838257765162 151.07753022531364 138.19013866321976 129.29722666688082 149.06094006024378 148.12516402255179 149.88183371278572 148.89623916539514 142.54363266852209 124.39957132409504 152.1548158472406 152.01835613462382 140.84281958189428 154.53309599666028 150.65983569404821 148.30856660859465 152.19286436017819 153.48734522174308 152.07215434328722 149.24558626584673 150.49026463148974 150.74696455888127 151.88567681887108 149.71214474310887 149.7289232311357 152.00906849035391 151.37586366958055 152.45559744829021 150.85340215674046 151.84330323300202 151.93012975585629 151.49944688387225 152.95574458837876 149.56960931595137 149.31865299156951 155.71209865705913 153.34004305105083 153.08069990521443 152.96941048320687 152.76226157414908 152.54726645616421 153.70676145463111 154.9847101336174 153.8470149397198 154.05067536026326 153.82245008401074 154.32586015750974 153.12690284756837 154.75220290929823 154.93252441658532 156.11361694313425 154.27736806140044 154.95125589359458 155.11142898211787 155.2086904586873 154.03646613443402 155.86662413971649 154.30958238202979 157.13982093445421 155.45573056435592 156.01267622960566 155.95784636407015 158.81490772007933 156.58081336016315 157.39020651912492 153.08044625492684 156.86259978580392 155.92824648499254 157.08906859909627 156.95718088159302 158.05003854555085 158.61522093730389 157.77485561581011 156.86501157603377
