# Created by Octave 5.2.0, Fri Apr 02 16:02:57 2021 CEST <br1@br1>
# name: ptcls
# type: scalar struct
# ndims: 2
 1 1
# length: 2
# name: x
# type: matrix
# rows: 2
# columns: 320
 121.62254050199211 114.70414626727226 113.02176915803591 112.97211996254659 117.76882800270464 119.38672235082161 112.27058410762827 115.92751150275379 121.94075129354803 118.86626722331827 118.00869009697034 115.88117355765408 118.58179003736113 120.21260770372294 119.51831858439475 120.96499294891542 123.81330993647155 122.5882126546266 118.82933673421303 118.25807718008922 118.8571435204184 127.35380858434887 121.23938995424112 128.31914730312138 126.49532173677137 123.39277622489985 127.03296055655858 124.79927265410157 126.34284476094818 129.96018665048524 128.48410895983758 129.32599658299193 126.64337451191503 125.32910625421735 127.14488906659334 126.01443276108256 127.32387244281476 131.07311971234705 130.38465941751741 129.23707518625079 127.79032054106334 127.80994684215318 128.34774684177307 128.26384884669787 128.87336424952565 130.8338679552933 133.96170706904817 132.41260419703659 130.54186120756981 129.24101538596227 128.87933542951583 129.45380646879013 131.11283093045867 129.99560306071547 133.48489514926371 136.09133302263771 132.04270392295234 132.49082255135056 137.53314165953535 133.71968937359748 134.90040688347 135.41370283358052 135.06715460154123 135.96563026240955 108.17987861926417 106.88406851479986 106.11202184749321 103.95288286220227 104.46276146703369 103.604218987729 103.97996088120671 98.143560418288985 107.97028574735174 107.03674463606957 106.12796499961266 105.01176305483153 105.62965462891212 104.67486631191521 104.99469381339284 104.0282038974993 109.66904385343534 108.2052728413413 107.23045459774579 106.46642578632463 106.77938907866591 105.70163189425757 106.03650843586747 105.14830936335524 108.89028033135121 109.49144233103218 108.60096713610403 107.61067740693544 107.74189481071089 106.80088037252277 107.09833459088215 106.40554384413863 109.92294831109422 112.00387497975667 110.42240151708198 108.93818743556824 108.70067748962958 107.96193620542317 108.87823183059182 107.64387593057802 112.12213189323614 112.10748360692102 111.8980247362171 109.9360579255525 110.90398261802613 109.67253142537086 109.88777353958174 109.33548389765372 113.65234006447176 113.20046695176703 112.89413516311384 111.26630907854073 111.05318944572043 110.92666209392631 110.98729410881708 110.3799096767635 114.31807407458494 114.78495592715709 113.92181713808141 112.97990553715383 111.60677278253927 111.83360037696244 111.85930769448635 112.0624984499364 113.20407064537795 114.16484350814333 115.1326228255535 113.97290687668043 112.89301766086636 112.33795530337107 112.5457668360358 111.23247104301284 112.32790732420804 113.89676670811953 115.2200725128683 115.11103637349211 117.31532768140103 113.42639548293594 112.87288684390933 113.26790764250771 116.00965874051005 114.90302044585651 113.21527846616357 115.37699961001078 115.88593002478348 114.06396117374209 113.59120190982588 109.79722705197233 115.40658856544736 115.18979690934232 117.15765936822839 115.28471338359275 116.54047657607536 116.98031113048448 119.37942107937616 120.42180908820293 116.36082499747312 116.40124563466338 117.79124849180901 118.1909458424019 119.34980252216312 116.32543392151813 121.74932472483275 121.39269416317119 117.30707709450876 117.35226017439651 118.64737462471464 118.93170921347182 120.03274553560217 121.10232635351693 122.51109163246704 120.68681475666008 122.73816314388026 118.33384425314665 119.51352054177723 119.77470731827385 121.26049857790926 121.97018192031317 122.46278376109802 121.73935613124374 122.15614885725323 125.87965321587629 127.14453439391964 120.97805339395494 125.46459585372203 123.14023675053613 123.62646342231503 122.98489342652083 128.1470986244382 127.069103669824 127.94657330641 126.57304936685716 127.74539042298809 125.73551290997027 126.69565834230001 125.96978911266878 129.06680480742645 128.15341410100186 127.66078842665395 126.80980762593353 128.81611391628792 128.23694157681243 127.8287278029631 127.44931497097905 130.01687165999374 129.00427326407558 128.78367056667176 130.43071832396802 129.65869301199584 128.79658707621999 128.68149966746043 130.28045066916596 130.9803410052254 130.07153450265028 131.25668000364166 130.73802106261957 129.54400873306687 131.64091672183849 129.06254217126633 129.69182913032503 130.07506744487543 132.78215167232392 131.94590849450836 131.13852324917787 132.70696847319715 130.82010884227685 133.03409152586067 131.29176097441211 132.74802456373254 133.67886192162501 131.79917526051901 131.85968723057093 132.32892334228768 135.67184553250704 133.52635993449573 138.92473367894098 133.94301621344309 134.72047758325269 132.39383536753311 134.57184967856455 136.56267000427107 134.7169872186038 136.64390585941592 137.25041421229793 134.49937193588568 133.66772037897471 135.71356393838741 136.38547479896522 137.79656688438519 136.84272214291053 136.14491779523223 134.31415456939052 137.37202422109479 137.27128480312231 136.38016815968902 136.84021690794924 138.91996822274982 137.30393637706806 139.42232273224809 140.67135689501416 138.61742634141481 139.3011612479888 137.73331968475694 137.40731777065295 139.03554063493559 138.00099713333859 138.0528200936667 141.66822441294056 139.00932620938079 138.77222017860606 138.56540070197994 140.22104832474136 140.24921258584192 139.28137613262859 140.13055761145654 138.83301878636559 140.3062213800961 139.88729317548464 139.51127460858999 141.04600752699713 141.27119699445257 140.51928810456539 141.14421863236501 139.86146337151624 141.04350335782726 140.58189418656158 141.65588294001645 142.03327540847874 142.49882757652256 141.63966210627305 142.21743085548798 141.29272317230115 142.50544105403961 141.75940110364226 142.82343091743127 143.26140121179623 143.52221053630285 142.88050695023179 143.25381422972168 142.36140740981108 143.62470697811349 142.86027515118056 143.838511110204 144.39112714767157 144.73125811768767 143.96026401194186 144.26090221326839 143.46435112104407 144.66545283882235 144.03837125468172 144.92560241330045 145.73146145061145 145.88967156337958 144.99226954059637 146.08494779560192 145.21038985435456
