# Created by Octave 5.2.0, Fri Apr 02 16:03:13 2021 CEST <br1@br1>
# name: ptcls
# type: scalar struct
# ndims: 2
 1 1
# length: 2
# name: x
# type: matrix
# rows: 2
# columns: 320
 120.3621913203152 113.18206677908853 110.98422772717691 109.90189617983232 116.08963202384786 118.34099862012749 108.48142101796785 113.08719866896897 121.38152018997749 117.97802224730559 117.50111188285052 112.77581034653188 117.44786127337782 118.47167702776014 119.13314446434804 120.02366085218064 122.87512796323053 120.70199936959996 116.11909695213771 115.22192752128203 116.50382428785831 129.4862063995765 119.25299357375786 130.90333438545426 126.71226626948409 123.63930554658137 128.68448174718614 127.03843370148445 128.58577463818301 132.39672387763233 129.91120984128165 132.20736655342688 126.91318823834145 124.3140886503524 128.09786012375434 128.89547284973938 129.05020091582603 133.38781913131271 131.45579617603588 130.1495602619479 128.74317172593334 129.39454856571354 129.93619337704797 129.83677995678414 130.34077856647488 131.97233184812688 137.17051118188667 135.02655210647993 131.22007856511217 129.81822039839884 130.68551443386608 131.12679659147221 132.66738193874781 131.85226716240632 136.10489438749869 140.19346324698094 133.63685360884108 132.69346231722781 139.81368558040867 135.88140574155901 138.24550687147308 137.93628351611011 139.11003938532002 139.38032429470303 104.83159349206599 105.51722889111244 104.68226274814525 101.73119089266523 103.0139200993755 101.9823145538858 101.79891826912244 91.892707794068372 106.44676158825824 105.58929948200074 104.6851250435697 103.60574855612006 103.83104967761625 102.89168028713354 102.57995328081581 101.62463091829194 108.3679653064742 106.65434685524897 105.55306652501679 104.73513867809633 104.70406749099082 103.85986326579683 103.70253058829971 102.59592202415722 107.66357774743868 107.62480109766774 106.48770778865936 105.59813397726498 105.72314604883472 104.69407749851928 104.42377992285583 103.42947952631745 109.65863053774501 111.65822046548396 108.79378872212123 106.63924435465059 106.78916685022485 105.76692244058073 106.69709419875225 104.43696842101394 111.29716898627753 112.22102056101768 110.61664304811589 107.58569413373002 108.77623668260685 107.86031967213292 108.13830293697158 107.25289733820667 112.77973444517272 111.96943308915702 112.93431155256181 110.05467601759497 108.53977481293398 108.92271176919435 109.33480537692307 108.62837957982519 112.94166184170703 113.81659261072581 113.03940201614043 110.93330562780653 109.59501774505847 110.04399243888614 109.97514928864946 110.25865074977712 111.32318774874727 112.41547352450893 113.18640558184165 114.03815947166574 110.65305017579826 109.77762951053562 111.14216320780574 106.50000620308937 110.16231722565819 112.06215070387366 113.31754379041725 113.8792672461007 115.99391833358141 111.58906656356005 111.17494942382172 109.03475367513778 115.19699758452671 114.35596112583205 111.49642348351981 114.08374494464917 115.27815802788973 112.40081576487246 112.11043599840522 107.1522724812221 115.2557253394064 114.30720070631864 116.45966397931961 112.55590188869711 114.32697333075578 115.48763321958361 117.43448269293282 122.04495301782832 114.42085019384136 115.11878183414814 116.17772964956843 116.87273413643788 117.95710913562858 114.10350028858194 122.53369046386847 121.95122408354045 114.86546436786905 115.51480231725327 116.65513771970852 117.46286073364236 118.49303362712588 119.65811036750303 121.7146168644969 120.92165095224949 122.48300867480012 116.03440594324557 117.25182295175577 117.86911327784051 118.36842227658566 120.69677591326595 120.65423023324622 120.1461322548613 121.46041435875252 128.29174862045534 129.1682005227083 119.13639044270509 126.21599186551823 121.54927723413769 122.61864186280251 121.78521758866746 130.24835024833354 129.32195328601907 129.09552611227369 127.38239572298784 129.09047093174044 126.69276998214369 126.62045675364352 125.210658732748 128.47174938726954 130.35418055197167 128.92300778409054 127.92853135330225 129.69603322626037 128.27516291591633 127.80722103913688 127.79387812487099 131.22179306242958 129.559054652713 130.15178968558465 130.130149312925 129.08939284503697 129.0551862777036 128.8801057273682 131.7709454742656 131.46885072608271 130.83988028688441 132.19625213889628 130.97852253745617 130.30072772889744 131.82115713358397 130.86700925834757 131.00548391631474 130.06480358129164 133.31266992914416 131.96723204644303 131.46716347194584 132.54036196610625 132.07483168120402 134.3710062543328 132.88002296251767 135.13118514367241 132.9711157943872 131.78771413279671 133.29293008573416 134.45249035098064 137.54620766017146 134.42508951096463 140.61332271827325 134.36217877660621 133.82234384073496 132.33375070691395 137.0045167887067 138.67222781656048 136.49633129232106 138.76319890397903 140.4429537267155 134.85818563094432 133.6440020907153 138.10365221985245 138.6511644107899 139.74340087359403 138.62640764951232 137.42266724338836 132.83266511894541 138.92711610004915 140.10066489147007 138.26280569051269 139.18521342989504 140.81469442356254 138.40004641472032 140.8202940167034 141.9272962345506 140.34578407969215 140.55398067723195 139.34717588592412 139.87573832973516 140.67266403639201 139.75506870891843 139.71743570670304 141.86450552395908 140.19194022881393 141.31014816378888 140.91933171391119 141.91400453475617 141.73475448373011 140.62218866322866 141.53346530681802 139.53770875331904 139.46727116045193 142.31382986804871 142.05978309785914 142.94246104233886 142.80016953008445 141.68400403704499 142.55423217691731 141.78898052594931 142.96281800205531 142.93100710486263 144.1417256065061 143.87552974898935 143.80271352147466 142.57393086182961 143.56355299647296 143.34327984972839 145.49093669752108 144.027969600517 144.99410777658974 144.82277956411019 144.64137748561723 143.64448900254214 144.984050843783 144.55392388614933 146.30002226542541 145.10498447589598 145.95072467052171 145.77467972404949 146.8832208317227 145.96729771953974 145.63265707523428 145.47785887466003 146.56852456078752 145.88994514182914 146.98356256314182 147.01869977623301 147.84813478571263 147.51944709636055 146.75720251240318 146.59122038068566
