# Created by Octave 5.2.0, Fri Apr 02 16:07:18 2021 CEST <br1@br1>
# name: ptcls
# type: scalar struct
# ndims: 2
 1 1
# length: 2
# name: x
# type: matrix
# rows: 2
# columns: 320
 173.12800315380531 83.275005775499807 83.144715627683965 62.431513077865603 86.735022270308434 105.8587209958805 48.41797836610629 69.171592546603648 65.107130508929146 115.51770896257186 89.116016825829632 83.703325402072721 102.86053007870672 107.37228940004161 106.39714505989949 109.3977152872324 50.96967434489256 79.841308431878417 84.794241328210774 86.154457766274916 87.97103318291758 152.85630488044436 106.52733779138696 154.1639745890549 149.56404764880079 137.33074913267512 150.71463540958484 149.53816435293237 155.91844308837977 154.76065199043174 141.5975162338834 153.48211735156747 149.211313058022 125.36673629849406 154.55576999348713 151.78874034764519 152.40067353870688 155.28194091216338 155.94441392242734 153.62633838188486 154.0090303679294 156.55317843494109 148.62425587080907 154.76599463709425 150.82615423944389 161.24715105574799 170.44650286046513 168.1527618039791 152.51313406376616 150.37257459468151 142.73767574830214 153.42416681185605 156.23037416969177 151.98447601512981 170.86316526467007 171.88826625296406 154.20220723789171 169.90327170147245 172.50910603361834 173.49155296338137 169.79905033446408 171.31862168947964 171.05487896961245 169.11752731575061 73.586029903902883 74.191541653750932 74.150569660386282 50.228430450231855 75.398546477337632 74.654300855551966 73.161796192078867 4.7550904727421868 76.007563700390378 74.90988333085518 75.168576113535778 73.950204204406703 76.981693094653053 75.012329151716457 75.783859649521787 74.810362361300633 83.016012824276785 80.372486813302473 77.386833409587254 76.208539748579412 76.624934357592466 76.536335123308533 78.007915346584724 76.670732909606627 83.117473143365658 81.728553796248676 78.481052964166437 77.180694648113288 77.832949636904345 77.308158180400625 77.64743866745826 77.824417326756077 107.49127078366894 77.895850170568323 81.864208079646232 78.222314963600283 78.46453729070484 78.586103702040816 79.114093140402787 78.081903466373802 85.782692835818224 87.093186017188813 84.602706822761533 78.934950503369407 79.499362511393628 79.664004071627559 78.663725575674306 80.903402218740197 83.121823098527599 84.864485881240284 86.016749144262761 82.456023897113695 80.143720876280256 82.097783153329786 97.027823995448784 79.371902420398442 82.219477208503818 88.080844658224009 84.291402513951766 83.997115749593632 81.238999039367698 80.212827916852348 80.413690264208256 81.585644074504756 116.4723709817392 84.311303759129117 83.796706777158207 85.784718784500797 82.043912163577801 80.894065604656404 83.223156790968673 49.295487500225789 80.247601459065137 81.038552587497691 86.696511807042157 98.741768999668182 87.951785128394818 83.729721537794262 81.455838717918084 45.19853642052837 129.14094279671542 118.29220868774144 51.943710776666393 86.01779641740049 84.868305301203975 87.330162338996175 82.558664573130656 50.152833397608042 186.21771336524301 126.76784694397509 134.52282211904026 80.007759449927278 85.214544874865553 86.704385445814594 105.56486824014925 51.892327223412615 119.43813498242416 120.47708977144751 115.97243902824178 111.96496744005637 78.986179058960914 83.398962924531318 62.97960748960088 77.727549056069961 116.80229970007883 120.34311911678108 123.6383393889211 80.361741173424548 49.919663025801853 49.786092742154395 94.22002097196301 77.476245565584918 116.72779634707399 106.33345597388227 100.12661221811854 78.148625373294095 97.87307381675852 115.77133934853261 118.89190921954173 94.805030126767988 88.747137068304966 166.87285093844423 138.03027789967433 78.606876089214097 155.03883521195766 63.992920559172561 63.939995703044225 76.872570267531131 137.1094770347139 142.36167150014967 169.68787410806502 157.60118462450757 156.88129046102506 147.84896398671555 120.21484853193348 127.3387291617145 135.94750433313641 135.76647821028121 148.03924741708116 155.90758059544797 154.05074744305179 148.17853347489054 149.69963990350413 151.46759359304804 130.66134247192107 131.11990186298084 149.85730648679964 148.56299328237628 148.6891412984638 125.52805430135346 148.55875227127561 155.5015050576348 149.55572544312511 126.48978704165837 149.44433813033683 127.99910778687892 130.9900715855475 120.67625896473439 153.13773792177184 148.94561012073459 123.61963597251517 131.84055470890036 147.51042184862561 124.96736295897449 185.77161140679829 153.38148766536011 154.39610780126813 151.18240611238048 180.81480027912269 125.51437051881064 148.2753135414593 149.77192771490417 155.06819980158767 166.03824691881712 163.37096951895097 171.34209518541306 145.21809820693028 104.42319429734141 129.04079491299714 167.02097248091482 167.63990491330227 155.23560208541906 168.95327200422781 170.09501178194284 144.70618109870861 132.59036201695534 166.49103670065844 168.01127198202249 167.98471066988702 166.40672581671438 152.28783746225295 109.92655900047978 174.29023899567298 173.03786076691901 114.1717197470843 175.11177359735964 170.57921218876947 168.76539754427441 169.80953250470077 173.32062601392465 164.8483697946366 160.44284496671895 161.02054050045618 170.20092398156251 171.3932718508774 166.77249811198274 168.26115779212591 172.18224994865449 169.30649219990033 173.90318620706913 171.7123032083085 169.47338720907675 170.96150122266144 170.73250331917203 172.02703131500891 167.70493925765419 169.18141433727624 177.73171469717525 175.05036875258736 173.89656304252662 172.76589231478277 173.70396442497349 171.90019123987048 172.34135088571691 176.47309622721798 174.98014493584225 174.43079239395408 173.38450931802637 173.57169025904852 172.89465041167782 174.52306809265349 178.95921816595421 176.27198030126237 175.66169611855295 175.13755494686328 174.05926649941838 173.89180068617443 172.8642953315611 176.79740504663349 172.891968615097 179.10317450862428 176.67179188353433 176.42695753624034 175.97868323392518 179.50647941352355 175.78290701293358 174.94714075372011 166.87563929874062 178.19464845600424 177.41313832235187 177.16335522150055 174.7885980037629 177.3692787663355 177.66672019340331 176.54379497359395 179.39287715163363
