# Created by Octave 5.2.0, Fri Apr 02 16:06:36 2021 CEST <br1@br1>
# name: ptcls
# type: scalar struct
# ndims: 2
 1 1
# length: 2
# name: x
# type: matrix
# rows: 2
# columns: 320
 157.38021379654037 88.929238224884955 88.4147596965406 71.051756775486425 92.064939328158857 107.72154870001822 59.148250980176869 77.146317041461032 82.154840529834374 107.97706935082805 94.151471539462875 89.496853192584226 105.56586320625365 106.82058760654724 107.73462210310619 109.37780308428599 74.065245344419182 96.200268522713941 91.394436139962295 92.352734833423 93.081832899370411 148.95817266150198 106.68045828926695 150.54785666547068 144.45242312914291 126.75884965555139 146.66770372269784 145.40890612282811 153.21969011186223 152.55295084026304 141.31793657971522 151.94229239863387 144.99572063421837 121.88126780420848 151.00487521142711 147.45571018448905 148.59370256544764 151.75021158052181 151.79244527570324 150.34189107878072 150.17418916012025 151.45060822487892 144.15498681567527 151.47546832266522 146.17017578530204 155.05631584215385 164.54951957054234 163.83190013505012 148.46194126889532 145.93096881663865 140.68528702601481 149.76589552499246 151.54755565663206 147.81275750858069 164.51726956820991 165.28343368377782 149.47512884893271 160.33077091706841 166.47082759945675 165.28014566238409 163.11345581466261 164.29172769849603 166.32287247314051 163.45821274189822 78.02500169101134 79.137673705903879 77.831859641768105 59.556154787098507 79.464363653170039 78.298683574942501 76.744742507110999 12.795380356802934 80.871348257788412 79.717048423225336 80.406723422732696 78.856621091439834 81.586352258620451 79.987156034263066 80.468929475138893 77.153801977513609 88.089369902743243 85.841097657780722 84.263240667958854 81.305455895096614 81.838786949356219 81.382299678590641 82.818884386256087 81.906584534852954 87.859774165453146 86.909948666849573 85.120898650438846 82.578784764487025 82.897005047664479 82.351450397753311 82.517525141440544 83.294850152951284 108.85701164359325 90.366664977307934 86.770562978658788 83.920901776031201 83.542466779572408 83.88055729510711 84.112304337805696 85.689240043106139 89.623051582844809 91.154159826088886 89.757106009653427 83.976632907418093 84.7084936840414 84.909929247617526 83.674605622996879 86.063550518387629 88.853706791534989 90.457505022730743 92.858165406640651 87.690115854824541 85.225523934735477 87.18325183467573 100.61343583990455 84.334289173107891 89.743522646235405 90.966341114060285 91.632944226579752 89.045131818711781 86.221582434065212 85.542038873390482 86.765544183176488 88.258094080880412 114.13846630495217 90.986048891584517 88.416750812898272 90.730671323121555 87.169916156690661 85.934494818536436 89.035655706020364 60.322974024094357 85.282281125860564 85.94872301917151 91.084724475112438 99.705954335003042 92.718539442433169 88.752372188413887 86.624276030187303 56.666946777085343 133.725008763906 111.49303643973592 64.007825474443166 90.564259334115505 90.359147374049314 93.38803209328745 87.738629817833939 60.164385523970495 148.43735880182675 119.87127077404413 123.64786684412665 86.410938080398083 91.820178384985752 89.674025390319983 104.52802816540942 75.220560783355069 114.00749932051322 118.61289558296707 130.02783798098531 113.83368187329714 92.993051394105237 89.888497130838275 83.255022301282324 90.249059459040112 113.74366666485501 114.93860010419395 114.94740912798561 92.34075384586005 73.680717520530493 73.07453079277299 98.58062807315693 89.140097120379778 116.91384409454054 109.43888559777601 107.78355288428098 91.303426204038445 99.528375245109984 107.27325035794411 114.95630452254403 103.97259476751852 100.10636926041857 159.6511313499812 134.90130429794465 91.318186499597616 143.38568639749423 82.262725968519277 82.336284222037037 90.41563309604571 137.88098869997037 138.91765929424844 155.86171160596473 142.18790852243987 142.27694560698137 142.5297409487944 129.93113790553127 127.03482194534428 135.28480545583525 136.53569550177014 141.32341244661922 143.5049688200456 140.66918810581768 142.37549994092979 146.07727773347517 145.57778990018974 135.94968555882164 134.45171805016014 137.01930123347157 140.60422081991226 139.94819805178426 133.1993675162569 145.29550779664052 150.40344510861127 138.23170807953142 132.12936583964162 137.36924779866806 133.45838201193953 134.8187233899836 126.28560869517391 148.88058242228118 144.56685628362652 127.74369792223419 136.09881380767246 139.53781359020317 131.69692049840452 148.79463596957109 149.29737364560575 150.4232798220344 147.18235246626574 172.51901942119267 133.09394476152468 139.4154936548295 146.40291178226113 150.62132026458735 160.20604896045398 157.4790462071891 165.6709786757207 142.69481893200154 118.535523492751 131.33089044627332 161.50731289937195 162.04797323778752 152.33585043090554 162.78930478245195 164.38031629944621 143.52296062185911 135.02343566835162 161.27781058168671 162.34181982317011 162.53399151833645 160.34814509535616 150.70895434016609 114.0861255344322 167.07956597590621 167.8457395819886 121.83703584134071 169.64646644683245 164.74472724967856 161.71741826558687 164.56555580920786 166.74466869919732 161.55685802700819 157.22473518261 159.13961600887129 164.61062073090594 165.58390208989314 160.95512849284884 163.83967796784057 165.64074622053332 163.41796142912776 167.07500062645477 166.53841839562844 163.78701360316089 165.81432725490308 165.48338626245845 166.95601510635765 162.51881979579147 163.28554797721026 171.76954660572719 168.49742933468292 167.71606280495885 166.57172975487703 168.00380481157015 165.6309455933513 166.95796196561741 169.64076601033437 168.98317851222771 168.89870825429927 167.89543232455756 168.56872395693938 167.90996232902381 167.58448892980579 173.00143659133479 170.74859597400015 170.30302996345395 169.85950101627884 168.9085723932962 168.70784806551569 167.69858947077995 172.35362320996123 166.36777574814963 173.0683692122266 171.46436748492715 170.98976921874001 170.76289202492617 173.28312251116802 169.75658353062641 170.57129621942875 162.93517008928791 173.42363935632406 172.18522465218945 172.03054212365609 169.58123008230086 173.04555341950569 172.78219147630267 171.66523002701746 173.35575382769383
