# Created by Octave 5.2.0, Fri Apr 02 16:06:03 2021 CEST <br1@br1>
# name: ptcls
# type: scalar struct
# ndims: 2
 1 1
# length: 2
# name: x
# type: matrix
# rows: 2
# columns: 320
 145.61738495543034 93.034365893616638 92.123379734824326 77.31028987101935 95.316675209629082 109.37282651016849 66.666294060170472 82.936185510330091 96.175452551234912 109.80050906018222 98.537233791493534 93.149906947402641 107.53000917556855 108.31547977309216 107.92525917304192 109.10559701025369 90.829464511576646 101.06524216812682 94.852229396423638 97.403920641033935 98.356142927682768 146.14825094562187 108.21779363282323 147.95541712827023 142.18734408904811 126.25630911520059 144.14592916507962 142.41095151740996 150.48574173901287 149.58137716199832 141.11495409107258 149.7411933536292 140.4121103473536 119.33733905904121 148.24459268495946 144.95086549807067 146.09772854590256 149.11222777093099 148.06817636699736 150.56873788923053 147.20590117418544 147.90593201144313 141.49031973225999 148.72397935934154 144.14668550142673 150.5577203020425 160.37546145281328 159.23057782779622 145.25210933142404 143.3034781442939 138.93665252127698 147.21733166281706 147.4470376571567 145.38439233738623 160.17923648138986 161.17048496975167 146.35674499197057 153.4916684771741 161.96322962509217 159.97196880548279 159.01089871805044 159.97547072581742 160.57606125881438 159.47018156765176 81.252865578832655 82.509056880434954 81.744606327100712 66.328338209755117 82.85349312281744 81.335821243832484 80.676748915310014 25.537503013869912 85.128094037125734 85.851123465563063 83.714932820293512 82.564521381332554 84.919353629231637 83.774521330100569 84.025613447577243 80.161983061528403 91.286333100984677 89.022677117765411 87.913617617920536 84.851062631836427 86.119736946226297 85.013734425560457 85.919956367900568 83.970479566395298 91.758952907230366 90.00867921665872 88.710828647072546 87.001100042627016 86.935172348612426 85.926634025840301 86.027849646333749 85.163015749139262 107.26631178992365 94.253864175330079 90.037840064414965 87.79927816799767 86.935478739536393 86.090170052074242 86.99467536233557 89.927721829539792 94.917752668795998 94.391898476867709 93.349910253823438 87.925246487558496 88.880807268715884 88.006807270674614 87.240986553822836 90.888463540921819 92.236729020338814 94.171485784942448 97.491009198869264 90.965691238191738 88.616894739842522 91.758379945944483 103.21668827492039 88.63509281888453 92.484358548373166 95.509563374671259 95.187142683411054 92.545843482131204 89.66327942366307 89.725220703629745 91.843589712552713 92.741531744885066 112.44398756701091 96.215484619823712 93.064590393987729 94.224302544088772 91.092405123959608 89.97309781359111 93.038651954179727 67.893709049201135 89.226097019934073 90.222762149171317 93.292092014704991 102.07288133520457 96.362862330250209 92.25371755113963 90.839766285994386 64.993326898969173 130.21606918544649 107.75805007530955 72.766703268719453 94.554350648749008 93.744338329530294 97.554927136480799 92.059066941262643 68.140997788842469 122.10015217587018 113.04930645501521 115.7291098016124 90.062199804733055 94.10060417865165 94.370905002536759 104.36677303010548 91.596187737341481 111.19456434001209 111.56909731671868 120.72934610370785 108.61691981034555 102.58364195933224 93.407159366287686 95.749175836702932 99.005811388737598 112.23412137060788 109.69316304682722 108.67520025913741 102.62146497866607 89.648066685192191 91.831510117313243 102.01832778647494 98.005716804932661 117.77285470885951 110.8560390698002 104.57598974738798 101.41013116006023 104.39903734088021 106.89090969496193 112.12885717906347 105.71795919799767 113.73073339167065 154.59931589507278 135.5410548568274 100.10125067989406 138.56640459427135 96.934792072702649 95.30446707328143 99.916528753598911 138.37869840813747 137.06205835291158 149.14983184263741 139.99069517428711 137.70269884349591 139.05407066566715 130.80651819133502 119.64122885891325 137.30628623397254 140.16362177260098 138.21989742068425 140.25631970201914 137.66196268317321 139.50771327627137 141.50051341222758 143.09307891816664 135.24729867860401 136.50703452317015 136.21530285109105 138.95148830894328 131.84461570814628 134.14582767411261 142.48131873420616 146.43005387241757 136.02362829853834 134.18575533048508 135.02631860664474 133.09151041268834 132.51999488932415 129.37714018851617 146.2626320716362 140.49001112340483 130.18877227100555 134.12080955315892 136.67169662452977 133.24948914901248 133.63262556876316 145.75383582618133 146.84340326207231 144.50789374942508 166.49605523666813 131.26999442083888 135.264935578891 143.91417475291709 147.08823334652774 156.72670782024377 153.22870457022927 161.34401593574395 141.21195123602342 128.8091384398179 131.98949103025961 156.9671474313879 157.52079052661978 150.23055128447791 159.75724104799929 160.82804990195638 142.36264323805702 134.37513528563022 157.87138292713482 158.59634865284457 160.47985207720433 155.95995036243818 150.5930900822587 117.10608479880861 163.44677274521339 162.47376441748992 127.40226533443098 165.93962577781755 161.60534117384299 158.965401345201 160.63744708541344 162.23966857699531 159.44537129584569 154.88829931195556 157.7740132958028 160.02711714954265 161.96776515037291 156.47380652177364 160.95001067955263 161.02938550109019 159.68994135846296 163.68784947587847 162.77419432850394 160.08502876820529 162.60242694873997 161.10570442397542 162.63494545011037 158.55553942368968 158.94895791120982 166.88197669754172 164.80643641900878 163.84863476529375 163.12915022070806 162.54361252706849 161.89345101807245 163.01255414605976 165.8416504535829 164.23789599758675 163.6878558943863 163.07465350125364 164.83230091644248 163.6793984367834 162.99842086953808 168.29149926064829 167.19210329178748 165.56051063052612 164.91376707290539 164.35779390740296 165.5635050639049 164.1466504214182 167.93135667275365 162.01127240844431 168.86576367814362 167.05539512132972 166.46622509785914 165.67440490835617 168.21122773053017 166.75190115412636 167.33952970826132 160.0742814851647 169.01735452108116 168.17319487029948 167.58819664585707 166.23462763637937 168.11627744789024 168.1595939237049 167.06448105900279 168.75239127969223
