# Created by Octave 5.2.0, Fri Apr 02 16:06:52 2021 CEST <br1@br1>
# name: ptcls
# type: scalar struct
# ndims: 2
 1 1
# length: 2
# name: x
# type: matrix
# rows: 2
# columns: 320
 162.9287179668753 86.992857249068123 86.400133759837559 68.099618522876554 89.855050094556859 106.62291112870776 55.429183471292824 74.415247008975626 75.96100041826756 110.94765748914971 91.99642121879414 86.8764374680554 104.63937925846361 106.12689909426487 107.87852112818429 109.38462233187037 65.333261033355967 90.597884929962049 90.069463380760411 90.036676348467068 90.806743179473742 149.98132643779459 107.18387974130955 151.09404437517932 145.85297864679455 129.44292728231642 147.99502314528183 146.82303565368574 154.19046472115343 153.52749412905595 141.41368303662213 151.87233792652478 147.29271608301195 123.0749213981419 151.80760771397817 148.6379300963942 149.60386899200316 152.99136755185523 153.43669782237168 150.7811596961744 152.36313582410358 152.88361197033862 145.99364383324149 151.90790712851495 147.7757970273816 157.17646488790527 166.1433748469052 164.85361847120654 150.20148735348545 146.93336326759675 141.38815987611321 150.77211920043865 153.46491129122188 148.94085490384307 166.3397612816772 167.19010350693156 151.83422430841736 163.55676263399968 168.7819515383236 168.89074105971238 165.28886441957661 166.94700464096778 167.72096200959993 165.08835588868143 76.508182678516945 77.672028149110218 76.187861382817275 56.361728644335955 78.709054491432042 76.888802940156424 75.103651162040222 6.7849451412053021 79.24557769688748 78.399133337963789 78.782191221033102 77.304207354293439 80.448350004851491 78.326826463587992 79.167235809956722 75.844115365996714 86.314384006439397 83.50133772125595 81.426751078359032 79.749123562923756 79.987864528297962 79.850933247026887 81.509677695284921 79.261639993127531 87.386944247773997 85.109469390147638 82.578300174025614 80.608173368703959 81.106265776329963 80.78223596120587 80.994425419979478 81.523497813966557 108.57480344470429 87.8073863802517 85.599086146261911 81.884766759304171 81.88917895380149 82.142610058892586 82.497397631658515 83.438727621479316 88.023636797269788 89.493571471153061 88.027426070953169 82.474057753225026 82.956886434495402 83.326822727923314 82.10198078859105 84.283115655248309 85.967393135399973 88.003620383309553 91.110759333845778 85.592688854531715 83.525923854772827 85.55685036921048 99.385486578104633 82.71163309499066 88.091049127404688 90.452409770991466 89.041635300231007 88.462304766048362 84.525821998119753 83.626783568633954 84.144298149302713 86.524095932213513 114.93774872850938 88.905294830336871 86.675922003221189 89.125482035361642 85.284941620039376 84.148060483662562 86.713193463359886 56.482367968459393 84.454685061777681 84.204148552918795 89.933376084480841 99.375748756310202 91.111287269226878 87.231644636257656 84.760280865455556 52.739408983743914 132.6656770607508 114.86806572282228 59.876279345067559 88.925631218831782 87.703968582633948 91.116179598162304 85.916733970148627 56.844157970577896 161.3758363920378 123.06513407107026 127.37216659581152 83.384468635069226 90.005725827224538 88.70742364640661 104.88179337143823 66.293030871481974 115.38907001676151 121.93814171004551 124.50505921308573 116.54022964768693 88.189574222231712 87.868131904773449 76.363870728211268 86.57644997849556 114.29475007168369 117.07569218057661 117.73053249088741 87.567946017847547 67.054935558716267 65.348423859435755 97.087269476857642 85.775909351483904 116.51496320383737 108.40621804977984 105.07747784836951 85.420633152567262 99.527400404131953 109.84837682828206 116.31414736437108 100.26710862592948 92.893512984652048 162.03054040162746 136.38521803874417 87.070550081558991 147.34451201937546 75.381719709775211 76.963508617156606 86.480918433037147 135.77495552551363 138.97861783573876 159.783523588892 147.36094715974554 146.16098410538999 143.99432358749942 123.96766453445741 128.07533565196891 134.0322368874144 134.63056116966879 144.06233440176541 148.50103688447177 145.21932988558271 145.24822312441526 148.10416069089462 147.86362798244309 135.72991219533554 133.23037558551249 140.03574712901988 143.07433844689299 143.13814968783819 130.46737436549114 147.11434071120073 152.25261546238301 141.02417834072469 129.95721675854915 142.34750766119018 132.00665478221015 134.73188941258002 121.18832322833872 151.31327511829971 144.69608172591845 126.59036096526657 135.3915364012741 143.38900678600436 129.27496785595781 162.27115889736916 151.12468984902281 151.57172646238485 148.6014638649778 175.36004026294952 131.53888253992901 142.37043892723048 146.8198581645529 153.02994066110631 162.76549411976671 159.48744710453872 167.84614078736246 143.4680961017643 113.70385105361615 131.03519922541153 163.59471049589732 165.00603680093678 153.32891606601291 165.90516708322514 166.58627421200694 143.99646886708678 134.16996057048857 163.7781348283844 164.5386948870559 164.41576183802235 162.64428219821576 151.17660689328221 112.66161644746219 169.07036705657308 170.10247076320422 119.21192758988303 170.69018749340401 166.48257485336066 164.90055453783808 165.98079066717614 168.21559794694107 163.21838661912355 158.32682757442814 159.7837682320168 166.86815228630772 167.76854322672526 163.74783428621902 164.42746341384532 167.29622241078556 165.48175898699526 169.55209619543183 167.98626898621828 165.68218828366923 166.87569648902161 167.72275240099043 168.84192922518218 164.04802461023775 165.61274474169093 174.42740245119114 171.07870960068556 169.97461143907447 168.87052703108839 169.86486229207583 167.21509159629622 168.51953681437226 172.10386909659189 170.91851841029643 170.80771943814329 169.75962142317479 170.49337403912909 169.65691972633408 169.43865611369046 174.9985858141394 171.92974690856383 171.94914586751682 171.61134616193786 170.60324299117556 170.31812308208706 169.39248495884041 174.21210107318214 168.33486522413401 174.68609744654592 173.04080799361961 172.92329832203055 172.52313647503803 175.54852016907824 171.50596878152817 172.65331785235043 164.2846458459498 175.11970653581687 173.93482233442154 173.64236980320229 171.36273764899744 173.86755985892844 174.55878622621819 173.32045152820427 175.30092521000833
