# Created by Octave 5.2.0, Fri Apr 02 16:02:27 2021 CEST <br1@br1>
# name: ptcls
# type: scalar struct
# ndims: 2
 1 1
# length: 2
# name: x
# type: matrix
# rows: 2
# columns: 320
 121.10987962666492 121.17040251096218 121.19234406076063 121.15810251712541 121.17524147070002 121.21074770434259 121.14325913390296 121.17506316716803 122.22304303886627 122.26728177625638 122.28691376304386 122.25828314090391 122.27412478798466 122.30404181645956 122.23544534028666 122.28153695681192 123.33172359324233 123.36736653500341 123.38241122416591 123.35900185707858 123.37453346565246 123.39408223466165 123.32711253338442 123.38424681727926 124.43664889978552 124.45762291814847 124.46416331054832 124.44499145994185 124.47620159930072 124.48604528484412 124.41105529349539 124.48614091617253 125.54327372427575 125.5371758946648 125.53922204080018 125.52801871408205 125.56138624577787 125.56532354819815 125.48311737570067 125.58389137765829 126.65452847865028 126.62548112832204 126.6278431182905 126.62597995734269 126.64747774289528 126.64697228210153 126.56144778687244 126.6879371238723 127.76294575260521 127.7231123476322 127.72806530798636 127.73253097671591 127.74769550006297 127.75026517683439 127.65606242471834 127.7866986359856 128.87085585416744 128.82128239675492 128.82493123347203 128.83589599154149 128.84868279417714 128.84741522839698 128.7638011071823 128.89904905063335 107.66771576207435 107.69450112735058 107.69058815038917 107.71290995917795 107.72061094384524 107.64490576672841 107.74651502064212 107.6348238854397 108.77690293369743 108.7984914549323 108.79585306545428 108.81578445312066 108.82157379533608 108.73595293802494 108.84585310059806 108.737237015871 109.8908862403802 109.90135638434897 109.90031902030475 109.9168165613408 109.92720270232603 109.8342426578829 109.9486973883195 109.84910158502498 111.0059632327681 110.99685981576175 111.0039937068325 111.01020593517309 111.02967533715564 110.94139332170379 111.04698108778996 110.95930158184652 112.11666856341525 112.09772802726795 112.10530866839409 112.10763937648611 112.13011969584771 112.0467557193125 112.13821427192231 112.0712550115141 113.23515297338633 113.22044037394541 113.22153096064095 113.21634135336222 113.24289210712729 113.17077131187615 113.24172427387823 113.19155801629287 114.36111290535813 114.3451995314941 114.34895609846419 114.32645257431732 114.36502626753769 114.30296712888634 114.35704127304666 114.32155968456711 115.48813575732247 115.46740000597211 115.47985721566022 115.44297568991405 115.49127064877986 115.42940184129166 115.47597164427505 115.44246613585126 116.60947288821269 116.59120309812313 116.60841399014598 116.55612288000535 116.6115850610819 116.56070144581635 116.59556949266495 116.56382939396205 117.73048211838618 117.70553204282318 117.72697234289122 117.67180760270533 117.73067991995848 117.69085881966828 117.71367182617894 117.69377827767435 118.85395684921293 118.8181849162781 118.84650334434757 118.79291948221602 118.85426273062771 118.8136185292723 118.8297192353745 118.81917417536533 119.97410340453197 119.9326645707792 119.96892949330112 119.91405478200166 119.97721516480365 119.92886822720925 119.95212650467018 119.93962478685846 121.09543837946745 121.0521054025477 121.08564895403283 121.0366027881754 121.09861257271361 121.04552501053988 121.07478709945248 121.06817755772143 122.22104769532383 122.16960840348574 122.2000909173547 122.16943396741542 122.22254841521712 122.15957268893635 122.20107640382128 122.19078796895661 123.34539543338084 123.28868320834933 123.31969750841182 123.29652469444304 123.34229490239368 123.27545797317991 123.3331926349741 123.30952056162489 124.46339431167259 124.41025128414132 124.4381125085534 124.42232033089377 124.4626772229709 124.39403601114819 124.46324650622293 124.43213181998222 125.58482507173028 125.54021736944811 125.55828704640504 125.55213694019407 125.58231156938042 125.51259048939647 125.59354654661421 125.55211042145274 126.70709880197199 126.66691679390638 126.68089597368414 126.67170345068504 126.70473727600819 126.62475764867915 126.72606763282873 126.66618018232998 127.82336816009723 127.79176555675657 127.8021579420902 127.79659179724656 127.82969012856275 127.75244125062048 127.85431725495178 127.79115616161255 128.94399050579608 128.92057166421336 128.91947368584934 128.92809581454884 128.94350213651381 128.89144622538041 128.97677333612577 128.91888779756837 130.07144429298211 130.04316047848798 130.03927865221692 130.05442794432969 130.05738926960038 130.0205957291999 130.10121376541858 130.03935412826374 131.19464726953356 131.16650770477915 131.16357907115417 131.17902628987585 131.18120924254555 131.15690741819 131.22039962066947 131.16201326107316 132.31803054982717 132.29245553523509 132.28632989052821 132.3060094587195 132.30310970508617 132.28242726845758 132.3391508101565 132.28019062392445 133.43861375242642 133.40996936220932 133.40491077849885 133.42355480153822 133.41793816492057 133.40792730081628 133.45873645290447 133.40063266359957 134.55591595049822 134.5287535724371 134.52633001586736 134.54497274394419 134.53985789447876 134.54126431853672 134.58284583775639 134.52357970939644 135.67751345189004 135.64928900855833 135.64958111225775 135.6738445716469 135.66114877218905 135.65939547600698 135.70563609259287 135.64650876801591 136.80343266301074 136.7661549613814 136.77335938060966 136.79768269625268 136.78497649514588 136.77100307485415 136.82332983178389 136.7657156499634 137.92512073935751 137.88413239458851 137.8881917845608 137.90619371206313 137.90766269208623 137.88109550686238 137.92950324659421 137.87990759382919 139.03783733767952 138.98681420146968 138.9872259589649 139.00242578752301 139.01153126564932 138.97323968345461 139.02370183847893 138.98426463329548 140.14685749243091 140.08438927755128 140.08289773301183 140.10113482817232 140.11148261795057 140.06420121067129 140.11102692612749 140.09656362605077 141.25312685979952 141.18223796019848 141.18361532195539 141.20413347494897 141.2112756781458 141.16428304241083 141.21415954057935 141.21160696327399 142.35857842788033 142.28385594474037 142.2801019980819 142.30432628017311 142.30574992269229 142.27029295588684 142.31153530972472 142.32071752103997
