# Created by Octave 5.2.0, Fri Apr 02 16:07:12 2021 CEST <br1@br1>
# name: ptcls
# type: scalar struct
# ndims: 2
 1 1
# length: 2
# name: x
# type: matrix
# rows: 2
# columns: 320
 170.7008667833465 84.204468643891886 83.891558719043459 63.848539439118341 87.746167054704159 105.67505329939485 50.235966901774482 70.482506162196643 68.061871128205695 114.44063284000265 89.724577447054401 84.548559587961307 103.30524237364594 107.33436872178035 106.84838297204807 109.39444204839189 54.7301258671353 82.530452556399325 85.983195552439042 86.841911737015238 88.815161585748115 152.44818602508772 106.63484285936251 153.70813628373293 148.29391371514532 135.35879367008545 150.0926357106953 148.85938217812071 156.07541590094593 154.57188601557149 141.55155793456808 152.87707817953327 149.12876550830421 124.79378257340602 154.19759477775622 150.59319156408679 151.19215697709268 154.8781312105645 155.16315416502272 153.09717412028652 153.18599465107192 155.87555446838533 147.91179538567738 153.95384295138285 149.96274426568499 160.22947951378731 169.74136048608744 167.15663462745792 151.962839225827 149.32065523524957 142.40029678025491 152.99202029391202 155.43191307071126 151.20861880812305 169.80618460802694 171.05219210405539 153.63138278049374 168.22615645790071 171.35700087972211 172.77748645529516 168.50316381554447 170.18195276378879 170.34111445357703 168.30815644858248 73.613950459386871 75.155225518353475 74.708899528415884 51.76175499875788 76.074778515162492 75.41230964909829 73.78665976338263 1.8700815692553223 76.746000595552744 75.653298503567797 76.441694327427371 74.546401947640902 77.731135474070584 76.015797489812002 76.579104583797701 74.650789812496072 83.278051867903201 81.050394659520251 79.052261251496404 77.321998307239141 77.5268866043222 77.068816241115968 79.012786745515058 76.579960428585252 84.169768904439863 82.144810776994376 80.166320634127402 78.411643490285783 78.457232506795549 78.425411174806513 78.466416666861363 78.973581611611294 107.83917880486513 81.616354276808451 82.759864014434285 79.721280609469133 79.506955945556754 79.389093802794548 80.217145940459162 79.644558528382248 86.783408675852954 87.758494399428372 84.992663902075904 79.59964921809464 80.551673616391184 80.702185118155697 79.591862571047514 81.767035420663916 84.29910317422214 85.481062380910089 87.261740366585784 82.824732031201847 80.618200170637195 83.527241553075712 97.617239641112747 80.045512694657006 82.909842559815075 88.770368730750263 85.27086208581531 85.319332871664699 81.75982249237596 81.494559426488038 81.32465328244767 82.838279062235472 116.08871541843175 85.910560086001738 84.961572256822521 86.783214444612994 82.724101368072766 81.627776997721355 84.558587256578093 51.448148509960063 80.614758822049453 81.707477328758188 87.387870297024079 98.900263938828687 87.845992778150105 84.082049816900707 82.591040236232899 47.083754561332256 129.98332634213264 117.72840546820991 53.926852918766684 86.797400678387575 85.563584081195245 88.075176731904776 83.519499981133606 51.404536388803031 180.00724412194171 125.70759777604292 132.73515823823323 81.659024534001347 86.513150552916272 87.721179550797842 105.39121526811972 54.985429599015134 118.16078140584301 120.94437485307652 118.33595792456515 113.99976117490164 81.072710905232128 84.120371019299412 65.998696443075644 80.057115952216151 116.88775620043448 120.18673688027324 122.34263293944859 81.720351003225957 54.744778762816793 53.472896603976345 94.936833098186668 79.383810170399556 115.84066705327101 106.85164649285666 101.36432862568128 80.236842142884257 98.327971316422591 114.22516197268364 118.2694529526364 96.12923389873778 88.411139269743927 165.63007635466931 136.06260291960513 80.714278261921152 153.37768094912957 66.954223934361465 67.167474058270017 79.720226811486185 136.39008356186571 141.51590808404694 167.21178647827176 155.20053557711179 154.03777442466406 147.11142240690469 120.78760726019999 127.5228807842781 135.32290998963032 136.44378334567446 147.00730841746201 153.26637587530558 152.37450403107454 147.53161256999056 149.36822547682883 150.40801519003077 132.54914712168167 130.98993851056468 147.93914093302416 146.28759234083896 147.68122536412392 127.11528631203574 147.97123910300195 154.74979397384575 146.92756441093178 127.57552978123397 147.85668556169801 129.03979455630312 131.98622114568522 119.1660089891257 152.64934632189087 148.49724210226725 124.5079632987931 133.05521508739284 146.83626910448308 126.40148539147185 179.896498279441 152.91788910934571 154.11589620768618 149.8557598700877 179.4511102750794 126.53727891928403 146.50924674138793 148.98319188093609 154.28895500754001 164.90831531815462 162.40008891534791 170.18625852446789 144.76202818562723 106.74624274126197 129.03311137818912 165.96077785337314 167.1044325909848 154.75893058056752 168.12678130090717 169.23109664005062 144.50136579886859 133.82223306208164 165.68455895217338 167.02623480474892 166.73848318321464 165.23605732461172 151.77106746051825 110.61032336222539 173.12527977699793 172.16400449989041 115.43177170778398 174.42241815065114 169.49491919164129 168.08856062778287 169.10918344621916 171.94258727928053 164.94008456000131 159.91384061864625 160.71134743334633 169.25251908837109 170.28483520146958 166.14122881537335 167.49594111778677 171.55982259639083 168.53289581426316 173.16207819053943 170.47570954460474 168.63391945211143 169.70171204395618 170.19688476325797 171.29051312434697 167.15912593716132 168.17994880350861 177.37030182781686 173.9630248363697 172.92401551853624 171.63644746905706 172.41888189543567 170.85515055577076 171.12730771447158 175.26839438984922 173.75010391010204 173.33541179762963 172.3416593474401 172.94426930634327 172.1118145512238 173.85489029968579 177.17603937684561 174.82753856102599 174.64285172141473 174.25621096369176 173.19434970626355 172.89462897599321 171.93168378759901 176.01077930732626 172.3661761279709 178.37940301244001 175.95294690983053 175.35320114403387 175.0416131037897 178.60948216547152 174.79042569370665 174.33611986332778 166.22789093554292 177.1546812790765 176.57033679026861 176.12321057914647 173.90571131670828 177.00965981190529 176.47029268577273 175.48434596403237 177.67558569237022
