# Created by Octave 5.2.0, Fri Apr 02 16:02:45 2021 CEST <br1@br1>
# name: ptcls
# type: scalar struct
# ndims: 2
 1 1
# length: 2
# name: x
# type: matrix
# rows: 2
# columns: 320
 121.69102912311021 116.34447671352618 114.64040637299571 115.45853083269478 118.39285123103417 119.94490780891601 115.56438988751893 118.25417146806527 122.10180982091747 119.48889782772672 119.83237746404988 117.31150453342354 119.692796445162 121.10288089119427 120.68705250900003 122.0749164893914 123.79719669497091 122.68284590860112 120.46943450575839 118.55930751281437 119.43355843753478 125.18380892411913 122.21049420984961 125.96740571366256 125.33163004033727 123.46794723352758 124.99091548842563 123.44352453499084 124.84510689893659 127.88973753539486 126.19575069004686 127.07855290685548 125.85233540493226 124.7017685242773 126.30252480152498 124.97272455798985 125.65073998879865 128.76810448032762 128.25919062604956 128.57217720383994 127.19039246241164 126.5203009821232 127.68168868144728 127.32202989251961 126.94655566326539 128.90005434813645 130.16100949630101 131.08040817421821 130.22282950381089 128.64285041392807 128.61818881482355 128.10405242723243 130.79124825758294 129.23999759704239 131.19575312040493 133.32162381665904 131.31099343845361 131.73684326593295 133.97438647736593 132.47324349900526 131.92707628328552 133.03800315997927 132.3678995580332 134.03597262697136 108.00824082369924 107.43583338641439 107.33697867424459 105.83562267847127 106.09215824126281 105.39451239008399 105.720977653831 103.19232599939025 108.58674506169572 108.29307778945112 108.0599998251121 106.88630857211687 107.28602052344185 106.53076777156568 106.83261450390312 106.36940620025723 109.21347233612701 109.43785605830524 109.05882410572288 108.0374870108751 108.43626303591455 107.57116517492206 107.95067693604129 107.45402820105608 110.35279723348711 110.37743123422646 110.12050299998896 109.0942055461671 109.56125345673323 108.76231020775941 109.39828055825336 108.67583841797145 111.52547519357366 112.56542943037459 111.39519039600934 110.12965979882938 110.63965599930009 109.88176699980315 110.47678812126503 109.76862525514984 112.88564733594654 112.62327363570343 113.08826828991741 111.27712944580325 111.85712095785776 111.14964120696625 111.52692917003299 110.99085001437192 113.84751698706962 113.71862912114852 114.23846898054661 113.0485426045974 113.29073931806018 112.34791445847372 112.70902772797132 111.9287600389876 115.40639530630929 114.85460067754826 115.34332892406442 113.90996065979822 114.19550906484288 113.45124827253298 113.74514862050928 112.96691357914958 114.69540183198066 115.92379307714182 116.4397425057647 115.06136891974836 115.15041923606636 114.3493090769766 114.58518636315374 114.45736799026128 114.26371416425714 115.0046414807461 115.70298038074208 116.67331094218898 117.77828068978445 115.57270045426544 115.21463678035155 115.42352142298833 116.35398258112309 115.38020196224214 116.06571620866403 116.50780176475389 117.41319702594375 116.23965649622245 115.74248999290128 113.5545444918499 117.4094537660218 116.89470563223318 118.09642027341091 116.86661052633993 116.54300610874803 118.534440759567 119.8091698550476 120.51466609776968 118.51203116462297 118.46252107197974 119.39187166135424 118.99363161589056 120.12299308378799 118.27863346612303 119.97079137384446 121.05690516079792 119.34635387335456 119.48367522702722 120.50598283142274 120.30623871725926 121.2125822689876 121.10999613352124 122.00642732457023 121.23889897847876 122.5378107012923 120.37449887051312 121.46599638667948 121.30936555828299 123.54142774870618 122.05174863994459 123.77399791848596 122.41479259768738 123.22204774144414 124.50964342237928 125.50106418848318 122.3999655208697 125.76899936826399 123.41799615088921 124.8285674551328 124.20779532441117 126.55618357914274 126.61094021117766 126.71445118610806 125.20815312148505 127.56593691493397 126.03250363348525 126.70689864457701 126.20598593228516 128.29463125994675 127.46424966687209 127.6115278670629 126.46817839187935 128.34004342714741 126.84924706264796 127.34863077698152 127.47676477009811 129.5384672374519 128.26281982544245 128.60067212027008 129.47291087642702 128.73042831981024 129.00270606199464 128.45249153621538 128.89767902684432 130.60672507938534 129.60468846412218 130.77856092241004 130.80955816061191 130.01667689930022 130.54665413244751 129.30944806442491 129.63341050809007 129.74834763979868 130.66758498449411 131.97966623178587 131.56928524307406 131.68403355521482 131.28671094684699 132.20487379391795 131.0994296167722 131.78095712521261 132.69347704711404 131.99615957080923 132.12079415369294 132.40840578407989 134.19633434586336 132.41854035858447 135.03821250222293 133.38533650707126 134.38050419730695 132.86239148312001 133.41820646712324 134.50731484952109 133.69256221969098 135.20018023612471 134.42782374082392 133.54340683620686 133.90915156474455 134.06153762822115 135.49736288456239 135.54699016813456 134.91952005395996 134.36060122689457 135.48498498113548 136.50525437981776 135.3296392924255 135.175345041719 136.39903823649865 136.70849159852551 135.6521588097695 136.45693445256538 136.08675268621246 137.21531031448549 137.12883287948995 136.68471213894941 136.34278256079398 137.57585226729191 136.1333878861665 136.87436939573254 138.64250334621215 138.04616160510065 137.48027328497065 137.35367830523512 137.37769241844083 138.75668329689901 137.99995954938518 138.67977165557781 137.87415459690123 139.24754791501178 138.87339196383323 138.49968261186763 139.45649980178402 140.07870953601574 139.51787485854712 140.05292382995268 139.18899180462128 140.01258525948475 139.5674358142868 139.98362164828495 140.60311979510473 141.20036841910789 140.61276246352136 141.06445949619155 140.19851535933077 141.07177069527174 140.7018879251639 141.1755357119913 141.71271697033103 142.26849379876515 141.67518905064534 142.24969448692218 141.27260928016909 142.02511146353413 141.94762880103198 142.32494316428657 142.82088041537074 143.38638032302629 142.83010563813488 143.3551080535083 142.43100241529149 143.03725216982298 143.06281127225958 143.43303354615469 143.95887221269356 144.5442040227901 143.94226840303605 144.41064199648295 143.46825438917324
