# Created by Octave 5.2.0, Fri Apr 02 16:06:51 2021 CEST <br1@br1>
# name: ptcls
# type: scalar struct
# ndims: 2
 1 1
# length: 2
# name: x
# type: matrix
# rows: 2
# columns: 320
 162.7067778000619 87.070312488100797 86.486188572465565 68.217704052980949 89.984806534364779 106.68887345832785 55.555794812010532 74.524489810275043 76.179944734597072 110.83981895880076 92.073877449552143 87.01523121674424 104.67643861637521 106.0483589065267 107.88492580482516 109.384349561967 65.689795133453913 90.821980273672125 90.186926249238368 90.143830825127566 90.859590950488553 149.976167292041 107.14221818995532 150.9687975581966 145.7879209670738 129.27859766043395 147.97786933935001 146.76647047245143 154.22934916675183 153.40306801908125 141.40985317834586 151.83218766383541 147.16595791848229 123.02717525438456 151.76300637623169 148.58830899236386 149.49581395328013 153.0179938144652 153.35688085822269 150.83882891938376 152.3252251667534 152.80246180980851 145.92055115256522 151.92854063886173 147.68890816412792 157.09165892607521 166.04962136920668 164.87472323991665 150.10033489180367 146.94954242788054 141.36004496210927 150.68011983103349 153.38560801096489 148.85187738189438 166.1832563977157 167.06023619116789 151.87303296785356 163.42772296532243 168.69908162598176 168.82643561062721 165.112406160451 166.77628402515668 167.66651119502617 165.04093069039263 76.593846247701293 77.710947368868545 76.340920570193774 56.489505690046457 78.794659657204207 76.968910237258783 75.245038187886209 7.0253625498292074 79.458394357077111 78.486983923303612 78.854027332551752 77.404906116180754 80.462149295971741 78.510729312318034 79.310824840759224 75.876062471031673 86.314183951082782 83.588469688081787 81.490705730164052 79.675939010379281 79.966700589278844 79.926537591938327 81.470494443221554 79.332191780439359 87.468178026532911 85.120137652355297 82.69346213743647 80.746835571785084 81.116473406577214 80.766942184806794 81.12426980551048 81.592260966150874 108.6797267297502 87.899081046573286 85.753897839984973 81.902639433128485 81.897133294161677 82.299464908480445 82.612967802223167 83.507152307978799 88.01155472974952 89.512792235439434 88.091435047214887 82.512762280031836 83.065408865045853 83.356300051622071 82.160486096295088 84.322689104611172 86.121932283446895 88.161217571958105 91.257398097843293 85.754659473272184 83.639398851231888 85.586883424272358 99.43460454857663 82.787358890378414 88.109589439961738 90.48822974517789 89.076498985634643 88.451695973009663 84.550505053549841 83.65593466740286 84.202824948429921 86.661882319794529 114.90577743156709 89.165758655864522 86.824720714542906 89.198809888065611 85.264194399056791 84.095614082484531 86.868054014925335 56.633244567699869 84.433803207669669 84.394158913813854 90.009892943980518 99.388956667906911 90.991027449727738 87.277266340895679 84.740795678566556 52.896510495477571 132.81996991032113 114.70413070048156 60.041541190242583 89.007916189479801 87.737934440380002 91.187656076759851 85.962873497913947 57.001866075336181 160.85829728842936 122.88830891281596 127.22319460574413 83.439285727308729 90.054591334220078 88.812791731188923 104.86764276319708 66.709026956386893 115.34506331453431 121.85175281579343 124.7816042290827 116.53463824593038 88.389841362154584 87.90450316189731 76.69325261654997 86.715255488095977 114.26515893822602 116.96124746787004 117.57072359938259 87.751434689680536 67.309649893309484 65.601635464563216 97.147003820709614 86.030756745861069 116.53091843946549 108.4494005930277 105.18062088233307 85.649473437031347 99.527289386854804 109.7376109004295 116.259833650698 100.41547808250937 93.182027547233716 161.93593472063432 136.26875911665658 87.136907802478788 147.16901652123823 75.609301009368579 77.201152054825457 86.6354407671936 135.76639496045627 138.90813755106353 159.57718295307589 147.12944397209 145.92713639042583 143.82844161373114 124.17994585616623 128.09068162051588 134.0402102668466 134.66079445447625 144.04682357394475 148.42746462081163 144.99546212168667 145.11354686793985 148.08450741660343 147.7734567290176 135.75448328059156 133.35934798466496 139.86941926565575 142.98709256336454 143.02404001792775 130.56147823386056 147.01155939498076 152.20595909584878 140.86441885612294 130.01397053856743 142.25654640168585 132.00928445887658 134.83892508987122 121.39221464701212 151.25379266673187 144.57999098872841 126.63649444354527 135.39961849413086 143.29394145284692 129.37122362285891 161.78156613675606 151.02963757385837 151.49792920778651 148.60160122344956 175.24639942927925 131.63492688837172 142.20833783603422 146.85244467336534 152.90228067972131 162.63584401919641 159.40654038757179 167.65217864492806 143.43491106434067 113.89711795118154 131.13832785315395 163.51707692122392 164.79481661958417 153.28919344060861 165.77420930572592 166.55648693274398 143.9797824879108 134.18253296973762 163.62967900546496 164.37689777828152 164.36361571512282 162.53753360303676 151.11608860128831 112.71859681094099 169.01594182470745 169.98699470459459 119.31693191994134 170.59618275747033 166.3428329016576 164.89694843436672 165.90730452756753 168.21440924187866 163.14713336509519 158.28274387875541 159.75800214309098 166.76912179172663 167.60766207324346 163.51678457062548 164.36954068136714 167.36836153991396 165.44005539216747 169.41610644724776 167.90222419157968 165.6249045302385 166.81561599882005 167.60250003815653 168.74892499554753 163.93852785161985 165.59118351207036 174.39389993453273 171.01429851349914 169.85462271375857 168.72024087395874 169.87090014276038 167.2017822776169 168.51364702464278 171.96920235745694 170.83691664545799 170.76068576881281 169.72738479869642 170.35934431374088 169.52107976046884 169.30022980778298 174.94082969059113 171.95091558282769 171.96209567782151 171.53387058792663 170.49710175521651 170.21744985197702 169.30059512173727 174.19324322564731 168.26222691330406 174.70512389516415 172.95152929277836 172.78179867964872 172.38843972183778 175.4613230697779 171.53985757325231 172.53158908792332 164.23066681568332 175.06181533685876 173.89832215475138 173.64164406637249 171.33489699970755 173.82780896301375 174.59123439195167 173.2724807989174 175.32043447960589
