# Created by Octave 5.2.0, Fri Apr 02 16:06:54 2021 CEST <br1@br1>
# name: ptcls
# type: scalar struct
# ndims: 2
 1 1
# length: 2
# name: x
# type: matrix
# rows: 2
# columns: 320
 163.81647863412888 86.68303629293743 86.341208130140132 67.627276402458975 89.614547426539531 106.64551517786526 54.755993166740453 73.978275803777962 75.078937746039443 111.37516453958963 91.536217834159444 86.708592717248976 104.4911418268172 106.08651974037701 107.95061015550606 109.38571341148388 64.021740895163589 89.701503555121747 89.861235765208789 89.703198029538754 90.368898010612241 150.02661489093143 107.18407520224456 151.19990460721195 146.04246014830966 130.10024576984631 148.10715444303486 147.04929637862296 154.01885257228204 153.81822474167646 141.42900246972724 152.14735782568573 147.60841204620863 123.26590597317124 151.956743063565 149.08756721061872 149.88018256591397 153.00199628280242 153.666932889251 150.86412179695284 152.54147042364968 153.0410670298489 146.18579048606912 152.15644658411006 147.99034480302385 157.5156887352255 166.32441429726643 164.87564510075023 150.42048987401137 147.08723242818877 141.50061953212895 150.94540829649134 153.65319631432413 149.25511580960756 166.82717300582374 167.62015164916758 152.19623959633188 164.07292130870869 169.20821026038186 169.09195510905442 165.43382181175261 167.30340510563499 167.9761505084721 165.43003458428495 76.231211991004969 77.360921715352859 75.6504012485495 55.850620461493946 78.349474363670481 76.627534089219452 74.900769294361126 5.8232755067096811 78.75357391774908 77.850213537975549 78.652992023680582 76.754542712306929 80.010700754777289 77.939579835305977 78.80734559804371 75.598916646898573 86.070976099143238 83.193627269532229 81.140595731991894 79.483691442850969 79.834130574861277 79.473665687910412 81.114339029289809 79.071391129342402 87.219278233776237 84.814885883120411 82.330763900907314 80.367097563850876 80.97865032786126 80.614893032285494 80.705099877648124 81.293299038632938 108.29194005232016 87.435191366871763 85.270062102808808 81.589576945933416 81.706581109514417 81.83304805609346 82.42052894346169 82.946459533642965 87.715019747354063 89.331346212638735 87.403105840646049 82.084042262499409 82.90727891549183 83.151096748767571 81.732294819396458 84.027688147657699 85.515107317380995 87.80553789595254 90.65640209896587 85.433731588136425 83.182151651179652 85.105216540858521 99.189014696216645 82.497916434017824 87.619528543378564 90.67591075224334 88.74177006550434 88.101482425109907 84.354146442618742 83.487494019216598 84.056136499526914 86.078926275222784 115.06563391627853 88.534495128003286 86.385335330754245 88.842920251382665 85.289200148130831 84.061772407179134 86.365852715778018 56.043403456352237 84.373789279378073 83.65096489319005 89.607204258651777 99.322917109923367 91.092040574627347 86.97998055314973 84.533648876591073 52.111002936809285 131.96972406190639 115.66724450237044 59.215231964367462 88.701937925439054 87.41964001052061 90.858332990545492 85.656430621890806 56.215528608371585 163.44599280647157 123.30816855351895 127.9680545560811 83.122765681091238 89.806622138668345 88.449827051125325 104.93839580440284 65.10997707743573 115.41794822530495 122.18794554022143 123.95185137422764 116.69873251434906 87.474918963391218 87.188102883269138 75.287989674273533 85.713674872501912 114.56208421067298 117.41459501198243 118.20724712171251 87.017383140144872 66.108237573840171 63.667871277656403 96.848332101449756 85.202631554948752 116.45114226132486 108.23348787678837 104.66490571251526 84.71929433792684 99.538197226360509 110.29528761064822 116.53140221906341 99.66327804648985 91.739454734325378 162.40896312560002 136.75761749968564 86.323857822062493 148.01395355965118 74.490312842153159 75.758655443222537 85.721704325150966 135.63252196572245 139.26053897443967 160.60888613215641 148.32607818081667 146.92804847696033 144.88030818152779 123.12558491989324 128.01395177778105 134.06623734188429 134.85337652668736 144.36885045372793 148.8239297935595 146.23748090308524 145.52971053446311 148.66873262899526 148.27672589603145 135.28963406424089 132.78176925709096 140.93105702837579 143.43630095044108 143.59798688464724 130.08699056487518 146.98830326363424 152.53309867961715 141.75752907825941 129.86769463850024 142.562589170904 132.07491767610708 134.36311897156955 120.37275755364509 151.49085901639165 145.05799837797841 126.40582705215175 135.40909159860649 143.80641518471106 128.95357752507067 164.22952993982159 151.45037434514396 152.01634629371998 148.75840668495732 175.81460359763062 131.00458668910187 142.59052405257623 147.1719526209319 153.27443823342358 163.18801646130095 159.8110739724064 168.01131091261465 143.64630483656603 112.93078346335457 130.58405231334314 163.88133362871588 165.37122193481011 153.48780656763009 166.36611142783934 167.06791978028406 144.01774579868345 134.13718868599472 164.21717015636318 165.25551120953972 164.59272475103865 162.92119500679365 151.16533625744131 112.43369499354699 169.45711781186566 170.39532516981274 118.7919102696498 171.09284585954777 166.86772125165132 165.30157209874812 166.30661280803784 168.37757304235549 163.51407169415918 158.50316235711904 159.88683258772008 167.29152981799649 168.24154377157979 164.34175828507412 164.88815273952218 168.07711656775191 165.76463838708466 169.83702307501127 168.27477335698276 165.96734388414345 167.06265384320602 168.14148497507995 169.02382629533344 164.30462749763197 166.27424564031094 174.16901896941351 171.45918642900224 170.42126438633642 169.22579660964206 170.22982593358628 167.28262492531462 168.85353359277715 172.2938913064306 171.32017166584754 171.01192980469452 170.03729411516028 170.80325270013819 170.00515858771095 170.00099370949658 175.30496239304628 172.45921328031599 172.16440525280325 171.98682920851923 170.96595526775045 170.6185286013891 169.65562351224469 174.27239512313923 168.68561836408128 175.01356212551349 173.21039259321498 173.07549877162455 172.88643981904676 175.89730856627961 171.74769272321859 172.8233628736034 164.5005619670157 175.30533522406529 174.14904329521482 173.97885158991414 171.77339973959081 173.86143137134826 174.61762304179467 173.4924949351032 175.36930259474329
