# Created by Octave 5.2.0, Fri Apr 02 16:04:00 2021 CEST <br1@br1>
# name: ptcls
# type: scalar struct
# ndims: 2
 1 1
# length: 2
# name: x
# type: matrix
# rows: 2
# columns: 320
 124.93849912860438 107.85087218547886 105.50333824922106 100.80931036179392 110.85556305901719 115.67309823385838 96.083822180387969 104.67550296891392 117.36789823433566 116.00906388299053 110.66112861846534 106.65067237325518 115.14848384199384 115.18490769479025 116.10740370962917 114.97230968094645 119.04081071149515 118.29958513638553 109.22959315193573 108.17968927988065 111.59988192010279 135.35230277003922 114.16188633769187 134.80577012718197 130.96248373971079 124.36941161463818 133.68672776902733 131.15448045178329 137.64657153410315 138.36239912662381 134.45563058119811 136.45808392538771 131.51767963876665 122.54609356781501 131.75203261137852 132.40201659903983 133.09962055537244 135.71407701203137 139.10946572914941 138.62806706695682 132.74021559224335 135.29498749769016 133.55443396820036 134.25329207435698 133.53882867707927 137.85180980982611 147.16399242207873 146.02298529525956 135.55902600795568 133.53766523064178 134.61273025273638 134.81462055707709 136.01475420194242 136.47940020113444 147.6279295612851 146.94165922832724 137.14258819233797 135.86469336311737 145.28679230940796 146.38548265881118 144.92111221585446 145.897001083709 145.93665728806084 146.10933907093292 99.446501788312105 100.30470127703987 98.426019551484345 91.755970306145031 97.146915771332459 95.233954232923651 96.114339309019499 73.380567330030402 101.4582611323987 100.62848982755396 99.273241047209183 98.202742814490918 98.168671786240182 97.24881319481851 97.449269702704029 96.229801531390507 104.14720659421096 101.61227527531918 100.29705476208501 99.082231226237312 99.280275559051418 98.341261083005449 98.637541251871212 97.080575901529286 102.73163524426553 102.42448530531586 101.38836730191237 100.29269854237211 100.36781397872331 99.369125923082393 99.477726724962096 98.550020424122067 106.95627574890585 106.62847758816639 103.53622929963086 101.31682018691907 100.43256924345778 100.59315389533259 101.45423864618567 99.52709676378835 107.82458087919704 108.97813249479067 105.88042414963139 101.28688510870575 102.24033124642391 102.37859086405969 101.57883540613788 102.56423484432656 108.49027497241742 107.30034052359375 113.20528199524412 104.55294674395077 102.14942415619934 103.30694677228338 104.36898156273851 102.42616456171827 107.658257158967 109.18435563214759 108.35906505712342 105.34909981777136 103.22953111719434 103.32210719661491 104.46904859069571 106.46790727131376 108.21378070880627 109.21147642338281 107.31123423980362 112.36630738729471 104.33979399119211 103.67791888065193 107.41464074478282 95.974608010505605 105.01871640846407 104.21408957748406 106.99529265726662 113.75995962228603 109.49115005616989 106.28603682641399 104.7671572513685 96.256527733966948 112.64516156232013 110.49627885620123 105.82164126604575 107.22851323654466 112.69696928341305 109.54749401474932 105.43588546233173 97.246583605896362 111.86954898792123 110.71607035408314 112.93562006060596 104.67559638668322 111.60220599902119 109.3205162386315 113.47638556484064 117.91031277603653 109.69162514795347 111.56126630891251 112.6399420161808 113.69982992660971 114.4023616287556 108.3123049546987 121.22038879768124 120.13686584025398 109.43052234376532 111.75598550106182 112.81434128577935 113.79294927706333 114.86664800755872 116.08651491238768 115.8868781107371 119.47391478028385 120.34460443176069 112.00526109424554 113.11849180081607 113.98869982297059 113.95914343282629 115.28712356643645 115.46551281627312 116.18113481802301 120.78272435164918 135.63117862098267 135.9387553447163 115.1342359378814 129.89527216378676 116.86486045967764 118.16388184171052 117.19137476283183 134.68209915410114 133.54230561138567 131.9029535549154 130.76500825972838 132.58996696672153 129.70397966571559 128.0231856884036 123.37998964973274 131.68634748321134 135.35215078417016 131.45465022221217 130.60066723737361 132.53085982578801 131.67027420643873 132.67236170271804 132.04406954977577 136.32101049626672 135.60865215628266 133.57929691122263 131.49592409113725 129.6007009379575 130.80160325462097 132.49684246155613 135.95631526016621 134.60028928182604 133.69700224869408 133.39974657164487 130.4925428148384 127.6215729323843 128.73808727047125 133.31263680558945 134.93670900885218 134.78755569079161 131.84705685303786 132.4622888804241 128.47799837745561 128.82179501089959 135.85646505627003 138.05643961110866 136.72080344806542 143.88152933628353 132.40857927512451 131.32689837125363 137.12467193451926 137.46829360419963 142.68003908851259 136.69146581531206 146.04298772630861 137.44190990833346 129.88932959401694 130.74099090492365 142.92049137791216 143.67602576564084 142.35198702788796 144.65588532493126 144.34605608227005 136.20827266242179 129.60159270445359 143.79573259563057 144.53447653212604 145.4442010306058 143.63798478249373 139.61633466969218 128.44517713108874 146.43051281071894 145.67966754739868 142.62311141441401 145.45876451527482 146.17111651785581 143.72897884491843 147.02717780863617 147.80786918611284 144.53140503312846 146.11564387308323 143.63819656901538 145.68137145077029 145.60351331907594 144.78345770013013 144.60626101029115 148.46478975425083 145.49080364321296 146.84984580279871 146.56359701075286 147.43722009167305 146.93773334780474 145.59466577309925 146.36043980346182 143.27686097184235 143.14885926266442 148.1816373730783 147.92484634052849 148.27979386555424 147.81129618161444 146.71281739207572 147.2226681055248 148.00356652380833 149.04595876656742 148.66408757619868 149.3669283568382 149.01259039447788 148.67936263577741 147.5043148534663 149.13539131976705 148.79711277640206 150.9526429922752 149.8596054269224 150.11856139520191 149.82765618356848 149.5352100400128 148.4266273803272 150.36893406029012 149.47651164549274 151.85580428413405 150.66411097413132 151.1990545337911 150.66300633628541 152.56656014855798 151.43172259278157 151.20576609232674 149.07101419597626 152.06228846343566 151.35625492286781 152.39585459943993 151.7753469536915 152.76922003834383 153.96280902433142 152.23634407419684 150.04840215159271
