# Created by Octave 5.2.0, Fri Apr 02 16:05:54 2021 CEST <br1@br1>
# name: ptcls
# type: scalar struct
# ndims: 2
 1 1
# length: 2
# name: x
# type: matrix
# rows: 2
# columns: 320
 142.51021780685724 94.118739240074063 92.961060655578208 78.963487292480877 96.464356276872152 109.20766291403024 68.606564171594115 84.465584728521918 99.311958812334154 110.23729181153557 98.30921410880822 93.959561507200391 108.04884018633098 109.0011501686289 108.39724814135462 109.72074525473485 95.162301953052136 103.40814683209268 97.32368155029441 98.027355166439108 99.286793615386003 145.71386362608442 108.18277626378861 147.08193554426873 141.61234343004446 126.12356255737208 143.80903842919571 141.61903898012969 148.80336456124616 148.72918416027284 141.06133607520471 148.68882350109732 140.14945786306109 119.28341629243741 147.58577163943758 144.52728328036963 145.23801248178529 147.55419651787955 147.56959717813947 149.13989461679594 146.56280661903111 146.87244880571777 140.71820377019844 148.15964228256132 143.36098431895823 149.36877548430195 158.84997895501331 157.99754890334037 144.91799977347009 142.69059618923924 138.70471374221302 146.20498315660808 146.06248256312301 144.02610170423205 158.83310393164186 159.60127645620605 145.03815621016551 151.65478508348227 161.22834587549849 158.94777353063512 157.91300950714574 159.28016964040881 159.95213052935611 158.20411993244849 82.187546293277563 83.458693522838743 82.471032155927418 68.117216849702146 83.329067499908604 82.237513176658581 81.081498499272612 28.903346734604586 85.824300199839712 86.84150570724249 84.452970802869928 83.307914409842894 85.897724266298056 84.278471550421571 84.849588686134098 81.096145436867133 92.316414378313326 90.415657871733359 89.338244523345111 86.016620401225211 86.988296452788546 85.93265156651367 86.90456200812983 84.785834783751127 92.867369134514973 91.356507632333745 90.16919031497342 87.953161896772514 87.930874782683219 86.971434182843865 86.910729264822521 85.86836342603327 106.48910609911992 95.073919967547496 91.462807409639694 89.062616578875947 88.211300754556788 88.039908473452698 87.778707431372638 90.93418150112862 95.445142646230735 95.27307582442144 94.076571876134608 88.933356901282934 89.763310337038888 88.903972059819978 89.108766394550898 91.109100337751428 93.511315828795404 95.191122683684782 98.152083001968435 92.13605513896016 89.812189619306267 92.551358585500608 103.90433986152834 89.917991217210727 94.318833575285282 96.094563954915458 96.364756324401412 93.315771228767659 91.095138975548679 90.699816196447955 92.541287573440258 93.833683294257924 111.99638940981887 96.615152084618472 93.880237347684727 95.643472426094746 91.79657097684813 90.762500993274031 93.99793612287813 69.61551547518512 90.800994541159994 90.368654749182909 94.166796767445064 102.73308166723076 97.403626084867483 93.11282805773908 91.845702570865527 67.192748063240373 128.78084557900081 107.77127205246451 75.080369101169794 95.306037037076848 96.251003473923632 98.333089699905827 93.044498483241384 70.571665877465364 115.64491759865058 111.51112190258492 113.67253203636714 91.476648069867565 95.351231619065729 95.276859855835653 105.00765029385569 96.26154950340279 110.45524547844656 110.1266287398858 113.54790407129803 108.15387074888038 104.28186292625114 94.56916557608173 98.905764180699265 101.29946633202273 111.44546194092374 109.01602812112037 108.04903987028362 105.16958020747028 94.145773627390327 96.261989713707294 103.1002264879142 101.25781276567997 117.78349871432428 108.65864889986476 105.05526669795691 104.09068490452546 105.25725354135912 106.11772337643137 110.58635500337378 104.90647179050943 116.57793876883508 153.26487407679508 135.79161222914607 102.41706941011367 138.36288756702126 99.790123215416642 99.258144391708484 102.33539242997868 138.60639898957993 136.92662648908421 147.37688247119246 139.10437842392426 137.94162186471823 137.82162886277877 131.57689715617488 118.00311924668043 137.53920289870155 140.19501030320407 137.9315261123331 140.06926061300442 136.71139988054148 138.84314176341229 140.9881806132268 143.07593590758867 134.77272909039112 136.65231338513769 135.92919821074878 138.97591133353342 130.63804182719036 134.23330375791875 141.9477779979029 145.7877658650535 135.84659675656363 134.63140422749873 134.74677320861241 133.07906458531278 131.38062554882296 129.44750779962143 145.602645296677 139.88431157273942 130.83464096690741 133.86633781165148 136.79839464293022 132.82542831533416 132.52793757727275 144.7195938235842 145.87156781460058 144.63025174791576 164.90508356528429 130.79065660563552 135.03640822682709 143.43452693796277 146.42703311961017 155.42720068979253 152.10597281707007 160.45227215271674 140.93401392681031 130.20170988311853 131.58584256569267 155.96204039731248 157.32899431320507 149.67443452881778 159.1760962529444 160.08606008993877 141.94238071487558 133.89857384295203 156.47254875807948 157.14474725228831 159.32584631847217 154.79139768343131 149.95936720364003 117.90380988751181 161.83376909039137 161.70815000565787 128.87232595524728 164.52617819490862 160.31360452595911 158.26558367471466 159.91320716548401 160.84537344522158 157.91704213309038 154.27112757253741 157.47256948884407 158.61301594208763 160.74051417660067 156.25483118929475 159.40439634295711 159.78817810896578 158.44779460900563 162.60917045068473 161.4852072590339 158.7427316543463 160.75891322946322 159.82787756926638 161.64515007085868 158.1614082216519 157.66628074164356 165.8460820982871 164.10158358460231 162.28399424208715 161.75830951269188 160.82600613400857 160.76126864522891 161.83704157502024 165.1670458076357 163.42308060770918 162.84232214242024 162.33262433172854 164.1110865638224 162.79241122687293 161.95874684428978 166.82413442701704 166.26223063475626 164.50912191783732 164.06043498165124 163.57007903996873 164.6622481067038 162.81002662915259 166.84401020773376 160.99666270439772 167.50745696789235 165.61277304613969 165.07373423957222 164.56780264180708 167.26639747473143 165.78984441383912 166.38617989752757 159.31857506143405 168.22064056977598 166.91693019230331 166.42849915130029 165.36486074777676 167.28770314789577 167.12631558145239 165.95062249500788 167.67826800923177
