# Created by Octave 5.2.0, Fri Apr 02 16:06:05 2021 CEST <br1@br1>
# name: ptcls
# type: scalar struct
# ndims: 2
 1 1
# length: 2
# name: x
# type: matrix
# rows: 2
# columns: 320
 146.50514562268393 92.724544937485945 91.700634372032596 76.837947750601771 94.845321603273007 109.00086793300954 66.319543259194731 82.499214305132426 95.079370485799686 109.67571398836698 98.619426475628387 92.741052201416935 107.38177174392214 108.28064443648181 108.11075441841228 109.23695351410448 89.691150197058562 100.70963254949628 94.487426717218952 97.023736989175006 98.297420921503715 146.52430357534695 107.8376841756089 148.1345650571123 142.32662134789962 126.2942367031516 144.42931746658434 142.63721224234718 150.59590809045181 149.75215703167018 141.13027352417768 149.89629119246555 140.48713842516534 119.54073780075986 148.48943407134587 145.0684238227814 146.34847871288736 149.64044099323968 148.31860183017426 150.96250509806532 147.38304521815624 148.31710452863786 141.33913462269552 148.71500510990043 144.20725026655435 150.89924341020944 160.78021048228658 159.72781317024217 145.6185357667826 143.45081033681203 139.32286828693267 147.43760735737695 147.7433201100784 145.61614020303077 160.43317521041507 161.46880944109503 146.69743420564652 154.00782715188311 162.13497952544336 160.29216678369886 159.26408356465896 160.46887836175839 161.17658128279899 159.69746386074124 81.171560662661733 82.243136342433502 81.679459398040407 65.817230026913109 82.737772203812739 81.092231342293829 80.650593633350283 24.575833379374291 84.609119872514242 85.72202200451369 83.350691739071166 82.686886117104478 84.630478959195216 83.513074811366153 83.895875201517399 79.856781576596731 91.007156108189534 89.019895911165875 87.812757782204528 84.511796719997363 85.654460663354186 84.719514537357753 85.492571827185003 83.60346307715686 91.094055250351133 89.880019312204624 88.723060495939805 86.745751543626213 86.65112305552654 85.696561657428688 85.671023970223445 84.593835802103314 107.50910028244198 93.838549035254871 90.085357492969266 87.664965672132311 86.593717990917256 85.631977266509892 86.596261271998912 89.308991609251976 94.556373484911333 94.123335603237578 92.882562941050438 87.503680304966693 88.326666138102141 87.681905915274839 86.834602955121426 90.511429910443965 91.883399619548484 93.763379321585489 96.935351124484185 90.751616213881547 88.621144068736172 91.613828967149104 103.0202163930324 88.219663827050539 91.953501016589584 95.236275267305402 95.010104871972928 92.011219830442684 89.74426725096049 89.739423437674844 91.597695800045898 92.777993079073738 112.57187275478006 95.822485332345693 92.367519307521988 93.746634176104607 90.595567502477991 89.560759558636931 92.806319666040451 67.308609980584578 88.91882329686004 90.235166190171057 93.048846758928235 101.88425266891137 96.426442108702318 91.822666965407677 90.718672621997271 64.364920852034544 130.62613307300239 107.754272367551 72.105655888019356 94.35406840041972 93.3263052339898 97.403749961076642 91.735323568968013 67.332063479568873 123.94431488006053 113.36318788256399 116.31492068670482 89.461287090701134 93.80738971075543 94.287851749615967 104.18366524046256 90.263550349335176 111.27686863803797 112.29512756913543 122.78117184494297 108.80239211708835 102.37209377858932 93.215714255876819 94.815433223583 98.428924388785106 112.50702865305571 110.16595317637174 109.12488857868534 101.57555399457293 88.560318692354699 90.268385313781096 101.72774749526818 97.318911638736509 117.69661959965782 110.81647843457404 104.76227565488684 100.39034198835526 104.15379683958678 107.01721274968607 112.34944949481286 105.87542454459761 112.71247216125035 154.98058498600926 135.30656476381316 99.336597795111373 138.6245523163428 95.87435643233556 94.160891127232802 99.488879026619443 138.37206618377959 137.07216478935851 149.6563888059074 140.168178290138 137.78218556414771 139.12796346390937 130.91869367277022 120.19923588430427 137.28259613603328 140.03247327517974 138.07243335892218 139.93271696321005 138.16100486645081 139.34871249592683 141.68376208666851 143.28287637318616 135.50563358013835 136.5392335529086 136.23307927714089 138.86216824754746 132.17875889170335 134.2159037600685 142.8137030678914 146.81502598297649 136.06633801930053 134.21918585110507 135.24534429311072 133.27532553965003 132.63142910698673 129.64067440710099 146.25397382159443 140.4985184195306 130.00423835789073 134.35532851119902 136.93466424890687 133.28535026918158 133.67629935046256 145.90523474793022 147.05785947922601 144.89196580820041 166.95061857134922 131.52410710781814 135.17746929475075 143.84335602054847 147.47528173559596 156.96351468202045 153.5494850711319 161.52403503520583 141.23631476171479 128.04391506351254 132.2621073303109 157.26861004678778 158.1014079879676 150.38944178609509 159.95643995820032 161.08544267816035 142.53776537876411 134.79143338353873 158.06125346608317 158.94133277658247 160.94902334867314 156.06243902602623 150.74209438229994 116.87816334489341 163.78833027714089 162.81181204746372 126.98224801419775 166.14142450885731 162.09041025613584 158.73761934702893 160.99265566125209 162.63938421683855 159.70324689913787 155.06463409464646 157.87707765150608 160.70429925395732 162.42534699972481 156.82950365296821 161.31658788218411 161.3039055850287 160.05344409307307 163.9884740749925 163.28843226103058 160.65143506512649 162.914945719819 161.86679992576049 162.66085765943512 158.68556040886438 159.47994403187045 167.20806363151047 165.19560307210531 164.29068668322287 163.55210861215636 162.96972513907878 162.01552023638601 163.14341661601844 165.99751920930836 164.64455283178327 164.11411606307917 163.38906535762493 165.27669597535825 164.12428460368932 163.58381143498619 168.79144631206614 166.92131884127033 165.74507801525709 165.20235784486357 164.5548823580495 165.6942119441683 164.65152377378391 168.20368701224476 162.40934800734669 168.82750833341598 167.68899149146188 166.64711678761947 165.98343475096775 168.64207815524176 166.88097807993165 167.48264033561645 160.29019760623061 169.44384289194281 168.76444317672491 167.67201456661203 166.2998343916135 168.10611733469133 168.18107057614495 167.08458523268294 169.1830182470157
