# Created by Octave 5.2.0, Fri Apr 02 16:05:12 2021 CEST <br1@br1>
# name: ptcls
# type: scalar struct
# ndims: 2
 1 1
# length: 2
# name: x
# type: matrix
# rows: 2
# columns: 320
 133.08631509912641 99.153329777197825 97.324732174460436 86.639046749266541 102.16478801412295 110.53481913709362 78.174779723325045 91.566366812983972 106.34947030884696 112.26521172853326 102.52181951314391 98.146533970622869 110.4576984505851 111.5023366780009 109.29132053822509 110.12410552804374 106.41232614369652 107.43185594640829 101.70829025961456 102.75132584827975 104.0543449130418 141.40158809872662 110.31136376700834 140.79814537767589 140.180264410066 125.50723925316828 141.30329503214992 137.94230219989987 143.24365255353612 144.32848388656188 140.34253382972946 145.67954990214474 138.18303079136822 120.56205193015656 143.47410436368881 140.38391957198826 141.042350946467 142.43559310446943 143.67944485891391 144.972996701478 142.32344599979967 144.78376581005347 136.91636320993507 143.45155872202204 140.76774951871491 144.90564477652961 154.22137383068934 153.38056889471784 141.69469034618439 139.82450102879551 138.85783432265859 141.93933246563941 143.56074441516807 141.43268230591829 154.48088120778411 155.38391961851119 142.69352665073865 145.01272461037652 156.6545864356103 153.76241076248652 152.72574153272714 155.25885085089593 155.23452822933947 154.57902912963397 86.964065147007062 89.043942426442769 88.102473159935272 76.422724820884781 88.450370400723344 87.1913102557603 86.420090555407796 44.530478295160279 91.394542631218258 90.27806354994047 89.614081373881049 88.176181934102701 90.428699846176926 89.529765923056402 89.530306896403545 86.426854612475651 96.107389033045507 94.087290949357225 92.502069666159827 90.653451242512659 91.56149384819399 90.580036302915715 91.79010614351634 88.913163738134315 95.89943070097695 95.177875319791383 94.335532705935606 92.26111268721418 92.548031797691522 91.657372910774598 91.358210138669079 90.256211581371247 102.92776904349934 99.296696216026376 95.089790363567531 93.435601006093307 92.574815068508684 92.506775998637067 93.646386853912219 93.734703545085694 99.407202128182263 100.2721016624911 98.069212718141628 93.598513708236624 94.622289685399622 93.773021202183116 94.71713943052626 95.707590647146191 98.83103776590066 99.154587586240169 102.55599886217327 96.220533254196638 94.382679506750847 96.6538180757817 107.09700794220814 94.691075709461671 100.32797145592517 100.97327461245796 100.49328409789022 97.058695333896125 95.333387942148377 95.78633419780202 97.599635618783125 98.48283170807116 109.91825510857015 99.691296359632233 99.632835726716721 103.1928683381133 96.515155109914943 95.711341651598318 98.372704319894453 78.916326076148465 96.022800676262861 95.110791166432094 98.744081078124253 105.79829749449523 100.19688087837638 97.045087005801591 96.872100139835993 77.404346325928088 122.11730740621732 109.02969747969433 85.822389037546372 98.606757175001576 101.39840130269366 101.3370759158299 97.508252379081171 79.990382631341163 111.19199951656864 110.00817719895306 112.12967318867746 96.069169454242996 100.59463973858919 101.40394115265185 107.98315187555311 104.64039086205322 109.11449699813097 110.88156987490612 111.29203427397839 109.69420958350747 110.26587528072282 100.9684940005251 105.34882953824027 107.73750530016035 110.31556983277309 109.74873001342527 109.85267681686116 108.66546714533078 108.73203195019168 108.67795569411354 104.91170334054445 106.19666382374695 117.86496565617159 108.65748610097454 106.62394464940736 109.02561026423145 107.58972471904167 107.66851573716551 110.74339891095042 108.07257942886615 118.87364481532718 147.06925134907721 138.29402024078377 106.94514845630481 135.74672986222143 105.69280405948864 106.77246457290089 109.42048329563896 138.74166806639838 136.78665445868128 139.14533181805518 136.55962064380799 135.58841435201458 135.25460785629173 133.57911479507788 119.76003242394189 137.78510378589758 138.96629122342216 136.73772007429494 137.82104590475527 134.67482977633148 136.82677738694952 137.94845103599613 140.59334784389634 134.74066317310709 137.99240479736628 136.94621951671533 135.90321365805633 130.00925694697392 131.59512659333552 138.66672586732346 142.44138091332155 135.79889441045896 135.99861950502469 133.53781729935776 131.4171970930644 128.31167710911058 128.0199442918566 141.45791588071845 137.37838094209948 133.83331705502323 132.59336727235493 134.43302548366287 129.7225417149001 128.87361963276243 139.55795887620704 141.56787890092934 141.98416334658856 157.51842937671645 132.53759914796811 133.6096186333954 140.5053008147369 142.59483754697737 151.17156097188126 146.02094164478467 155.85682555194089 139.77370260867414 129.03770236305149 130.31441936411579 150.42754164439839 152.32712835107316 147.09246387753862 154.46833083131338 155.46972124176 139.86104995403613 130.93522893160943 151.58182391021452 150.56211164640769 153.38457037174697 150.04921971969421 145.3759853489737 121.60753351363383 156.4612635995245 156.03707161563 135.69760740903723 159.28888116002778 154.76510173399882 153.38369722506624 155.81709487164403 156.89447710734714 155.5536610592126 151.40568735381026 153.32102479313741 152.56986489686736 155.7511156389931 153.28633983216338 154.36009268507178 156.18068483818408 153.72966286715788 157.02789061058175 155.16727247702588 154.75211464807927 155.9405310433558 155.4077647637252 156.96282576434209 154.52249657205198 151.90642701873873 160.21415254366059 158.13576190396444 156.66151861720385 157.02481400312959 156.4494765253917 156.31571351131134 157.45462848912473 159.01841703444737 157.69237099865262 158.3087127006184 157.52807694002286 158.90942503433433 157.74476413018752 158.58052041529862 158.97295669188344 160.19212626360778 157.85080931482065 159.40858691135026 158.60603476515703 159.66284722678594 158.15830581142984 160.11678163728169 156.39707471135299 161.10753192188736 159.00263046593673 160.56091700489802 159.75029635447524 162.60511086697571 160.89969712426799 161.51090652027193 155.80993809411314 161.32000551082749 160.13430005761734 161.65931904962329 160.12761690122898 162.3020732745544 162.60340150835026 160.79715462092395 162.64858335883727
