# Created by Octave 5.2.0, Fri Apr 02 16:02:43 2021 CEST <br1@br1>
# name: ptcls
# type: scalar struct
# ndims: 2
 1 1
# length: 2
# name: x
# type: matrix
# rows: 2
# columns: 320
 121.56670550689121 116.52150518074653 114.99618484297174 115.69496901646383 118.31003142743555 120.24053051083766 115.71965163757545 118.4979931028294 122.09930539730776 119.58572321694339 119.96134799918602 117.35641532508731 119.76513916659404 121.2666287784529 120.83903708304123 121.87970735440014 123.76222708710613 122.65521186872347 120.66649660323904 118.71945176703986 119.75353666152954 125.0065968375729 122.25197110332503 125.64614129343585 125.13878605360051 123.67680009936574 124.81344410700386 123.33042986416639 124.75133142492631 127.75516325983119 126.21032712635041 126.89580505557691 125.72151887425771 124.64542167838219 126.19512871673827 124.85900317066833 125.62846114140008 128.58895806375162 127.96645001422249 128.22113934184753 127.00409482160542 126.73074484167536 127.72361166236513 127.18474875904457 126.83085190872316 128.70285390821647 129.8853270405836 130.99837119252518 130.1932938935268 128.68380191797388 128.56874431845907 128.07004647281531 130.68496502812948 129.08644305599506 131.07197533941553 132.90795384408057 131.2833802992694 131.65102169509788 133.77727805439613 132.42666124670657 131.76316771203625 132.67638044889287 132.11746229074683 133.75698353747234 107.87789615826659 107.56467343666968 107.38163088730688 105.82620337849858 106.13100965572283 105.51534710774011 105.88242081352354 103.67316081663799 108.62696627819629 108.52930365399544 108.2564681249919 107.16523402066592 107.47130563820765 106.68486317967725 107.18245657003273 106.5169828365641 109.38294020446449 109.61876430409306 109.42803360889562 108.23355424089395 108.53001718931162 107.90434227085727 108.30451693412085 107.66328950984682 110.30056228648718 110.44203813290987 110.35083773049686 109.17534452942614 109.59754262949377 108.96221528533506 109.53054587818285 108.84192803471836 111.71587007028485 112.72006512957128 111.43274976438714 110.20824534389649 110.77281483227104 110.21564795786146 110.61452958441438 110.08853356558022 112.76362470097311 112.73128677970804 113.16945785182226 111.31639354509136 112.21862968576382 111.3226815522207 111.71156773232917 110.99012887324577 113.98745638227932 113.76621035120556 114.3472713844063 113.07578708703355 113.36168586013322 112.35757770030735 112.86132853143516 112.03327401979962 115.32277221148497 114.82563096442598 115.39163707488753 113.9890971466871 114.27812630246471 113.87395839300277 114.19618601961652 113.07338153145305 114.72750001863871 115.87414925107564 116.49329240336519 115.07485361772891 115.50020018038856 114.58113200884871 114.80719005165315 114.81151635683153 114.4207185923044 115.21028119347731 115.84441779121143 116.74143682311478 117.80064106252082 115.65658377511548 115.48114292377259 115.60144870154821 116.43099135229909 115.59990764832747 116.32553488405325 116.75075206709141 117.54443863510602 116.62785314166543 115.9017650061971 114.05155361818915 117.73039953522158 117.19063250565929 118.29300114824845 117.1132786939815 116.65601362658204 118.57786902522835 119.66151522366091 120.52346664858356 118.72288626793677 118.66752327305598 119.49288342025976 119.09212185407472 120.26403818996066 118.34832384899599 119.95634631657956 121.01498215886632 119.48711789923946 119.68214795387827 120.57446707530268 120.30692371138483 121.31059028082834 120.97725786687326 121.9499621225259 121.23735223660512 122.50268568045387 120.80261185730561 121.7161662416634 121.39377132739634 123.57660007697031 122.16193700419626 123.76112536405937 122.33136996146287 123.43174065742262 124.45009954090037 125.37803055383236 122.54208197688439 125.5242977787113 123.52898182002635 125.00422283700817 124.21525042464656 126.4012791617254 126.47826291699042 126.61318845147608 125.14083071219162 127.43016120355729 126.00125938246171 126.61837108865485 126.27257209565417 128.3875888625748 127.32941786139607 127.43898047454478 126.34068136749119 128.19343986315732 127.04073858286421 127.29751652224046 127.3548567331174 129.55971240429514 128.28119227401672 128.50961965043214 129.51691212771993 128.77612922883677 128.9387227836624 128.51812345183441 128.71361682628802 130.7275008744495 129.61174284095981 130.52898975835114 130.78054121026796 130.05843312485391 130.36062269815193 129.41003555494038 129.5155681110441 129.76319107797821 130.66445880974601 131.88579242675007 131.46517907638082 131.4587334233556 131.24851189415116 132.07484847938414 131.03267224314942 131.62223525537652 132.54545838722282 131.98098504961166 132.26093595680433 132.45698460451675 133.96680182391327 132.39674044247738 134.48729953273099 133.41839139947453 134.39896175093347 132.96486475620853 133.31766623592918 134.27917686905698 133.46529422082855 135.00395663889049 134.3592936393467 133.64519486994382 133.99286915845039 134.01345073002918 135.26211724293523 135.43137420380009 134.8174351134395 134.09943389948299 135.51025993386398 136.27935483810455 135.15509247417569 135.11712736159598 136.20852988114819 136.35799620120406 135.5845035041209 136.03246343304136 135.69546044339245 137.09680972159072 136.92815941842159 136.65256625527769 136.32770231653808 137.52740971416159 135.9750357533606 136.71524192515645 138.38082785861207 137.94137530857464 137.60286602085054 137.16780071569937 137.43487590920077 138.6368838721217 137.90390447264383 138.63043744679157 137.58107798747943 139.07505654503225 138.72572081089479 138.35630628790238 139.25625267418147 139.82400223318271 139.16450820567184 139.81177675378905 138.97266651805384 139.84141111540117 139.47440846820521 139.95530546511256 140.35022480973413 141.0809434673865 140.48491924038416 141.02255877463935 140.07011173001038 140.93032596978935 140.58008106823573 141.04634518697989 141.53024002500248 142.13565813964053 141.58666210130517 142.17754989030095 141.088285401386 141.98219438027195 141.80785992359557 142.18121195814777 142.64578109751307 143.19559807701128 142.68990451444532 143.38373295340472 142.20448407431019 142.95834480332269 142.89415703563216 143.27855439923141 143.74666803142196 144.26029864880073 143.81414512483823 144.58836204832525 143.41758990239759
