# Created by Octave 5.2.0, Fri Apr 02 16:04:52 2021 CEST <br1@br1>
# name: ptcls
# type: scalar struct
# ndims: 2
 1 1
# length: 2
# name: x
# type: matrix
# rows: 2
# columns: 320
 130.84566570723109 101.70935266527604 99.490401272113829 90.53586924271157 103.97922120803071 111.42866736140091 83.030149418209731 95.171379255864707 109.28473238353213 113.29477107100901 103.49543648491959 100.29500486284974 111.68677110691519 111.76652537494708 110.62752892963928 109.75545347870735 108.79123645863412 110.46495299035466 104.57694778944882 104.42693245985942 105.15915376526513 138.74788691903086 111.69081929303341 139.3813192828402 139.86628479779739 125.1943366525725 139.66663298930155 136.07565121916781 141.15623155698114 142.54275640982618 138.26096428573342 142.10418859371541 136.93136810478177 120.84700465931824 140.66074594899646 138.12589543460379 139.52091695462511 140.09388202334131 142.08638278443712 143.78785764832986 140.09320147936108 142.07038093952582 135.70106935874747 140.75963548882586 138.04055983895898 143.4005383099107 152.70255050108489 151.60400774517271 139.96883819306836 138.92458871984721 137.74350721712656 139.53912861604834 142.89338547983985 140.76419737420986 152.06264763965856 153.85538464360306 141.32690568771383 141.82265369878618 153.44519055668397 150.94412632519575 150.70052331003561 152.63960065896265 151.69376745122432 152.25356759915698 89.821909375822045 92.024644258653495 91.021020671002404 80.63936732933135 90.446067410997045 89.902203479058656 88.123195706098286 52.464252779750325 95.089896219689464 94.166966116124286 92.330515135612998 91.079884516935692 92.459180680428943 91.26542054073785 91.803166946435056 89.327318391467387 98.28234116366977 96.29378508627687 95.104132518692367 93.377592727640462 93.620171575214144 92.821922191070513 93.260431909816035 92.08943911675857 96.809971273559839 97.403557518506616 96.312354342681886 94.481170355725723 94.762033661201244 93.87965969345268 93.972898342348458 92.624704737383396 102.33097730433192 101.20611435793299 97.182801012309596 95.525609891708172 94.817733647651707 95.107753547436147 96.132580832934792 94.889727094462557 100.92310507078896 103.21436780475439 100.24280981887131 95.808650733715368 96.798902906180899 95.837509890682085 97.22698259712439 98.060770769890382 100.58625019733542 101.3926656873808 106.24607396480079 98.284513300160569 96.563670412949349 99.239805927837722 108.88972257768172 96.923894878791401 103.5635516792367 104.31747913148523 102.32482347216813 99.356615196744031 97.318521127259842 97.812988563841117 99.896120919076878 100.36229560450245 108.86320230947464 102.55819401588172 101.11150193288336 104.96605666276534 98.402837891109812 97.679041493152184 100.43622701299948 83.569739994851901 97.711389012444016 98.797816397460167 100.90004164889811 107.13823422836268 101.78033521671354 99.307430348802214 98.790462739997707 82.588696213138775 118.73428033388109 109.40073594449554 91.276029928322174 102.44792965323126 106.90152230985289 102.09629114336393 99.332836973367918 84.843068493396245 110.57043835716745 110.02673258012619 112.15935034703503 98.083760654910719 105.76806399116518 103.90577086577109 109.49379114010718 107.70766692196221 108.88633002345408 111.11558158195822 111.68861384386859 111.73529669963476 111.92477149715248 102.87604254700193 109.52467245149771 111.19505798663327 109.42258832611398 110.450925946211 110.73225196885912 110.16482568669215 112.37863229299943 111.86707867358167 107.53294918302112 110.74060750674758 118.38812589028107 109.64641456045032 108.36252054145477 110.51347807369586 109.08950892156584 109.40792433923338 112.95225932637507 110.04374226288819 119.55738211699334 143.92378134885121 138.3326734831316 108.73602592285954 134.0191648875788 108.57208075947345 110.06927364021911 111.30407176035831 138.37113852901436 136.49411508039921 136.200448145238 135.1734757002489 135.45547770118552 133.81212443943741 132.05123429074246 121.01617938222884 136.42520276701578 137.56807707583675 135.38688912767179 135.23545380340528 134.18973290872594 134.13360980614158 136.78078512627997 139.214827997545 135.42492878282542 137.37090380714096 135.80319863086515 134.85392076275829 130.12070588263484 131.07032005817763 137.70194491209398 140.8168946115623 134.81206033220565 136.06751676979772 133.43484147943491 130.91352602094778 128.28327271701875 127.19168324940942 138.44923606465022 136.66338539986143 135.35572183822049 132.36044809392368 134.69729561114951 129.19173918279563 128.98242042064177 138.09056034795685 140.08736518786398 140.22048159362674 153.7682818655974 132.38830498768732 133.32060937767332 139.15073166635145 141.03147194979377 149.16555325651217 142.22758832551392 153.0495772219908 139.29192439919774 128.12359851317157 131.29629147103276 149.06480920449511 150.37267710373294 145.78161723919689 151.52759788769887 152.31749072515632 138.69707141572496 129.45441480700433 150.13246596571557 148.6609156253827 151.52992909550287 149.8801342648695 142.96572336531173 123.48788550843423 153.93797020157481 152.95362242789457 139.16275030096136 155.79084478544831 151.77654523456414 150.46004740483932 153.30538974694051 154.39654271269296 153.38702872168622 149.95092539661033 151.04397987953132 151.8318282807146 153.10280341328476 151.10361627199572 150.62484933218266 153.22400131397484 152.71650872365385 153.94086608030759 152.35533916250026 152.90557766065064 153.41771731164619 152.68780831631224 154.24661712237526 151.33223472820842 150.07465700237137 156.97153806356468 154.54246184446558 154.22522264553436 154.5129227763571 153.82944125962442 153.78428019834368 154.88172286976035 156.22823547651794 155.16837870267085 155.56190299342924 154.79963989612068 155.76111639724283 154.69403404159888 156.0829161809761 155.70330082944943 157.41384308676126 155.44448155259002 156.69003263810998 156.11549195821561 156.63767108570826 155.2164097804538 157.28107509922955 154.98216154571489 158.52845909457437 156.3650231177912 157.511558986046 156.70122274161821 160.33014267017245 157.7875879366847 158.90330379114798 154.02863009531944 158.00577626345512 157.69582606455205 158.84583561627323 157.71205392197626 159.65872562953049 159.98850891495414 159.05289738649671 158.96433026402073
