# Created by Octave 5.2.0, Fri Apr 02 16:04:37 2021 CEST <br1@br1>
# name: ptcls
# type: scalar struct
# ndims: 2
 1 1
# length: 2
# name: x
# type: matrix
# rows: 2
# columns: 320
 129.14820404670434 103.64573364109287 101.47474339345848 93.48800749532144 105.63243529890748 113.03046382485023 87.131361765795603 97.902449288350113 111.99722712192269 114.07474026985427 105.68716260143604 103.06832101627147 112.43210473660319 111.85078674856238 111.53546675080227 112.1241324307078 112.30606270247148 113.03328086248708 106.320817380685 106.26340595115217 106.51397582783966 137.75304993889361 113.02605356084146 138.21426131987408 137.97213022859785 124.95728922787873 137.69477133587267 134.66152168831019 139.96946820531488 141.41530086303956 137.17964886253864 140.43022922346373 134.84421874321265 120.98201700279692 137.30766995373068 136.54898614049279 137.52226841319245 138.95487681016127 141.41700535823398 143.48662918418481 138.71845687319299 139.42787222784645 134.32220934420334 138.42162287751512 136.63364658352268 142.58254090809476 151.5302074950763 149.62471686632364 138.88606718054831 136.50124533777722 137.53692302336495 137.43948855133692 140.40349639964654 139.15874904816687 150.50128224490163 152.52325301577739 140.0006427723645 140.91129389283253 151.32029280083208 149.52310624215534 148.4400291594043 150.63211726084816 150.26278451985186 150.58919907659435 93.352561413641112 94.583580473918587 93.518537138344101 83.833793472093902 91.997364487948502 92.481496321055971 91.023459357565557 58.474687995348845 96.850741909682128 95.650599204892913 94.285109640412315 93.162844910208705 94.361415829974433 93.386458996363231 92.936701691585299 91.321428408772434 99.431768184671483 97.931294951635962 96.978854598600307 95.245947273124315 95.368117038084392 94.185544651327049 94.607824476514907 93.463325155550365 97.804516356462884 98.956838669658154 97.971683274002373 96.249093735574291 96.416562022677141 95.440594379264596 95.696497423145956 95.028997134953116 101.61445079702754 104.02115361470625 98.928921245955152 97.306810964312803 96.474541965365361 96.835641392700779 97.733386249708389 96.110483071459029 102.6048515293067 105.57010751183874 101.64644725072083 97.364784330646913 98.390620570897056 97.812770636239648 98.368524395790416 99.304280235642835 102.70159746324023 102.82871987443933 107.43039031528821 100.1602342712129 98.437291607925545 99.88298899278476 106.7910528587164 98.685421509734638 104.25888028701905 105.10399957416902 103.62174368076882 100.53148088713891 99.616938745418366 99.271774078818297 100.25245360815643 101.19591286575998 108.06391988591744 104.48928191010154 103.40406923220041 106.58469329409498 100.17485189888298 99.348605687827657 102.00272692517051 87.050608951096407 100.38952169278954 99.371833806131562 103.94657392375341 107.63022534938295 103.62810306947863 101.15921203953613 100.19612671214746 86.516234006480204 116.17138103665667 109.89298917070045 95.407576057697781 103.59818068056241 110.22853446017002 104.64651165683892 100.82787041995519 88.14088830747734 111.04874440836917 110.31092094477972 112.09682873283116 100.43025054155814 109.05026235011586 105.43451591143051 110.63821482537541 111.15350971276352 109.19322118684073 111.46472410630965 111.99920287979225 112.79971977775354 111.88809596950964 104.57688597663615 114.51474889871662 114.06999814619165 109.78696907107953 110.99952505301462 111.62548566113799 110.84415977060911 112.31092731017779 113.40030432140657 109.92272421158857 114.19597841134224 119.54723584544499 110.31306692602902 108.96675917240762 111.13192197836172 109.61645070572041 110.03406223857638 113.04035884142682 111.63646790191277 119.31258847681102 141.54084953049818 138.41503423786125 110.06092302450875 132.64896487092673 110.77393960227683 113.23171490822682 112.7282701607337 137.67554247290201 136.21031606731884 134.8969687414253 133.82219023480897 134.83342810065838 133.14917629364948 130.89374906018531 122.04866680196889 135.4973023175734 136.59502440533231 134.25243576501774 134.07995062114063 134.28659339821689 133.27385977264333 135.49083767596315 138.36009654688931 135.35832918304254 136.93631164793209 135.34146161078303 133.68686345116464 130.19881436358611 131.04567600412472 136.97012808610449 138.63033201334318 134.40779149045082 134.7218643224391 133.24737711104225 130.02796077552 128.16700406535341 127.18577617317764 135.44420812225601 136.56231220274475 136.54807160208091 132.21009098172948 133.64707570474692 129.10498501590229 127.96839763373933 137.82151326057678 140.00644032647037 139.6952116415903 150.92726102384054 132.57631355001459 133.04273057568582 138.86043205750352 140.22628833628718 147.06734629317145 139.74718681906518 151.06456073017358 138.77603590480686 127.99474001569425 131.1627434442575 146.96720235166333 148.04150346531051 144.78855160408952 149.36924652563007 149.64647742307218 137.9661744951251 129.08678932685899 148.41010862339979 147.59105643751982 149.24296988104098 148.15667468426807 142.09201832098051 124.91239459540424 151.12154632874675 151.52251403883994 141.78785855241904 153.72552867014869 150.11129046320048 148.43480453563916 151.64949885922726 152.69127917712936 151.50860621716157 148.8488330047922 150.25761373857378 149.71868580927003 151.14932688241018 149.07689489261344 149.35912553502149 151.41800276251496 150.95556035835889 152.0102861888999 150.29459214334415 151.36168673193606 151.47354039679033 150.59868988972195 152.12075762837972 148.51405084504853 148.99406332196051 154.79726692747573 152.56270508983485 152.52838543510714 152.24338794669214 151.6384241812024 151.98365997835521 152.97096453874593 154.20336317736644 153.11644588529472 153.24113848218855 153.16225179424842 153.47435809860485 152.4949728899889 154.15630936471516 153.67328447621659 155.28097385232812 153.5665497610284 154.3275968615545 154.5407902654982 154.40114681095463 153.29345710516316 155.36671793614687 153.67931573845547 155.84013381709144 154.63314961476772 155.56026024732435 155.47363755569427 157.97811565516722 156.55517567797025 156.4489492861766 152.51337135604408 155.83291306043125 155.48816838325396 156.56872095582543 156.49022691233867 157.49256856715274 157.42092669784151 157.47122198464211 156.59886465618675
