# Created by Octave 5.2.0, Fri Apr 02 16:07:21 2021 CEST <br1@br1>
# name: ptcls
# type: scalar struct
# ndims: 2
 1 1
# length: 2
# name: x
# type: matrix
# rows: 2
# columns: 320
 174.54383270323962 82.732819102271094 82.886715239697438 61.604914367134839 86.3842064683584 105.79657112142318 47.61970024430309 68.406892937507735 63.096290587518588 116.1455260562249 88.471136264874943 83.408994643791061 102.6011145733255 107.6094748485914 106.04923510134806 109.39962467655603 48.673444966198623 78.272641025907888 84.431747143497986 85.461430972514407 87.393466398543566 153.11624692351458 106.53545354581976 154.35600562454547 150.02172374186034 138.48105648585243 151.14357742895282 149.9341206215725 155.98361044992276 154.82268938631665 141.62432524181733 153.84633582224021 149.40846436859113 125.7008482678917 155.13421099966794 151.89097838215798 152.76929892983489 155.53596442647233 156.15818262239623 153.76440151644792 154.30654091349476 157.11036295632292 149.18682507326992 154.73191436685764 151.53533836870216 161.84079278855839 171.29303748899616 168.5685816715098 153.23337820802115 150.79945822945493 142.93448014632969 153.8865767948935 156.4535623176744 152.40583128315424 171.41760120632762 172.42822535447587 154.76675111009061 170.88158892688929 173.20508045918146 173.3498448028171 170.26422769090732 171.58453839582864 171.15501199009623 169.76497691452491 72.892424840470312 73.742457983533228 73.550530559390083 49.33399113025834 74.72986698911248 73.975112098396963 71.998773667073692 6.4380123331095236 75.40720543573569 74.164514356474342 74.737344532782416 73.5322350758628 76.267831825579236 74.443727925272327 75.200035970690124 74.115556516518978 82.668330927740683 80.125514978914481 77.019689840857524 75.568538358067897 75.813644355890474 75.842018677574657 77.410061058262713 76.864706868007531 83.032083719722408 81.550634245276328 78.215012907339784 76.464261251573745 77.286727161783077 76.603748581864309 76.910138274898316 77.644889245624455 107.25640954819384 75.725556108594915 81.901691466699873 77.841632998030008 77.978135213629827 77.856473778903549 78.533422340177879 77.269825819133828 85.576162970838055 86.700866294995521 84.134997480655471 78.47063088423765 79.074142868950233 79.156566150078945 78.082032525646383 80.233679621867864 82.116187314401444 84.537787865129417 85.882651098267971 82.059666472669349 79.675159018766053 81.559991470390528 96.683998202144807 78.82028502913677 80.983429090026505 87.369709895438888 83.106801535948264 84.141247832254408 80.783083831103497 79.889490767822736 79.879534650493497 81.000938800037616 116.69617006033522 83.853028409081531 83.133974704203112 85.545549503921094 81.404211244034968 80.283163448951171 82.712103843627617 48.058312045173004 80.245562792084783 80.232451258631784 86.24820047277808 98.64931361849122 88.080733571632578 83.082230527785072 80.99701266766867 44.09882583839277 128.00257699045133 118.76756982626992 50.786877860441223 85.612269312819578 84.488338414819495 86.882814252011201 82.269587249516562 49.141914661448823 189.84048709050211 127.38632562526885 135.56562604951102 79.24828025258762 84.888607097730372 86.620852274336499 105.66604543625559 49.926335086048397 120.18327793064709 120.20445768109752 114.60815970055936 110.7780044280633 77.970330246706354 82.324181276147954 61.294386457347272 76.752531724129497 116.39513686980014 120.39528025518555 124.39427918801711 79.462094883456274 47.427158197196576 47.577626213753291 93.801880564999209 76.286075377918777 117.60260164019698 106.0311781711472 99.404610980373604 76.413522338063757 97.607716941954479 116.67375346229015 119.24056868006338 94.032577926452277 88.943135784132238 167.5978027789796 138.87174811930905 77.383711675446975 156.01510740930263 62.410548578411316 62.123572043956123 75.321616951441342 137.70196952067377 142.85503349287626 171.13225855877775 158.96153416837004 158.44809230758995 148.43901992521637 119.88078839984459 127.23130738188573 136.12802297487602 135.6886211433617 148.6959261628167 157.54790775238382 155.05361106092133 148.49768296211127 150.15316787400769 151.94201030133476 129.77738679871308 131.33751172413471 150.75873805977002 149.94005938526348 149.36052839435331 124.54926713540722 149.08025756817995 155.70706933647142 151.05952557919278 125.96897486685397 150.25885279778959 128.03901590948541 130.48505805207941 121.4498039943789 153.46769681980831 149.17923569102243 123.10211650361705 130.95474905141577 148.11042039982476 124.1728471456245 189.19876073109003 153.65402912544388 154.74361352951951 152.14013030182539 181.61028611481461 124.8262288257756 149.16417614995595 150.3528418775031 155.48809993607597 166.16749119636899 163.93731653771943 172.15244760298938 145.47535599356206 103.06820307596539 129.03435909379002 167.34386773319434 168.41623482071171 155.51366046324912 169.78394642655891 171.04345866710162 144.83794646075657 131.61397337783939 167.17777173943978 168.68996991601142 168.8525289250102 167.73738144182332 152.80535086806037 109.52769645612818 174.85655700063964 173.66085179527957 113.43668943667615 176.06121769219953 171.13738282938357 169.15147752038939 170.2803645782308 173.90046900192283 164.98538363402341 160.75143083642803 161.20090312293692 170.83651495672066 172.15281161509125 167.47902345154122 169.14912399865881 172.25085503943751 169.97044897729728 175.00824947212249 172.21559383158777 170.29554938901342 171.2640302815924 171.665932243859 172.70513486393608 167.93310032680446 169.8038090024192 178.29646420989462 175.7280206880057 174.7133105446523 173.54717224324637 174.22833815691268 172.72659016179617 172.72520670534453 176.77385323000235 175.28529378782946 174.95630991486937 173.76044374843082 173.84367175789319 173.29659800293527 175.14361000793815 179.35924492743482 176.53616461472848 175.99393229402375 175.62619781977 174.44024428161313 174.65291671623234 173.43085300040124 177.23716006622877 173.58674644856382 179.11603680375217 177.20081218876322 176.70081447005279 176.3422106467263 180.00378410292254 176.20779672622638 175.80157155293983 167.25349251060595 178.64149243815172 178.03048186444497 177.4679345709113 175.20129265202462 177.85581762973004 178.03741167591556 176.86366086661459 180.26733300945787
