# Created by Octave 5.2.0, Fri Apr 02 16:07:27 2021 CEST <br1@br1>
# name: ptcls
# type: scalar struct
# ndims: 2
 1 1
# length: 2
# name: x
# type: matrix
# rows: 2
# columns: 320
 176.76870770949353 81.880811472911688 81.954271714269794 60.305973535986496 85.848942025298925 106.02488929380529 46.431020703074715 67.205222123214156 59.968282943374888 117.18558792808767 87.823908634276563 82.620146881484899 102.19346163629788 107.84547291285078 105.59910692706593 109.40262514549316 44.977299105102297 75.807592245097055 83.13978863533805 84.549671460330529 86.965439742779182 153.58398922862392 106.56647010364978 154.68338146231739 151.0767585625552 140.35094830185744 152.00752064979105 150.55633761514986 156.67466776379584 155.52457733268164 141.60418770755896 154.15738982789728 149.88894810983649 126.92440375004897 155.71430317812784 152.31001923744307 153.33177491300955 155.84200590823187 156.46108315379175 154.40799965935742 155.51007923373646 157.18522187369356 150.20283579915704 155.49956633969549 152.32499202557258 162.77365836868901 172.03410412788639 170.16206438635825 153.69645061750199 151.16824084085314 143.24374420037299 154.6615834109538 157.38991386366746 153.22066075350469 172.48295993234291 173.26142405132595 154.84132676363916 170.43967921115927 173.60928107349494 173.87083904797407 171.23328385841518 172.96576560523161 172.09563134914279 171.03070670029879 71.875635714388565 73.191916211282432 72.464525275412228 47.928443627442817 73.637403569777533 73.354653189373394 70.874872150022938 9.0826038279724823 74.490900413736739 73.696841524591804 73.941074959508185 72.915073097171202 75.396176980773006 73.59277240479129 74.336416369904939 72.744249924806113 82.130170435610907 79.913250671264592 76.36048039166694 74.810464347952376 75.112529676336749 75.090361173081774 76.707626209494975 75.951249759720071 82.863866156933085 80.952879342750435 78.366191389946394 75.560954554880297 76.39065041125005 75.925193598084888 76.061428599291503 76.976586696609473 106.58323085364567 72.315094011208132 81.527852790028803 76.628867009901853 77.054861911129024 77.000922276928705 77.754150197104735 75.882706257105482 84.326309516263208 86.059670239326209 83.414286263066387 77.492825825317709 78.224886839431434 78.425868685724311 77.301198418366596 79.600295114791521 81.252377332170852 83.890710310483158 85.296524301580916 81.153827203004568 78.769824002072525 80.679104988639764 96.143700526952841 78.119863932454649 78.934029748477911 86.932554651451397 82.131280343324491 83.764396311290014 80.082562643089489 78.810655524814962 79.110475302484275 80.251785617583764 117.04785432670039 82.474824452279549 82.357162002472336 85.084388053466469 80.850386112778367 79.343792602002367 81.692176983649247 46.245877217333408 79.749297840714775 78.735628720463694 85.650249174779375 98.504026590927424 87.81364730689981 82.363113995072553 80.038142321756553 42.370709209322541 126.54166249166614 119.94943049829574 48.968997563515956 84.893168127713125 83.730941245260823 86.726701607940939 81.466984985455042 47.355872538635744 195.53341723019497 128.32650015978891 137.2043179402508 78.777966152833386 83.582619690110562 86.262269439740592 105.82503817299411 45.90587643048076 121.35421684928313 119.77603582483326 112.46429218562983 108.91277683778847 76.49464896914013 81.026499521542021 58.851051217909408 75.352422978689887 117.44502830708043 120.91057107382569 124.91538273529186 77.474312912449648 44.041572208493164 44.594799347162095 93.144802782627522 74.355535349998192 117.28757693024349 105.55617019542068 98.270037606774423 74.050568001315824 97.190727567262414 118.08503934047941 119.78846211802596 92.818724468813301 89.251133766146523 168.73701281410661 139.06659145718345 74.989896637746796 157.5510600833648 59.934925794039522 59.021477350673997 73.374078739810741 139.49691749699284 143.63031662430376 174.16803086757801 161.72674147107148 160.83762574850766 149.49454064324703 119.30913805386913 127.06250172786909 136.63249638642358 135.60905171541521 149.63174936683041 159.56697465262269 156.63138759848042 149.0953041241718 150.87359242774019 152.65909390258869 128.72821254841321 131.37583337693079 152.26879873016236 151.88469730774182 150.65469102922336 123.21264733013906 150.03816796990515 156.18540284273686 152.97584761449983 124.43479644358501 151.37903061951775 127.77378261966604 129.99608779451069 121.79718684262038 154.27355024913439 149.52950162507753 122.05437941005739 129.36829850126463 149.52711116298229 123.30264648153398 194.58428109783421 153.75160761601487 155.13213733830148 152.43108228357292 182.86033528518763 124.11531631533822 150.4520726422918 151.25548527522349 156.24172900129102 167.77943207260338 164.82729042435557 172.88861510743072 145.94565031979869 100.9389311566602 129.02424566360739 168.77187925080588 169.0565347930671 155.95060934269637 170.56879097851075 171.78202079673812 144.97897422530249 129.93323391687042 167.89245651015196 169.79155673102491 170.02333712346419 168.91715603783427 153.20054692138623 108.90091245786138 176.28943416929457 175.31012886269986 112.28164180603477 177.5893754225782 171.80882860723017 169.89853841103627 172.2590075652441 174.75524702814715 165.25012303729824 161.23635148882801 161.48433010112095 171.37081163334844 172.52104851122519 168.96756271298835 169.84447123801789 172.64897322506795 170.65845241655657 176.3079042601714 172.85927705593411 170.9575605607946 172.05290224529361 172.08207189050688 173.25674934827234 168.43622584583565 170.95808598594732 179.39993032840775 176.96130524564396 175.72103207451801 174.61861696452965 175.06999889148503 173.60254670649763 173.4577864248829 178.08342165585205 176.27710764930347 175.47567931869256 174.45097026569138 174.73309649738277 174.07462095592965 175.82643042948706 180.43928832371651 177.43205299604614 176.59258635312983 176.3422730480512 175.18398562844027 175.30537633723472 174.04766988934938 178.47407468206828 174.25470471351383 180.18912977745191 177.73344325644533 177.52934058492667 176.88697909682395 180.75831794331373 177.14332124225336 176.4760670906912 167.84726184353718 179.27820547709689 178.58662944868342 178.08752101640366 175.80768743490606 178.58025878839854 178.66995127046911 177.56294135896843 180.86943024763571
