# Created by Octave 5.2.0, Fri Apr 02 16:06:37 2021 CEST <br1@br1>
# name: ptcls
# type: scalar struct
# ndims: 2
 1 1
# length: 2
# name: x
# type: matrix
# rows: 2
# columns: 320
 157.82409413016717 88.774327746819608 88.126636960842362 70.815585715277635 91.819588199482084 107.6396304758549 58.969217549757168 76.927831438862199 81.567832307808715 108.25629453028078 94.082147774339518 89.181117551743668 105.49174449043045 106.81251710071918 107.75728020458253 109.37834862409274 73.320744055818068 95.75207783529379 91.383526083897436 92.115340509110723 92.98791609731731 149.09413036484477 106.73862823206366 150.66761001756373 144.69001971336399 126.77781344952689 146.77981219899138 145.52203648529672 153.25728071385743 152.64715434672371 141.32559629626778 152.17210737531624 145.10794136125398 121.97676009172315 150.93874597857047 147.57615776310064 148.7095022114774 151.82283290053886 152.00959350582494 150.37117313213196 150.40109711527262 151.56982359829888 144.16887006314587 151.4618917131192 146.15252441693315 155.22592776581396 164.70055889463711 163.91096675311181 148.49655481851113 145.9685577664126 140.74151685402268 149.87594425457581 151.73757618271313 147.83618120727516 164.78245105811502 165.38606207044035 149.75239185905662 160.58885025442291 166.53168894463974 165.39844778145095 163.24400713050775 164.28283634464236 166.6300947825242 163.63502162966122 77.868995306154787 78.929024282033737 77.710570682995154 59.300600695677502 79.418318950297717 78.327990857115964 76.616086300976733 12.314545539555123 80.748308038519141 79.594057547633668 80.362615148904226 78.848400386602407 81.370366638745892 79.848696039962178 80.332980606631651 77.172062003891327 87.902051873074697 85.717893949504216 83.996681150958551 81.119219086232746 81.504658389135543 81.366282990728067 82.578071486841168 81.725878376931732 87.831243384925202 86.823467033685205 84.834228122064857 82.623018331977747 82.635523502800268 82.399694515963262 82.386987687150935 82.960233835968964 108.75199522488272 90.264443844478663 86.685830480492143 83.742691536334419 83.508050618720674 83.768070604128525 84.101349442835257 85.508181653492542 89.210128032468148 91.015746220532165 89.787866366873359 83.845942204179067 84.580335805628494 84.601042976880848 83.474750189523164 85.808944229456884 88.684119589380344 90.37922631254078 92.787551110601527 87.613573576636952 84.92528962702832 86.950789858357766 100.51519989896056 84.229247813673467 89.490007009758912 90.825204387074507 91.322785552354915 88.971387071121228 86.102648319629822 85.120411826326588 86.634161234044612 88.208382345554085 114.20240889883675 91.043187717053314 88.170058620700132 90.741433092238438 87.006081907661112 85.897327666308612 88.877417065978733 59.98679048972042 85.037408477847151 85.958859787213811 91.0098892347158 99.679530723034503 92.573499638338248 88.657256084723642 86.541602791856292 56.352743753618029 133.81636415642814 111.73992697955678 63.677301784093117 90.421462991200784 89.987146393504972 93.279740240290792 87.649554405206757 59.809210399331242 149.47243700904363 120.12363114193001 123.94581082426144 86.197782762316052 91.7137913577657 89.562492102858556 104.55632938189173 74.577527529546899 114.15073481022165 118.88181415234899 129.93467447316561 114.20204209992592 92.54357347587829 89.882623125876151 82.724241465876347 90.071282141647629 113.76053818369286 114.98380515016999 115.16160203500057 91.91733592550338 73.061492320229107 72.520378286036646 98.461159385452987 88.795925631352787 116.88193362328428 109.3788664888101 107.52924073166814 91.066287690734981 99.528284608062322 107.45291420205032 115.06493194989019 103.67616852596082 99.529347924030404 159.84176589544944 134.94204367741358 90.928155363410042 143.71886638215926 81.703216186074854 81.986481178052145 89.983389279992252 137.78548029581228 138.86530325173246 156.11499008759972 142.45225374146554 142.49966783780312 142.62674027595946 129.34203524874943 127.31382545803979 135.13365715477721 136.45739837326065 141.69226205868165 143.78259314394492 141.12846891358018 142.79904990081019 146.26237755265726 145.57596567732537 135.92267070540365 134.39752237908027 137.00768084517972 140.51820815682291 140.01516158497481 132.95184650943324 145.43106975072169 150.58038666585642 138.52405592190937 131.93720590819959 138.03212780522662 133.29832693477934 134.96201714329774 125.87782585782709 149.08179101018607 144.59126844327989 127.65143096567678 136.05722941389087 139.60741993309659 131.62682154697313 149.93322428079395 149.51421890241045 150.40821820037891 147.39310688550432 172.74630108853322 133.1677993642927 139.73202591702537 146.49753260872731 150.79594218249088 160.37771565972619 157.63943645764041 165.99444230728776 142.68993185499934 118.14898969762021 131.05475311959182 161.56799994163498 162.3435510025179 152.41529568171413 163.06757634691601 164.56653103379711 143.62759053206054 134.87833709956433 161.5103153805172 162.60125649500293 162.75949309416097 160.5112523187411 150.70934009867878 113.9721648074746 167.22496622449916 168.04014191434618 121.62702718122409 169.62194244479531 164.86823360576614 161.77724542537993 164.60562129840255 166.86601258614385 161.80524664924016 157.31290257395545 159.19114818672293 164.69050790627659 165.81561928158126 161.25909943352582 163.77553625867728 165.80931811797805 163.71537165761251 167.24546322157099 166.63765205346314 163.89860188722423 165.83370261295494 165.56822488513279 167.04134631059978 162.47233919779936 163.40202331166796 172.13286526010785 168.70329907581316 167.70514283906661 166.84068233060998 168.09678166186819 165.84761415906522 167.05058329022989 169.78055638033311 168.97847945506368 169.04888503884121 168.10017065711611 168.92823778844084 167.95563157714295 167.71718864127797 173.08326019885851 170.8249983943891 170.48747839783096 170.13862922679888 169.00332167696232 168.78178461541569 167.92814535369698 172.47485899174995 166.45598039439037 173.28626362513111 171.62315260300204 171.1991117023893 171.01523345705695 173.47063023622783 169.81852160823291 170.80532690996239 163.04312814982086 173.58048585131826 172.28245827572192 172.1463104592909 169.7963608413682 173.32950479940703 172.91108322765123 171.840339775111 173.64358730747935
