# Created by Octave 5.2.0, Fri Apr 02 16:03:06 2021 CEST <br1@br1>
# name: ptcls
# type: scalar struct
# ndims: 2
 1 1
# length: 2
# name: x
# type: matrix
# rows: 2
# columns: 320
 120.81554269876466 113.81129758372192 111.9754045326265 111.20083701098066 116.6063301036467 119.01062240385723 109.52583680902755 114.28886948326254 121.29199181901608 118.37176063593847 118.08076517544261 114.35704410528339 118.04849939127635 119.07300309104222 119.30250873394365 119.99785645971808 123.44031941872456 121.96106162707881 116.9860924103001 116.00602760357116 117.69640627250239 128.82913037497832 120.29816663352048 129.91682303044752 126.640338885902 123.53500467971611 127.98181740708397 126.55703405637223 127.77500309944131 130.43994929293584 129.20214145430299 131.09720640244109 126.46526500709093 124.5634473852673 128.17426224412432 127.16378991364346 128.5823630684022 132.09521752896967 130.6895027571818 129.64079425200339 128.32764692508943 128.65846421601213 129.27352225723425 129.44671826222444 129.66370995932272 131.73547677746004 136.17163599595548 133.43764163127054 130.36027771222854 129.39537705593548 129.79807429828284 130.65024673459689 132.12388137896079 131.17229637364849 134.747890481231 138.48742237201634 133.10569412099727 132.5307699966215 139.06747652431247 135.09477033170495 136.6238610701385 136.84308607211037 137.23889891157916 138.00882679006739 107.05107461315737 106.68769124614096 105.06871050838946 103.34748777665682 103.27373779178733 102.02054619995955 102.47607506985281 94.537299288930939 107.57152218989272 106.27935043078989 105.38856718638201 104.31770135792947 104.38635387964449 103.34811872219829 103.39949153419596 102.38313372738855 108.60289525489873 107.37686949455845 106.51069682367201 105.40542665499657 105.42177525332445 104.3711741152312 104.53251528369584 103.67949751686557 108.66939395142339 108.38771561854784 107.42169601531722 106.42567922561025 106.55760941466318 105.46907463315884 105.7154171898846 104.59958594277086 109.70782348538097 111.70035790031481 109.59028492954374 107.37544642232105 107.66861108269781 106.94647579538561 108.0377475547521 105.45280846768195 111.95057946547088 112.28291119457688 110.6627606662986 108.53199196577938 109.77794944849661 108.7202234283064 109.08893050137112 108.13108467451949 113.14728807670859 112.7138923166781 112.89786983815475 110.58044628256836 109.35949275942454 109.98232896674777 110.04304577712585 109.10708939974782 113.64954446567656 114.08486051413554 113.85170258340467 112.25424048810903 110.08792977537898 110.85685024012322 110.95428780786141 111.15007880586563 111.81769552910299 113.07197315183116 113.35248535357005 114.14202416445232 111.44190184673226 110.51879468094901 111.49682860711572 108.85735693414902 111.07050177427381 112.85167378883335 114.51268244174128 114.60256351588338 116.82222893285524 112.68632615800377 111.79725667037182 110.90028263138623 115.23996825059382 114.36699362708551 111.82724116464985 114.71540245747563 115.15629892224374 113.5545868578935 112.41277495257779 108.4002501238059 115.40106429536866 114.215969723331 116.52910595947456 113.64297594546505 115.91894749275569 115.76518571249225 117.90197218664906 121.18295692134558 115.18212975183953 115.98166383138883 117.04773121876111 117.42106759983302 118.76522948313556 114.90141685490333 122.47757741238723 121.75780943597947 115.92915508324465 116.53268271743188 117.59136851027148 118.06434268250663 119.12471524514579 120.28967794046858 121.39484360061222 120.70437238409949 122.81595420363621 117.06600665036862 118.32177232420507 118.68992222420853 119.44646627950202 121.19886898564552 121.69120429672459 120.96729047852415 121.52976800850834 127.24358810724944 128.30585258059145 120.02548115605443 125.75434514626812 122.23812035446248 123.06766101303161 122.28029301826105 129.55467749626769 128.03467839599205 128.85958135081228 127.3888546254144 128.47398436329459 125.99551141845103 126.61814789538086 125.69121445143044 128.37186201496553 129.21198136808871 128.84151645481253 127.44973450050935 129.45396920358749 128.32934128421653 127.73082715256854 127.52037112788075 130.48265130053431 129.38410018285543 129.56362673665714 130.48787506286254 129.35746273639205 128.97773075071021 128.5012060622106 131.29930147046252 131.13516614928739 130.54043173499696 131.51569990993573 130.83302816077114 130.21690486667572 131.70947223880941 130.37518446541614 130.38386740344228 130.05263175310907 133.90946474006265 131.67922885282459 131.3157152580973 132.79054185410914 131.63671749694683 134.13251089033605 132.56189865709726 133.8261406449069 132.83968252449444 132.00138505050487 132.70870495944015 133.625962915825 136.7750231339661 133.61579410872412 140.16537052039175 134.25509204055101 134.04214349746047 132.53545311200045 135.87060066591809 137.79965767669052 135.68316274006079 137.28913288225141 139.4175985669097 134.64977246339393 133.58155228492677 136.77276450631024 137.7836627295269 138.76749960410021 137.80675331183892 136.88936360445521 133.45944911721065 138.13879744113146 139.02006935515945 137.33555853652405 138.15964181213457 139.75272448766941 137.93354582409148 140.09174616915496 141.22396771808846 139.47051171756547 140.87417434874925 138.65680919423772 138.85217950976593 139.99962999482824 138.84491661737022 139.17559570878987 141.72848630328696 139.28259124147198 140.00533789132146 140.16941925684819 141.07818296077465 141.08263271862921 140.18360364234249 141.38504253551042 139.34503600099464 139.62955595293872 140.95713411087922 141.00757736921622 142.17237024564014 142.14690602496273 141.30755525531154 142.12708687576969 141.03489195026512 142.06028756805756 141.95888390304296 143.15268463396762 143.10645836743996 143.14831290706474 142.38651571340665 143.27336355764362 142.42450923988716 143.84955082823416 142.85138630342533 144.07720417175247 144.08266935182561 144.18690349591762 143.38362752945821 144.34088199333598 143.50008538870088 145.19222413279547 144.23954546960121 145.19670416502146 145.06020272930189 145.85419565037293 145.16076154886954 145.61438674561236 144.83810528324886 146.31767266737833 145.32991727870416 146.24318060749789 146.22440773384048 146.9901591716181 146.36534013704278 146.8699970539582 145.94828930485568
