# Created by Octave 5.2.0, Fri Apr 02 16:07:50 2021 CEST <br1@br1>
# name: ptcls
# type: scalar struct
# ndims: 2
 1 1
# length: 2
# name: x
# type: matrix
# rows: 2
# columns: 320
 185.87046909871407 78.395325716441391 79.420103375054111 54.992124681288729 83.761095424745548 107.11698180865724 36.706824991653171 62.289296064741542 47.102984956288616 116.09129132087794 84.867865248540326 80.039489294769353 100.5257905302758 106.4779404671672 105.2148692956078 109.41489979114506 28.9330364717487 65.72330177814365 80.433789471844847 81.101028074504256 83.803798053567377 154.37231559074252 105.67920025255796 156.26754940297917 152.51364874291488 141.27977642535734 153.17062420051747 153.10177077069358 160.8397198645836 156.49712592277464 148.24253619120333 155.72087537031399 153.64385703785078 138.64750692501849 159.47140574955344 153.54297150172715 155.15219718321165 157.30155796568727 158.70990344074431 155.50033637457443 158.19065289393814 159.57188476360989 152.83083922565089 160.7278372004823 154.24967453500818 166.58992665104157 173.65087328051226 172.5011168834792 156.01996057230571 152.09758330177368 144.50891533055011 157.17843297084426 159.62711298934596 155.97581121424892 174.94108146178931 178.19323088835856 157.56485777839319 165.8876967711405 177.61714995832639 179.19817263584815 174.47590125052713 176.11278157337983 175.52967317486747 174.35909220464382 67.998767362330952 68.898705355596945 68.885451990075964 42.178476570470224 70.164903110590444 69.078978078924862 69.579501688571781 19.901387216048221 70.482884816397572 70.083853668562782 70.591014162642665 69.358368613165311 72.49594563662221 69.574383073709328 70.263804992926737 69.620164127321758 78.655342394682449 77.032946384290511 71.80941578864126 71.451755974267854 71.714526491483667 71.236634959985622 73.680819890010611 72.346920545566192 80.453656206424824 77.615457282371153 76.548592002166799 71.514869089372723 72.851594790308368 72.493677958071359 73.498722593463881 73.112425357733883 105.56119341737714 58.363203612806359 78.076555625859342 72.731132235774581 73.615582791821041 72.122193654227004 74.685692946246419 71.175214505571432 80.714530505083019 82.956321343407637 80.130598222566249 74.090934015316023 74.980820336466678 75.573519594383953 74.538325615233433 76.600327274273909 78.647156994225753 85.344368842511102 81.462762210905439 78.446084805330585 75.394863042907943 77.914204080962961 93.933391855712983 75.425755349426794 68.338993442745448 84.022303699726237 79.316214748685439 79.742670325416483 77.31453238159969 75.834507200861339 76.456302556322768 77.776252448577125 118.5573025128583 79.697424393655965 79.979674716646116 81.759564811919901 78.227135711078247 76.208968043634371 78.997232829124343 41.463596796767412 75.824944605170884 76.287159571552607 83.558172834987332 97.90967056907553 83.231206094428103 79.585721440607429 77.108025105710936 35.301141181307969 123.12666059436296 122.95154836063166 41.532214530639862 82.077576613891807 81.194374233944487 82.584703157399986 79.077757531354322 42.278526658382354 218.82267689257486 128.84721617429304 143.90805749327717 75.073236581092374 79.895452276055579 82.899789653402252 106.47546300510626 30.329437343116169 126.14442151643057 118.02340095829763 103.69392507909996 101.28230033211872 67.546076088037452 80.086261357930397 48.957367306242432 66.900701024944752 119.46701015481061 124.18714011224968 122.52246207417639 68.950591326820643 30.901478019636034 31.735069644179635 90.456757309288804 68.030585289731093 118.20112823418569 103.6129557492667 93.628601078414135 66.082571762313364 95.484861943522148 123.62792846514694 122.02984436423654 87.852960323926581 90.511125510750418 173.34568751686817 142.86205949640234 65.741578261759301 163.85208871438957 47.986401215636356 48.119191440958048 67.618552348222181 143.82445393988206 146.80192943468899 181.54765319814959 171.76111305145895 170.37782512811134 154.10672654978504 122.54849611805007 126.37193314325557 136.82216658334386 137.17467598191044 152.9788450845692 169.3397985993231 163.06834210590628 152.0213899040094 153.92045327268076 154.99621820923531 125.43168445079498 130.95382018481999 156.90740131688378 160.15210316738182 155.3037188347185 119.30044702757191 154.68979306126045 157.5046511201424 160.10627809646294 119.42353622557694 156.569842176234 124.36394532540498 124.01483138102863 124.77834107246827 157.02158128437407 151.9778173853137 117.59403449305324 124.93652601158584 155.76879574533208 119.7295909319616 216.61595532542401 156.70515116354608 160.66914190995544 155.06449593364047 187.97417280034998 118.57533588769708 156.9533881922749 153.93792448103972 158.44440134957304 171.93583253489882 168.46809268786706 176.46811098129331 147.29946085853331 92.228273304957185 128.982872540133 173.07598129041116 173.39336609336922 157.73812748588963 174.33435178791271 175.36825061566657 146.12602678522441 124.56338783897604 172.34974365040239 173.79434450533194 173.07350098678083 172.27527677185194 154.67550044999905 106.33679610131537 189.41672791452842 182.57526407342075 107.55644695341095 180.79721687382155 175.48952547835788 173.11155443053443 175.69812476494491 177.93663493164027 166.34916373115573 163.4543732229335 162.40954867395183 175.65380075260688 176.56013689179716 171.89272396076876 173.64747572887143 175.85123980811045 174.38646658632817 179.9725323320009 177.04798985511181 174.80260620988008 175.93067044272289 176.08117655450812 176.85891696925077 170.3388289275822 174.86509632209282 182.84459915153985 180.66891552940467 179.28252916601116 178.11718899539713 178.81418191021265 176.87801779948353 176.97117986191387 182.05722359970338 180.1235811960855 179.36607711273749 178.04562926943976 177.70826498961029 177.19297171294781 178.86428822592177 183.29705197133256 181.5654284655588 180.60996457654775 179.46239372389851 178.37306596289579 178.30156551728984 177.15478825423565 181.4523745909294 179.06669668712297 183.69924649064626 182.23571961802116 180.63762364928331 180.02522416330052 183.51510984794206 180.10741596025687 179.57280347886373 170.27631820552858 182.29624412758608 181.80546761432512 181.20290508173474 178.88588936638331 182.79659802730583 182.05025042278788 180.69303178755231 184.77447960831711
