# Created by Octave 5.2.0, Fri Apr 02 16:04:04 2021 CEST <br1@br1>
# name: ptcls
# type: scalar struct
# ndims: 2
 1 1
# length: 2
# name: x
# type: matrix
# rows: 2
# columns: 320
 125.41378839355087 107.88135053570609 105.20549722781514 99.982711651063156 110.18909721841493 115.78082403821925 95.147626801390444 103.910803359818 116.71181862317796 115.79067250731386 110.29974453846695 105.67416301795257 114.36638885291734 114.30255910341289 115.92544706332491 114.77514796964309 118.37552259989243 117.65353637684571 108.97344571407265 107.92196960831737 111.64438295893284 135.75804967134792 114.15024553387944 134.89893195177993 131.21494422946216 124.43578489355244 134.57452715737807 131.55043672042342 137.92670101488477 139.0864031791109 134.64829466189846 136.93232646199158 131.8020219077581 122.64778259819961 132.26746770288128 133.05074140920533 133.84606710168416 135.96068649134597 139.92627101917938 139.65252474198661 133.69369345717257 135.43643517917772 133.79771007931041 134.85828124577108 134.0534415557934 138.40071430078788 147.90958830688604 146.53230949775968 136.14750827695644 133.89428012068063 134.99303158081293 135.01552976942799 136.231965529729 136.5839798639575 148.00708413811179 147.58607366209614 138.19206590274706 136.25554392829312 146.01541158522571 147.00990873098536 145.36223307790249 145.74016601078989 146.89739750765193 146.64029593689847 98.820351710008197 99.600217405927353 97.914693498997309 90.861530986171516 96.111788474587371 95.106539631292918 95.867902900424042 71.697645469663314 100.66530651615011 99.962201864357681 99.007289110351024 97.748148899378677 97.942810247539114 96.904383039071433 96.715088498174936 95.20064420263364 103.72969329156851 100.88375943717405 99.84248445355918 98.830331794813389 98.797247384100473 97.681729089570752 97.654207846914233 96.645550861668482 102.62659294853684 102.03596203012968 101.00772229918188 99.54679904636933 99.851770985687196 98.667041414644231 98.734330599186933 97.666636037490321 106.70111558433065 105.64955013804325 103.29781680877436 100.62077650278944 99.850789685857123 100.10854911288395 101.01665377735507 98.677863277822198 107.36958987802063 108.87950301895702 105.55551600637197 101.00484558563902 102.14734874036292 102.11289566836561 101.15875011963065 102.24156306616467 107.62165138807399 106.67925970449272 113.22654244663651 104.56304391644703 101.86540114687661 103.20049336997101 104.17830510224776 102.07647849625985 107.47711658294988 108.91530439719773 108.06101956955384 104.8573652088246 102.92213237075033 102.96821214717477 103.94632483004607 105.83802514947813 107.78761590441043 108.38510037885284 106.76132304497087 111.47880824736625 103.97060902461573 103.06701480219273 106.67053480357504 94.855624275038764 103.93248109957165 103.56528751304253 106.63835513630912 113.0503363116234 108.62255540322643 105.7962044996988 104.40465162249926 95.156817151831348 112.72317420281141 110.410284563094 105.04001817212064 106.58719153925149 112.67838521679455 109.02755952249984 105.10172698412953 96.255390407345431 111.70350769082269 110.56959194014853 112.72337793839597 104.46780474453092 111.44275013886367 108.83078850894435 113.15594693296553 116.83241327655067 109.22122366181293 111.34791409682614 112.40973047868304 113.46045751540468 114.31470901445635 107.98873517001438 120.59570484355957 119.39920096611391 109.63436917111858 111.46598490638415 112.89366274076477 113.75533781140321 114.77764098847521 115.78146319389458 115.11948744692577 119.32663678244354 120.45951172468025 111.78290340960785 112.74761704529075 113.55267469735681 113.70600936609947 114.82497250944961 115.48897352416414 115.74536751738883 120.41180849053484 136.29839953012151 136.10734430052344 114.73492617119413 129.76576864452178 115.80601760210493 117.55790355626094 116.80526933549305 135.16744821563458 134.13495159712716 132.50493787696766 130.77151314051602 133.04455103729774 129.83341890682058 128.3472815529596 122.95140068564693 132.29551569031636 135.3343545578324 131.7769243332522 130.95601927534196 132.94833762198081 131.88713898526552 132.89371374701707 132.30331559322443 136.63751356175024 135.70226776359021 133.90878291393167 131.78936295496618 130.06393078930628 131.01426011444519 132.81721024823113 136.22152958765682 134.52068889752917 133.99188916908801 133.5050619751035 130.82995802278566 127.45094210345876 128.34429239415093 133.34591075563779 134.7800843859111 135.16789944788587 131.48619335790784 132.67176151383222 128.47509806560399 128.3968254304981 135.67008072948803 138.17190651023023 137.14541734722204 144.67701517197546 132.38442643300269 131.6638307444658 137.49909783538087 137.89009275247614 143.42475338269509 137.03825986186348 146.60678686638855 137.6362745091069 129.46808232090106 130.3132087775526 143.22548695483917 144.34666797139911 143.05653738125136 145.04194630848005 145.18043855817399 136.36300797784554 129.36448242760738 144.74152068951196 145.31623711655945 145.83717881094086 144.4179208128175 139.47853968192564 128.04631458673813 146.81742819779768 146.48206119364718 142.5774107058372 146.41496338304822 146.59654717604718 144.27071195859176 147.15179100384648 148.49156342270709 144.99443066409935 146.42422974279231 144.38098319071585 146.34706835291522 146.37984181274945 145.41095174714061 145.26059186516332 148.64939505418249 145.49214402536876 147.38951339381128 146.93536079036974 147.74443518742731 147.52391437962316 146.15894296997018 147.24980891416604 143.56084972840105 143.76621297428829 148.74623333040083 148.23039603297374 148.7528233031033 148.35778515875589 147.27459878619337 147.6404746600243 148.29487452248895 149.72800080619908 149.07885840801256 149.79881345779017 149.3864719790063 149.34966258407985 148.15359250278155 149.35630075924908 149.31873824825837 151.4875452218694 150.39174004733053 150.47666902210406 150.411672210788 150.1886157619561 148.98447144762741 150.81559384394021 149.59869793510643 152.56907176425099 150.91581559039955 151.35570638654659 151.32067095748991 153.29898555265314 152.02551800107287 151.56769996663957 150.05940368800168 152.57446381633977 151.80657895339169 152.47590995523316 152.54140527186013 153.77612279565491 153.86812417893938 152.59231314221793 150.48829610563348
