# Created by Octave 5.2.0, Fri Apr 02 16:04:55 2021 CEST <br1@br1>
# name: ptcls
# type: scalar struct
# ndims: 2
 1 1
# length: 2
# name: x
# type: matrix
# rows: 2
# columns: 320
 131.25305650575751 101.24462123108 99.042688927770996 89.827356062085201 103.52871682706736 111.16060310910723 82.151842222800298 94.51592244806821 108.91081582594445 113.10757846328615 103.12175958503128 100.0049351124498 111.45934539879397 111.77529623888785 110.36312719653915 109.90089279434456 108.33969119713964 110.1012626916111 103.8023056918031 104.13222336823743 104.61142262186208 139.45889067957583 111.56027528004502 139.75436637980809 140.09751771311102 125.25122803449901 139.92237136000122 136.41504230657364 141.71092983112953 142.77138957940181 138.62281717132538 142.36063475057853 137.16229296256876 120.9626824612039 140.86325984768095 138.46213744445686 139.64542063469619 140.53228104658814 142.23240805259866 143.92251535081488 140.4155188188486 142.90215287101569 135.66964286558479 141.09181701836641 139.22015943268042 143.30847899772434 152.9079741894854 151.70264453479345 140.46671806281253 139.38830819944127 137.54488084605555 140.24387859447447 143.40242617170335 140.90669791045411 152.60368654605529 153.97009241018216 141.88182192133948 141.85958894034405 154.05419716424029 151.47545083226572 151.15453460716202 153.04280123365567 152.20211015356662 152.07533981348317 89.184293346287618 91.656518558293655 90.354926005681364 79.872705055068337 89.925269018987095 89.527495660614576 88.419116864887059 51.02174832800668 94.166127724063116 93.196786785453412 91.745305513897165 90.676452738358478 91.847282568960551 91.03289263460546 91.243714574475973 88.798232199603277 97.954135396501243 95.925112743077577 94.837428680335179 92.655915729452602 92.918055455436715 92.286123920552015 92.995659680308322 91.614480807135209 96.940904152507784 97.040531762583754 96.095120219313614 93.793857691398216 94.090207731239204 93.443598852604552 93.680658628294879 92.509694996312135 102.1164120045303 101.18909166831031 96.77166763041528 95.040350720552482 94.393931978283746 94.715662114917066 95.74912013057299 94.603059340984117 100.98977152654022 102.64700303778254 100.04078979814409 95.244197113697624 96.324601630302141 95.511633856155768 96.753430557673454 97.543800870132856 100.18841883086209 100.91327292489029 105.55486493420331 98.105925154373168 96.090778876202663 98.378649445906618 108.43925063530514 96.531450138751879 103.07988858076808 103.7294204609762 102.13563280365167 98.911532908862299 97.067851871492721 97.384676138647123 99.592759567690678 100.25457354512824 109.05503009112837 102.10398354647212 101.07447227007886 104.28019965609882 98.166921656973187 97.268443062459127 100.10925260691258 82.721984757390018 97.597798535835366 98.448149950677319 100.51566301255842 106.92871442099364 101.35080631164939 99.008572256262198 98.323437876844196 81.646087142736832 119.34937616521495 108.9974297212998 90.284458857272028 101.69478414030706 106.16512189273216 102.25675562375679 99.172897493512835 83.957954657968912 110.57477290895726 109.91873038554291 112.07440841400458 97.203343984142734 104.72693554084124 103.63315965500099 109.2191294556428 107.07889092444053 108.85450658395746 111.06443597519464 111.48381518574706 111.66659318001575 111.67816851853028 102.53197218652583 108.58593149010511 110.57768505943827 109.60036961875456 110.40056808089302 110.68741545239139 109.91469493357621 111.99120101079254 111.11255746321292 106.9372034908438 109.79355728439232 118.22514756802508 109.41344696197721 107.915569211947 110.54294541127372 108.76169620789797 109.24147428600955 112.49934583818833 109.81540328811525 119.50092452365377 144.49568498525593 137.95795835798037 108.56677406141655 134.41620027809623 108.03712261889039 109.33300797603988 110.96960951016408 138.5288884998325 136.553603301941 136.3667454903983 135.37185664774427 135.47860656234005 134.49155478827399 132.32903074607617 120.62030163717078 136.15336006963668 137.72878675898355 135.79728149389274 135.5147531535178 134.42042915999318 134.6335108808461 136.53903200108118 139.75531445556425 134.83243832228706 137.42606704372665 136.52397539339182 135.12123840517589 130.14366324249343 131.26065798701714 138.20334581167833 141.09611586283455 135.49128142613912 136.30593601872258 133.47718106911171 130.75624194224224 128.42014397146582 127.33815237777243 138.82503924449844 136.59161602383054 135.07892096854826 132.45674897553226 134.58263406726743 129.20092322470637 129.09760076662104 138.82176657905205 140.48230383775578 140.17922849004256 154.45012686761905 132.40751401059885 133.44826572561669 139.36916425939074 141.14632237149678 149.596186357405 143.36735629606588 153.8581993589076 139.36389934036498 128.06768351810135 131.0344929191877 149.19077656453868 150.83987303541787 146.01995299162266 152.32330243537152 152.93851127974148 138.9243249741555 129.75273364900551 150.48416020068461 148.96276100149467 151.99582572076667 150.35685846494198 143.06204215794776 123.14600332756143 154.55698629672941 153.35401407559164 138.53272432061152 156.45745883728182 152.43275429778964 151.33577224634516 153.43934704519557 154.76171708878081 154.08328678868071 150.21542757064668 151.10762104388002 151.85801900119191 153.54680139599625 151.61094261148369 151.33449081291892 153.72100072641004 152.99106689550231 154.53658312253322 152.77761868517501 153.02523001507873 153.79739758963555 153.28223575059155 154.9470235890262 151.97226690846145 150.02110434356939 157.53840407271954 155.25360735672436 154.65932377773916 154.91394124778412 154.28075128985927 154.14941032315502 155.26009897746891 156.81510355408938 155.56048358499262 156.11339296206859 155.40986262075734 156.1327582608817 155.03082617568586 156.47988087298526 155.85232691802025 157.8729026906604 155.99434988255317 157.25203110424661 156.53239761143405 157.26464095453196 156.22028310460351 157.72001172138587 155.3475112690497 159.11539797715162 157.08685724504028 158.0957388587592 157.33083238987146 161.0137601758847 158.26621742629266 159.15681020902235 154.3525042769183 158.69338394236635 158.26516485823316 159.23593135648755 158.13833961409995 160.40262326537754 160.12806049364784 159.24850839705078 159.68105002196012
