# Created by Octave 5.2.0, Fri Apr 02 16:03:37 2021 CEST <br1@br1>
# name: ptcls
# type: scalar struct
# ndims: 2
 1 1
# length: 2
# name: x
# type: matrix
# rows: 2
# columns: 320
 122.42625587103004 110.75796149098829 108.43697572410224 105.17847497565653 114.0073270944809 116.50544518679391 102.00266587409058 108.71748661699232 120.79896497864486 117.16341829728152 114.85981314926718 109.46232748803345 115.45768671638207 117.26355988922973 118.51568129870779 117.5552080624546 121.8347332277224 120.39935454552229 111.8371335235671 111.85916714024128 112.9891261397272 134.05601042415574 116.244315015053 132.96098761698224 128.77304171157979 124.0185814260914 131.32347507794734 129.06156874611401 134.00000198078737 134.71382990887224 132.65922853573272 133.73261314154522 128.71856268188711 124.16168059561862 129.91370618435653 131.07420462142559 130.39705446675649 135.17384728668787 136.08388567529309 134.89594852919146 130.21637365505606 132.37784809530311 132.31154736872992 131.33680192841555 131.84147859899466 135.17993417141872 143.37165552819829 141.88332531566212 133.56510571753128 130.93390750310041 132.84853160274318 132.963060181157 133.97571028320579 133.35624264382258 142.76017492881741 143.90850992617032 134.84449131396053 134.21419018143487 142.76819163452652 142.14827722759659 142.86184267888476 142.08159032598022 143.17334875927784 143.25281415673342 101.45277516790603 102.95545456311663 100.44773011990213 96.483720997433608 99.830505134869242 98.985808171764091 98.675239407455734 82.276011449113582 103.3366546724335 102.334564410932 101.27132378055801 100.70139371579364 100.76324009846316 99.930936842255761 99.463163543562644 97.725637895662032 106.42831201814546 104.35287872618804 102.55789471668498 101.64244321902774 101.74499283712166 100.96334722524242 100.66783914267644 99.905122173263408 105.42632737234521 105.16410802038233 104.18855728445544 102.84364078026952 102.77625264708047 101.9048577504328 101.39498823826639 100.74917651864556 108.39945359819819 109.94653070855333 106.34542237457639 103.84165396718497 102.98195442383906 102.75132818262746 103.79358297544351 102.23151874854061 109.316507918958 109.70548576182821 109.73764127604127 104.39131476326762 105.92779991324539 104.9450041981391 104.26404707484429 104.97232483681093 110.54598913448515 109.44052796515155 112.6623844711346 107.45983235403465 104.92849766556108 106.21052354702779 107.2128524763306 105.46651557078869 109.14776778182586 111.23735541022772 110.59279748287543 108.62673934107121 105.99877159595671 106.72869857365133 107.30915334453721 108.31635279404483 110.29450302105759 110.68592299935277 109.82746171678535 112.79756140631108 107.34021409414618 106.95034655228298 109.26350523063833 100.92525656492862 108.93447084488589 108.14134075980185 110.2076905394978 114.63608732204727 113.67473516317746 109.51474110991798 107.8694976342607 102.06928366811226 113.94545560113173 111.55609491831071 108.80708835607194 110.51359033595791 113.54394462123018 111.14270157400541 108.39337055543582 102.47934501227974 113.23279756869061 112.12061259564611 114.32440494752102 108.25921984686292 111.747525903122 112.51867698830983 115.17013261903763 121.11859206463269 112.11870030256169 112.59154054514306 113.74841617133771 115.01230815695079 116.03408609295602 111.06833044805191 122.59180236392557 122.10761733147059 111.20590876802932 113.15379144034344 114.23363244464271 115.49489063639508 116.46211528939988 117.74233928780389 119.66858793000722 119.53574117903892 120.85425960343898 113.61617574106478 114.6862787251554 115.64400868617963 114.89455043984843 118.01091062083881 117.15938608123811 118.80663272335458 121.62625732614325 132.10443952982018 132.91620039013435 116.87415325111816 128.8812341759045 119.97185877178343 121.20664515234651 118.37527349228638 132.60426089238098 132.26305617409335 130.68170457479272 129.3100143672583 130.59955362440911 128.21216920144289 126.31662081378536 123.49230227149268 130.14737349817096 133.77763807326068 130.35667719013077 129.03934568298692 131.12975093691153 130.05609216563747 129.5914178831909 129.80961697726656 132.49504474711216 131.4005720764444 131.79460503051965 131.22619313515102 130.15662846848534 130.42953571036557 130.54603500639735 134.48844258218662 133.33763929239211 132.43786294940961 133.29490398633911 129.62554854561293 129.07490300271382 130.31223258525534 131.86387749287692 133.29098988136184 131.51676986113142 132.31662566453244 132.25849696284297 130.20978677471672 131.03185958018756 135.31273291019158 135.87671424556677 135.00350757907927 139.67681849048338 133.39713175916745 131.68323164812588 135.85905860245086 136.64634642180545 139.69163125558808 136.2645672225029 143.85351054039401 136.25910530625174 131.59464069755651 131.10296097001776 140.80677488820373 141.13006004962583 140.16173623315811 142.03177304161974 142.57086470740711 135.54583485031765 131.30024811172567 141.02552385505516 141.40068758688645 142.73915772633785 140.94254004307339 139.09399307168275 130.55345057979909 143.16900685447621 142.65482575605532 139.95040478070484 141.87466778324571 143.57943409016727 141.14776975415401 143.71254236973309 144.37125651448352 143.139445706609 143.95847132945261 142.61340432072703 142.6531782776554 143.34595786319127 142.36296059018292 142.27152297052046 145.32622408210725 143.63132402429724 144.3205249496304 144.02590333087562 144.7145022776588 144.35956135737283 143.08502336215727 143.79227775193766 141.65533974120459 141.69964317345045 144.43741365420624 145.278501598726 145.5164452229838 145.15159285650614 144.14262407071078 144.96021657727064 144.74399037166134 146.45639883716535 146.03763109852258 146.83860362631503 146.29376266513168 145.92269141555218 144.80723603606512 146.38069111648392 145.57490300306642 148.64964499864016 147.49025191063515 147.53358400781858 147.23316584854601 146.81628810800663 145.97628903241127 147.0983448494184 146.75123970080907 148.97436269270241 147.96062673114764 148.25628968805543 147.96151950136698 149.4594690876867 148.21373379986863 148.36085847145287 146.70694060558469 149.66915501216286 148.93378727916905 149.67145636296988 148.99245997862451 150.15812356938144 150.42521542844165 149.46754936108428 147.93167935929432
