# Created by Octave 5.2.0, Fri Apr 02 16:03:39 2021 CEST <br1@br1>
# name: ptcls
# type: scalar struct
# ndims: 2
 1 1
# length: 2
# name: x
# type: matrix
# rows: 2
# columns: 320
 122.56205280387189 110.68939029192435 108.29437798536514 104.94230391544774 113.89297464630833 116.45994656405438 101.74380948587833 108.49900101439349 120.51686210622657 117.1010207613739 114.58043148668844 109.25807473056577 115.32307014927987 117.11782184123642 118.40316045724074 117.46218380566819 121.94095005135279 120.2401946265131 111.77437171408882 111.7303234487937 112.73929114532572 134.1412827849943 116.21929136899494 133.06175749288317 128.92243760504061 124.0375452200669 131.50966325522057 129.17469910858262 134.20464875997277 134.8675637521084 132.72927308599574 134.02055831906659 129.0568901921508 124.09156269971891 129.95180818035783 131.0670123449303 130.63471707095678 135.3768890703729 136.27672197493345 135.3012447741429 130.31471575734756 132.62675255589292 132.2886818377782 131.45584762347778 131.95812510377857 135.03543844272394 143.51755840925483 141.71881916723916 133.64556402577838 131.056583867809 132.84573546703015 133.01442483335023 134.03016806620116 133.8431421101152 143.23192273314422 144.13722834749311 135.08766752551927 134.06292218931105 142.86845460372888 142.5352317032401 142.90666999538388 142.16254110190428 143.30441887813694 143.33338745335192 101.37226184232321 102.7928058251302 100.25973067283606 96.228166906012603 99.695469454256326 98.764064649679128 98.341678743017297 81.795176631865843 103.32384507473446 102.08999717084451 101.07573487319959 100.51719026314099 100.68410542232711 99.700267637908013 99.427116042915316 97.675274484995882 106.34222396564294 104.12184622065843 102.40329238225797 101.55731104968451 101.72614703017186 100.77887542424389 100.45697734047535 99.726913444664888 105.25150286194355 105.06658033373051 103.90651260056346 102.65523406789819 102.72779821019456 101.67798080540685 101.44150186933895 100.63786152170091 108.17574340717151 109.92373742165947 106.14169874846672 103.76172011472953 102.89848458011171 102.45189022959519 103.71045826645459 102.16782848257066 109.42461921821229 109.4651057452274 109.40603865881624 103.91956901452966 105.70942808624807 104.82889009672836 104.04391522627036 104.74736468634526 110.39314253005178 109.3863537064307 112.65682620243558 107.43005524538022 104.8122835252517 106.16578849943819 107.08769256549937 105.30837278752328 109.12133524194347 111.1484973171419 110.40055804979266 108.34117290799223 105.90521201337059 106.62751036612677 107.34021951197806 108.17259427146358 110.40885102130811 110.79932946518562 109.52913347057326 112.83349842448891 107.2296163547409 106.73333549818969 109.17886234735107 100.5710719357008 108.85240621265051 107.78270435303813 109.94369005070308 114.56838545797243 113.47286400728261 109.40212842372246 107.86490681934839 101.75508064464495 113.86891127826021 111.31400761729317 108.66855220318614 110.27185479474473 113.5592615929714 111.23980381370978 108.31082053894175 102.22199394028688 113.12521560389079 111.97153241958874 114.26412277650225 108.05257024888337 111.66247411662867 112.35795929090317 115.07857872421617 121.05748156161043 111.76834993336226 112.55008976968614 113.85548622113035 114.85083375845187 116.05161257168209 110.83125149322909 122.6742386359839 122.0470615683039 111.03176660523449 113.10982447379318 114.19964593362577 115.18963891800996 116.5338121295146 117.60903295273832 119.42289114281002 119.55384118515121 120.68265386722051 113.35249468789715 114.5020385175339 115.74481979624356 114.65239179140811 117.92833365010695 117.08684661671535 118.77473214641246 121.72471775716323 132.29507407528843 133.14809448661688 116.75352007472793 129.01286176175728 119.82053061073795 121.12793362181712 118.31827233197019 132.73048666403778 132.36359253615845 130.79726769565841 129.48164742453778 130.52754895400358 128.37651080109777 126.40383819883075 123.46902018633486 130.28096854010187 133.78873028406201 130.44108853598709 129.20115212799146 131.30897495639323 130.16217277223259 129.81503500641884 129.90972135486635 132.66931169454256 131.35079631124296 131.81716430633068 131.20052796619626 130.02220822658296 130.45666227634325 130.42615644662638 134.60335485682248 133.41265170169223 132.47367921386885 133.43181019847106 129.53856321936874 129.09910541040139 130.38169433034003 131.9403515047087 133.46721534687885 131.47942896195497 132.40321678726747 132.37195707549029 129.89061695027445 130.97665212026561 135.31624291939843 135.89249381748814 134.83126706098466 139.90410015782393 133.57681655098472 131.70721568141448 135.89638828937277 136.75721584016432 139.95088069109676 136.3716286480319 143.90095877641585 136.32679690823144 131.39840417737818 131.00447329169583 140.94296729828784 141.50834282329257 140.37675012636282 142.06156537545894 142.81794569902573 135.57788608153723 131.13472802019592 141.14236860951593 141.63663170800544 142.95571916784527 141.31533076354191 139.24439217561101 130.43948985284177 143.41505949213251 142.74857569934966 140.0655618471076 142.07636578421219 143.58838485297039 141.16688050067523 143.94072560086602 144.52071607594792 143.47611626926331 144.08858430253412 142.80863708352342 142.81296619098237 143.29516178242099 142.48385787525496 142.2190432161286 145.62317328527502 143.39141236272269 144.38942798060165 144.08135955147736 144.99492158958117 144.59912713984002 143.1844441099 143.8358297116547 141.70006454710793 141.86657047561579 144.48693013225298 145.28804975189445 145.76377887891638 145.3418571377936 144.22374705074083 145.01339718300449 144.92332365406773 146.62154697762077 146.06200076030282 146.93032223692381 146.34291362857257 146.04147648138891 144.94554574741775 146.56982162348766 145.67591504720241 148.79222920644082 147.81831280939443 147.56341129415134 147.21121548782946 146.9171409493953 146.18382902855328 147.37442141559495 146.7878489463333 149.16548155398536 148.25929566162296 148.51574680667662 148.01853702723764 149.53446574322484 148.55418560672447 148.6241553893251 146.68673515369079 149.90536501443466 149.09930719882163 149.69628398242148 149.20193310156165 150.31299125159507 150.74488149578175 149.63727679191476 148.06688661345711
