# Created by Octave 5.2.0, Fri Apr 02 16:03:43 2021 CEST <br1@br1>
# name: ptcls
# type: scalar struct
# ndims: 2
 1 1
# length: 2
# name: x
# type: matrix
# rows: 2
# columns: 320
 123.03734206881839 110.06624885932065 108.09510565408921 104.11570520471697 113.42577982829411 116.34119688386762 100.63109042426819 107.73430140529757 119.67893032027557 116.88262938569723 113.46188358766649 108.55843334283067 115.2769191965906 116.51294153623313 117.98582366182379 117.14491217935868 121.62783423355934 119.94784287148197 111.17581091814932 110.86683571247185 112.37677927637804 134.40224869223513 115.77620379108789 133.2854257788585 129.28978246332215 124.10391849898116 132.06767012984034 129.57065537722275 135.12761390324357 135.6154899828083 133.53937387235021 134.47744301819031 129.85601682103356 123.5827344470181 130.19871795859376 131.24589866962179 131.08756044866539 135.6067353675266 136.56817960116879 136.09500054580269 130.71619135360615 133.33941542546091 132.80894979614035 132.28568985229555 132.20486935624896 135.90953976328916 144.16597416387535 142.06711025206823 133.86813254709099 131.71316352549613 133.19466672888808 133.23903353068502 134.21989431014589 134.28992064622366 144.57764237275975 144.67882962532883 135.28792809377447 134.20509081855403 143.21361072376129 143.45300240820129 143.04279528511114 142.63226221750784 143.76600599250403 143.65451086484475 100.88239899827536 102.37194320418975 99.819119106994222 95.333727586039089 99.098243138413594 98.0781164925761 98.07222885807883 80.112254771498755 102.70982107186788 101.56910853336527 100.43793428638125 100.18994646588061 100.10621911734501 99.095436912899814 99.120340886740479 97.224565473004915 105.6361581306933 103.58616129511169 102.53098752072863 101.34384250140562 100.97068131834406 100.0314247734357 100.08073654069082 99.025594267271103 104.66759007821122 104.52083210100074 103.41958705675658 102.14705140942418 102.14426014341491 101.07164023965595 101.12597808248736 100.1705426892879 107.51065177084172 109.53849704665448 105.63047074604717 103.09073370868052 102.27662326619594 102.68497041427204 103.33700951104861 100.90253865715697 109.39891325226655 108.92739200012352 108.56821798806433 103.61265460209684 105.12212902330513 104.58735962458501 103.72603430758419 104.17655734516609 110.57676155537513 109.32725087828371 113.17693131323462 106.72667243708776 104.18017634072571 105.52499146669614 105.78255255136423 104.75410195918377 108.81535685498649 110.45374208257446 110.1689976349016 107.93505981111785 105.15629371047018 106.19775127240101 106.87657640288633 108.1787651183899 110.20569510367145 109.99801899969276 109.21082169750494 113.10447212143528 106.46888230562713 106.47728287347744 109.20754815261681 99.484834548401182 108.35138592413995 106.73656792524078 109.2082785732873 114.24119935647407 112.55719971380564 108.83840211636969 107.35363310078752 100.65537006250935 113.47618712454796 110.94437966106413 108.19359372764612 109.68799727357097 113.36363395605073 110.98463539718921 107.75561137433857 101.37457807618142 112.69120519160394 111.57827671956856 113.93346758626802 107.34630449929585 111.78514265405856 112.32745217957132 114.75814009234107 120.64116905948737 111.50488225357951 112.11914730801193 113.22483072743799 114.72399108172903 116.05518893370724 110.16031081806349 122.75152697401494 121.86554035650052 110.41139157712152 112.75740693027167 113.79116998984847 115.21213963711563 116.24165013899281 117.25395430401684 118.17548440275047 119.80467761399463 120.50973616343566 113.105889186298 114.25109513444758 115.19914320690356 113.8924919046503 117.43773467630925 117.16174958090838 118.66347680103867 121.64162689275342 132.96229498442727 133.85168102622282 116.28045218329689 129.34788166311273 119.15474508389312 120.7313643650298 118.37724521291614 132.78841769740748 132.63273300224122 131.1213914660309 130.06674191538903 130.95984428169746 128.91176543421724 126.7268022301796 123.6509485053345 130.68832026126245 133.93987115572054 130.76184641212512 129.40011498281544 131.49345809885423 130.38781970381217 130.06698098974164 130.42635813509639 133.42492428710145 131.91882274318831 132.41946360517829 131.19097993994419 129.70427824055895 130.71070199631373 131.05303600353091 134.80749327587034 133.52086708058582 132.55622821333463 133.31688305086925 129.87053019987422 128.67044718158331 129.92313602532803 132.12241951699997 133.74342679533092 131.79762916097698 132.41506809090623 132.22580609083769 129.56627376917024 130.48818852786883 135.73806829368809 136.04451382070209 134.95012276517639 140.69958599351585 133.33785075198165 131.81030209811831 135.76045316986313 136.56123179045804 140.71350752028036 136.76689604156081 144.10397157158926 136.56552878915542 131.1270463176198 131.22934248516731 141.60594798236792 142.27689549749419 141.06840317362528 142.30921707407052 143.16852965929286 135.68825411681064 130.88643514149931 141.90179782445932 142.33339298747515 143.32232387048057 141.74006870832429 139.77916226521825 130.04062730849117 144.18744489385259 143.16549933095678 140.35740780176434 142.6712276973395 144.29644824264653 141.72070701564061 144.63711147105761 145.41159036436707 143.90425201237196 144.67137128609622 143.14538773225195 143.39482163862766 144.03314501139042 143.10709481890675 142.59496036578889 146.1150656163625 144.08276098672306 144.42096133481422 144.4320683728366 145.39974844397756 145.22834385674184 143.52141017658866 144.22450151653013 141.51717517708292 141.97321430961435 145.25113737822917 145.71219593161609 146.25514789184828 145.96957501358301 144.66849237010643 145.19048486611257 145.76589754927176 146.81207236812486 146.51162149289033 147.39136509319337 146.99545082969345 146.68023130633298 145.51128715806846 147.12936523178684 146.61458660739575 149.50675887816286 147.77037109047234 148.11836046706989 147.86412397852186 147.29540287192771 146.52770166054188 148.03342366675187 147.23782341018341 149.72103470384118 148.51377982985221 148.93365791050761 148.30109150265346 150.36416937254808 149.32028395557452 149.06766027487345 147.40544683569883 150.64852791734549 149.28960007134347 150.04692862937355 149.67851533923212 150.83570301306725 151.54692866878696 150.16624139806672 148.28651825343641
