# Created by Octave 5.2.0, Fri Apr 02 16:03:33 2021 CEST <br1@br1>
# name: ptcls
# type: scalar struct
# ndims: 2
 1 1
# length: 2
# name: x
# type: matrix
# rows: 2
# columns: 320
 121.95096660608354 111.11933698194656 109.01368503387393 106.00507368638729 114.44303652091803 116.76928274030294 103.16404597772868 109.48218622608823 120.95460968504619 117.37362491675967 115.71564931252962 110.37339825515917 115.67756059017262 117.76358509859341 118.72073775248619 117.98555386689401 122.0544207446239 120.90345641194729 112.37488175506655 112.69346412233354 113.73211214777982 133.23931327384435 116.57265305768496 132.44026286955147 128.7282988529841 123.95220814717715 131.19903357500527 128.66561247747387 132.96122284146222 134.2999049219718 132.15854767272569 133.20503634530641 127.96082668040287 124.51295878943546 129.80204946844816 131.19709428358462 129.90698512416174 135.16584727090176 135.43406297846545 134.29242129481759 129.92792564609721 131.72466339512201 132.27065662602396 130.33326202603834 131.18103484323879 134.87688443846812 142.30294400638098 140.21873679526473 133.42139519995601 130.44759353576066 132.71201504277957 132.12424125144929 133.81102700422716 133.15043156508338 141.31418397811086 143.71347533289605 134.61218769319439 134.06913943686408 142.33264601878699 141.36517937253993 142.64491429768907 141.87638593687132 142.67320684786839 142.91249249759801 101.67551420757 103.6402030475051 100.9703486964372 97.378160317407122 100.2508592665698 99.21021258373105 99.198604252552926 83.95893330948067 104.29348527078457 103.16489823751624 102.14732682141013 101.10674462845645 101.2437864071585 100.33630158612235 100.32301158463618 98.145365431301272 107.04787588242431 104.66681012899376 103.34036177477192 102.12325188855 102.17920900121076 101.20207806191154 101.27266026166561 100.38067428007332 105.87827098181236 105.82409140261854 104.3850416481328 103.01792616202476 103.24589717758185 102.31305546210581 102.1649044401353 101.41763708243718 109.0901429569742 110.30804344345835 106.75559142472299 104.4010291135415 103.9123179932263 103.23351419274255 104.45333533246146 102.41043801221946 109.50031821373224 109.99214400505377 109.31762159239446 105.21879060027109 106.35239695276186 105.57735982673682 105.13123276732419 105.66146241718695 110.601282471182 109.7112588308723 112.57281658067251 107.83791365712572 105.4364837066697 106.91513266365206 107.24961202948253 106.16286468674556 109.38404912584149 111.60338161617503 111.46987998738882 108.7093864359255 106.7158797293 107.00302912960736 108.01989422790014 108.34448488465131 110.10053884687733 111.14501441609424 110.47247669620236 112.99107358026708 107.81434585796998 107.52961516509417 109.31798494040164 102.23674815851606 109.10878436178781 109.56218424833239 110.62007099090367 114.63419018936958 114.29852898437076 109.69294791819858 108.24253981890531 103.16899346323397 114.13244487922877 111.74452523904922 109.26107142195849 111.21412799773823 113.79659458143587 111.37187468041307 108.77907753611925 103.05284641508337 113.77169788015061 112.70211226711537 114.73167712397631 109.13774209672766 111.90951473887601 112.81577599205504 115.49875600711187 121.08806463719856 112.35782339490984 113.1259161599814 114.4497973012386 115.4455119661021 116.53417834395331 111.88625083225513 122.32880466082223 122.39699363777348 111.90768482717505 113.56165578399897 114.57934547491878 115.69938998692038 116.74429130913371 117.88317302879554 120.36766786878044 119.79031350706855 121.10507572435698 113.85280380898976 115.11165625369765 116.2532279306013 115.62334864305868 118.63112720503497 117.53682628165043 118.93287623530397 121.63144977342003 131.43721862068134 132.06249810123546 117.35853357193487 128.20169557417162 119.96186900116815 121.27944533715934 118.62274703818008 132.30299492858063 131.9751117384819 130.21158816428243 129.15958199801523 130.54064113368409 128.11122193466855 126.10705466545971 123.46792401137709 129.70703001915618 133.44552433355986 129.84031371557526 128.62781469202619 130.95549436274902 129.81920944719326 128.98366636511858 129.67511955749634 132.33090400830494 130.73542621368634 131.7194858843348 131.09653448703276 129.99425859326209 130.12554923725631 130.69963855996963 134.08262996417824 132.92196881750425 131.95169752683501 133.05441521023027 130.03139754162078 129.68130507541753 130.70987191084473 131.54169807366759 132.61700209208689 131.19813086375461 132.20807497665379 132.36144402553248 130.56032266329029 131.46025935478843 134.69714209309356 135.30290724620258 134.51939569121444 138.88133265479146 133.16318508833405 131.95788019129679 135.31104077048798 136.40204789006032 139.33989296341292 136.33793999326284 143.31763397317701 136.02125279276783 131.78370229629607 131.15121578439684 140.12818360340731 140.63986953962001 139.58121406648013 141.55974091427896 142.15887970322353 135.43458744760414 131.65703464426815 140.95478315611157 141.22878075545901 142.6388732654022 140.59581681373425 138.09088662387384 130.9523131241497 142.35438047552447 142.2801431016797 139.24083742914655 141.5123100742608 143.31427513406129 140.71866100086848 143.35936615195385 144.45616471244156 142.31165686300031 143.48353584143896 142.15317750601139 142.27239455909876 142.82247672139536 141.77493024579761 141.63547703047186 144.83266764591173 142.84106375031251 143.80458159809524 143.57477600190225 144.33510915568567 143.9124761691327 142.51980664175284 143.44893181715182 141.48113004765059 140.99502594387928 144.31650821489339 144.6453974944678 145.03695102366345 144.92542730519892 143.63278514218518 144.37931341647703 144.34054802348271 145.7406424912769 145.38985921407377 146.18335929054032 145.94860429612916 145.7198368505781 144.56077137726149 145.39815221591181 145.53553102866871 147.88591721451456 146.47694545798601 147.04859599577907 146.86694794204445 146.58776420733153 145.46832347994541 146.51665472965411 146.58394404557743 148.55800402983411 147.44274250660669 147.90740531850909 147.86988499100727 148.64478642804744 147.60758751682653 147.53233365146136 146.29927155150051 148.96275040367919 148.12209470658408 148.92566361405125 148.93124113683319 149.92974577927541 149.65902178854719 148.51974339214621 147.30073112839435
