# Created by Octave 5.2.0, Fri Apr 02 16:06:30 2021 CEST <br1@br1>
# name: ptcls
# type: scalar struct
# ndims: 2
 1 1
# length: 2
# name: x
# type: matrix
# rows: 2
# columns: 320
 155.3827522952198 89.626335376179014 88.921897813692667 72.114526546425978 92.205130840828772 107.70928864902776 60.311274913739226 78.129502253155778 84.463768124700394 106.51917535474124 95.001484512361245 90.141715806147303 105.89939742745807 107.48942805334626 107.6870567422056 109.36412298299987 77.074311718321866 98.247301908747673 92.203093057898897 92.833560759642708 93.533260007211027 148.26138055949679 106.68673183441722 150.33900048006072 144.10891392762881 126.67351258266163 146.50646904908564 144.89981949171937 152.51316975108978 151.80357981677645 141.28346785522874 151.22200613353641 144.2241909999737 121.45155251039245 150.28009161427389 147.34051072395619 148.35966555403147 151.39092604640842 150.97566432549502 150.74719060541594 149.17733329619506 150.97225466204466 144.08689946392343 150.75262635340155 146.2799518621012 154.29306218568334 164.55033015967959 163.49120771779926 147.77496455297114 145.63535904324127 140.43225279997938 149.29912626129391 150.58946193165735 147.28950319757874 163.73275856734315 164.647321925017 149.20112388702449 159.16941389897315 166.04690372392869 164.18639958152571 162.71630967041494 163.2403731642041 165.33005050363553 163.01694555469567 78.576900037295502 79.561347583581451 79.155833917277349 60.706148198493025 79.922003582357917 78.521234341903153 77.785058261726888 14.959137034418081 81.407012976765202 80.254179908480168 80.826844585364071 80.01834042924483 82.049981470268165 81.017683341982107 81.085256470976631 77.514835461873759 88.28770272853761 86.236206467519764 85.090178920436315 81.815360232696804 82.700799532548871 82.218496841605628 83.223173064082374 81.80035851950916 88.431779105431573 87.127885834358921 85.471895839260895 83.169945217058995 83.794855909221269 82.869574491530244 83.505082100378232 83.23518554835492 108.76674520562058 90.808732605575173 87.303639858364264 84.314893948628153 84.143361374111663 84.190500423217813 84.251827039080126 86.276158739777244 90.702851456335253 91.762224210008881 90.302017966228419 84.872158802839849 85.267486327609362 85.205762050064791 84.315564344335584 87.327490898634011 89.291873703715794 91.172834150621043 93.706680508181037 88.008970995169179 85.861441258363314 88.593911829278838 101.05549757415253 85.353732834244468 90.108212659589384 91.551583983597169 92.90937322948588 89.38350850974409 86.976961849789333 86.220250590402856 87.636371502017894 89.85015712667655 113.85072463247158 91.796296083770002 89.166684116454121 91.087954613783893 87.836397276428855 86.56720239431904 89.674761956181626 61.799683330683955 86.385832307629457 86.053209137032923 91.442141094081634 99.997966005979393 93.658441167597942 89.200429397658496 87.573880078267948 58.080860382688257 133.3158733349095 110.38202901054201 65.495182081018385 91.200981681132888 91.026035920539144 93.986055063763573 88.747726098025055 61.441416686266706 143.77950686935077 118.58646073981389 122.3071189335201 87.218411172006896 92.492277906668889 90.630469522600038 104.40067269123905 78.499816996298492 113.47767902099869 117.55195039949216 130.65043536108263 113.01213850128092 94.909971040231525 90.506096465976654 85.519802864427547 91.576615559243663 113.56377255877224 113.9473210518963 113.92455261114951 93.897544103907052 76.404855132172258 75.586175716796717 99.118237167824674 90.326742197682833 117.05744121519368 109.41116403068911 108.39774575575959 93.299305606685166 99.498607819181657 107.47124467442258 114.46748109948629 105.3294313008345 102.52985985704727 158.79327589537411 134.98629498790282 92.715021474413533 141.9427753897524 84.911729108925726 84.235531400993807 92.079169134367234 138.45878544401214 139.12747826635933 154.72195843860726 141.29777155383758 140.74857757206306 141.99099406900049 131.24180710347474 125.77930613821448 136.10941634543221 137.08195022087244 139.85209488724999 142.43856891089297 139.39739737254578 141.40326161444551 145.35922895373534 145.46428742421742 135.3320656845797 135.05632359017031 136.38073256946936 140.10001330279329 138.57833928772416 134.05517964151343 145.03659843139965 149.88045098606344 137.35212353386223 133.08356844689033 136.93628488482705 133.19018134832791 134.46638449617154 128.1206314632345 148.25602770677537 143.46052787021995 128.15889922674253 135.12105846012841 138.69877464994249 132.11040914509519 143.66825277776007 148.77739721311869 149.4803816483942 146.68165669396578 171.4962519181602 133.51030335461309 138.15900947686856 146.12475139027111 149.86319452946853 159.05716276458256 156.75729008015819 164.64498109228663 142.42175620818125 120.27492557083954 132.78425041531332 160.74819250221492 161.28848705032169 151.97834680226688 162.10320690641186 163.87464100133303 143.34718059628278 135.63054685108901 160.4889724254063 161.55573279284928 162.21972324307214 159.71260490601341 150.73537112250236 114.5989488057414 166.61498272084086 166.78121122277605 122.78207481186547 169.53431270759273 164.30003508214148 161.11809348042078 164.10485011873996 165.56322454455022 161.23727560759068 156.82798192155548 158.9077212085389 164.05670076073548 165.23549721215369 160.26234933784571 163.22280619057224 164.96832139260613 162.950996245287 166.33442415878255 166.40648911915727 163.41455629601217 165.18709792764886 164.91613130606711 165.66162393701708 161.84960394534679 162.79793268492952 170.67545477322363 167.90805056864428 167.44160180560445 166.08828445133875 166.96049055846538 165.23739367004816 166.30092995201437 168.68963073055733 168.02207569011208 167.96941328578674 167.02175915799717 168.2719041109404 167.26622667054261 166.61656823994278 172.2875103968226 169.70840317931641 169.12605999737809 169.07370301089324 168.19354104816938 167.97325874603592 167.28175389116532 171.39878771566862 166.29500175879218 172.15116198023219 170.31585155121573 170.07585515222667 169.93454046253635 172.42405929723785 168.87825344568478 170.29888607155237 162.44935881688963 173.07588981220371 171.19533577090894 171.00436850783441 169.44981615601606 171.50772977438322 171.69134228373306 170.5832760527785 172.74018189187612
