# Created by Octave 5.2.0, Fri Apr 02 16:07:04 2021 CEST <br1@br1>
# name: ptcls
# type: scalar struct
# ndims: 2
 1 1
# length: 2
# name: x
# type: matrix
# rows: 2
# columns: 320
 167.58944416754306 85.366297229381985 85.032018512006047 65.619822390684263 88.820580875691235 105.81982588294458 52.412706463279839 72.121148181687886 71.55414501628411 113.05756064971638 91.066578264228582 85.726564306105843 103.86113274231997 106.61495585300061 107.34446442266967 109.39035049984126 59.106399610412765 85.89188271205046 87.784538437850657 87.930749850462021 89.974727535800852 151.55139775941959 107.17803722497398 153.01952381231072 147.16401971924455 132.89384934184835 149.11033819261036 148.01090445960614 155.1364468022997 153.90845546393794 141.49411006042394 152.14585241926514 148.66560931109845 124.07759041704597 153.19919684042497 149.56706037949181 150.46125160963695 154.13183278801682 154.05366763915947 152.29486635689122 153.10911873795334 154.69598364425607 146.97876617128532 153.18888607796856 148.72040757134172 158.95739008633646 168.26357760773382 165.82846250807322 151.40477829659824 148.34741544456671 141.97857307019586 152.14898340601752 155.04995933253335 150.32928714234066 168.58006259215747 169.62841878387994 153.02788485234109 166.20726455616648 170.3388876337477 170.96668907837977 167.31728591189932 168.87614853481034 169.3147266397319 166.98721473528997 74.296032160530231 75.705185038830521 75.191455156962917 53.678410684415411 76.832147952357175 76.260698767767764 73.725506221788663 1.7361795601032892 77.816452317239765 76.669838533064606 77.347734776119822 75.552652868097695 78.715566261036045 76.768761624870606 77.379399629661506 75.637584653519198 84.617648076621379 82.373157515711441 80.688013864995966 77.823490073190456 78.385894851380101 78.210793106147932 79.821457383729552 77.750746457382931 85.836707163561272 83.389113129541585 81.939763446625022 79.625231704608296 79.403324095590605 79.14029746447936 79.466807040256867 80.426166658122895 108.23087155707854 86.251245461163947 84.155245504051635 81.246644779006786 80.34287141147432 81.266963094721604 80.994434754591282 81.509197428911222 87.126726168477092 88.555219232928181 86.273509713187707 80.675487674130864 81.494017094506376 82.023662240038362 80.527655562220048 83.076155129128608 84.808464872068697 86.344776424060797 88.908631699639344 84.33444035007669 81.88828063529111 84.057072816927942 98.354009198192699 81.429798385241781 85.956530995611587 89.251605057269529 86.844919201647102 86.365882283657484 83.097372121154152 82.136879694725167 82.598300968280824 83.71213090701896 115.60914596429743 86.892552577677392 86.17894962703798 87.548989251634666 84.003443453030627 82.622121520707978 85.228510856855308 53.498942527213437 82.461471525907967 81.890671624221454 88.361176693077823 99.098382612779318 88.875477188880737 85.376108111790771 83.369890821485157 49.440277237337114 130.06808072259582 117.41364090858556 56.405780596392049 87.697708365344795 85.929544859290715 89.065883051225782 84.598743987678915 53.704943480791179 172.24415756781508 124.41057240839565 130.50057838722444 82.988301520078139 87.770007719065433 87.993116875802684 105.17895614450244 59.704891832171477 116.08367108132992 121.51933557042399 121.32700381246883 116.61796363429256 83.803664920955498 85.99319674269077 70.264302286730867 82.42888657465879 115.27104424716676 119.02291212281497 120.62762920051901 84.674939863349607 60.876266917146623 57.452514344065335 95.83284825596624 82.224391557511751 116.38062342553098 107.49938464157465 102.91147413513471 82.012652754544447 98.89659319100268 112.32916728994719 117.4547353515058 97.78448861370002 87.886793308253957 164.07660812495067 135.62063602092545 83.359667856819044 151.27519094074648 70.455482143415907 71.111600246439536 82.808067548633375 135.47596116950501 140.45870381391853 164.11667694103019 152.19682165454205 150.45292643851462 146.04258810130636 121.51270130522349 127.75307031248261 134.23582909152489 136.62045183708042 145.71006728832219 150.90325921111193 149.40021326398912 146.65570143410579 149.82477980905222 149.41649274484442 133.55762804976825 132.4660046279711 144.31255400903007 144.87572239844323 146.24695126260912 128.53220450490628 147.64768159071693 153.87326672829553 143.89293135500492 129.02544392335025 145.0211612758747 131.30887806939199 132.90993280931417 118.43229734588711 152.09217030658232 146.02837149301456 125.59008636437257 134.01221173780854 145.87528360656617 128.28761460991714 172.5526068702444 151.98151066329939 153.12657256939369 148.93915855453699 177.74649777002529 128.02952457111653 145.13813341142097 148.08464737231964 154.12274425851638 163.98555185771323 161.18648816084408 168.8815226571285 144.21900180416458 109.64524620474288 129.23620498169947 164.57903050167633 165.86621671278314 154.1630911995031 167.09003822161642 168.13025493064865 144.29286291327847 134.88578692712304 165.0948885157168 166.08427010545316 166.06349128487261 163.66956443095231 150.98012464869998 111.46502881440739 171.39600017576441 171.34476474399418 117.00683665865859 173.36172860822725 168.44292503176607 166.79945586650129 167.83611916622274 170.3883194312109 165.39153109482666 159.25258518355537 160.32485609945903 168.22340428157676 169.41155571432208 164.71388533387409 166.43094878903054 169.94782211580051 167.29520357490949 172.16904252456769 169.61923124105846 167.67820171689505 168.80482987022017 169.23244136289756 169.97248339302303 165.48075674036176 167.30713873581112 176.04362627024523 172.73915331744846 171.69165345252785 170.63436100150071 171.4505458730232 169.09749517030784 169.8998487970922 173.9399167802153 172.59285116570501 172.16856175187445 171.06726614646732 172.18051615441524 170.87072094522773 172.01180645627173 176.01947434443719 173.74329570875128 173.45200741598933 172.9931928371748 171.92425127433876 171.47062507244232 170.96788528559046 175.22088839690778 170.91564142906228 176.83105512501146 174.80430861262508 174.24145187058878 173.99648903957663 177.36934118034335 172.75304007925919 173.7264005936479 165.41820548154578 176.3547277181828 175.6162291334989 175.23301216355623 172.82029754817273 175.16044721930632 175.79557553219604 174.66354633314987 176.47086525647211
