# Created by Octave 5.2.0, Fri Apr 02 16:02:46 2021 CEST <br1@br1>
# name: ptcls
# type: scalar struct
# ndims: 2
 1 1
# length: 2
# name: x
# type: matrix
# rows: 2
# columns: 320
 121.70371093437772 116.14210596205497 114.48392188962485 115.22180635139554 118.2249810760343 119.6336786112885 115.45358146393544 118.01915224375844 122.18720807986919 119.2139511280144 119.69481534472369 117.19887437272035 119.67152158527843 120.98122779191007 120.62344075205894 122.1500730312264 123.86711937776933 122.62429071515268 120.36839368567063 118.48580128852596 119.37628450925696 125.28961069570248 122.11376017371107 126.26224887930283 125.43661156211333 123.34021469293344 125.23391627806802 123.61283554071493 124.9729582159253 128.06149192925153 126.26779157296961 127.3419253222888 125.92851281116882 124.72968949654232 126.3405761868449 125.06143677358035 125.85699629402995 128.99027276204905 128.49494725741033 128.90189548487871 127.29647698742092 126.38394159472691 127.60446994060109 127.40516633052293 126.93479088952877 129.14454191613436 130.24275225657669 131.12799627233105 130.33154262235047 128.68210205251177 128.59649470343535 128.20637830833292 130.77860386296101 129.38462470101416 131.53822795612143 133.51134349625346 131.33629485955376 131.8361030931047 134.22555360279708 132.53596107307663 132.12008695002854 133.41480525516999 132.72018953710861 134.30574292473716 107.9796683363726 107.43081081854424 107.12281368902363 105.4781217192337 106.05702572031666 105.24523458531385 105.55870036463428 102.71149118214251 108.47061789224125 108.15748134343949 107.91035649848574 106.83990130797417 107.11622199758899 106.30224755446817 106.74907946067147 106.05654495008771 109.1912769080031 109.29771073134482 108.88678031312405 107.78001716677819 108.21541915253621 107.50256506658522 107.73705788466854 107.36110873974798 110.30614861190618 110.39270514065143 109.87645343641327 109.01334891042727 109.33226333303166 108.52689463482106 109.04586113652998 108.43241883057205 111.39985164897865 112.49890782042196 111.15539355385532 110.12650398410518 110.47747392069482 109.71691875761873 110.35299585406433 109.53023498675367 113.07905460735225 112.52611072190908 113.03910449953925 111.18670771735147 111.62165753596132 111.10193499235353 111.43425694047686 110.7170396549139 113.77086577015065 113.68202548172593 114.00235003141911 112.82165940750289 113.16026340026075 112.16968995081291 112.47599519142277 111.7207083770238 115.45879627614147 114.88487696998597 115.16046713648782 113.84853122882332 113.99493594408841 113.34420735783354 113.57954613101997 112.89433929436372 114.56605127631617 115.70147117736641 116.43506331311546 114.99223529453106 114.94036219310746 114.19729487141898 114.36778288240662 114.02139286850041 114.01612870408569 114.62054110043064 115.50635235854982 116.61267799845058 117.74645236335809 115.42789858439808 114.88088927303581 115.20399608376606 116.2352368972489 115.37449142954003 115.84697212419979 116.31602248298788 117.41480078231491 116.04945910706826 115.47717693703257 113.13681168460673 117.16983062087203 116.72643191156044 117.93272002337019 116.66220907244406 116.48680176370054 118.47775007553884 119.98004638810471 120.57961481105895 118.15866069334896 118.16603449771357 119.17180626333675 119.062996116116 120.02807080762541 118.11803722778119 120.11621106181268 120.97822923436149 119.33541928000942 119.14385039361866 120.28401659647976 120.19477333341823 121.11008774238647 121.05838976519391 122.11757517472303 121.28937058495538 122.47841682532832 120.27966641616304 121.24471019636262 121.19869730905631 123.44789265087127 122.0635874661201 123.69560652862111 122.43395366486611 123.14902985144583 124.59066083548632 125.71346648752257 122.35722200444306 125.69273390334908 123.27015006507624 124.67916182667564 124.20089781458957 126.68395142754159 126.66345472599332 126.86975179881546 125.40002221251002 127.6115764155373 126.14467695794559 126.73049503926624 126.37728820051007 128.50562857621929 127.40238397453462 127.63068115803021 126.45087049643665 128.52916440420734 126.96003574744651 127.43728178278458 127.35892361367635 129.48185788593665 128.45186546099364 128.52272875109063 129.63391973421338 128.74455040015835 128.87676597083751 128.61508745845128 129.02260715515345 130.58370007742448 129.5791364608942 130.92394905668476 130.90329965880966 130.28842364691832 130.75063593147638 129.16751447223285 129.68162401965998 129.55957206061228 130.69838451497182 131.99966367826983 131.69214352203022 131.91888597665397 131.39353019405735 132.30809550942161 131.07449676165118 131.87882963475093 132.85587757946857 131.98078729800486 132.03689636800181 132.44769486302854 134.46979612928592 132.52246912385849 135.35399154348681 133.36589118796317 134.46780694362727 132.68543397056848 133.33746623389024 134.76050782446077 133.9944645688316 135.3260918686463 134.61586848173758 133.37542025862913 133.70861900471141 134.14169042869366 135.44003607096087 135.74168167111597 135.10087864598108 134.67693813790291 135.39362984066497 136.65037875665132 135.5410627663469 135.3938403340043 136.49856715821011 136.74506358369095 135.68410686183671 136.86073877969008 136.71063387257513 137.32310327966343 137.41702664804788 136.72481245321109 136.57819518926007 137.53466979118465 136.20079683981572 136.99410972909007 138.92890442667351 138.14492902726235 137.49917773758443 137.46510201848477 137.66733588916247 138.8737595291762 138.06455453275962 138.86479215260684 138.12186760538435 139.14026308111872 138.89821336667924 138.58065444427066 139.69320228627876 140.24561346558102 139.71112182854216 140.1362713411543 139.13645609955836 140.20622603604622 139.67438994765541 140.19460062354355 140.86116131995936 141.37275489413091 140.84232444610603 141.18868658104731 140.4105423786782 141.26921224908099 140.72633868259749 141.37807866072842 142.00720382128344 142.39622471041997 141.84319772526533 142.22674910251166 141.53297879895925 142.21516904854406 142.16464812280222 142.45099340944267 142.9961245074185 143.5611866430848 142.92767900191973 143.23968234309928 142.57542546466377 143.11266036991273 143.08159051285446 143.43570284303777 144.11305369492794 144.74834947630836 144.10039101854809 144.3246725942991 143.63335458220124
