# Created by Octave 5.2.0, Fri Apr 02 16:03:39 2021 CEST <br1@br1>
# name: ptcls
# type: scalar struct
# ndims: 2
 1 1
# length: 2
# name: x
# type: matrix
# rows: 2
# columns: 320
 122.62995127029282 110.55444280381283 108.23682201727642 104.82421838534334 113.8391283466582 116.3682669630994 101.58461558494817 108.38975821309407 120.42090069500593 117.06982199342009 114.41903658330313 109.24915937577533 115.29622920622 117.08444550451949 118.31229828996372 117.44610857047518 121.93515760106369 120.18002131729334 111.63383617343543 111.69901482537556 112.67242143848961 134.20257697441994 116.19991466112346 133.17896313019398 129.0132915074947 124.04702711705465 131.60245647034859 129.23126428981692 134.34168554741123 134.90211212766775 132.79734830437158 134.14078212059516 129.12019111460029 124.03681847897184 129.98544044356888 131.09213293150722 130.7089277061512 135.47925991122699 136.31079816878889 135.43277610920964 130.41755283740423 132.76815000692946 132.25244693249826 131.60848183005822 131.88236521438552 135.04143079941488 143.7290489230756 141.65869161646629 133.70150873858816 131.1474465023021 132.86923976593226 133.03269607915652 134.00348310631873 133.99875701731662 143.45841990486088 144.23841658895378 135.13332393870706 134.08738344977704 142.90783757885902 142.59361439032591 142.8863485897144 142.1395521671422 143.36911896922535 143.45031931013881 101.25998125984869 102.73799982677544 100.20301852609933 96.100389860302101 99.577628119691639 98.607436661336649 98.227496979452525 81.554759223241973 103.27644813163981 102.06790655137164 100.98275408453996 100.46315347917134 100.64106009768138 99.613828087185041 99.354022149234055 97.644741467760127 106.25507310905927 104.05141955910013 102.38012911732027 101.49591836277632 101.6187981496703 100.74614397903143 100.44624673586651 99.613482593762839 105.14975541709981 104.9218141933633 103.77864248353499 102.60035781922412 102.66809832099719 101.59132930979548 101.28588831587899 100.60178806175603 108.01707842914065 109.93668958650525 106.02907817141016 103.70027945856906 102.83976409594344 102.46471038416125 103.57333962465275 102.08868643088485 109.45413433092742 109.32401540265627 109.2549127266157 103.82249413476755 105.5826323504664 104.75693918065448 103.94931529253728 104.64930809694137 110.45731200671612 109.29065665422883 112.78383660968419 107.33332703556007 104.7561756169037 106.16235413229543 106.91574715698536 105.24370218609694 109.13066447078373 111.05952429604831 110.37972695485597 108.32383383070331 105.76823978539898 106.68201009341286 107.27813468564584 108.1291932330366 110.39598874894298 110.67959231075002 109.45181441669654 112.89121598336035 107.192571180697 106.74630221592057 109.22642854845662 100.41584058624407 108.78618909975125 107.61173981275012 109.80422701447897 114.51061037836146 113.36600746922575 109.29025637127846 107.76009651928746 101.59797913291129 113.79417240125751 111.25309331242948 108.59888240988553 110.1924058551309 113.57952981119442 111.23853344903712 108.28582063475227 102.10122314595731 113.09050431440416 111.90160245669021 114.28535255827582 107.96804491428139 111.61906506823425 112.29281715022805 115.03280177680544 121.03345074827767 111.67926030628536 112.52513903709001 113.73408293688635 114.87558829975566 116.04162183085114 110.7044492677788 122.71736806618465 121.97811142534337 110.9257658959408 113.03502541681493 114.06250824906861 115.25512410109614 116.50096477562511 117.5939699524822 119.26725712542697 119.57289554193173 120.62013165039998 113.2502292272989 114.39654823191727 115.66298183104749 114.55869331918502 117.8837582814936 117.11732327163249 118.73106954130459 121.75066732138453 132.39039134802255 133.3208755187373 116.74904507428938 129.08605434837648 119.75892860923672 121.07536597157663 118.23191376844598 132.69356872154347 132.43085957993767 130.82255299715473 129.58758764871337 130.57260609953218 128.48445795271121 126.44922978139695 123.47706441655319 130.27476702312589 133.82706702728001 130.42407883286066 129.28812956793934 131.33010651013549 130.26877274542645 129.9081812092231 130.09794687635059 132.84043447896764 131.3549542153028 131.79510158766897 131.21223736540995 129.93679131170504 130.46630454429467 130.41083526266178 134.64780702085443 133.43058831944415 132.4626123437599 133.45553598978515 129.53400078359999 129.1642119812868 130.30503864033486 131.95302118731431 133.54499557796385 131.50627594146732 132.43500476272496 132.38571568538572 129.81028280776025 130.90382974854248 135.30896552239344 135.97118183017665 134.82891808320312 140.01774099149421 133.62141009772867 131.69096784884391 135.83191766055288 136.76240993695777 140.17849577813573 136.40631084103077 143.84746069670814 136.33709253287176 131.34124129652037 131.0396747073398 141.07375269390778 141.577128283603 140.54174587000969 142.09760555322626 142.93408800121122 135.61746187349655 131.03644484435731 141.29784142485087 141.80607749788427 143.0699881509893 141.42087049917265 139.262750613489 130.38250948936312 143.51573620834017 142.81780027361731 140.0125976158339 142.11326602011917 143.67872393377186 141.17125286848594 143.9876708782856 144.61841788100878 143.69819453156302 144.1640645305371 142.80677287459471 142.8559069524913 143.30261501368082 142.61799129287547 142.24024991466177 145.81163419842881 143.39937045750912 144.43037850180954 144.10454582257913 145.10502825725212 144.6734023754027 143.14554499628235 143.81497720237124 141.77250820073448 141.95246525659243 144.45564869319057 145.2926071360549 145.8410678194501 145.33867385328034 144.25818868490634 145.12199679328737 145.09270356906737 146.68663281948326 146.09371651188778 146.95996688407985 146.47017170017131 146.18401183166119 145.00137885430487 146.68933106481666 145.75480822786687 148.96243312532548 147.83946740336992 147.61339763628825 147.34681872365655 147.04879055294563 146.22660298355535 147.51606585851164 146.78130210903953 149.2711140142315 148.26725010917062 148.62808114148478 148.09360451470693 149.68823744630214 148.67108808821229 148.68146030866646 146.67787964416169 150.01724555240239 149.16399077631135 149.70647551808472 149.21408815845925 150.39306306440454 150.84644126235418 149.77091727847113 148.09746924566642
