# Created by Octave 5.2.0, Fri Apr 02 16:06:52 2021 CEST <br1@br1>
# name: ptcls
# type: scalar struct
# ndims: 2
 1 1
# length: 2
# name: x
# type: matrix
# rows: 2
# columns: 320
 163.15065813368869 86.91540201003545 86.332363949890038 67.981532992772159 89.739622570387155 106.61094276442905 55.221349848560713 74.30600420767621 75.730348249377528 111.06797206842374 91.884535034449925 86.867213895307742 104.602319900552 106.12686769824633 107.89036025084697 109.38489510177375 64.997248504178458 90.373789586251974 89.979860023650588 89.907397510731727 90.771133695383242 149.96747686852706 107.2681064420868 151.12816253055669 145.84741723753163 129.60725690419889 147.95206090361049 146.87960083492004 154.10470372315595 153.63080241597089 141.41751289489841 151.93587261339698 147.42407306373852 123.12266754189923 151.96221645826873 148.78665506624904 149.73920748968558 152.96352856923903 153.51609896089661 150.74436140956706 152.42404030389835 152.96917031358058 146.07046449079672 151.96149610285582 147.7966978821685 157.26127084973533 166.22992819747802 164.81687999321019 150.28740752303742 146.94547159220633 141.41627479011714 150.78030755529002 153.49374093704657 149.06428688297467 166.40141133860277 167.35746281176296 151.84462090858327 163.68580230267693 168.91276744789923 168.96781346894466 165.43643554610551 166.99177383068732 167.77780495125819 165.2541007512622 76.469722703588801 77.566470362072977 76.002083281487486 56.233951598625453 78.621925432191787 76.81389190615559 75.002918144577109 6.5445277325813969 79.09430810949442 78.255643299043356 78.774126721539886 77.179414917482063 80.354810487784022 78.188572904127113 79.127419843595661 75.81220098931486 86.27055287494818 83.389948217387783 81.359499273557418 79.718906024129666 80.016797617335982 79.777041220626771 81.39410566331189 79.183533130804094 87.328986620812103 85.093167682805145 82.496722414613217 80.499435037162186 81.115706454295434 80.844740760757091 80.873509031879124 81.401098600005341 108.43364882934715 87.705779467617305 85.466916173754484 81.805204957019669 81.841766965238236 82.092194999498673 82.526411462747717 83.328994269582793 87.914945012862617 89.447864149613906 87.939143618706979 82.321656507980066 82.960200495408102 83.158313809834226 82.075790896137491 84.279579205059818 85.831187841116332 87.844596653261419 90.938761439293827 85.498380338462653 83.490849173179171 85.565118146019799 99.336368607632636 82.631464026084387 87.999170623703435 90.476007798025435 89.081668868153997 88.436513093085466 84.423184168020867 83.583475497192282 84.158141578288365 86.370155586723143 114.96972002545166 88.715532503926809 86.55658770481233 89.085457959434507 85.289173003245565 84.19672064640811 86.54305460719246 56.407235969908157 84.489696905913291 84.013040012028156 89.865554076586335 99.362540844713493 91.184149767602293 87.162123632752568 84.784580868341138 52.582307472010257 132.50028884033762 115.0402202407563 59.711017499892534 88.861137953831431 87.653628755697042 91.009231553228418 85.763763600377871 56.691927547144779 161.89337549564624 123.25543576485359 127.52113858587892 83.316619732797676 90.013225674386149 88.632771450675222 104.89594397967939 65.943684786417251 115.42069995639268 122.02065660852141 124.21835789670897 116.56133359767314 87.98776018215392 87.774402238331277 76.045437332131513 86.331117690524337 114.33684199520748 117.19875335838778 117.85786884599453 87.511396452874692 66.850197883221725 64.958064024449016 97.027535133005671 85.569833090131709 116.49900796820924 108.36303550653197 104.97433481440595 85.218076390887205 99.527990005453589 109.94666670720953 116.36846107804416 100.11826058530505 92.604998422070381 162.1251460826206 136.49556895773981 86.930232828651242 147.51890592787115 75.161138201533831 76.719624748437269 86.306435546725268 135.76751340145577 139.04909812041399 159.9898642247081 147.59571328831373 146.40133397306124 144.26742559427385 123.75593697337551 128.05998968342195 134.02209485318841 134.63201687991665 144.10302456843709 148.5441555819728 145.46329767088767 145.35592899050474 148.21503027833288 147.93418785949808 135.68176562520424 133.11834757433911 140.22425146905564 143.15745075643338 143.20925342933222 130.3725685252009 147.05807418265056 152.32113180194702 141.18835061678951 129.93338511549894 142.43124091677063 132.01512047638644 134.58160975942928 120.98443180966531 151.30365311753826 144.84581678618699 126.54422748698786 135.42395319133712 143.49191032826513 129.17084202792412 162.76075165798227 151.24140265150268 151.6496388207008 148.62391422776494 175.4736810966198 131.42623491105536 142.44874110681764 146.90349414066176 153.13854023754644 162.94069477373165 159.56835382150564 167.98775741651065 143.51211590065475 113.51058415605075 130.92476782180873 163.73416681968664 165.05686258745052 153.3686386914172 166.05090488994773 166.72957111242906 144.00232048479592 134.1589106653976 163.91465552431279 164.71869668972809 164.4500852881398 162.65802836612826 151.21609462439616 112.60463608398339 169.12954864037974 170.21319046987279 119.10692325982473 170.74349628384883 166.61321370211834 164.94608374621222 166.09742506003326 168.24108678885375 163.31615865375804 158.37091127010086 159.80953432094262 166.91529333617731 167.91254552197805 163.93124712051682 164.50802392507325 167.38983182596633 165.50532867875091 169.69017599415716 168.07889527801203 165.7444705009639 166.92559784979261 167.79418491053988 168.95287759366315 164.11121267929357 165.77371003347875 174.40265418819385 171.12187272513779 170.11380969040093 169.01330173042072 169.89216149110894 167.18341285548874 168.54770623659388 172.20496360191106 170.9800685744755 170.84097253130625 169.90544334971753 170.54665483092569 169.76601229349845 169.56911244438351 175.07195594003579 172.00296518248564 171.89783918875438 171.78514284824291 170.65055174332215 170.40973079017184 169.4779277260879 174.22770803404879 168.3353660711056 174.76293388498019 173.14835539773691 172.92126579588569 172.6543366448613 175.63571726837858 171.5177857166093 172.70846587439112 164.33862487621627 175.15947480475373 173.96883747619677 173.66750796465999 171.48409083207804 173.8939276562505 174.46253775168358 173.43424521783498 175.28505124296728
