# Created by Octave 5.2.0, Fri Apr 02 16:05:50 2021 CEST <br1@br1>
# name: ptcls
# type: scalar struct
# ndims: 2
 1 1
# length: 2
# name: x
# type: matrix
# rows: 2
# columns: 320
 141.39561086794924 94.50601543523743 93.412794646640549 79.553914943002852 96.949787083459938 109.36425698674478 69.438906455300511 85.011798735018999 100.74459600057679 110.39328565130462 98.857405621963409 94.372647533747212 108.23413697588899 109.03978720987945 108.2814967579416 109.90552384727691 96.750770356731792 104.57316667854118 97.607580106070088 98.527092910274931 99.534010528646604 145.47968908727788 108.47654585652791 146.18502830462256 141.54943865399875 126.07615307243333 143.56382632685524 141.33621307395816 148.30683422636477 148.0065366474476 141.04218678382333 148.60599376478905 140.14515114274781 119.28448234919252 147.21552166654922 144.13362032159009 144.7787124342656 146.96775907532896 147.62981624312792 148.96342996399054 146.58432959981869 146.93314966430185 140.49404812658079 147.61918430968549 143.23934290468978 148.76647931219577 158.45649198026561 157.49183930429621 144.73611918724572 142.48420835961676 138.77098235457905 145.96580155907836 145.72947298755767 144.1541824851393 158.42868329542978 159.35940328133807 145.14098411417064 150.81064470979942 160.73214594517833 158.4588187313002 157.35482257494874 159.00338390299171 159.51060635614962 157.90633190607841 82.897112909946514 83.612122206836119 82.949255486804688 68.756102078254656 83.889592208616079 82.387683336719945 81.415231143275648 30.105433777724112 86.148928735950562 87.488544290424912 85.054020826573577 83.972251985551324 86.156533338563378 84.72470561977741 85.208830649794976 81.321130914600488 92.754323150153354 90.769672294876486 89.619686394603633 86.131220412430778 87.138269875060573 86.250015753785988 87.248875606607768 85.274476031717555 92.677683484966821 91.519083223314567 90.489838862484504 88.138968837327795 88.183476310591743 87.160587714516936 87.307490196204242 86.179224660215439 106.21515709484142 95.452287231923009 91.770962672262115 89.216185003181678 88.234163357288239 88.416043466755994 88.277942160712698 90.511352526487769 95.615558615673152 95.544460904334429 94.755733036360354 89.267752886230781 90.308484334958507 89.410218981612161 89.506905166809346 91.775624075429945 93.876416741639716 95.53289745224545 98.439082906787007 92.505234073007188 90.157686799252374 92.686672768540731 104.14992971388833 90.501120276457272 94.707733937091788 96.318696118863159 96.612774472122481 93.670672738739185 91.366074766496439 91.344337997841507 92.751169736664451 94.271499144924135 111.83653292510743 96.479856048694117 94.675277065432724 96.473988747597161 92.304512037832325 91.223085454434923 94.234622748900833 70.247638641567278 91.483572234304617 90.5752676247197 94.514912129204149 102.96886750009726 97.722377723274036 93.598246346353832 92.1444990699149 67.978255621908659 128.26826571955593 107.77350123312124 75.906678327044915 95.588423187364043 96.467765578650145 98.607679409558472 93.238449998896741 71.283180650959167 113.34853617464216 110.75845532928788 112.87950918352411 91.707185496319028 95.434378244339641 95.866520834757949 105.23653503090934 97.662133929016377 109.9295663201047 109.89647460536338 111.01002659320605 108.2563316202401 105.61615552548662 95.443054696238832 99.916869237900329 101.71269833241962 111.12892366830657 108.81541731295928 107.57909471021604 106.17568159310358 95.867133271969678 97.958739436016231 103.64975077228546 102.38155762010183 117.74888077625197 108.00348730900699 105.1567723276996 104.90366915491242 105.5619133609095 105.84022659370828 109.97060886335883 104.54479849852127 116.79537053929096 152.78828771312448 135.80841691316718 102.67986427158144 138.29148165046129 100.67024725204811 100.36578223224274 103.53632102138485 138.82311546843334 136.72352518445649 146.74368626710498 138.69508233571767 137.62719638678823 137.76233618859314 132.12169156485595 118.23560257318175 137.73331195693675 140.26547460748117 137.8663639498798 139.71001298150028 136.49090827282478 139.00098439787078 140.91883810664007 142.36035845463741 134.71714061389505 136.76934001799805 135.76656231004304 138.56055126542179 130.62114597574151 134.3736660304929 141.54957491971277 145.61985671321511 135.70358277751464 134.58312039012887 134.46185682132955 133.06332915841568 131.41065175529627 129.3713039729503 145.19646911210029 139.86560239019303 131.06530835830094 133.6436886304347 136.54351685700931 132.33559013180624 132.46318210411289 144.16590786610641 145.47947070258826 144.29121112861415 164.33687939693291 131.16727148563081 135.30518016584037 143.23597040736203 146.28241325546409 155.17173271346735 151.70499719094178 159.92802776113041 140.77416384998486 130.16468567644387 131.22912259331449 155.34659970369461 156.8294739215934 149.47582140179631 158.64156445341956 159.6321822244139 141.85287370870293 133.45583795643901 156.08613681218861 156.5653625009104 159.03273241166912 154.50845779340105 149.80434362619644 118.18871170490581 161.229110250829 161.4633023928437 129.39734760553881 164.12428865627214 159.9344565457227 157.53542975864764 159.52844407361059 160.70906792220154 157.16194644465946 154.05070909417378 157.60995114147482 158.204190695634 160.83024573548138 155.84063698042218 158.87611630345981 159.55104754179212 157.9577443535004 162.34024466409096 160.98969418234719 158.63055587256167 160.00659164327206 159.8183670862004 161.11647288226877 158.17046626548401 157.13523145572688 165.17057744269775 163.75971830504386 161.86322395741621 161.58224987085435 160.42800360354934 160.26444575360412 161.46031699244307 164.80431972721303 162.94755623335712 162.65389906398093 161.88661219009731 163.7969089992049 162.50045617650443 161.83991880098472 166.17833919511835 166.03302356756683 164.10265446477186 163.56263015039107 162.90701741014988 164.17721224511595 162.72430109982281 166.56944840734852 160.53162398566781 167.14631111181484 165.49100349360393 164.79314307885403 164.30642823240748 166.90118221604484 165.45125385537142 165.93478070404018 159.04867991010167 168.00683316969594 166.51392721335168 165.98292362331932 164.86142555014368 167.18884433832218 166.59269274331493 165.43063948513077 166.95281237308552
