# Created by Octave 5.2.0, Fri Apr 02 16:02:49 2021 CEST <br1@br1>
# name: ptcls
# type: scalar struct
# ndims: 2
 1 1
# length: 2
# name: x
# type: matrix
# rows: 2
# columns: 320
 121.82940124156389 115.24079321561611 114.24214187360391 114.62972318072222 118.23647794106343 119.37629593680276 114.86508065363063 117.45746711581211 122.41480734325307 118.74830186833663 119.31773877908591 116.5061461790326 119.64498882411792 120.67295014832203 120.26506513132206 122.09110001636894 123.81600808358334 122.68234647229818 119.8243670064543 118.4847702312682 119.39085438132585 125.66742689028207 121.74781900268258 126.74699702252698 125.79302487449088 123.27808287380127 125.53543821045787 124.38234011609779 125.43547624709271 128.41048564623196 126.42861091860135 128.21948090663778 126.34757652843679 125.11114636542497 126.50774776998868 125.38791382800498 126.27705176286371 129.29201345878144 129.07678727124792 129.46036567726046 127.41275341570984 126.55005177935932 127.84782121020282 127.44660478823107 127.36873693275099 129.46563071631888 130.73111997467285 131.43621192674712 130.45623152736118 128.54416599658686 128.58474667617182 128.51282768013505 130.74617345740975 129.67515248602319 132.24021690207522 134.17522176757137 131.52070745054539 131.92804100921765 135.02716871239164 132.90698245044294 132.83020543945423 133.88679008435435 133.52150613384129 134.61407354069416 108.15859481180512 107.33907834409879 106.48995694308859 104.62580515654194 105.41531876162112 104.85952862867282 105.32679785614822 101.50940413902316 108.5267559897292 107.74690701171333 107.18835545369799 106.1835274746975 106.61171672029846 105.98756671246619 106.38621785355345 105.46730291981618 109.22544936371455 109.11823212817428 108.35133704885943 107.51866297299455 107.72366266834167 107.21567292378172 107.5883921846514 106.84778593317752 109.6205511183793 110.27800530301232 109.56189671693579 108.71095947741293 108.90415549496008 108.30558334976431 108.70400391685696 107.81669930148907 111.34844173508924 112.23601753681025 110.93733329980809 109.81870223197441 110.0863002680149 109.46179036478063 109.91940426938802 108.8639254980647 112.83129251319332 112.67722747575718 112.55146661156127 110.89535394333359 111.62021434724109 110.525243390429 110.99014978871038 109.93310388497662 113.59292869699986 113.56778610179737 113.6881596559285 112.08266095273432 112.63422914476511 111.93710231585125 112.03147780560138 111.4310644470778 115.35348340382686 114.7855466942281 114.85115873718875 113.5308715335282 113.10149968598182 113.10042144210749 113.04984627910028 112.59237747491942 114.16260326103519 115.25937712496399 116.0389763246736 114.75593883238518 114.70797109167025 113.81702201613695 113.97985671266649 113.37241266862422 113.55837263183319 114.20429461536706 115.30802771678121 116.6192596019736 117.70251238733431 114.73965720380333 114.14026403152143 114.61463326935768 116.30173965563293 115.20544214620459 115.18533656583489 116.02276525781041 117.07060299673913 116.06189743390681 115.04908545946786 112.00382324709661 116.50266952070534 116.40319113517737 117.47852955403366 116.38799293681215 116.51690109849832 118.24667546857253 120.14024925475132 120.43459471922988 117.56654749428239 117.54465177558595 118.59835766426448 118.95037399494099 119.93351812198398 117.73649248969402 120.21523251520986 121.19255612323657 118.99509552628152 118.54262307175055 119.74119638994486 119.95395670484614 121.0360536195807 120.90811830280802 122.3530996288643 121.47719928366809 122.53968256453406 119.69753686734973 120.80892455202856 120.89562389663629 123.16410133244115 121.96932518188061 123.16314364198382 122.29421077057141 122.86702691717451 124.9300662327275 125.91249100787627 122.03494453534942 125.68100059110738 123.31393832928445 124.12608147796564 124.09323767527631 126.94641276771439 126.71536974204047 127.33307068803657 125.70861936273546 127.81101929751276 125.93990822980146 126.95779740585455 126.63890906796524 128.59748713891182 127.55912353324496 127.58816131602507 126.58766844433006 128.94382525528022 127.62819183732658 127.7539989458611 127.23211133353466 129.5370663522489 128.30985022200088 128.71795599706329 130.07527600519862 128.78487309248348 128.82778557143578 128.4115139975674 129.38722409986323 130.73247014351986 129.75487794347623 130.80711588033421 130.93064184429562 130.05486372220454 131.23711680052369 128.8526393206418 129.6865692043431 129.57183237351754 130.83887238397509 132.05192392179802 131.3219157009581 132.3519825533765 131.21012453378285 132.3211577787676 131.19338562232517 131.8780586763603 133.09599007269014 132.38638439017109 132.02477578979426 132.31876125740934 134.74031344382595 132.80652081171297 136.32751737356074 133.36226118853799 134.51997223060891 132.48286394052133 133.71935150281811 135.26501759006385 134.1819258452602 135.84098170377749 135.27411568774392 133.63403883750172 133.6138535284849 134.75765108934834 135.42053386105212 136.16312742974179 135.34110828753657 135.03486018415609 135.11187965809174 136.97485283473512 135.77239323301046 135.80625792699772 136.51325964569233 137.29043795643639 136.27795506427643 137.35131816379874 138.02362511721449 137.79401089794689 137.98177436438402 136.96509729053182 136.62290959557453 138.00645173534571 136.54028970473158 137.49667040317416 139.81941306904739 138.42789388551373 137.90863547490949 137.77942415289354 138.11313054192286 139.32240281675575 138.6378655387287 139.22356356663087 138.20192142560194 139.45024416487098 139.02385681261237 138.93272446187575 140.02052640305078 140.54938732461238 139.94754472876502 140.27741268283117 139.2523641803725 140.16986574708957 140.06046965165586 140.50715276529829 141.21573588830591 141.80369224058779 141.02567828886006 141.34344819798963 140.51564057834415 141.43127478070315 141.18434781529447 141.77087152732443 142.64289386793203 142.73062746820514 142.05043410536879 142.45547590937375 141.72134825441356 142.52413091012792 142.21926414242066 142.88578613945853 143.50279554958038 143.86540300432708 143.11562146022061 143.47297254285237 142.95039704886821 143.5876930865322 143.40366919117525 143.74289036833289 144.63672212034444 144.96023703782984 144.28997582102164 145.14660496978539 144.19199502202846
