# Created by Octave 5.2.0, Fri Apr 02 16:03:21 2021 CEST <br1@br1>
# name: ptcls
# type: scalar struct
# ndims: 2
 1 1
# length: 2
# name: x
# type: matrix
# rows: 2
# columns: 320
 120.76958051876468 112.735018323844 110.58749421308303 108.48486981857958 115.84424841140762 118.15882891305864 106.9471871415263 111.77628505337597 121.83091291493778 117.85235128690454 116.69770742346071 112.20433116655545 117.14025755093992 118.2304412071221 118.8846587885227 119.13189940013227 122.42780297912708 120.62103873252053 114.59407462160928 113.86750016144266 115.63265592957018 130.40856914028367 117.78571805889706 131.53879872588658 127.27668774789123 123.75308831043438 129.75126507519826 127.5134399106269 129.08947514795719 133.64666427893772 131.80418289395806 132.75007772408185 126.52326514520942 124.62009306602084 128.73880739215616 130.77936711374429 129.93362250456212 134.3213606505989 132.82460796639307 131.56719999189045 129.33575469528577 129.91002215590325 130.95200147510516 129.72439610344898 130.8198532608167 132.96578186852085 138.59234580883262 136.5497956300805 131.95767096610746 130.37466591758741 131.03142403415583 132.04596400430691 133.21349792921524 132.57662889980392 137.8935650897823 141.83806243148879 133.69098108847678 133.26057911192856 141.36512107708515 137.41530799200333 140.06675693583381 139.59219682949563 140.81914217883102 140.72556977737042 103.34622191969733 104.482375768929 103.49152270233111 100.06857469287844 102.12117386845387 100.99375241186976 100.75063940165259 89.007698890581935 105.94539471910748 104.75268266571017 103.80140337178133 102.63531239302779 102.90153263674539 101.81088303778598 101.77479570907626 99.889176132386709 108.48607915468801 105.69073288154426 104.77887626881152 103.68212497502972 103.93778870182337 102.84652932794245 102.78052561067364 101.64901838255058 106.85062979484314 106.60986492481064 105.65829909714742 104.65355629883285 104.81552974459545 103.90670231250346 103.87801342643112 102.83737879799192 110.33887492068278 111.49066564786331 107.69184658151504 105.61662481460094 105.94948531710465 104.85907144587964 106.05577773429413 103.65666182065351 110.50710293189475 110.98452918928162 110.47581290293245 106.7967844881158 107.94969383937874 107.21053175989981 107.08058160738535 106.62230898764545 112.09601154709887 111.15258776993709 112.69695651678448 108.83331427425338 107.29941608994619 108.23929482127556 109.04249261484652 107.86345485440019 111.94241545452546 113.33028708792122 112.24259518331381 109.8985358371868 108.47035939742054 108.59672069426789 109.2241993446823 110.17795589122548 111.06854445373743 111.85619746486992 112.19811180276756 113.63680074484361 109.69265141555867 109.14997356952286 110.26631017588505 104.62324047521483 109.56351147090004 111.02610302776758 112.40989333908828 114.14274839085824 114.93955549109162 111.0129227018804 109.69335084162398 106.76764706901733 115.27767244251241 113.08636507800935 110.65168968021068 113.13242398180257 114.89164628400596 111.88002235287374 110.46086879968392 105.7228080142569 115.3116018832163 113.83229880589087 116.27328734806805 111.66357624582925 112.87150292439159 114.52513659349233 116.63651965962421 121.71925037199669 113.59106842732886 114.40298403140503 115.56515944391928 116.39465127058698 117.57803402149638 113.40284332848228 123.09915327217834 122.0416914350278 113.66101648326405 114.689573839028 115.93240280300348 116.87819081637943 117.92465935274724 119.06834204900227 120.93197043550434 120.19408693667293 122.15973922185103 115.25101815991907 116.37991376538893 117.04148441474153 117.53147824955005 120.0353281002301 119.21146005569577 119.94526227954104 121.34481198051043 129.43555589326479 130.24969188160975 118.12638174065445 127.01336378576035 120.8067814098918 121.82555821980149 120.11262021086459 131.05345794722686 130.09114379168767 129.0179541701909 127.94188041780217 129.0985457790747 127.09324516513507 126.77135982178878 124.34148953589524 128.81350787435719 131.56877723548843 129.17401077864659 128.0711424305903 130.20883434222549 128.68200865355067 127.87686867117178 128.39780768784618 131.21150014713902 130.25719336988485 130.77648903229027 130.67746732728892 129.57868430760132 129.96610563656438 129.46687233386572 132.31945343205592 132.12518430128 131.59133949564742 132.98888618352308 130.37376205459981 129.73778182088745 132.16987819796674 130.89336166650909 131.77769496389246 130.07301423335434 132.86080717743226 132.74705387412519 130.79090763460988 132.00110519755484 132.96770996825532 134.430975985826 133.73545303430987 136.4948751477157 132.63835055364581 131.50351710652808 134.0109638044942 134.8418387287594 138.49168667021391 134.74172061477523 142.16514739900256 135.25298751905117 133.20155386774897 131.54705685830058 139.21708402985396 139.72578735565673 137.62914822847657 140.39644753974736 140.73268734562853 134.99155166558506 133.31745570583982 139.22880720042164 139.84884661640405 140.75797775048093 139.76869210170494 137.34678059554886 132.14890075720152 140.06428806411276 141.00230841310994 137.97951133301319 140.04594827931362 141.81807598421543 139.59439447518844 141.60347434455366 142.50275891764332 140.89352827050723 141.48408882880213 140.46088528098591 141.18683644836119 141.57263105435811 140.70759690177115 140.62843844189254 143.18421165546604 141.14041078274636 142.1044721391076 142.02009823357196 142.85312456710909 142.62555403081552 141.55161440881224 142.30916510358222 140.46369266092634 139.93581206791015 143.03084092004539 142.90120789844954 143.66932414978706 143.54215289455024 142.54801107411356 143.12187056962583 142.84470700337602 143.90339296186968 143.87891338262341 144.6678929665631 144.52429002190769 144.27445946104038 143.27402599459194 143.90151721643403 143.71340674744823 146.13392431664445 144.98233360713817 145.52189655131409 145.30310035675774 145.31881347032714 144.20550204526552 144.9510171780835 144.93189056947043 147.01090286768985 145.93709043422007 146.35847066702641 146.27631228043541 147.34037863023025 146.40804459123251 145.85982485898626 146.03174672086752 147.07895800815925 146.81793667542894 147.60723000969833 147.44431858984731 148.47826892166148 148.5864016034981 147.5553042202352 146.94421813283807
