# Created by Octave 5.2.0, Fri Apr 02 16:04:41 2021 CEST <br1@br1>
# name: ptcls
# type: scalar struct
# ndims: 2
 1 1
# length: 2
# name: x
# type: matrix
# rows: 2
# columns: 320
 129.62349331165183 103.10354696786416 101.17187387176895 92.661408784590677 105.06415778368815 112.45983155995272 86.145515417671575 97.137749679254199 111.41349566510458 113.8563488941776 104.79940316341531 102.07220064521925 112.32624449695501 111.6359591901909 111.36203729132697 111.49762139472779 111.18402009242729 112.41814672344793 106.30754144083255 105.31605703226155 106.30516746087709 138.04717196092739 112.76983718170098 138.45911829947784 138.17236521865101 125.02366250679299 138.24683656449918 135.05747795695032 139.893618827697 141.47300486608151 137.31611594820072 141.39337589919069 135.52224239259456 120.69924147846727 138.39286612922433 136.82037052030958 137.86794787779985 139.1605096884052 141.8466598872952 143.62305869741149 139.04705062747203 140.31440280790653 134.80639312180156 138.93594742389249 136.99421698704046 142.47760119219558 151.89834716349418 149.95414300064633 139.47539889277161 137.1435915632967 137.8746137468986 137.95766978905189 141.3577936537248 139.36394869314253 150.84358864130226 152.97641341854788 140.36679631604099 141.46825269126612 151.99795813104984 149.799854574921 149.68196593391937 151.37676542642953 150.80785480707627 150.9721027701556 92.158488754590195 94.047600068763259 92.848881756312309 82.939354152120387 91.59576927342944 91.520438574419757 89.772469164274654 56.791766134981259 96.511329276448052 95.378898396528243 93.728129206535002 92.65067471173073 93.739237656583867 92.535766165496312 92.816438844911517 90.265778643430053 98.764955583984204 97.640457175669198 96.867958974478213 94.735988391617681 94.860674025388931 93.834802575943968 94.066151396004798 92.928350788205918 97.0858039852546 98.715421713478648 97.933866418601283 95.924278410306684 95.976121102361063 95.020955850401023 95.227649572952544 94.605453504425995 101.50265854813745 103.21884177368963 98.237005116824676 96.888178368378817 96.164037981035577 96.327111032473638 97.078793620503404 95.684783726606156 101.9616081982506 105.41028294747782 101.218801076567 97.074814122348855 98.190918932957373 97.302339116584406 97.91051536336073 98.952092001524917 102.13858748609775 102.38634642459226 107.42555139407477 99.33758888654846 98.02917920856413 99.736572285026298 107.35404941537692 98.069495053462902 104.20299100861614 104.33854037521256 102.8956860773917 99.923997614178788 99.105193436426518 99.141220473944401 100.24271249832073 101.112059322684 108.28771896451346 103.75040135491335 102.83270631521667 106.06117934886183 99.893751088177183 98.997423146968742 101.27570742712358 86.085917529017067 99.365398327659364 99.031559720205053 103.23888832900322 107.34478081555923 102.8591359208399 100.9064052937852 100.20185738643818 85.416523424344604 116.88899283987951 109.46677481822502 94.250743141472611 103.65140830403571 109.40649149258329 103.92361173984192 100.28718345510033 87.045053764665496 110.78280983121208 110.35683855972404 112.04614769049149 100.22702879942875 108.22743862020506 105.17384299847174 110.31777619350031 109.9385821714091 109.27107943455751 111.43651967112037 112.10601053721263 112.58385031468131 111.7687817790827 104.06585979080796 113.10994462785933 113.41173727318439 109.62410398133206 110.92484948648354 111.46666610704638 110.63480015417856 112.19033518230968 113.21184802428563 109.18464147811109 113.29080664048212 119.1633118964205 110.3269876109058 108.78884567336904 110.99894177023589 109.59723420726975 109.9355402720642 112.86862957102221 110.93058566468403 119.44050385764058 142.20807043963703 138.30394062974079 109.66563292900217 133.12684398909747 110.23943084017517 112.18598505460359 112.16941289780803 138.05782075821512 136.03613291410619 135.30305341949395 133.98426571400464 134.92732653593353 133.20827112337767 131.21784492474131 122.00454239259729 135.86420248163483 137.01042173468286 134.72254338116878 134.50628230926321 134.32273739171387 133.78497590125122 135.82873260613565 138.61614153922008 135.13997839422538 137.20123594259314 135.46700112711883 133.79216425074625 129.93786494599348 130.93483796728103 137.48311626852359 138.86924505887467 134.55593266479121 135.2915433722867 133.34790268340538 130.3830961901312 128.30680915282886 127.12616447575579 136.088422179764 136.62804815482522 136.36389829384174 132.27142385243778 134.16587296679839 129.07445876650161 127.61143945176329 138.11427659920676 140.03273793903639 139.89983466931633 151.72274685953246 132.16643041191827 133.31125585458287 139.03289367375297 140.6237018811207 147.81028646313916 140.24226404555495 151.68354610159577 138.91760780900358 127.99779276336155 131.5120635790494 147.74056210588671 148.61868380282533 145.06660998191958 150.2464735476737 150.60473875065654 138.17370250712585 129.22914821047448 148.80940721081637 148.00586429551103 149.71708997770943 148.82200873756938 142.47333530003809 124.51353205105264 151.91553022898461 151.91783917192922 141.05282824201089 154.39990441682838 150.72645934469966 148.26826551763679 152.15518249595712 153.18895412835147 152.10571342501908 149.15741887450127 150.30213015856449 150.59217420650404 151.66981805626082 149.77368333826638 149.7930104298789 151.95650388301451 151.21513462330361 152.31549941245368 150.71372053565801 151.55954328642798 151.71459053908399 151.40567185413192 152.84568062386722 149.26848862882164 149.1540473561088 155.57323210812027 153.19647897246929 152.76214463677226 152.7342275375423 152.49335261083579 152.5350183556954 153.59761385193119 154.78476368760462 153.66402361800496 153.73002640700426 153.62134223141976 154.08748681722034 153.09792173560226 154.63003460282428 154.78846856568552 155.92441676716078 154.14132803011628 154.76759892460942 154.96821344125365 155.09990893010803 153.86294909705401 155.71859717136641 154.26072821596398 156.75724664572789 155.30971323246669 156.0057777488307 155.82738192704215 158.81982260503111 156.54458160140354 157.20818255672839 152.91511944932722 156.73459066553897 155.86236374744018 157.00739748221932 156.84796844032692 157.8271803931425 158.30437371186179 157.60879078858216 156.7082185615329
