# Created by Octave 5.2.0, Fri Apr 02 16:08:07 2021 CEST <br1@br1>
# name: ptcls
# type: scalar struct
# ndims: 2
 1 1
# length: 2
# name: x
# type: matrix
# rows: 2
# columns: 320
 193.1518782100905 75.606937111265154 76.551291496709354 50.741045597530515 80.757620866251969 106.95185234965314 25.527727980106441 58.356555217965116 39.40579808506142 115.00947945334765 80.486061337752261 77.121409964815129 99.191653645458132 105.8961683206642 104.73130321070342 109.42471950766658 17.819520840539319 57.655869404580926 77.662977114934435 79.187084137263597 79.315033995397343 156.03608466502547 106.04515876741836 157.89608011512379 154.71399214544707 141.91030734949572 155.46370175536063 155.13811729512855 164.05728288450442 158.84822326206239 153.66574655277992 157.43577101416386 155.93484632735047 148.08597548337281 161.72354733135799 155.52659266005648 157.60308137746637 160.87633105238334 159.97738904194219 156.75227516700403 159.71657095212265 160.67372736944023 154.96823828648607 164.34133461931037 156.57633524860321 169.64294127692361 176.85975951035471 176.25872120721445 158.61841154236572 154.77118575060956 145.52105223469181 158.93794902645399 161.0549738368702 157.88279614320612 177.95854841880853 181.29124797932545 159.0174037577745 165.07000142469357 181.04517316781582 183.39623766825761 177.50014295917464 179.28821105455899 178.94122550616888 177.37831088082839 66.867112196136731 67.47210677375233 66.77910271721727 37.578502924892149 67.074331492704133 66.230727127812756 69.359471586541858 28.55641392650881 68.271696310964387 68.451849296549653 68.003824230793938 67.133996760052341 69.489975448495784 67.029510778059503 67.802630674520557 67.932777710436213 76.197734746289782 73.835257202346568 69.680559654526988 68.817801576460894 69.319432769741852 67.426102930454903 70.664705960157377 68.573153448724938 77.621778168766937 74.635512733046852 73.537985900036674 69.344996655112837 70.425551293477923 70.042739239424293 70.268637407659511 70.704331157834005 104.37051471320818 47.201691294083417 75.37904821446584 70.417272174414236 71.221627352592819 69.302856749263441 71.977821810115273 68.207654704085982 78.210620615267459 80.557799274792146 77.637037588940998 71.598756645301449 72.489266587251365 72.916966171213886 71.403046173747569 73.932873784998506 78.409951384986499 86.849810801902294 78.828521064318792 75.946468883132823 71.625281318082301 75.15243654059023 92.165144918721097 71.780803734670926 59.863053880029213 81.961299118128679 76.596472436269465 77.394553473788918 74.684221143238815 72.963533399649165 73.860107648221586 74.802094752380995 116.84718957951505 77.044814219094889 76.915347298261224 79.829475576405429 75.479676571413052 73.62581471571356 75.89014921088598 39.920751316538947 72.45796516341268 72.990510224498792 81.756294073113381 97.434185751594015 79.568559138558186 77.027126402474025 74.265961917883359 29.645486758895778 121.07678746534771 124.21721567662898 35.582788104338988 79.869164044755379 78.203017835291632 79.688767575628077 76.245885567285598 39.333411540364573 237.45408462247877 129.2028330618285 149.27104913569826 73.674823804947778 77.696924599658075 80.891927291691729 106.99580287079598 19.0617888916975 129.47952543028862 116.62129306506912 96.677631393876055 95.177919127582925 59.517042545527922 81.910946171927066 38.600542086755496 60.548533387349593 123.21505106017257 126.92015606017627 118.78942830531322 62.131604583704245 18.829538735151157 20.091752521246374 88.306320930617829 60.900176682381527 119.71662456812935 102.05838419234352 89.915451855725905 61.534606192543251 94.120169444529935 126.77868623040249 123.822950161205 83.880349008017205 91.519118906433533 176.98199734925325 146.57448046222169 60.433132992426906 168.90465612649177 38.313667693516209 39.358103144294489 61.628913728037588 146.61043655974913 149.33921968299717 187.85896993119877 179.10384081407145 178.39588869282537 157.79647527501544 126.15988891212372 125.81947827556476 137.22064586644993 138.1804322695366 154.88889355637096 177.45692319734979 168.20616120456449 155.19529261984601 155.95317481726784 157.57596247364069 120.67497333590777 131.10845063001923 159.90800663490651 166.82606704026026 159.79252956870826 116.16051461195903 156.40206938779667 158.51261381679049 166.26127952968261 115.02580879360984 160.6045745602338 122.4491426526999 121.55319203122302 128.51456307146185 158.76309768230732 154.54390704315998 115.16924507807958 120.33254691022054 160.85934308946312 117.26120546056593 234.24129470749585 157.17913325472065 161.11373263018902 156.64774077599358 192.06524281247985 113.01158383664325 161.6051498443307 155.6255658272369 159.87141981866668 173.60167849399275 171.38073449867625 179.05316427863238 148.04796528593801 85.25974702359477 128.94977404135349 175.74662284799004 175.36979368453277 159.16814200044425 176.37411033174487 178.05249988769816 147.37821283674486 121.59414918975015 174.67533333985156 176.9601195341599 176.33855810166909 175.09424127919249 156.21485852640265 104.28550301607856 199.91840182981773 187.97991445430324 103.7762910713119 185.06698306394301 177.01664974813087 175.71884475709183 178.54188739334535 181.25992247720163 167.22839628624172 167.87049148488222 157.68413205198732 179.213199118652 179.67217921348794 175.04827462358116 175.17102378692246 179.01020841891659 175.78190304731854 181.48072070407298 180.22531862165576 176.66113313852065 178.23094140138684 178.47056689259259 180.25395730644598 174.55803521470156 177.49092391152652 185.82876042434268 186.20251835388456 183.29057194889108 182.05388047126993 182.08282418113305 180.29754631414463 179.61120054184514 184.69577698866752 183.68703086637427 182.45717628583913 181.33527542643276 180.2004676646865 179.57732402445694 182.21294732656742 183.90641673084804 184.7717288567743 183.68863799770361 181.73565316218321 180.62227900908655 180.41093828138122 180.18222879773595 183.36440851777053 182.30602213904814 186.87888254622732 184.63142933399197 182.7739548541748 182.4717522676784 185.68302589803827 183.57598103135956 181.72922028340929 172.2195632951217 184.78624395587624 184.74567301189603 183.55630553754042 181.22938671286724 185.69705765623016 184.65287999863199 182.95801207653184 186.71083530993491
