# Created by Octave 5.2.0, Fri Apr 02 16:03:58 2021 CEST <br1@br1>
# name: ptcls
# type: scalar struct
# ndims: 2
 1 1
# length: 2
# name: x
# type: matrix
# rows: 2
# columns: 320
 124.73480372934159 108.03158835429129 105.7232849768059 101.1635669521071 111.18135048384518 115.80121686456636 96.656787798995524 105.00323137281217 117.71160269186463 116.10266018685196 110.68346669473216 107.04147787188123 115.07600581865067 115.53567543109409 116.30945605785794 115.089537337462 119.3369326049492 118.49215180649429 109.64480586133327 108.49802154418265 111.6431611676952 135.33827076986071 114.27083096249875 134.71673503755338 130.96549001910631 124.34096592367493 133.70158156925407 130.98478490808037 137.15614014347389 138.4662782491985 134.39992300942546 136.30481352418531 131.41972131215834 122.47163282388931 131.31974071798206 132.1847493265156 132.9724849637486 135.51743033104495 138.68620200565505 138.46516099826914 132.45978099618463 134.85558125436012 133.53436022576051 133.93987930748446 133.46820450419975 137.57922009343173 146.85821036766839 145.34446935244839 135.15268674547463 133.35727381679453 134.52835377696101 134.47460378480875 135.6131938078907 136.38057391070421 147.22440070958137 146.81061341860885 137.1619227357603 135.47381775363846 144.77744755299324 146.15066999979683 144.79666853844435 145.7508159201588 145.63400873238413 145.83763377905211 99.673526751738137 100.61684746148487 98.480450737715472 92.139301443276537 97.55101083397706 95.492115075499783 96.53021814933453 74.101819555902011 101.70637691272047 100.8550877605589 99.298875006975109 98.313695515243083 98.572668353686907 97.510588530843776 97.873430771651044 96.623471711080498 104.01993473378357 101.86897631882857 100.41466501657158 99.422484731488908 99.452826946388399 98.602899693222056 98.880792417141507 97.466458204197878 102.91754688283042 102.50794511556629 101.42004730216101 100.43040953738517 100.58209131956136 99.686504993845531 99.674046560628867 98.627767234836753 106.94770889964092 107.15151092434002 103.6167179457933 101.37776839394407 100.59768099215152 100.66744908605574 101.62806489136564 99.745017893941039 108.13010387180888 108.75524784079015 106.02850859708198 101.6557325221717 102.80126728764749 102.59942658115342 101.65843504806952 102.77585934649252 108.7726055366801 107.50340123655818 113.22295486300487 104.67582242733938 102.29727267600957 103.52314366286443 104.5333752391152 102.62874933745323 107.81262419258083 109.1217378638826 108.37133091905903 105.67622551783398 103.3644973679791 103.64990346713716 104.60325165784131 106.6523759154252 108.60292654119172 109.44434591054507 107.55304288055792 112.45829084871902 104.41698980765339 103.74292801841572 107.60187977645836 96.237941453348583 105.52857766533349 104.53709975774755 107.1830785707248 113.94306952455838 109.85376590131968 106.54338640552898 105.13696738741359 96.727832269167919 112.68591181246779 110.44451684526231 105.95069321137242 107.52266678345121 112.6917726585062 109.62923747030918 105.49773718032534 97.715872678595147 111.98655346913952 110.93581920757597 113.01368116776263 104.88129533682853 111.67403416288053 109.49491672936364 113.61371640707283 118.29197444951599 109.63635561806366 111.6079618169187 112.61185132518615 113.87324658967806 114.54974159851383 108.57988355683142 121.53492043378188 120.50448913589825 109.28259402611974 111.73046580944983 112.85271335468327 113.91183432247927 115.10988762472368 116.19959956299883 115.84203132337136 119.76208016168496 120.3193204531631 112.06686717421218 113.21236628283718 114.32121973006413 114.24902870532041 115.21326906227776 115.58543258958204 116.41660399813694 120.91772628804452 135.3452268027803 135.54009167409635 115.40593403449064 130.07956143009201 117.14512880375473 118.44253139103803 117.33730896789731 134.57207556488839 133.30765611486657 131.89868422849526 130.56933048181446 132.46651606775126 129.45325031406858 127.88428746073674 123.59455036524464 131.52177487555528 135.46854499847734 131.46152643238821 130.3301815336803 132.57988321155793 131.38406511800852 132.33178776872626 132.09013870458057 136.13970648260465 135.2881230301019 133.56800138090168 131.42043480361357 129.76172775045319 130.70880326675777 132.57214834623309 135.89404887721415 134.48788618204389 133.48791579635284 133.42124856537993 130.49658950224446 127.79038666632614 128.97714450792148 133.31691908902278 134.53917420865181 134.49457994145777 131.77006343570525 132.3995833184282 128.36567102823869 128.8442681602892 135.93040732921165 137.63805830574006 136.33797220633346 143.54060683527271 132.44036876691069 131.46322515165269 137.23446222978703 137.54406647194537 142.62757758730865 136.5553005681995 145.72779742418038 137.22661804908651 130.10466562218508 130.98380985678261 142.6073901018143 143.5855308564083 142.18003091859032 144.49110793443097 144.35479042581932 136.27395027186995 129.427097739571 143.55484272125312 144.3427441233766 145.31254458913122 143.42533285904361 139.64818946275247 128.61611822152472 146.25077878589502 145.34969770079678 142.61473906213465 145.05561933652237 146.18382122368456 143.36692204024612 146.76900956931263 147.40225104828383 144.11181277375076 145.98339278606505 143.40052278638447 145.59859434875489 145.49350347399485 144.41054143548476 144.3438103084153 148.33509073076081 145.46296828342534 146.68297636983593 146.46199624331723 147.19830292611934 146.84717611414115 145.54234722302976 146.07809663058995 143.04551917655257 142.94040479726908 147.69488301836071 147.67650128048203 147.83979719121245 147.65006375530729 146.73745624171463 146.8163960213908 147.88194888512177 148.88792005564829 148.3134447616433 149.24174861183462 148.81939506494453 148.50663616609907 147.3402971769392 148.98696590622845 148.75345398405446 150.82975074655459 149.61438854150626 150.05476493819523 149.62365481318429 149.27303622921301 148.17877970886107 150.14027334689257 149.57219563304375 151.42519783699365 150.17051979096024 150.83677760087232 150.39951218784262 152.43714332639692 151.19265248982725 150.84885799273547 148.76806265727436 152.02428073127484 151.11603484674032 152.06870004786779 151.49079513532936 152.49029595977251 153.89413578433874 152.05966127342174 149.78283876202434
