# Created by Octave 5.2.0, Fri Apr 02 16:04:49 2021 CEST <br1@br1>
# name: ptcls
# type: scalar struct
# ndims: 2
 1 1
# length: 2
# name: x
# type: matrix
# rows: 2
# columns: 320
 130.50617337512574 102.09662886043941 99.657045784945836 91.126296893233544 103.96389543638546 111.46295327011964 83.820846676912922 95.717593262361788 110.04833037638858 113.45076491077806 103.60131751204896 100.74688041626793 111.8776730374266 111.70495792147727 110.95741487641021 110.40707433539906 109.22447547601416 111.10175332806399 105.15056778196902 105.01197394872543 104.94843378831021 138.42749136376699 112.02258147336096 139.0847922189464 139.37900917241987 125.14692716763375 139.24408948171558 135.79282531299629 140.94543014146132 142.24038893690587 137.91922972056429 142.1260443340885 136.18841320791287 120.71781389974964 140.33305018198556 138.04653101015808 139.16170938869627 139.76458603240778 141.86037800842522 143.75423416056461 139.52999409582773 141.34119477446623 135.94666465875173 140.20964766503357 137.29618599638872 143.30569797780245 152.8512031332659 150.90837361198174 139.90431888033535 138.33673847105371 137.89766796884336 139.11093876868398 141.96411100594364 140.24261295180364 151.68206357473355 153.93421467493266 141.0350042681165 141.7789958989743 153.00416092214405 150.61144993667011 150.39593898243695 152.13510119182101 151.53349700580131 151.7910783428762 90.428831873029836 92.4279404550213 91.429111172675732 81.27825255788386 90.499651710119267 90.602881955449959 88.284729132138082 53.666339822870029 95.42290471003497 94.633952628451794 92.686099339217606 91.623691991968315 93.005410327237385 91.940255266352949 91.9386459531882 89.426939520348768 98.292586785667254 96.518755320650115 95.687361826419718 93.768187786303912 94.128986113803691 93.083584433938668 93.568875503395049 92.39130965250304 96.51438090296368 97.771205169072829 96.651663938452913 94.86395558592848 95.086525881935373 94.239938774015442 94.162353404630707 93.034896312594114 102.20790845583255 102.20598284227361 97.410591295974996 95.899661922013223 95.249176725371157 95.28573721846854 96.3756304668659 95.284971934022622 100.94300850960066 103.82261331208755 100.47216838015459 96.163356974186172 97.33388373517559 96.298071317422469 97.651159285283143 98.488933869900109 101.0041808195907 101.62689489142153 106.7988964398326 98.524970629642752 97.038741522753597 99.512437697484714 108.40174776588303 97.37925894779633 104.07690334705687 104.49992001009457 102.55348413635842 99.327176893077123 97.84943991903566 98.566010358598973 99.974919473032998 100.32616068628776 108.7033458247632 103.04272495482915 101.76264631056115 104.94355815166843 98.710861021620346 98.138907839713895 100.6584335012664 84.319608589642158 97.858252921641466 99.005322027549909 101.49212422086559 107.25543932995443 101.98537543883819 99.622307041820463 99.205714837235647 83.374203771807061 118.2217004744362 109.05163614347133 92.102339154197296 103.02013236927945 107.52776199269216 102.76231366866202 99.644092185614241 85.478482863485041 110.56326283200042 110.04991383740892 112.39078049588217 98.84911911075632 106.51332916718391 104.12268213436879 109.72267587716082 108.13494621541803 108.91796169565433 111.33125649778182 111.79281666283356 111.97785214282975 111.67662858081069 103.19282006150692 110.67182585614806 111.81388858529354 109.37430310856111 110.65865257110364 110.97791366285215 110.44847909135538 112.49849910113545 112.20981093157887 107.81303853426216 111.48967357171385 118.63630425540353 109.87712380262298 108.67103589428943 110.71967536927221 109.36036176314251 109.64052270029268 112.74217344621586 110.17535523642235 119.49206701486723 143.4471949851806 138.41930164099173 109.19112335393358 133.67368159358873 109.05621497709429 110.63510530268412 111.36212944210864 138.36051252919037 136.31171547351803 135.67308154852 134.83015143875568 135.38633173376854 133.63819414563605 131.81973724463103 121.37887009444118 136.18570347822083 137.2269526843869 135.60659659247892 134.76677870653148 134.28178697014764 134.29306435856955 136.8714944339697 139.05550599585493 135.68724697039747 137.32441899279991 135.39636481056488 134.58976344614851 130.05788854996879 131.10772844952652 137.43069568137363 140.42239585727495 134.61966900519744 135.50965230593275 133.47088608401023 130.79857126857365 128.26401089455206 127.31233644742755 138.45273659793378 136.94885370524645 135.58684454321258 132.70519678353403 134.42296902132247 128.98857107022798 128.71083976665798 137.89416048545627 139.73446340176659 140.545022262825 153.20007769724603 132.50215361480835 133.22987911662446 139.03255299251691 140.62903799802626 148.91337496495572 141.3519409364427 152.68665548602206 139.20179688237135 128.01010887575316 131.38939004381086 148.87975221196979 149.96351594346112 145.58300411217542 151.21967081180728 151.91525735408615 138.53784184955325 129.37469311564263 150.11049434689235 148.84736295567953 151.04394483600683 149.73887055687564 143.0746644592453 123.77278732582823 153.36244443331867 152.67964174377408 139.6877719512529 155.27695809487406 151.56792033115755 149.49743974624846 152.89849576173938 154.24927685019929 153.18924938392061 149.7305069182467 150.92713168794054 151.62481458864653 152.56522343510593 150.79749055219594 150.24559150878426 152.72859347988071 152.38753448084958 153.52604499629135 151.84407716041784 152.62528397691676 152.82732373684735 152.29412159111027 153.78520626192463 150.75641060788192 149.81624496717407 156.33400949935935 154.2731316411982 153.76771470888082 153.95828836960848 153.36862379751466 153.39360275098386 154.61204544541488 155.64718826896768 154.54139119520556 155.13225057245722 154.48735217178361 155.49320300810007 154.16094582622782 155.68261339004479 155.2740051852831 156.68479092418556 154.85777347116789 156.3695938039163 155.59773114903271 156.13386066655787 154.93477623479441 156.76217640867398 154.97281078468259 158.25347642009126 155.96997088310152 157.15176991785214 156.3285314413115 160.04335037123502 157.21065297494309 158.45136803292203 153.75873494398706 157.67514136742975 157.18547649313692 158.12278186998944 157.69741288534425 159.05868550624163 159.45570459568168 158.67000782407598 158.27860611179187
