# Created by Octave 5.2.0, Fri Apr 02 16:05:31 2021 CEST <br1@br1>
# name: ptcls
# type: scalar struct
# ndims: 2
 1 1
# length: 2
# name: x
# type: matrix
# rows: 2
# columns: 320
 135.05537062533745 96.907127845250301 95.3375592913209 83.214566376239091 99.748723615387206 109.93809753485277 74.485155018291664 88.398325575300902 104.35718466434528 111.36044745787275 100.09992918153031 96.190322210223513 109.38297707114864 110.43649825327995 108.81685345920447 110.1590859646049 103.54567118954617 105.99900607299502 99.82300640757569 100.61723831558166 101.62363169414152 143.20424274512388 109.17684852459567 142.38814179410357 140.70853940518955 125.78221426581305 142.21923405706502 139.58269245569471 145.73423561988565 146.29346913198006 141.02434760890921 148.65267919055407 138.64239749917948 118.83289469282883 145.43359989984449 142.38478355227443 143.31767918720783 144.28542738781064 145.19827652809838 146.25902754184747 144.63910685328227 146.34348744084954 139.96699254360607 145.29348329575629 142.19404833187588 146.94019476127704 156.60811987405458 155.7216797498719 143.1492086607135 141.05546330614473 140.04227761832985 144.26534600226228 144.18909083218151 142.54362222421247 156.67527973520981 157.61477763934144 143.70966302147318 146.35953281133203 158.98529392482519 155.87865300854381 154.85539613106212 157.12596927236157 157.2078522091584 156.32721028210574 85.166050801792906 87.321361959664827 85.240774258698721 72.717190495280221 86.125134970865261 84.779519515236117 84.193487289094421 37.558373445065996 88.685046353571437 88.538815236880936 87.640509976299811 86.366861307025957 87.963520615189097 87.246994507001375 87.101907384600068 83.68275483409154 94.266229783839236 92.162924200576768 91.296826827421484 88.45415033611458 89.461136673124031 88.459770595158659 89.669986396471216 87.684458447122211 94.58769267452108 93.217787479720442 92.340027741414218 90.348708303920191 90.424282137163488 89.262999400575751 89.722240393430368 88.657128788272189 104.51667326831468 97.559606512849314 93.228233248691367 91.438240422344975 90.620061018690564 90.930022558937381 90.642305227944235 92.012423859682841 98.152507925289711 97.393205363582837 96.216354746951538 91.457714581222589 92.674243194875672 91.636654791728446 91.766412378935001 93.975015537160814 96.355298282300794 97.824097082558268 99.929805581741618 94.195582897526904 92.477767219457846 94.79984776729782 105.67258679852023 92.93541246718074 97.66937869118199 98.437262934806796 99.385134308082243 95.527421128288211 93.350457526270176 93.697391515980485 95.110677144492854 96.48408242806741 110.8454227198965 98.101735843589168 97.238492693118289 99.660900067747505 94.424845265324365 93.498773270600807 96.496344093126652 74.437267825309149 93.203391567781978 94.283253411076274 96.28113134979894 104.43073966386955 99.132549644053555 95.14568808565636 94.582453140659837 72.848402485652031 125.09027059099765 108.42841780234161 81.029795527470668 97.6047685204191 98.935826365866802 100.52195473835454 95.518079721214434 75.538380290436379 111.56369109484197 109.42001730398692 110.88176683920936 93.221693946309102 98.484163059486988 98.699828040286206 106.65562040064195 102.03581764800209 109.88916795618616 110.20668716614803 109.7807911152687 108.14144514212651 108.09419820995494 98.649697534958833 102.83037828084144 104.55942120773742 110.52976171479541 108.99931653550497 108.59050517280482 107.354847976716 104.4826986723662 105.37267568767956 103.93543271137185 105.85260606001579 117.85589448088675 107.82202068493719 105.19757417708378 107.00388591623253 106.6604400393917 106.3870374531292 109.31164196086149 105.89467729985816 117.82210906523339 149.83345225836672 137.26208695133656 105.25304321552709 137.12491584718418 103.20628665294362 104.03483367411665 106.94401621489733 138.51311193329488 136.90969107501917 142.81786980176258 137.39692859883246 136.32001115166864 136.35512875304707 134.92179766252417 120.13488993593637 137.6210995944692 138.80655531280655 137.33149125577057 139.5825409736795 135.59256143528532 137.8765426480584 139.57710643306422 141.79743798648707 134.60654316191793 137.62077144569409 136.39821345927564 136.70681595256903 130.63851784800741 133.64718314114407 140.76653374660052 143.97492867930836 135.84531361513845 135.17810113939279 134.13276816792484 132.26113810088933 129.4031129787972 128.55231126166771 143.28935360231836 138.41042837963022 132.49544618494079 133.36427816290541 135.31547489799763 130.57713529944002 130.31714062968021 141.45918632434262 142.47419894819498 142.93416725686976 160.81401355315441 132.80540221344432 134.72341791943524 141.78343567471936 144.65360292351198 152.75548997074822 147.95161926100104 158.04234453054025 140.25553661219357 129.62546089704315 130.69618085053304 152.08349617342205 153.9547292078106 148.24442001426317 156.8980142472353 157.96821029209838 140.82548703190574 131.56219383031416 153.07380653475551 153.71430979752657 156.26391805824241 151.9061602439441 147.26969428716197 119.95510297274862 158.21134009327434 159.21413254566406 132.65248183734633 161.79076930662018 157.42032940551778 155.99653711573313 157.40031684707537 158.51045234310882 156.98420992527133 152.6841145283193 155.71887067103484 155.40088666803717 158.34036251957008 154.75848123471232 156.49599794784535 157.72610243490092 155.78303838790336 158.96546853061639 158.26747488006177 156.87178858610099 157.44426755300435 157.37238615023864 159.23489920306963 156.98782807381104 154.37292444922878 162.204449749313 161.14250965692349 159.24377750431594 159.56320789847652 158.71863832659901 158.1795737869941 159.40882158668401 161.2223686728035 160.16969499670978 160.61053425992645 159.80551044358035 161.13970692761788 160.07085444755492 160.4062105077883 163.37264574963621 162.26521931473366 160.42480152854827 161.81031880945602 160.82111628019726 161.44183679920798 160.20531340915787 164.38212686303041 158.60962072726903 163.77418999304405 161.37395117115778 162.90144350875389 162.00667038294537 164.42810622959684 163.16855513692721 163.45341930206857 157.37532997184093 164.06996494508846 162.63542802656323 164.01547110277127 162.24790714354731 163.31726273521278 164.16459038214072 163.06976004844162 164.4957007054451
