# Created by Octave 5.2.0, Fri Apr 02 16:08:04 2021 CEST <br1@br1>
# name: ptcls
# type: scalar struct
# ndims: 2
 1 1
# length: 2
# name: x
# type: matrix
# rows: 2
# columns: 320
 191.9383100248611 76.071668545461193 77.016847221743632 51.449558778156884 81.366166195899027 107.04609484687654 27.390910815364229 59.012012025761187 40.613465208248094 115.18978143126937 81.154875704793241 77.534493169096038 99.414009792927743 106.07593932115188 105.00922139796667 109.42308288824633 19.330803538354576 59.00044146684138 78.194298265403233 79.46564767384649 79.770963566069483 155.74678425542459 106.12161367944259 157.81038146537378 154.63878216096671 141.80521886213933 155.12448864409509 154.79872620772272 163.52102238118428 157.99384150020146 152.76187815918382 156.88860476519403 155.50382384221029 146.51289739031375 161.63221129342116 154.77364965443266 156.95900616473219 160.55406078583948 159.76371038612828 156.61536537122595 159.58669111574767 160.38334369965168 154.31193930219794 163.64383112430585 156.11870255604779 169.13410550594327 176.40841673800543 176.03396330590746 158.07696967503912 154.34523950646164 145.35236275066819 158.99604970240975 160.5754206953535 157.61514828640426 177.65713384699535 180.82146742439423 158.81254369546073 164.67119478222193 180.43765694158711 182.72310876730043 177.24376230474149 178.72524418434429 178.28039116059566 177.01454246090117 67.187387920381582 67.612967052742817 66.825274144904427 38.345165199155161 67.746174641617557 66.965605468073832 69.713162256535085 27.113909474765379 68.836398930310196 68.927968969812383 68.34497138678887 67.695716628526739 70.014598432660307 67.294818900285577 68.145237696140384 68.078367944379806 76.577143242740078 74.354875162855038 69.912237552530485 69.36048904767388 69.730317154913834 68.018803016641783 71.170122521609144 69.224198528686202 78.121258757436138 75.116057459014726 73.894504681539459 69.864901921142362 70.977960336520326 70.538624820205513 70.784888939199647 71.09034244693548 104.08465942949636 49.061943347203908 75.450802143656389 71.245483656431219 71.713257035552843 69.988561344898343 72.457965419348952 68.823388571478731 78.829557137399618 81.058621280538375 77.741598502370692 72.068546178682169 72.895354080587694 73.109543110569646 71.888475306721389 74.364786664256883 78.829388963592976 86.598903808670428 79.24704724530207 76.169166161419312 72.603128787648885 75.57352749625214 92.459852741553078 72.182293883586297 61.275710473815252 82.356783882753192 76.74471739700391 77.775988195650257 75.074610615414187 73.781876063762283 73.939795189493935 75.244759031217541 117.12289532967306 77.429854266396092 77.619025311781982 79.908749117666858 75.890205796402327 73.864173079379825 76.376826094072925 40.180916044753573 73.231264579277592 73.099315939436636 82.136219277364745 97.513433221174267 80.268082656173675 77.26025860987788 74.823622383935188 30.588095829297934 121.4659634517357 124.0038876281241 36.574359175389134 80.056552401362097 78.677312046126275 80.312535410194499 76.65975356933771 39.82124024519095 234.34885000082812 129.14356358057259 148.37721719529475 74.136392268304434 77.94380325228579 81.155377206491337 106.9090795598477 20.736498877235821 129.41460209122417 116.85497771394054 97.847013674746705 96.195315995005558 60.514546535195521 81.606832036260954 40.460730742214452 61.725702936721994 122.60460281185134 126.45249413236647 119.41243803124341 63.268102374223645 21.020669739173957 22.39736558221103 88.664726993729658 62.082033726009861 119.46126365221781 102.31747945183072 90.534310059507277 62.578090522922913 94.347618194361971 126.30794374061273 123.52409919504359 84.542450894002101 91.351120007153014 176.21229043953687 146.49654255351899 61.044373886140527 168.06177971728275 39.684901239467102 41.000319471280918 62.843934462399503 145.60530720417071 148.9163379749458 186.81368152519619 177.55069514627115 177.11544889930778 157.18151715414371 125.55225922006507 125.91155408684656 136.99727846711812 138.16976040707976 154.55776007517855 176.37752267110884 167.35063986198014 154.62466337578945 155.76524290694721 157.25316181251964 121.64145196097996 130.59175157590781 159.40790574856939 165.72037915113299 158.97469327276315 116.42549166937677 156.54690234416907 157.98270855865286 165.2288065344602 115.93011219801029 159.91914491806261 122.71771158625174 121.72471338265611 127.9064651495984 158.67173546782348 154.23018325262126 115.74969601541964 120.81211832699013 159.98007390477832 117.58327985039922 231.30373814381721 156.91016926459608 161.4532637752493 156.52918129299738 191.38339781045821 113.93887584515222 160.94337628143583 155.41564803802436 159.51704927145218 173.03838992066514 170.89529419687472 178.58795627551879 147.89627686983434 86.421168070488505 128.95529045781674 175.22597482052649 174.71829768834039 158.92980624801848 175.85975862874338 177.54878387111273 147.19645283969416 122.39318625431625 174.01053964770094 176.30071726010922 175.80086081332712 174.84481761945491 155.68472490405651 104.62738519695137 198.16812284393617 187.07254167465061 104.40631705166174 184.30698227417983 176.9091592725137 175.29413163512049 178.1427153303047 180.75243435831979 167.08185752706072 167.02143913990199 159.11982332384872 178.4960479856374 179.34705624978011 174.46751657674724 175.13672450968113 178.33482277521674 175.87026744498738 181.41555624403426 179.30113539207943 176.22785880591587 177.37729236028997 177.87576228498048 179.88422045725576 173.83737857654955 176.84490409761901 185.15522558974308 185.3667009581286 182.51530246204936 181.158929366807 181.70253006409473 179.65438645655459 179.25405985021823 184.34693833055624 182.92768977427824 182.17456247751232 181.11088207857375 179.616811186597 178.98518766154206 181.90686932916176 183.68161783316123 184.14083748069922 183.30204991441474 181.30363268402093 180.19978877816641 180.19504427199882 179.65548588733233 182.98485671846217 181.86011711737333 186.25174410396187 184.47529391906207 182.92268634929218 181.94963780494919 185.68437639791597 183.15890741561878 181.27717329686851 171.89568911352285 184.17148419443444 183.93002127517948 183.07029843300538 180.73580106951465 185.26325736710086 184.38645582512513 182.36538455274814 186.78115612489677
