# Created by Octave 5.2.0, Fri Apr 02 16:02:55 2021 CEST <br1@br1>
# name: ptcls
# type: scalar struct
# ndims: 2
 1 1
# length: 2
# name: x
# type: matrix
# rows: 2
# columns: 320
 121.69755235480748 114.86995025195858 113.26521277671625 113.44474077924529 118.00198680943232 119.38226360849451 112.845974875659 116.36448270795145 122.15113502910066 118.92846424848739 118.21420180781517 115.99800305946921 118.78885619013872 120.22684237151142 119.74236153079694 121.52302576126156 123.94282934551494 122.64195992790768 119.20263019253679 118.32196078269256 119.03210118952532 127.0205009270741 121.35331608154694 128.00583638682312 126.1500627045685 123.35484863694884 126.70542966670422 124.53532450118111 125.96186211587005 129.82165788826589 128.06983310542765 128.76929133367997 126.74531117020797 125.71969123630781 126.76110358242805 125.80037840120775 126.94117029949871 130.8437308206077 130.20228107645983 129.24624532019391 127.72314080508303 127.23143483804726 128.08933696862255 127.87380965555057 128.40183193254813 130.24225875813639 133.31258961177275 132.20525359085283 130.38342832607287 128.88159716246918 128.64406770846284 129.1954995945091 131.15065340751866 129.95166582004239 133.41249550895986 135.54381259078042 131.989985892563 132.28437594506775 137.37427692009661 133.71451267985762 134.38509630273813 134.86067095822605 134.38700019960984 135.37918706114826 108.12022481301497 107.24359563651876 106.4205846822003 104.13019932774043 104.95010085848109 104.16464269959157 104.28946131227622 99.105230052784464 108.16456634029501 107.29189701898294 106.31423229010305 105.45050843543591 105.94236612761628 105.0987633524206 105.47460509702249 104.44373292704402 109.48337629431154 108.32388205894809 107.3678069338259 106.39999650027677 106.97853879365108 106.2626069893841 106.62577229539372 105.65949032506543 109.21653796193954 109.60498870520797 108.72763396410269 107.85313155235244 108.26509053960665 107.38736066153065 107.71033199213352 106.74885342117744 110.20635215655831 112.03383359268605 110.6895122399287 109.08039952548658 109.33142323073658 108.41956246543579 108.83426623819361 107.8700961087293 112.24439391242443 112.16178396843848 112.03571175356886 110.07104077955155 111.14353548550601 110.26980671995456 110.25346752810779 109.54335324639477 113.58968403564333 113.09722867621369 113.04947592262013 111.54710802784588 111.10173244696298 111.12626841600753 111.22833902179163 110.58900661609044 114.46225178580674 114.85313522084525 114.18811829727092 113.14063544985447 112.22736961505346 112.10727099111048 112.22392105193295 112.21418585647247 113.317105646573 114.76423480229055 115.64335140419342 114.46947744547705 113.28182078412163 112.84204093090491 112.76065851961393 112.07400172815611 112.87667796554086 114.39080024543505 115.35550140416348 115.46381038255169 117.42819000183302 113.96656451385701 113.12362727170104 113.71904565451345 116.30525912972433 115.15817893394062 113.73579004468013 115.52053997187545 116.27977566890749 114.38523626971075 113.84699238360369 110.29807911631205 115.6411165591777 115.71927456369286 117.35387620490867 115.49873462860002 116.39555252765814 117.38550518421521 119.66287646032222 120.54162371094266 116.91061845210021 116.96111457950127 118.13309866602648 118.29430470128429 119.42558461398771 116.6236214282854 120.95921373854111 121.53868012584331 117.63259498655589 117.85304116179458 118.9555777624133 119.09721042015147 120.15528955396444 120.93441998929902 122.59617368094575 120.7872194607027 122.67501964184777 118.57762372119994 119.5942960502307 119.95445182611981 121.73980445202562 122.11070115995409 122.51864224573136 122.02562613348209 122.36558296968278 125.56007597351343 126.93054379085997 121.19971748359255 125.34519336354371 123.15529645384636 123.71076258331959 123.28387036632174 127.88291319772144 126.74925393684796 127.73983932013873 126.47288377826138 127.63459273395998 125.83829826737254 126.54111430139112 126.1199246359612 128.952305546193 127.80919834569075 127.82352897380908 126.75766159186661 129.11195801943751 127.96485953589118 127.80125699556639 127.32407800803911 130.07578949081218 128.98258329446688 128.68356215135853 130.20849112431532 129.57237136574543 128.59175343710217 128.36907900145994 130.28900240636438 130.88219927041459 129.96067857929435 131.10824380780483 130.85177925937663 129.81765974997256 131.37135877137999 128.94160639561184 129.76831662297502 129.85433005458137 131.90086682303362 131.90415708333194 131.14505167137347 132.67578601171434 130.89206464179426 132.78783815577151 131.39628760389837 132.5407606951218 133.73770993420516 131.95331967515318 131.93922496789472 131.94685746222564 135.50658301795696 133.53054394710765 138.32390637753267 133.87819763205255 134.79021331415171 132.41711599833079 134.28988697770211 136.24941038400564 134.64667605441366 136.52142183094608 136.32020515697985 134.33488186896767 133.68894465738938 135.61160174562298 135.84903450825965 137.28924763638861 136.63732456545173 135.66155129855295 134.54207602330516 137.21610524945822 136.79613629546049 136.36046107757736 136.78948233740286 138.31208545006004 136.94640263605464 138.83163435476303 140.08392652840973 138.52923093370393 138.79262451812821 137.67179165681762 136.93455550650137 138.77567546182124 137.66678884152097 137.69140196929749 141.0913683658938 139.03248761352967 138.67568454245688 138.1270638708335 139.25084712379129 139.8434134193746 139.233761501429 139.36027452266092 138.78340550629244 140.12214031770981 139.81305532602917 139.21263004721973 140.76819507935255 141.22299651625363 140.39277205591696 140.47524115929536 139.85208568892895 140.86738820740862 140.24377717957103 141.35577874879513 142.0569421512439 142.38322048132804 141.3808132134364 141.81672318420775 141.08784043986452 142.00378531179138 141.46682208418292 142.52942030401027 143.1986258609293 143.41756836685133 142.64615930214373 142.8594983119967 142.06046578407813 143.12518807123425 142.64231526668104 143.66990338397665 144.2128640986376 144.4291356341212 143.71503112277219 144.26429760701163 143.55017622918413 144.56089765269877 143.75649259581454 144.5802699867032 145.19088356420781 145.73451825105192 144.79217964103506 145.60228519222642 145.00655445854881
