# Created by Octave 5.2.0, Fri Apr 02 16:04:43 2021 CEST <br1@br1>
# name: ptcls
# type: scalar struct
# ndims: 2
 1 1
# length: 2
# name: x
# type: matrix
# rows: 2
# columns: 320
 129.89508717733611 102.79372601173347 100.72669522448224 92.189066664173097 104.65796178907826 112.23557154152223 85.294489500236438 96.700778474056534 111.01205038687107 113.73155382236236 104.4780160685918 101.54201753292097 112.20628690032405 111.7431171824006 111.27734558133551 111.16122146891213 110.63279023926353 112.11176361342167 106.07473638293092 105.37459039789442 106.05480032400882 138.14345375453851 112.31514447606672 138.59379941167549 138.49784225631871 125.06159009474399 138.33565659262541 135.28373868188754 140.31207246123736 141.67314853705506 137.34178427334859 141.86584762025308 135.84868786577346 120.73604837709223 139.36658528346192 137.15657425473935 138.21545314838926 139.32762168968725 141.76990034279092 143.57850208204528 139.27333457632994 140.67393942764636 135.19510531816874 139.45044267136578 137.12647782963879 142.81903347142003 152.13053560139275 150.30491040723078 139.51003610438147 137.27425591735468 137.897842395499 138.3784572557532 141.82657609337335 139.59146838235117 151.20588890256724 153.41040191059045 140.56386736302323 141.4124723615742 152.43677930697848 150.21545503102217 150.05809424728989 151.54543957008721 151.05751151894162 151.19374604834297 91.639385127964545 93.520887799204118 92.432030581132452 82.428245969278379 91.097125203044158 91.247052447973616 89.200242835150817 55.830096500485496 96.113242220173703 95.101027349037167 93.324128455285617 92.163342501051858 93.394919850978084 92.397426755565959 92.64372058201468 90.120540731357735 98.323984116138703 97.334013368307993 96.543448960325833 94.339284947640934 94.571945717727218 93.694454066166699 94.024098891696511 93.026105351119327 96.83450732792808 98.565496099909538 97.956242151230256 95.443482888624189 95.564320759881753 94.829876334419438 94.893520060046299 94.012342462998291 101.5738514836562 102.96106502847424 97.918607669654548 96.65261065341555 95.877371213539675 96.052200529125159 96.764773249125298 95.679906354626752 101.37368249933186 104.88810444769051 100.8711324381009 96.814977539266152 97.899109577471108 96.999408159961675 97.7016727551689 98.905435218407305 101.74748290166974 102.06310840790017 107.41070687340989 99.166526469893967 97.72242822366718 99.718234857780587 107.67576173346865 97.977026009180534 104.21648360930732 104.28260256817802 102.68830657857463 99.83248046074398 98.849682005072367 98.973115231420394 100.41060904640017 100.79793311992704 108.41560415228261 103.55648025494298 102.32643408078467 105.9120711990318 99.588610805856533 98.744929999204743 101.17933370963182 85.596361570365858 98.842177809483715 98.945169265189932 102.77439122707918 107.17509767421407 102.49586913146938 100.37489846491899 99.862768621887852 84.788117377409975 117.29905672743541 109.45678992910162 93.589695760772514 103.6623323926991 108.75464337761187 103.48639654746823 100.0927024834014 86.64485146188602 110.92847280354624 110.03398620220612 112.0653675433461 99.940857376513222 107.81233407379999 104.75617455190826 110.13466840385739 109.1876515597426 108.821942922312 111.23751965806163 112.098249614184 112.54963708668598 111.80499267284651 103.75539996807098 112.04615490117737 113.29463310933903 109.66625588691565 110.91474741089822 111.25691662157936 110.5818144682504 112.11748606388653 112.84623796345605 108.91251165021973 112.90834584112639 119.01870500629859 110.16095547878167 108.73445288826025 110.98329395155844 109.53769342424265 109.86197253540685 112.89730356890907 110.74194963032777 119.43882013736545 142.58933953057351 138.51153793481825 109.38637681642079 133.31737130140411 110.01575013950912 111.55226877893939 111.82352871324782 138.36680781220431 136.34132807683437 135.3021994125298 134.17551701831994 135.12438360042279 133.53773082115632 131.40304256163046 121.78093553185735 136.05323339327481 137.25669428189676 135.01317034473226 134.55777346922952 134.32122885844052 133.63166168474717 136.23834001740366 138.66089976809525 135.30692970873173 137.15598048199368 135.48656900215295 133.88816801679786 130.04958973918801 131.02046958110222 137.45524782681815 139.30368586462808 134.189269410988 135.51385437150401 133.16453190797151 130.482205781201 128.20945151625014 127.172294557404 136.72178484810362 136.77278834074698 135.96659913613345 132.32576324893941 134.30114349394591 129.03991270647575 127.90685246071949 138.06680512780173 139.88421855723465 140.45037162917467 152.17731019421356 132.11823717691351 133.28572240238512 139.0013717782949 140.4285723031914 148.0246747260444 140.52013625467231 151.99787614082769 139.07562602153592 128.00976613096461 131.71690011021525 148.11946957279386 148.98405689266127 145.22550048353676 150.63366118742928 151.19685712966756 138.215169960992 129.40810079402152 149.25403202347894 148.35465787249251 149.97550354431422 148.85205289658043 142.47860924944851 124.28561059713743 152.38181432383919 152.13116023897575 140.63281092177766 154.68884990095904 150.64172179417326 148.47269475390004 152.41721840493545 153.47068912485366 152.19867361004572 149.33375365719218 150.65507153010168 150.94890704615958 151.85890394424288 149.943628646614 149.78897657933729 152.26281494666603 151.52060782008476 152.56365693897544 151.05863809344899 152.12955311016631 152.20564210504978 151.79196114707963 153.07004286265831 149.76503793418777 149.47359630279357 155.81219410126729 153.44870470308365 153.36247944096777 153.11907320180597 153.01821106938863 152.7632617459839 153.87432402400631 155.22681617389526 153.94840942723917 154.18760639236558 154.23741534581558 154.46445692629501 153.41647825073835 154.91655961364083 154.96053004261825 156.28974510575509 154.44880153538577 155.22504879528321 155.195074371646 155.31613519547145 154.14598766656857 156.02956964185748 154.48846959711955 157.39709603242596 155.45354792186043 156.18532715424141 156.12717467245858 159.02821483416568 156.64639638061269 157.68300778059998 153.22763643770128 156.85016991104925 156.20523202140771 157.08098393375263 157.06603673031719 158.12723636051214 158.80415220151343 157.69429172469145 156.940084160309
