# Created by Octave 5.2.0, Fri Apr 02 16:05:25 2021 CEST <br1@br1>
# name: ptcls
# type: scalar struct
# ndims: 2
 1 1
# length: 2
# name: x
# type: matrix
# rows: 2
# columns: 320
 134.44428442754781 97.60422499654436 96.114772627201674 84.277336147178644 100.62432269765984 110.27705551800346 75.423628526457435 89.381510786995648 104.49129839503144 111.64123636945705 101.10432337217328 97.066424736760197 109.71651129235306 110.644833864425 109.15514883451914 110.01851587361149 104.70599649176059 106.71209628842284 100.26803652903131 101.50663113216297 101.60747399370514 142.73352093839705 109.43627989447894 141.61898766913114 140.38765144023694 125.6968771929233 142.1541442178486 139.07360582458597 145.44477480306844 145.78031914927757 140.30713874254491 148.25706657503164 138.50642914510365 119.19145807641694 144.71510791270052 141.26513665160692 142.57990951993332 143.93814492394114 144.65847502532412 145.99661217833037 143.58371754066928 146.30696883138205 138.91969741643729 144.87714972543415 141.50562185086034 146.7902848878673 155.96548293599488 154.71076259393735 142.61988780192331 140.87183314754697 139.81630429890953 143.62440123395302 143.96834955020208 141.8742788077551 156.12711031404064 157.04318533865435 143.36771440585866 145.87765791637975 158.35909233895228 155.32923105380823 154.10556806622333 156.63742196714563 156.76335776883184 155.81433417025644 85.159632297212909 87.261949811398139 86.198286209637601 73.86718390667474 86.8940086774017 85.969677496105433 85.062521646465214 39.722130122681463 89.61094075300656 88.896944902491725 88.3176212555924 87.27458188498494 88.88174535911044 88.012609125419857 87.945554691735694 84.637580615213764 95.010085188965718 92.561357251739551 91.660225318727313 89.054185767938264 90.083020193705934 89.007303696874843 90.164266286780858 88.138730913549125 94.336630102643824 93.953678402369306 92.853416361811512 91.038803058098381 91.32286862198734 89.914848212924426 90.387364786485378 89.365788522960514 104.02356506061336 97.929347973003033 93.368520014547286 92.053733383108749 90.957581924623042 91.515704065687117 91.322022699613981 92.520935564753486 98.729238627726062 98.124182690381275 96.982386531210182 92.305173301703988 93.356489731905285 92.287170575045266 92.490606935834947 94.520739483958437 97.268120852542594 98.343790676552032 100.86136843952814 94.97275261492814 93.027663979924498 95.552268535844163 106.1146485327682 93.448634169616469 98.353938959068302 99.270572004622764 99.562423841866448 95.755548201181995 93.869055017024294 94.500698488771548 95.961326553192919 96.965913606605199 110.55768104741591 98.391597870293282 98.094300361085942 100.48145644118287 95.089831340668155 94.184162142217502 97.091917224436145 75.940098973459655 93.585779223004522 94.57466358278711 97.198214022272722 104.85515416302924 99.970497009291165 96.095917642165972 95.313009941802221 74.262316091254945 124.16762684399686 108.00195422325361 82.517152134045887 97.972730891262884 99.709179446291841 100.74224679324296 96.070277624904321 77.01384003656834 112.09950827698404 109.63093296921468 111.1915055186309 94.563406510614925 99.174916865903697 99.548806422056359 107.06761292733852 102.43137793862087 109.65114872884237 110.33173229134947 110.11564243939202 108.77953919215526 108.91592406738772 99.276172473646412 103.74687413462958 105.74787262346075 110.85922507561381 109.21986120213445 109.04236726200139 107.88715810862853 105.76914978518276 106.70084647011423 103.81569149530375 105.99948866897438 117.85274107744218 108.24544854780979 105.56028102398714 107.7579218121077 107.2009020549562 106.55845721113955 109.82002345529725 106.81489860229691 118.15441634207141 148.97559680375963 137.31317830695022 105.62099222936429 137.08592634754456 103.3968059648918 104.54046307291485 107.73692137931144 138.06263246174834 136.86379056431664 141.67811663440511 136.85946464164545 135.97489117859411 135.84072018185728 134.5051029795236 120.19662646710688 138.00260354410395 139.23310700695819 137.18586895753293 138.95709105296007 135.48535302996211 137.79439477381368 138.90780752008641 141.49410563799191 134.6742039594713 137.69318955007387 136.55526362845617 136.47258050414567 130.66554797990153 133.24533099786589 140.19316331946558 143.45408206386676 135.73025430109396 135.56921749574462 133.76462433669056 131.59247363037088 129.08679395393031 128.27723165863819 142.79104374572697 137.82205170585243 132.91064748944913 133.58275812456145 134.86895138221601 130.25975992010191 129.72534954167844 141.01103000194564 142.46302568767135 142.40600689830023 159.79124605012194 132.67129393217814 134.30810421391877 141.30106684068829 144.05238489143775 152.13025888606668 146.96963803147563 157.55634287232328 140.05990419821939 129.60917969455699 130.60931998297423 151.29798053281735 153.19732905933904 147.88691638562452 156.12242335573242 157.14185149602639 140.57227669648339 131.29015520496677 152.39837739179183 152.81888972505652 155.39944114189365 151.24607791171391 146.7509944608731 120.46792624405782 157.52788430058951 158.36847672407131 133.59752080787109 161.55626027057474 156.36438789671487 155.610637630235 156.79806345104834 158.17020774535925 156.57395105596842 152.28736126726477 155.19562828775312 154.60038171613044 157.37458967551305 154.21691653797765 155.45859101500577 157.13014009127113 154.65746526275811 158.31098448207698 157.40511106491374 155.91971505882543 156.57438257086028 156.59563180974479 158.75846902063674 156.53374812892659 153.57233725912909 161.51269951991097 160.40213988248573 158.35873652184804 158.49365471894291 157.69176714278714 157.99788416972962 159.05166557262288 160.56653818383467 159.62634043791888 159.80235523301258 158.96859529097694 160.59399307373752 159.57312269119089 160.29521376422613 162.30521394964799 161.67178395346534 159.6040539630408 160.89373334317239 160.16903054213105 160.98086868478435 159.74646455920148 163.01534276377902 158.04393280900084 163.02800517248244 160.69182837818332 162.00617902462955 161.31846020504267 163.82398432946502 161.98615336389526 162.83036402265267 156.88951869944265 162.50581243128298 161.81040821584804 163.75441286663613 161.8083523779629 162.73532907224964 163.622550512717 162.47844050498148 163.96613004272044
