# Created by Octave 5.2.0, Fri Apr 02 16:03:43 2021 CEST <br1@br1>
# name: ptcls
# type: scalar struct
# ndims: 2
 1 1
# length: 2
# name: x
# type: matrix
# rows: 2
# columns: 320
 123.10524053523932 109.94239689254771 108.01756654238794 103.99761967461258 113.413459084897 116.31997646180145 100.41174428122055 107.62505860399816 119.64916870999251 116.85143061774342 113.300010212236 108.42479006389824 115.24591418847292 116.41119420716336 117.9236650593573 117.05130168904473 121.66061264689525 119.8568808518153 111.06609353791309 110.88731132159012 112.3615124146441 134.3579942979176 115.80773465204869 133.29014695832481 129.32243231581305 124.11340039596891 132.15867712805004 129.62722055845705 135.27188200087633 135.77020396288111 133.41498945957076 134.66304963056726 129.92015663528551 123.51303386356811 130.27034701470987 131.25026122863332 131.19425700576562 135.5607074352491 136.71710317206518 136.18647282030636 130.75991700006742 133.38301598282817 132.89919926599251 132.20866539221112 132.22192873789305 136.04607643194751 144.19641129007371 142.22455403307401 133.98602448563153 131.76357158468474 133.27552076091251 133.31105416525622 134.30544511073927 134.41909573128856 144.73372042518801 144.80747321450528 135.29626916312159 134.31031744211117 143.37012705635715 143.52167619160787 143.09892883617917 142.70631455539527 143.83420046409586 143.73845768316355 100.87387096691958 102.2171886067086 99.741189794777469 95.205950540328587 98.968433908323263 97.954361652195033 98.143317041734775 79.871837362874885 102.62843140432972 101.48009949572878 100.36129447491422 100.20090967151134 100.00424191678928 98.991909366636165 99.095148918886537 97.211301803697637 105.57694996529978 103.50087691808069 102.48291059448627 101.26391035316057 100.88663709054619 99.907311247119395 100.07115119163342 99.043077249600117 104.58245459330413 104.44133609553387 103.37717338932879 102.11069615678082 102.11683938991411 100.96597889385275 101.02875288813 99.977447041818209 107.42324687372454 109.41688641085602 105.52859243107025 102.97362049114939 102.2229238089331 102.6480652415097 103.32533172394417 100.78874885645457 109.39924466305118 108.83111842647347 108.54288461136949 103.53346645724947 105.11961845079441 104.39119425471984 103.66451465515337 104.08590969826045 110.623768004008 109.23243332567938 113.21834200112575 106.58394842952379 104.06760687482046 105.52983958190063 105.73001133347819 104.66401783438339 108.73230909131472 110.42420608980896 110.0859919263051 107.83314727614992 105.24547329725556 106.1358767896342 106.81893471245158 108.184693763732 110.10471892489116 109.92367740727644 109.19818603703555 113.09991359786672 106.3760065282424 106.39715359407721 109.13054491810698 99.386007737607073 108.23844421896915 106.60317102205204 109.11219817642075 114.25502622995916 112.46577205943632 108.72962427914966 107.1866926877112 100.49826855077569 113.45024803983398 110.89045417849906 108.11750788451309 109.5820445117517 113.36062438327637 110.97600200846374 107.67408992364197 101.2575549853067 112.58045190289839 111.42436256515295 113.86459619400281 107.27952150658679 111.70213755710772 112.22546527357822 114.71236314493034 120.61600977816521 111.53455486578183 112.17882404231526 113.2127209229027 114.61418866632209 116.05725144733756 110.11026423272756 122.71083470080974 121.81253531404093 110.27651265583786 112.77502423479805 113.80151388557955 115.15702362687774 116.18662862960542 117.21194460331452 117.98236791392878 119.85646577731123 120.42859066171187 113.03213711526912 114.27681230450987 115.12347167375523 113.83259198857313 117.35535189576426 117.14916781887304 118.4685396742388 121.68619974187796 133.0576122571614 133.82592643932853 116.28975921250843 129.41733645008134 119.07737164280668 120.61301799845567 118.35374266049079 132.82382466141081 132.70852732068079 131.22678622093554 130.07431076852006 130.93112645405438 128.95368098610049 126.77310163940189 123.67394909825572 130.77454176077359 133.96487245074252 130.83363573662226 129.45507827086075 131.57881078759794 130.3795946073673 130.09716383483939 130.5719804260788 133.5733014046582 131.99131962344393 132.38012045071233 131.19300113706021 129.75704803180915 130.68539079105864 131.1026083404187 134.82587260920241 133.62997642315378 132.71318258672162 133.30109228400357 129.92499782491484 128.66921784650927 129.89702870930603 132.16518656971093 133.68638528427911 131.89025114928771 132.31835586201063 132.26194978961504 129.52140792981078 130.41197251063957 135.88206473141392 136.12461909553872 134.97701048649068 140.81322682718613 133.31510696209898 131.75128477907074 135.81613148521367 136.50783324942626 140.77234297426051 136.80519579989044 144.19838360276981 136.57659748228988 131.0501689610096 131.20175294727588 141.62543981103025 142.27208924727071 141.25633305759689 142.36390985310524 143.13759751860508 135.72705684027582 130.7975652157786 142.04029882310317 142.39810037657634 143.31662635251777 141.81447383447752 139.71363163971242 129.98364694501251 144.26843065889807 143.2544148563866 140.48373675046392 142.79770201872788 144.35712340721602 141.73590708641228 144.78039935917084 145.44403233747491 143.94610366836815 144.75338025245162 143.06247754942785 143.5552610499486 144.06192783391862 143.29816126994646 142.74435284749626 146.17250196925787 144.15413854107683 144.55697737771769 144.65430889466998 145.47698566771615 145.24005046785268 143.5667894584611 144.40801478358981 141.52511194711994 141.97524747775003 145.49464140165054 145.74335541746942 146.25560259343115 146.05843664533725 144.8272209383033 145.27022184500524 145.88249662096945 146.79316944991334 146.58611356679765 147.41375996473792 147.14378186534722 146.74175260383853 145.68370553095534 147.27795782843515 146.69476811476639 149.61046667178579 147.67521429279515 148.24506860448224 147.89415795871338 147.36052566186535 146.42928917974905 148.08415168497746 147.36084051867275 149.8022119679313 148.60709092109229 148.95035009124206 148.37388927748495 150.60764629150958 149.39577732158281 149.15029692384309 147.49325830061869 150.66466855905256 149.23063174402026 150.07852309111175 149.74254167318878 150.77661597861766 151.68201388572581 150.21331318201075 148.28635112567162
