# Created by Octave 5.2.0, Fri Apr 02 16:06:01 2021 CEST <br1@br1>
# name: ptcls
# type: scalar struct
# ndims: 2
 1 1
# length: 2
# name: x
# type: matrix
# rows: 2
# columns: 320
 145.17350462180354 93.189276371681984 92.294501244742108 77.54646093122814 95.55629698416061 109.44835193541908 66.992674469492059 83.154671112928924 96.616128644540566 109.86290659608984 98.559183494422214 93.372006523894484 107.60412789139176 108.45156038109202 107.93477074081034 109.12562732630474 91.367817484162998 101.34422001342996 95.207995378532829 97.448042087341847 98.454288287773835 145.98416338733134 108.20581808663131 147.9106871788965 142.38332701108854 126.23734532122509 144.030473113402 142.29782115494135 150.16321918242804 149.52741100330209 141.10729437452002 149.61055856279523 140.45789660329876 119.22297772961591 148.19873198167639 144.66887123673061 146.10885597338557 148.80468943119206 148.04081833485583 150.52168057543946 147.09072612520404 147.85127346381091 141.34630924862947 148.66993260925938 144.16320083357098 150.38573663816533 160.17093285563254 159.04014027885319 145.16946894770962 143.42359569553261 138.8276642934326 147.09457209043157 147.29792709806037 145.22576723064915 159.85755622358002 161.02041356234349 146.21737896223155 153.2335891398196 161.78173266321565 159.67212009764069 158.85553786091918 160.13297470414324 160.51362915813286 159.30116608405868 81.406397172321348 82.748986280470049 81.781165094906967 66.583892301176121 83.075044835949797 81.466474060252082 80.58881468582814 26.018337831117723 85.098750430561608 86.004393776074508 83.92270235202615 82.61198545306911 85.158217546351409 83.762662194715929 84.042664501735544 80.352878159412398 91.444372992032172 89.05847553003386 88.04042453734462 84.889944426274297 86.167853920208756 85.013945113640332 86.116527603612724 84.142022013819428 91.931239183961523 89.996163705226863 88.894252840982304 87.037991196787971 87.064119224759693 86.161598946868196 86.229057470424664 85.208388656174151 107.1507709836677 94.317170073326167 90.232845016122596 87.966149030703221 87.073016098663416 86.574169600372073 87.162319032332107 90.176897824647213 95.121159596068367 94.493849991449139 93.549164906904778 88.033715982112767 89.002238502160964 88.212153193401903 87.375489360314603 90.836059945984118 92.234924050054175 94.480808509615301 97.638061584514929 91.010328110504048 88.919221997625542 91.993497782438808 103.31492421586438 88.927373320921916 92.876911902928398 95.629044253024048 95.367812922618455 92.781354391152803 89.828426331354265 89.92005479248003 91.968557492057556 93.094683418158709 112.38004497312633 96.370224108893282 93.171545634834231 94.410583554047136 91.110529054577214 90.057652187534842 93.24382207395152 68.053611013253558 89.311180665418405 90.284511839480814 93.530905823252695 102.16719566835117 96.384729776651255 92.413330987809502 90.853580986864031 65.307529922436487 130.01103724166853 107.75993892918883 73.097226959069502 94.569630514488011 94.116155057565834 97.4264066979039 91.958280122843988 68.525107504901385 121.178070823775 112.77378084407256 115.43620435906618 90.363257666992411 94.297443743777052 94.471042238404124 104.45832692492694 92.215336178243078 111.13169276770087 111.32884881547361 119.70343323309029 108.49587497188173 102.60079048704334 93.638830726223532 96.357343444776035 99.39733024924999 112.11927263633839 109.40530529861003 108.60142048760351 103.01851199484625 90.335801436061558 92.547186202402955 102.16361793207832 98.014812275618127 117.82363422202637 110.76636077939879 104.63401324025298 101.98189772810177 104.52165759152693 106.80091495989575 112.01319424167401 105.55436844216285 114.23986400688081 154.40868134960454 135.65765981777128 100.50884587826255 138.53733073323562 97.389627557887721 95.985514771113642 100.31999688142714 138.54530747037074 137.09432448180848 148.89655336100242 139.88303480102024 137.78892818311607 139.00478735886469 130.8226957714418 119.36222534621774 137.25293103922178 140.16805433687961 138.13763553491788 140.19404639178526 137.47594373893835 139.46380361968312 141.35836943444176 143.03166647332773 135.18929493838641 136.3735250842031 136.11090223221214 138.99870835354838 131.63116484726959 133.98156209900395 142.53475613946958 146.07954943451264 136.04529275313669 134.39589909672011 134.98232905676508 133.00271226484156 132.35883364257737 129.32942537036257 146.10726375102291 140.33819591880629 130.28103922756296 134.13944309835261 136.61823416342207 132.98274692630815 133.5517126266885 145.39094472939871 146.6885272013123 144.45015463076354 166.26877356932758 131.28779641619738 135.21882287969723 143.72448095819647 147.00805462523022 156.56913959823379 153.06831431977795 161.16231522322315 141.08880791574626 129.19175012797058 131.92858075131844 156.88605705290553 157.53248959693835 150.15110603366932 159.45401643055212 160.69695604586866 142.38604372513501 134.32759932398187 157.63506835687042 158.35871589722757 160.42303998876136 155.66360438869856 150.49975570603894 117.22004552576621 163.19858743503752 162.38214714671525 127.61227399454759 165.80919525109152 161.51921300216867 158.74058009979484 160.66846909470416 162.02748225557383 159.13536932395323 154.80013192061011 157.72248111795116 159.80817088288501 161.82190510593912 156.32333555593596 160.6147659541885 160.72992109052933 159.4471305005913 163.53182570027116 162.49705113189367 160.04323476007022 162.267034034788 160.86895797212961 162.44378888718717 158.45804853910707 158.67629651031476 166.7913173552642 164.619795988118 163.66979819565336 163.02400658753913 162.19976304312607 161.80968205738165 162.88286133130597 165.95513129668549 164.14603362947324 163.67782456816107 162.92385417115469 164.81156635938655 163.6519021904783 162.93063804541427 168.12949929260961 166.8169227648232 165.40736530209838 164.80276321475606 164.2731553300722 165.61429821406685 163.99587545309683 167.68837024154837 161.91736502279252 168.86019362884076 166.82096101461906 166.28658436856895 165.60180671284928 168.12774118370623 166.63042055728894 167.28441209249979 159.96632342463175 169.1251044909697 167.83965309180005 167.40686811804764 166.11555458526223 167.85971399085935 168.02886914658413 166.7922574490126 168.4927728908153
