# Created by Octave 5.2.0, Fri Apr 02 16:07:01 2021 CEST <br1@br1>
# name: ptcls
# type: scalar struct
# ndims: 2
 1 1
# length: 2
# name: x
# type: matrix
# rows: 2
# columns: 320
 166.25782046907625 85.831028663578024 85.361275852225162 66.328335571310632 89.020689476505808 106.38248837893806 53.367212409444072 72.776604989484383 72.755042526393325 112.48313682422892 91.408173936314014 86.155372914414983 104.08348888978958 106.19521376292114 107.43308409417959 109.38871388042101 60.769453126623269 87.236454774310914 88.556288301658228 88.432531062707724 90.088193486145173 150.99526619912055 107.22971873198981 152.62993241502119 146.99920285449141 131.90787161055351 148.77876525120061 147.67151337220031 154.65012001345013 153.98687318828075 141.47113091076628 152.0917661418205 148.30687074582579 123.79111355450195 152.55762393797178 149.2017816055245 150.34001465958951 153.59931342433282 153.96776779253776 151.76964727444837 152.99256736875071 154.26180772910234 146.5979961809428 152.8103780034686 148.19369296170623 158.44855431535612 167.37255468058211 165.45984348471993 150.80370086285046 147.9473148600614 141.80988358617225 151.43622425428717 154.53525656443637 149.79819882056466 167.98015581360949 168.86238713342104 152.66611950966171 165.48351482630963 169.92393848348561 170.56654580841584 166.68514865141441 168.3962781034156 169.02830540384642 166.42617320904736 75.05567928565182 76.071167875545555 75.213942982070606 54.445072958678423 77.494938349990349 76.250958235628303 74.287457149164368 3.1786840118467232 78.046645533063156 77.010502270671168 77.325958207283435 76.058937926156801 79.055816809492143 77.150208458563156 77.976479900896891 75.263597247648406 84.960918369339794 82.725331876534426 80.67112851383618 78.317891757306967 78.644835536387689 78.802797828622502 80.328825565212924 78.359406336615265 85.986753905959617 83.816401037643928 81.802860605599349 80.594867046709311 80.148008132134365 79.488241474618846 79.880954631429447 80.560763553095555 108.29018128592551 87.111178625684971 84.76631259754906 81.718235456590804 80.810345536949541 81.424939175159153 81.521043138044732 82.290485880525864 87.113431879540911 88.856142947948811 86.600938411716612 81.343105991588885 82.174678188100202 82.294048171876582 81.026224063139907 83.449407793148907 85.425454723532951 87.006859091362898 89.82070232952573 84.627898686294529 82.462656882170393 84.708340954989211 98.64871702102468 81.674102207085866 86.64765173376577 89.967998276691034 87.399559612113592 86.89830486875087 83.557361172201595 82.956686068406952 82.689889230335595 84.541556234113997 115.4173181826437 87.526146681824841 85.955123511144848 87.808167317178615 84.22594178204892 83.240790592828219 85.994007734188287 54.384026297391195 83.335973674305194 82.266645741942781 88.801796993146155 99.17763008235957 89.628906317028694 85.752709597376864 84.110124326038871 50.382886307739057 130.63914779462485 117.36258965460202 57.397351667442194 88.024299916860144 86.499535089014714 89.423196877285264 85.228900273984237 54.476530032747938 169.13892294616443 124.0163390608551 129.60674644682092 83.081498848119054 88.563748161386258 88.040252193365589 105.09405249505552 61.725279790128802 115.88202580660771 121.73280985534832 122.52282123453895 117.42979628547657 85.008245767344064 86.524272037462964 71.924701109146483 83.641153401058276 114.97267755290981 118.24223886946631 119.67376688959224 85.478428979789726 62.936234270441531 59.391842264943634 96.19125431907807 83.494607632209068 116.2357144742041 107.75847990106185 103.53033233891608 82.610174099954037 99.124041940834715 111.5919643662256 117.12885306946731 98.446590499684916 88.557220244339874 163.45846845437291 136.36562465431157 84.501071695364516 150.23030629877815 71.868591409664049 72.918500299249473 83.941363832395695 135.39014617543697 140.03582210586717 162.87863312613356 150.87496838942022 149.20609646511218 145.43779626946417 121.81984509992515 127.84514612376441 134.01375703178272 136.14243419434621 145.1354565113343 150.07205226209297 148.23360435414858 146.35966809786052 149.67300002047651 149.10537707927728 134.30529038365475 132.4647600467564 143.1070737464596 144.53527345882671 144.92166701522629 129.08618716620356 147.54338965632249 153.41568947806689 143.34236419222233 129.41974896743304 143.96798697813284 131.67934615478381 133.48549308770694 118.2657851751157 151.87478616940746 145.81965118759661 125.898358791086 134.50908680479043 145.64987383783486 128.25568681784827 169.61505030656576 151.75944023208513 152.72976318323396 148.99939129101006 177.06465276800364 129.05813359631509 144.14576134483391 147.75752853564052 153.78565594988135 163.52054060107517 160.70104785904255 168.72424764730025 144.00224630550105 110.80484759013524 129.89277562279307 164.42086230177645 165.80628437456969 153.92475544707733 167.01247689467513 167.68649462101385 144.21038991234423 134.35055364687764 164.49849663628925 165.61779695235197 165.68011959217827 163.57235311717201 151.22547811421916 111.80691099528019 170.67662498919682 171.04473218771 117.63686263900843 172.62169736030688 168.10787903879086 166.31270015723362 167.38966364393329 169.50778146747669 164.75618855066458 158.98808300951902 160.1702595659041 167.7937906717421 169.0323606648584 164.58201988578898 165.71303324889618 169.50574123644932 166.922873330242 171.38924830588445 169.2547378192809 167.13496317697823 168.36841307226496 168.72959817066885 169.8047558702487 165.14559181464841 166.77808293205265 175.29981165673365 172.30731739803889 171.20030974207833 170.19675859711714 170.98573468282086 168.23207008459602 169.50489932880529 173.29938058792712 172.03931052114766 172.02846493607697 170.81574821265616 171.39557889430577 170.6129273066951 171.38510616516214 175.37370517540194 173.17516130665416 173.2056062346243 172.81992987243149 171.53494039886729 170.75766448534549 170.36075535086107 175.01924910775512 169.92621061308256 176.53079666346756 174.29378331935843 173.94628673743273 173.64034372077251 176.85603521749962 171.79577389819991 173.04450897087872 165.09433129994693 176.19564625053931 175.08591894623115 174.95971759438569 172.4233924328143 174.47230120209309 175.51243388808629 174.35179451157646 176.0816509273555
