# Created by Octave 5.2.0, Fri Apr 02 16:05:32 2021 CEST <br1@br1>
# name: ptcls
# type: scalar struct
# ndims: 2
 1 1
# length: 2
# name: x
# type: matrix
# rows: 2
# columns: 320
 135.25856315304657 96.674762128152281 95.207543626897163 82.860309785925907 99.480452760606823 109.92758782169012 74.043965067974639 88.070597171402653 104.36948385237875 111.26685115401132 100.18118148767905 96.148806133435059 109.27179899741384 110.19808261423357 108.96523776967291 110.04726071334881 103.26224228685167 105.88657395370485 99.60287319667556 100.36408747859201 101.51222145086297 143.42475972024442 109.05439806809227 142.78487110404339 140.52368879022859 125.81065995677631 142.09987816671122 139.75238799939763 145.80758593988458 146.56552714205463 140.9591081305023 148.69936195661376 138.75422758247061 118.88620195470052 145.53092981509175 142.43532266483032 143.48195755722955 144.32537355727231 145.59200140229544 146.36099891510386 144.99237816086634 146.18879254215511 140.05677334610036 145.53835270975989 142.49309212842232 146.85945016343399 156.666792827655 155.62060396327709 143.24610504700334 141.08202699467054 139.74741775557422 144.41435427879381 144.63195864640969 142.71957087669293 157.05422198249235 157.79441090734966 143.80500182728835 146.62880153957275 159.16541164213174 156.03846546791846 155.14596774683409 157.25068466017046 157.37998344249752 156.3228875363387 85.239318313260867 87.333644580506444 85.077266276785537 72.333859358148715 85.882583716034603 84.545316618169764 83.822696507565851 36.837121219194174 88.315719081298198 88.288973930932102 87.181475368002822 86.085657052140164 87.97997270457742 87.036464578977132 86.825146927615222 83.375844864406872 94.390924778006308 92.037544435437482 90.933906169960906 88.056326395167872 89.119460034828251 88.379958796155421 89.426528728874842 87.31330293411618 94.210311574078403 92.978890763526067 92.055701266723077 90.156976625466825 90.144429952584787 89.140240254648702 89.617121304584842 88.579586909889386 104.68104267088178 97.385419706104528 93.060457116948001 91.172390601120867 90.370168933524752 90.738003226385331 90.321288675550122 91.846447301613139 97.906206834241843 97.046874452971238 96.125903068507967 91.308453848014352 92.475406387055401 91.460792325782819 91.398112909208024 93.782121496271387 96.031350577610326 97.304676572010024 99.612911640064368 94.050994941501315 92.302207539433965 94.629072288862318 105.52523288710424 92.524981019392115 97.348937699468607 98.180390946713473 99.260954060615433 95.251424731642047 93.156484671639404 93.573250448325766 94.870650254455342 96.509479288414326 110.94133661072337 98.082113722718987 96.928243773336732 99.424009151880156 94.250957893888668 93.373522565870545 96.241069015245316 74.019373454843048 93.214683408541632 93.972332575047886 96.271415829977769 104.28926816414965 99.111818735406374 95.197776189781223 94.286514256368847 72.377097950451059 125.39781850666458 108.15856564479094 80.534009991945595 97.314274815577619 98.612654634904374 100.30138375641438 95.238369313878323 75.091876477070045 111.52021596069197 109.3147090579134 110.82429833261483 92.849486144498087 98.047545722070481 98.284005076512443 106.51828955840976 101.90396518242105 109.71538591160831 110.06269773537591 109.68765282935496 107.95771199644599 107.81617208145431 98.542068494609296 102.69482037715754 104.23948007963381 110.52936284557633 108.88896087501254 108.49943995224753 107.35865054706754 103.95949533400049 104.90715755335926 103.68117205758287 105.56615588326135 117.84761639110384 107.83180048092078 105.07917228478863 106.94951608669561 106.59434305936016 106.36449522655749 109.13740651625019 105.94376654141077 117.7206691972185 150.11940407656908 137.16833319540427 105.00778831322849 137.39133706003167 103.00948055077541 103.69272835964212 106.64098126782881 138.49062879418358 136.73226856009248 143.19778752421507 137.39925346746659 136.17577869049927 136.32902811794565 135.061198761745 119.94148270247844 137.75566703679647 138.89194781321669 137.372567633888 139.68037067382065 135.59966978726109 138.09562307364433 139.63338873230884 141.6818169511676 134.5867909167184 137.56971930493231 136.35889901135272 136.92108997515214 130.54061065859267 133.54804417046373 140.89209366967864 144.3719782088636 135.67093288684745 135.04982360740459 134.27396568452704 132.55050758994741 129.63840090250477 128.69353705062377 144.06240979578402 138.7829860086627 132.35704575010467 133.60138156704289 135.51360565267328 130.88692011717669 130.50008326519205 141.66401941289007 142.92226174547042 143.12225057914713 161.15493605416523 132.72153337393408 134.76678724305992 141.91096062462807 144.80436005581473 153.18389365908951 148.52660611580922 158.38161130882614 140.23407254595526 129.81307886843013 130.65158944846397 152.29294589698279 154.2302381950571 148.36358789047605 157.0541896987877 158.08426056454726 140.99656534794298 131.65021012508709 153.24487628350312 154.02180260421844 156.66462361481419 151.98487965911002 147.59302707488365 119.78416188231222 158.33534148865556 159.59983502170869 132.33746884717141 162.04049961509349 157.50056907260222 155.91758001671442 157.42004829738121 158.72143668567716 156.99991335860676 152.81636561533747 156.03719941788418 155.59141854114969 158.64723473519166 154.83583796583471 156.53715500981301 158.19403836938227 156.09317154287214 159.13570648040601 158.55296747694956 157.14853958471653 157.72631104564576 157.53134083849756 159.49250895200322 157.33871067965833 154.66250763781605 162.29876400356684 161.16549442279756 159.64427187468118 159.65655824689597 158.82045840422572 158.3479580744017 159.49730832004266 161.60029641288261 160.52474805830741 160.92682688290682 160.03774295670181 161.42499111367533 160.36256644360776 160.30783092810958 163.71920104009786 162.67909822570837 160.7906760469175 161.99912384643227 161.08356091615741 161.57835446683478 160.44379775578392 164.65488813346482 158.89946891607053 164.17981736953263 161.99899372692894 163.03714987058598 162.25033978934295 164.89577533165448 163.76835968896881 163.52899205198841 157.53726706264035 164.56485033115351 163.06338001383062 164.13349486103891 162.38122860723158 163.83895577057291 164.25240536496756 163.20396438617706 164.76681651424701
