# Created by Octave 5.2.0, Fri Apr 02 16:04:53 2021 CEST <br1@br1>
# name: ptcls
# type: scalar struct
# ndims: 2
 1 1
# length: 2
# name: x
# type: matrix
# rows: 2
# columns: 320
 131.0493611064943 101.47698694817802 99.183155220949345 90.181612652398385 103.89834600980831 111.37180798681268 82.602425909529103 94.843650851966459 108.97864992067646 113.20117476714758 103.30298697631309 100.17959878232107 111.57255595012629 111.7833270845792 110.47496376119229 109.82042330432849 108.42375457663212 110.27706975363191 104.15724652928401 104.37442213113268 104.80753566313612 139.22519998766009 111.60360251292413 139.54287744558272 140.14397004595207 125.22278234353575 139.76320316626638 136.24534676287072 141.45111279475313 142.60890144067864 138.40351100257513 142.16681034390382 137.10985534287232 120.91699297387014 140.71398993648356 138.46951095628259 139.56997479522502 140.33436502206126 142.28479872581548 143.77103564431528 140.36053819110367 142.45829952545847 135.61005816589042 141.08587335355395 138.5896808075149 143.38055993643459 152.7684091026357 151.61390252884121 140.45591376041503 139.07728754119222 137.7389018346164 139.82792564903468 143.22033103020058 140.83655651065561 152.31943007220704 153.98989906546143 141.4647652889891 141.79191959205451 153.64838874604348 151.23839702980791 150.82135576939507 152.89486973393113 152.0327808376131 152.30001871586441 89.514461967118564 91.669095938805242 90.66276542830883 80.256036192199844 90.15735869907067 89.940571736406355 88.300970944287812 51.743000553878503 94.649132885285582 93.595993132188326 91.958848039446139 90.938581774879168 92.237459500152255 91.104335955676447 91.47609761640868 89.111439756859696 98.07507254954848 96.28284076167364 94.967762135970077 92.970632392398258 93.362140351486531 92.573416007122333 93.028783995313702 91.881481188964671 97.05901815544523 97.251985914483186 95.990401740502563 94.166330484798763 94.406113347063794 93.723033119881634 93.817390678669994 92.661340313260141 102.27997011388659 101.16767171951605 97.166393891454661 95.207965859078001 94.671741692359348 94.864189083692224 95.80531337347368 94.710313705810137 100.88061582282094 102.94850936931608 100.08028251695951 95.411850454019103 96.421653756542653 95.718282061032596 97.043269232277254 97.86585079374845 100.48738193536065 101.23148469523871 105.89340987628064 98.133657062951514 96.302300505925388 98.827666763398923 108.62545878771083 96.765750348990807 103.1448106766985 104.10158766920637 102.23268136912662 98.991727327841971 97.255244751295493 97.638045059600017 99.745976867877999 100.31305508574357 108.95911620030151 102.20539320827494 101.12488951593183 104.6615302274628 98.247373792978408 97.372260752457436 100.05328665539784 83.210699143482898 97.625486555760077 98.596179522934463 100.64023872884827 107.03963060864521 101.48158950402252 99.247497976849502 98.763769636840365 82.117391677937803 119.04182824954802 109.11467092432268 90.780244392797101 102.16405158167896 106.55741329674983 102.08820715326927 99.245585899142824 84.324244719296573 110.74823052939603 109.84056274089473 112.20070574118689 97.6994631890406 105.24805450909004 103.84971420343126 109.35646029787499 107.4333153899202 108.74641969475901 111.05377147497155 111.52923566030674 111.7716805131933 111.88481783260933 102.73341531900361 109.00726125257208 110.76874603727499 109.52227281943641 110.47802366483327 110.62795171694691 110.0721211936002 112.36384355283121 111.55764420575011 107.26583671494136 110.35143524012328 118.40623152935376 109.46409827922979 108.1538453529356 110.59054501215115 108.93790675129678 109.45576555767997 112.87937702954007 109.7971426529551 119.42955852012282 144.20973316705357 138.20821223545462 108.64200139630022 134.23357366161758 108.52054823325517 109.60597861797132 110.88698523037993 138.52237585727229 136.52180006489255 136.31599217146132 135.26308676272615 135.44959192660397 134.06967357743875 132.19013251840931 120.80609109609077 136.36447560796501 137.53793720245392 135.45224609088709 135.46887693249047 134.23065186795017 134.31436461972166 136.63239698274529 139.33053730772187 135.15247491402846 137.39416556361687 136.15834016076249 134.9989571961749 130.21931122998251 131.23247615362678 138.01022802323536 140.89715354671773 135.31462790578615 136.14818671057589 133.29767700588002 131.03115186555311 128.38243926369546 127.29817560986827 138.5366075596821 136.57626039029083 135.21732140338437 132.19337907984871 134.64044415300003 129.31220125922826 128.99354704414796 138.34982782820165 140.32301986690044 140.3111012004824 154.10920436660822 132.30767281309835 133.52301494950945 139.16331500901052 141.18953245516508 149.6156307219309 142.68194445895142 153.58631549453159 139.31004370618604 128.07675990753188 131.18222085344811 149.22179486139649 150.66617347118131 145.90078511540978 151.94329932154608 152.60662282696754 138.82856635853557 129.44926473819399 150.21330241490324 148.67693305891657 151.6568087731942 150.21630737255566 142.86178329892482 123.31694441799783 154.23943488537125 153.16186161552395 138.84773731078644 156.13303792565654 152.00475682205001 150.91695967895052 153.37066492643899 154.58640104953412 153.87333414420783 150.08317648362851 151.0699295120148 151.90287275753784 153.3731360068885 151.24327282263241 150.84315508034629 153.53868973572438 152.9581584512151 153.98686781644273 152.38679172063817 152.96080320868393 153.58154339287643 153.07098399187279 154.63784300312929 151.54785646296472 149.93169103957206 157.20178261424019 154.92215258442869 154.52726183337026 154.84159548077375 154.16004461424868 154.02896925521159 155.16020130183693 156.50862226014848 155.35050861572552 155.78196328717272 155.23477248910785 155.94458234621888 154.86691605113211 156.3041091024742 155.61060520442274 157.75988247232226 155.72222852595928 156.94781026868225 156.27130116299955 156.98265812161006 155.631282184897 157.4281621110845 155.03533681667076 158.85608226534444 156.69966743602666 157.8368788746655 156.92949716212738 160.83679119671993 158.16987896137684 159.02259454326699 154.19056718611887 158.217089248799 157.88353981983218 159.09623799558793 158.05638515521943 159.80616495818643 160.15173561153415 159.16433644445243 159.19840944071126
