# Created by Octave 5.2.0, Fri Apr 02 16:07:26 2021 CEST <br1@br1>
# name: ptcls
# type: scalar struct
# ndims: 2
 1 1
# length: 2
# name: x
# type: matrix
# rows: 2
# columns: 320
 176.16192361687882 82.113177190009708 82.308179651779199 60.66023012629968 85.9245118855642 105.82028861976056 46.875190203232329 67.532950527112405 60.709841589176222 116.90156437846741 88.022546913888505 82.791911295575048 102.30463971003269 108.00775169300293 105.66030872700574 109.40180683578303 46.00303288127683 76.479878276227282 83.524450659991132 84.826627097747263 86.910719455287492 153.58570376799958 106.73678318766177 154.51841324888022 150.89858455199948 139.80360297801298 151.90641868949629 150.38664207144694 156.33008889437741 155.49622404831945 141.64705459092696 153.74204028637351 149.5812097593539 126.3166048976407 155.43850092778388 152.22445603113755 153.37048561578038 155.65293966909479 156.40891406508479 154.39690773888563 154.99251915417796 156.96315131758351 150.01857976686884 155.32616586833001 151.90509127472345 162.51924048319884 171.89251974194718 169.86303579737933 153.6617390438679 151.23868426122132 143.15939945836118 154.39211636119197 157.01426870881946 153.04353322046597 172.23744730802494 172.91267235253579 154.81064882686695 170.74314470716052 173.46889215430173 173.77821461477268 170.69222815142018 172.85044568014521 171.73369931540802 170.78138458743754 72.177151930250531 73.28980584540929 72.775637960157653 48.311774764574324 73.850373991802329 73.428228947603316 71.099694669139851 8.3613516021007666 74.68573930465466 73.816847649152521 74.27346402309297 72.912021574719915 75.641627997242509 73.823282531599972 74.544384236592762 72.974873851245633 82.477423057076635 79.937252593395996 76.550500734678039 74.902693851159214 75.334490910984897 75.373873145266913 76.743195967148438 76.101065588545694 82.81705638440117 81.141038742715054 78.270239594302026 75.895931781212852 76.446531108414291 76.034791138338278 76.456167174250922 77.169742846658266 106.56530352022978 73.245220037768163 81.804408680781322 76.986869954006323 77.19252879787652 77.365067885906768 77.908581618860268 76.242652607210545 84.659676202462848 86.22017900045546 83.892452167681498 77.753144507708228 78.483201227248145 78.585028873463258 77.492078388731741 79.677692571350491 81.440581378020184 84.228533329616866 85.556680399395532 81.384752421310651 79.196191738328665 81.079277328866297 96.291054438368832 78.242322101962827 79.649312490576662 86.874356486591054 82.212401024089999 83.95308598495437 80.290513628623643 79.098221637547198 79.301278609593069 80.514584625345492 116.95194043587352 82.887243357552592 82.939942926449334 85.245481503565514 80.887034314496759 79.672865200915439 82.0761460434328 46.695660515090488 80.031942893545164 79.089461395384802 85.832196986124416 98.54365032571755 88.03441931882449 82.449015347800426 80.307806753329743 42.842013744523513 126.95041527034284 119.58199359835095 49.464783099041028 85.084779338540969 83.981786994399698 86.775826361798536 81.595340639676351 47.767507874870397 193.98079991936964 128.09172147123914 136.75740197004905 78.813325222161581 84.020939050653695 86.164388005984719 105.78167651751997 47.034141707613124 121.0348698714733 119.89287814926897 113.04898332606516 109.42147527149979 76.918375969831146 81.172114274231376 59.545012856798429 75.82488641378778 116.96254800805093 120.60963878127379 125.02573294062648 78.04071137336085 44.961554314266401 45.362186562252461 93.324005814183437 74.809718846943738 117.56963903091109 105.68571782516428 98.579466708665109 74.624269996914876 97.304451942178432 117.67183113957229 119.63903663494526 93.149775411805749 89.167134316506264 168.42631916816288 139.05022728998819 75.80933734870726 157.18780517052821 60.628734957197132 59.932800728617515 73.745550805426959 138.97174803204757 143.41887577027808 173.72042164651683 161.07800037194065 160.03977329737302 149.18719187213713 119.49372505783029 127.10853963350999 136.51326215035621 135.61126632058819 149.4332739537135 159.05707520910875 156.14544363542021 148.87556743745029 150.74067361587475 152.39723789603124 128.97543183870525 131.3904917958572 151.87742343851406 151.35336155843606 150.27014290649674 123.46118985602337 149.92824712388912 155.87481960515123 152.31907190269345 124.90164537324478 151.24799451987067 127.83579741969969 130.11922214098308 121.90795576086963 154.1151589608148 149.41525557688635 122.5602896759691 129.84040276785134 149.23422659157325 123.49835989540354 193.11550281599489 153.69414604529854 154.99392064630311 152.65511857233238 182.51941278417681 124.19820531545602 149.99861267131757 151.04988362063366 155.9641741922112 167.57100587967139 164.5845702734548 172.58019117059311 145.80421174373669 101.51964168010707 129.02700387183901 168.43553618973482 168.86765689443479 155.83144146648348 170.41521659148458 171.53510670991906 144.95368859478754 130.37621201264525 167.63008910032028 169.7054730168372 169.56113056584402 168.55736591873145 153.23058851148915 109.07185354829778 175.41183722459442 174.78386494269296 112.59665479620969 177.29455891417356 171.63149498542407 169.78077256503994 171.81709828772981 174.40868143212299 165.17685365770774 161.10410040180983 161.40703183434348 171.27239640092364 172.35586075275734 168.61493051842152 169.72774255594305 172.54920611797985 170.58022562187205 176.26665876659834 172.68209588738807 170.82529127682187 171.87840875621004 171.95720866193497 173.04778973985341 168.20522644023012 170.75557326385785 178.99015169892894 176.58151997996944 175.42541246288934 174.26127440301806 174.8029945984849 173.29986257110326 173.5017248212018 177.81779466336366 175.84540912722917 175.31068907934866 174.12651100697806 174.62493198908021 173.72716797388611 175.68487659218621 180.0584529867233 176.94564526200082 176.54570241003958 176.10874380750252 175.03194636300034 175.03629469548966 173.83499392914359 177.97190665893601 174.05862400326836 179.64811526060004 177.74540916123755 177.24303521115775 176.86484322010523 180.5535323088144 176.73202301875216 176.23055880849776 167.68532475273776 179.23668649799012 178.42857899437851 178.05346826550053 175.68425840050472 178.27028025578565 178.73145759881217 177.35192937070343 180.30736643871052
