# Created by Octave 5.2.0, Fri Apr 02 16:05:27 2021 CEST <br1@br1>
# name: ptcls
# type: scalar struct
# ndims: 2
 1 1
# length: 2
# name: x
# type: matrix
# rows: 2
# columns: 320
 134.64797982681102 97.37185927944634 95.611621354274646 83.92307955686546 100.09278005783767 110.27571135618342 75.068233699614481 89.053782383097399 104.44890997317292 111.54764006559562 100.74058100457452 96.843691576343005 109.60533321861826 110.50128287675957 109.16303284802396 109.94891851914721 104.2234644295108 106.33668028629869 100.06462758025394 101.21365446951226 101.70316496380148 143.00245235269909 109.30807163542383 141.87300070408318 140.44937026217559 125.72532288388655 141.98511811715923 139.24330136828888 145.50373415457059 145.96755009652395 140.45622300605953 148.31850956652733 138.4439261814592 119.03539863581743 145.0753677007624 141.47939609930268 142.87883780620973 143.95034649473877 144.82221878231459 145.9896939025495 143.83861156201326 146.35246279391976 139.2933014194077 144.97439984736062 141.78364672898027 146.77248480027242 155.9972444127711 155.15304722955347 142.75363107358183 140.8978697419285 139.87202174918659 144.08102348087715 143.84463443149454 142.27734213227632 156.35548051752417 157.19837958778342 143.64901987238733 145.8955692594038 158.45884074227621 155.39365513875421 154.3409121550917 156.94353487872371 156.71540855670921 155.92927097340865 85.039178687322604 87.099898468819006 86.028516767063508 73.483852769543233 86.850952027077156 85.372202783167239 84.922138514430642 39.000877896809641 89.467912563757409 88.718760924680396 88.160853862678522 87.063322609100453 88.464678538418809 87.847796702313175 87.543275758633015 84.293035165830958 94.791570137132993 92.568510976237135 91.65193728631742 88.893901119101926 89.952356863098402 88.739308156361034 89.844722029518877 88.062229715585943 94.385950351770191 93.552734570754225 92.759726149014583 90.643763846247381 90.989581600768986 89.582763412459258 90.37908851271068 89.055325380291436 104.18793446318047 97.783612801172936 93.179922835514873 91.810004632026036 90.615251965012092 91.452201580211081 91.254053152158392 92.344375068211619 98.669862807726631 97.909686252456353 96.646902343473116 91.850119711825101 93.099417951037893 92.14636950953107 92.516205745489941 94.360226661827326 97.078855606630185 98.369745674774293 100.48433605277586 94.682448817350007 93.019680782271251 95.415061470612557 105.96729462135221 93.152477664111927 98.196346010011865 98.994077754660836 99.646539470560938 95.842499816182936 93.819621902513134 94.160695991876366 95.376809152745025 96.750489421739744 110.65359493824278 98.295026996063726 97.899773347614328 100.00141447516134 94.806936532715056 93.9655949778099 96.833346516908421 75.397078093032846 93.396932651333358 94.575396645752733 96.856719223856132 104.71368266330934 99.680413504614037 95.833013032025264 95.10240989821348 73.791011556053974 124.47517475966379 108.10045754297249 82.021366598520814 97.850308973260383 99.387771103975993 100.78986227659189 95.91066096883894 76.606667609688657 112.10395121140607 109.62661368764195 111.12244861416949 94.079683222240746 98.934169111472457 99.126336365429907 106.93028208510633 102.23178261549239 109.71115527263208 110.21939038381548 109.92284373559424 108.55516679600525 108.54061354972649 99.126250468783368 103.23391189735017 105.43566228562332 110.7863889017455 109.09071762750808 109.00198872886698 107.70855110320086 105.29339231228205 106.37256778434313 103.94955911352126 106.05763797683939 117.83659885233051 108.06863706131305 105.30649195750419 107.54380805363346 106.85717130546824 106.56502661290082 109.71931634208943 106.47315944879462 118.06084060938528 149.26154862196199 137.24506073001703 105.47940941601658 137.19608997633512 103.57961833522062 104.48262251227472 107.44007563043114 138.08653603001045 136.92235546453395 142.0580343568576 137.07922372136792 135.95468723780812 135.93846476217294 134.64400120719046 120.21258593612012 137.86717267641308 138.93298569510625 137.03521793973368 139.18800434480684 135.47944179678777 137.87756317952082 139.17919025140083 141.5999039757437 134.67191498391625 137.7167561851127 136.66665501787546 136.61087844341137 130.84960875759816 133.3985856843023 140.36730085550656 143.62517553273466 135.79982544925295 135.62033897436112 133.9266056126686 131.83914164897999 129.14256797934249 128.44897286356922 143.23124038947267 138.15429464237366 132.77224705461302 133.53515843171266 135.02052909274715 130.23015747747846 129.7857487559543 141.08975170184956 142.4454764125251 142.66142204927849 160.13216855113276 132.88597185095611 134.42508297769206 141.50392156209563 144.41652712024734 152.52421390647555 147.24653872145475 157.70220189476373 140.1335613759079 129.51204641185362 130.73680580897096 151.70825176424876 153.5435836862396 148.0060842618374 156.35968547948693 157.36474689975276 140.64823376859371 131.20429489986728 152.65624051292642 153.04989950902663 155.71818338620085 151.53173973818539 146.89971485897678 120.29698515362142 157.75290186274694 158.65316303333964 133.28250781769617 161.78897497678804 156.57989581967223 155.59282710323708 157.0311000686599 158.05552730263847 156.77157709870758 152.41961235428295 155.41211619591047 154.78616180067181 157.87390156193007 154.71706124627187 155.66372061995057 157.63257498656893 154.86917738202882 158.69455200839212 157.81865243715208 156.2507823962415 156.58027040809074 157.05122884265435 158.78566840251349 156.53937039920999 153.76673629038515 161.83615809465562 160.76391790624544 158.87726400744683 158.91657763733127 158.15492969890803 158.04107434772345 159.28359067836121 160.73048881618001 159.73725627414672 159.90268096210099 159.2213471878533 160.85421316373638 159.62231530370056 160.31852183464551 162.68706604028003 161.73489996561449 159.93379415556615 161.05177234195347 160.3007324947155 161.17635910407094 160.11292385283275 163.33775951907901 158.49786310810279 163.17870833876725 160.88655456837469 162.38467256874193 161.70681243674147 164.00041923385709 162.20447531838406 163.0313806564761 157.05145579024207 162.84899222542441 161.93378602413995 163.62239438261918 162.11447943765816 162.76124240320465 163.81196966262198 162.82497325593832 164.15346889589017
