# Created by Octave 5.2.0, Fri Apr 02 16:07:20 2021 CEST <br1@br1>
# name: ptcls
# type: scalar struct
# ndims: 2
 1 1
# length: 2
# name: x
# type: matrix
# rows: 2
# columns: 320
 174.13930997482981 82.88772958033644 83.11383050720903 61.841085427343629 86.527823351581915 105.77827626427261 47.803698327364728 68.625378540106567 63.635991091041198 115.97247496801607 88.545986652527134 83.456812233947204 102.67523328914871 107.66058468319004 106.25548870079 109.39907913674928 49.219093807145263 78.720831713328039 84.679967506741249 85.703664236192594 87.67303884730849 153.06701110093061 106.39431501977047 154.23517879793397 149.79544114547099 138.15239724208749 150.96877406462892 149.82099025910389 155.98851357914418 154.72462540139696 141.61666552526478 153.68297079681966 149.35564658155621 125.60546701728074 154.99258715589437 151.88382732916099 152.66231201904759 155.31756536312469 156.26856829931845 153.77299853200921 154.26317412301046 156.93168487020606 149.11345745651894 154.88188747043571 151.19027089315975 161.67118086489828 170.99563176240883 168.39349085556225 153.07340783957875 150.55791486047829 142.87825031832182 153.89466276155812 156.47814519341492 152.22481597090743 171.11516001092642 172.24818777850368 154.68037263538994 170.60206971962734 172.92930741283428 173.27085980020678 170.16997955864909 171.46848192272299 171.27992135238475 169.56419673062794 73.123780453722944 73.70701354301714 73.601370492318964 49.589545221679344 74.930496671697782 74.297651276834202 72.222067125808422 5.9571775158617131 75.492288180558106 74.514450704910587 74.883867629379182 73.537667140618751 76.624589321443921 74.557876267536372 75.522243573088076 74.388114986035959 82.695400224295497 80.367691926526007 77.16510929814946 75.765987299068797 76.060380267000539 76.085624601719005 77.651528912670216 76.863125878218483 82.998728170749189 81.609971453221547 78.176084991530217 76.701361546109879 77.51386983616743 76.955144961783247 77.117875660307746 77.81599082559535 107.27265660178207 76.345640126301603 81.898444808437887 77.979220556145961 77.964068706237924 78.101382404915071 78.752434878603594 77.485952988512636 85.589401961285944 86.792730106331675 84.098329096695139 78.622292113109154 79.203423283573144 79.439425926156304 78.220787360771922 80.594620586331303 82.32751525068997 84.668869866923842 86.050618013255388 82.115309561643286 79.755411529814936 81.713358373320418 96.7822341430888 78.848100909508787 81.338796511791784 87.630439034323672 83.432480719985762 84.122866861699848 80.974174770836569 79.860773293418148 80.009983928064827 81.059562528190469 116.63222746645064 83.969421893342272 83.308544573154578 85.577509146289032 81.483281345048127 80.306803057627818 82.731575278785826 48.444998289148344 80.165730703185972 80.583994281506349 86.393750509308333 98.675729441684638 87.957875823027152 83.339838792344167 80.989808084331898 44.413028861860084 128.30731362715434 118.61854232962693 51.117401550791271 85.73090065382128 84.594125551477759 87.005313881702449 82.3429963578875 49.441622423844763 188.80540888328522 127.20961743061349 135.26768206937652 79.424460516664965 84.934223751977456 86.673120097184452 105.63713766593949 50.539929988468572 119.97037994544054 120.28235256405466 114.99795379418291 111.11713671720418 78.153190100996127 82.517892570135089 61.741213711164171 77.025962049826092 116.4938409341335 120.40961510417154 124.17821707620131 79.761351372325649 48.226819491499178 48.179633425530859 93.921349252703152 76.628229733172162 117.37028544362239 106.11754325764294 99.610897048300728 76.895172030138781 97.683533191898491 116.40959563409596 119.14095169134291 94.253278555113909 88.887136151038732 167.39067368168378 138.67723887080385 77.857553545989987 155.7630589210728 62.969824883159419 62.604869865729519 75.722682475261792 137.52566555999442 142.7140729235258 170.71957728714554 158.31233319278653 158.094732381499 148.34424444569927 119.97623415186999 127.26199931897966 136.06594849665615 135.68247332207619 148.5119800873197 157.24613999153868 154.73952696521997 148.40282097104941 150.01210523429302 151.77733451152702 130.06556412142226 131.28362533572167 150.50383192611113 149.46970112373009 149.15842588586023 124.84257515178686 148.91058485123756 155.72334589394239 150.63717164147511 126.03509582062894 150.0548307221687 128.04812432525603 130.68176496088986 121.21276312587091 153.34156445385483 149.06448333794953 123.24949958656603 131.1133176409017 147.94092100540286 124.41458777297959 188.21957520986382 153.6401332032485 154.54587346298308 151.89217389829452 181.38300444747406 125.07761223561236 148.88301774850066 150.19141343655576 155.38405439769181 165.98587782350594 163.77550310378558 171.98633009726507 145.40395775523183 103.45534342492996 129.03619789927777 167.18701147681236 168.1922789728672 155.43421521244053 169.54115540127847 170.70788693899436 144.79819522803552 131.89113655728192 167.06916782971106 168.5695418925774 168.64404902539658 167.27340418061206 152.61913355356518 109.64165718308578 174.6210294263592 173.5565767886095 113.64669809679276 175.66590522232343 170.93370198848177 168.94100572054671 170.18485928318111 173.82021001874415 164.94235932636823 160.66326344508258 161.14937094508528 170.6258264902894 171.67363719623137 167.16165914930528 168.98240881448095 172.20912750072435 169.7937274432154 174.68597878827342 172.23044187560737 169.94749056497264 171.40762932439316 171.41429143779345 172.58678755618641 167.969947311353 169.6084232900385 178.25173462523108 175.53415258385903 174.4161871238866 173.26388087533431 174.18204467012927 172.61922655606506 172.58106679862294 176.7643451739084 175.33075189380082 174.72707949343689 173.69511735707215 173.85218497395252 173.17487720768247 174.80901396691652 179.27330479367686 176.3755632543787 175.91653456323712 175.46895038829228 174.39455139345449 174.43273543041772 173.19103659322724 177.17509397871726 173.37763440442819 178.88018609180688 177.00362599462062 176.83179848394491 176.34511861439009 179.86388484756569 175.94197434049229 175.50989642274376 167.145534450073 178.43001138403557 177.82569225556509 177.36579635354479 175.20530782497607 177.75972571492099 178.06274694415922 176.87666210981794 180.10713992837498
