# Created by Octave 5.2.0, Fri Apr 02 16:08:09 2021 CEST <br1@br1>
# name: ptcls
# type: scalar struct
# ndims: 2
 1 1
# length: 2
# name: x
# type: matrix
# rows: 2
# columns: 320
 193.7586623027052 75.374571394167134 76.303980004445364 50.386789007217331 80.471014092880466 106.74266227593927 24.596136562477547 58.028826814067081 38.623872713516697 114.91932846438679 80.037051120300617 76.722091420404325 99.080475571723326 105.59966853017465 104.92540913771148 109.42553781737671 16.89108112757603 56.983583373450699 77.38930951380398 79.082381186799068 79.069531481025805 156.22619651947446 105.93097701721294 158.12086386648303 154.80193497488432 141.96285159317392 155.61144900041901 155.30781283883147 164.32541313616449 159.27690957253313 154.11768074957797 157.61515314410983 156.17861947305261 148.87251452990233 161.94839482030181 155.86194216830239 157.45963832927833 160.98796689034609 160.08946092216459 157.04175805498394 159.93518848451791 160.92259693144371 155.13887348018912 164.69008636681264 156.82319818473795 169.89735916241378 177.17004352396472 176.71255374571197 158.78793555097783 154.72541634659711 145.60539697670362 159.16559079091809 161.15780432891407 158.02777880205187 178.5037801158451 181.38077207720818 159.11242435232532 165.26940474592939 181.19669288236221 183.71672284526576 177.81745298212743 179.69552976241553 179.37431236569554 177.71962094871299 66.559805929248697 67.316439756277958 66.880523268110508 37.195171787760643 66.936751591098414 65.96697010403625 68.923766856676124 29.277666152380526 68.058137110477489 68.488090124719207 67.819012798146986 66.934884775709648 69.205120167987914 66.866008282896601 67.801426261819884 67.869326099104271 76.29804546439037 73.752759201321041 69.583666606884094 68.693472592771741 68.880013709395627 67.122852281387196 70.292066041560091 68.177398137235514 77.549497576114405 74.528403802312667 73.387290055757802 69.060620426634074 70.086653556698138 69.755909646347078 69.995626323415166 70.472110722474852 104.62501474396564 46.271565267523172 75.116199451228809 70.013353653831999 70.943796876492243 69.095354132650442 71.839219431420688 68.02489536120315 78.002689410925754 80.396159428256851 77.284690029111701 71.425058546587096 72.254418879893521 72.575544235805808 71.121176994764895 73.856999635262696 78.177810253716714 86.975264298518226 78.619804817649538 75.391989869368189 71.071699306672215 74.896717632781062 92.017791007305107 71.649392474375219 59.156725583136193 81.791311562723493 76.378098550447362 77.355187822226924 74.421464949549204 73.013620680267479 73.608803814064231 74.660358854302046 116.70933670443604 76.806084487702421 76.910986687303421 79.650471825127326 75.242118191055255 73.272412441685873 75.70644620116488 39.843250149337159 72.196197119851959 72.941919066641404 81.459818571435463 97.394562016803889 79.221464516987055 76.771145643254812 74.174519268135356 29.1741822236947 121.0963614080321 124.32387970088142 35.087002568813915 79.793211609666471 78.065152413167226 79.347496452292646 75.947121232300717 39.036915991045866 239.0067019333041 129.23246780245645 149.71796510590002 73.313346209286166 77.505965518463853 80.717996866832934 107.03916452627013 18.25545910716837 129.49162799799018 116.50445074063342 96.092376486013734 94.669220693871608 58.898016433216647 82.063003239760121 37.718641439935702 59.982236026891258 123.52027518433319 127.29255038625965 118.52292995333534 61.563355688444545 17.696359355414408 19.118333024305031 88.127117899061915 60.209749181236916 119.799298515098 101.92883656259993 89.606022753835219 61.239233580266081 94.007008837040971 127.01246239181378 123.97237564428571 83.549298065024757 91.603118356073793 177.34642095955309 146.59415612089782 60.0720532158212 169.312216614303 37.639894302283253 38.655049728100472 61.047978820272917 147.1322945332135 149.55066053702285 188.40406706744773 179.7561072568877 179.09654242487383 158.10395433545131 126.46529884163662 125.77344036992386 137.39509400239808 138.12300376448272 154.87010420967886 178.06049601626464 168.64779959265005 155.65804639612148 156.00729114578309 157.95535705037332 120.36173388237179 131.38715925890554 160.15805707807507 167.37873965094775 160.17714539377965 115.90031026267232 156.18891197657041 158.39190080861889 166.77768736116991 114.74913690224514 160.82024799079332 122.10069625004559 121.59789688334172 128.68004867021511 158.97064805919953 154.6515443532482 115.08181531355858 119.91613767568487 161.31287644923106 116.8496085712426 235.71007298933517 157.38248527569795 160.9430035371453 156.9972056928797 192.40616531349067 112.54793783238877 162.07348157177969 155.72949827258557 160.08779167989215 173.74430744049718 171.62345464957701 179.1894164222002 148.06048991575676 84.679036500147902 128.94701583312187 176.15207787933716 175.21006008535178 159.28730987665713 176.59633716959357 178.31142839322632 147.53241241350335 121.07078879678267 174.6613332313955 177.21520241324438 176.58897562237647 175.25209567748371 156.40399520974987 104.11456192564216 200.7935413227585 188.41114791088202 103.46127808113698 185.53441799855739 177.21941635840417 176.05796496754505 178.81656612924394 181.46053075850935 167.30166566583222 168.29501765737234 156.96628641605662 179.47594611065233 180.01051177390079 175.14596832306637 175.73685590351272 179.3333860562841 176.00628931826864 181.44964248362112 180.7598252065782 176.73756731661831 178.21844048957135 178.43206087728063 180.56778204875053 174.79697711515408 177.71373574880488 185.97620114378739 186.37256191410847 183.61544546427768 182.463387694744 182.53602304739448 180.46775014768346 179.81622119354546 184.91522006914789 183.72748271764868 182.87846529622286 181.59940850335246 180.30023215534777 179.74572850598588 182.42079725972769 184.26687471954415 184.97657989029398 183.84610423781004 181.93490369174177 180.86632742524907 180.76185336771823 180.50641160131428 183.6209628181409 182.47675323479277 187.29975143591864 184.64755740309064 182.93830428018728 182.91462627745906 185.65436298178344 183.55955597618492 181.71780351862327 172.38150038592113 185.09793422212059 184.90310278366317 183.94347581750114 181.59728585668648 186.04590147640218 184.44770746342004 183.3313756701142 186.77186229256392
