# Created by Octave 5.2.0, Fri Apr 02 16:08:09 2021 CEST <br1@br1>
# name: ptcls
# type: scalar struct
# ndims: 2
 1 1
# length: 2
# name: x
# type: matrix
# rows: 2
# columns: 320
 193.96092366691011 75.297116155134461 76.169110975276951 50.268703477112936 80.419189574872021 106.65035808642722 24.285606089934582 57.919584012767736 38.347754349602994 114.88927813473317 79.914763190032616 76.66966544580221 99.043416213811724 105.58230643263991 104.88434978784832 109.42581058728008 16.495360950814543 56.759488029740623 77.356334614945851 79.107357738451142 78.853955561717243 156.3223231538415 105.92432365743537 158.241155752997 154.7666205385589 141.98036634106666 155.69575148214466 155.36437802006577 164.41478988671784 159.38523448484062 154.26832548184399 157.74624591504246 156.30909543240884 149.13469421207884 161.96880813507562 155.98975233923508 157.43229002792194 161.01286894430208 160.14414556489214 157.14714614001292 159.98561801732515 161.09426072868297 155.25495240302899 164.80633694931339 156.83783858121595 169.98216512424383 177.31994174213725 176.82006497574869 158.78037371202416 154.72380719354493 145.63351189070755 159.28880924352174 161.11496269146843 158.15274883871177 178.71718282956675 181.554274995485 159.12919521286921 165.33587251967467 181.42502185363989 183.81874594298677 177.95874049636799 179.79963742745943 179.48128698199343 177.76310505744365 66.482485498685605 67.322721452577127 66.924643884586274 37.067394742050141 66.930730274401071 65.986491551864162 68.8144311845532 29.518083561004431 67.931970828802136 68.44131454830395 67.712504680171904 66.809363432139889 69.117898294949086 66.843201950682129 67.675906569782143 67.721516690314985 76.215127823595068 73.763853666687282 69.444562236804231 68.654142313712342 68.770624859652713 67.006945219121206 70.232953310855351 68.170518232374889 77.492565794873386 74.485368919596951 73.400748671731279 69.019270588092454 69.90100644945467 69.742123636699802 69.910444482482788 70.452787070356777 104.7253051884387 45.961523258669757 75.028321023130943 69.996027730275557 70.858465388566586 68.940198568689596 71.662430005501506 67.897978569821518 77.911218288272764 80.314307649502766 77.088587605108927 71.371390753946542 72.074166413398856 72.457488493114198 71.033391477321913 73.747415257072603 78.088460880765197 87.017082130723537 78.45915100178199 75.275152669456887 71.037716285018163 74.914835623089971 91.96867303683311 71.567960407471446 58.921282817505187 81.752447339161577 76.183556874652822 77.384078158029794 74.222534717848035 73.077343620459573 73.510902676974453 74.620888651163881 116.66338574607637 76.723250745181232 76.963364176879466 79.547005373969384 75.146535783119205 73.248095692704609 75.599921197833481 39.7892697166142 72.064547075507363 72.938462086267947 81.378621010620535 97.38135410520718 79.143080670408537 76.740435226161694 74.043843482568576 29.017080711961007 121.08574492282986 124.35943437563223 34.921740723638891 79.778238354801459 78.13593952664894 79.193082038707985 75.967982841779801 38.966230851595334 239.52424103691254 129.24234604933244 149.86693709596727 73.224507634977641 77.45534328282983 80.700501596534366 107.05361841142818 18.001256305891342 129.49666123952659 116.46550329915485 95.896195245445128 94.499654549301169 58.743267595776409 82.113688929037806 37.37301958519614 59.807749492265877 123.62201655905339 127.45309332333613 118.46860688942429 61.373939390024645 17.369904203328069 18.814255029706395 88.067383555209943 60.007820354566839 119.79234677733932 101.88565401935206 89.502879719871657 61.151391816834881 93.970384905825796 127.08273050202166 124.02218413864594 83.438947750693941 91.631118172620546 177.46242468404941 146.59329968141901 59.896359610224671 169.43498874256895 37.420287140711856 38.48284616639463 60.804965631182398 147.31366218340582 149.62114082169808 188.58445534098448 179.93222767159497 179.38295878855763 158.20644735559659 126.57475942840348 125.75809440137689 137.45279710463899 138.10430720587325 154.85302422800376 178.25012356913345 168.80809375634968 155.72855151480684 155.97700156000496 158.00327672285684 120.24129712944962 131.47906308289836 160.24140722579793 167.5755866196611 160.3415918619682 115.72601095260474 156.07535717041256 158.45481131843297 166.93720053984822 114.71711021527948 160.91551967752363 122.00168858192453 121.59782547596504 128.69879904141754 159.06102537135936 154.72948736069893 115.07835984964967 119.81437923823624 161.45253431595395 116.71408906735287 236.19966574994828 157.34773870228713 160.90650039132103 157.05919943570939 192.51980614716095 112.39338916430394 162.1814903310873 155.91587482098268 160.16708479795591 173.84494083474556 171.70436136654394 179.24385616753619 148.10424819989424 84.485466325665612 128.94609643037799 176.14474432191707 175.24162086309695 159.32703250206143 176.63001956037826 178.3372884501718 147.54422886489155 120.89028731822334 174.70670568595244 177.27718155447974 176.70604978559624 175.3452408123903 156.3725769272128 104.05758156216336 201.08525448707209 188.55620316828791 103.35627375107867 185.62198143404777 177.32294777391573 176.14744070659765 178.87997381420053 181.52505570572092 167.32608879236238 168.43652638153571 156.72700453741305 179.51075424965669 180.12321765456758 175.23520464873292 175.88635550039047 179.32536982012257 176.11461690752262 181.56473236930069 180.78128125486631 176.83367629261505 178.14224623192206 178.44474961827234 180.54830032855793 174.85536140943321 177.81872914593319 186.0053507451201 186.54810518569639 183.65958886345467 182.59584637939972 182.78572603177588 180.55522748262945 179.9380973969748 184.90979995665415 183.72412342244061 182.78677184847328 181.68775377639017 180.38394751689526 179.89136545191451 182.52488683532798 184.31013954401476 184.99214677567457 183.86370563814779 181.98787305617157 180.92195749680005 180.93142183047544 180.58835633306731 183.65377367367017 182.53623147366986 187.39672786062224 184.81300812700658 182.98039201940691 183.07845413380363 185.82311900638257 183.47198549510949 181.74551849435557 172.4354794161876 185.2685410363998 184.96155038279213 183.91654889552743 181.72557604444088 186.15587701858189 184.37058313480799 183.46151940413887 186.87655741779636
