# Created by Octave 5.2.0, Fri Apr 02 16:06:10 2021 CEST <br1@br1>
# name: ptcls
# type: scalar struct
# ndims: 2
 1 1
# length: 2
# name: x
# type: matrix
# rows: 2
# columns: 320
 148.2806669571911 92.104903025224559 91.39122981850754 75.893263509766612 94.432807233992378 108.65715104922555 65.047158868637979 81.625271894737097 93.095467488037215 109.42612384473649 98.245937772970152 92.41205514497058 107.08529688062933 108.00986179109907 107.94575760599469 109.21121033669816 86.697225642783977 100.51766799306149 94.291561283766839 96.152302226455504 97.405293997094276 146.7180482331521 107.62592093635786 149.09404743428445 142.95659370413651 126.3700918790536 144.89598179316442 143.08973369222161 151.17973286787154 150.57512588193231 141.16091239038789 149.68062386002578 140.88908290285113 119.92367591015767 148.8151503523398 145.98151220995365 146.48100199951506 150.10513555666745 148.91465626372079 150.87123200276162 147.78064596707361 148.48552107048158 141.79980589208563 149.07640928615425 144.89831789094367 151.57927140712152 161.3423343969441 160.26957875616441 146.15957301504278 144.20169892779413 139.60801859464004 147.82914092124327 148.03196950071481 145.9044966745353 161.01968813583599 162.30293688806603 146.9579250635976 155.04014450130111 162.75377200016257 161.33433794243106 159.94270594033895 160.948603266822 162.32975386682341 160.45482791480816 80.866163730958178 81.658085888313849 81.177150706049645 64.795013661229092 82.257794328273235 80.213664306394278 80.151028849016527 22.652494110383049 83.967047230279903 84.978460429428395 82.857420540830603 81.928161952142673 84.23531034006615 83.071173243281336 83.430348941053424 79.216750014053048 90.457131041454971 88.205325807173267 87.35946602388276 84.141946808852893 85.028891410765908 83.999476872506094 84.650064473636235 82.873847491810736 90.447768121261603 89.345743963197492 88.241913291204199 86.29241984451383 86.024365381068151 85.231418293075734 85.107535075617079 84.339065265045249 108.07157678219545 93.460122693990044 89.450732909740509 87.050466318970436 85.847821166090725 85.41540739991612 86.010698001772894 88.929020996754161 93.880508499307609 93.691615315888512 92.184429474984597 86.969652549407002 87.718166652954054 87.03666962482319 86.359192605571934 90.029189649751672 91.252119694384874 93.243141814912164 95.740941565791104 90.192070148107405 88.026659496572535 91.084335837860323 102.62727262925642 87.452900408863755 91.584838618354752 94.619418689903654 94.483113808435377 91.583356749774723 89.075735452402043 88.951209115407835 90.433345832759187 92.174195890168377 112.82764313031836 95.079075583201416 91.421802933599579 93.102009642431739 90.324973934859983 88.831745760434018 92.491060527932433 66.296494158896792 88.886606521539974 89.499264851562245 92.719986514610554 101.50699533632498 95.535187682312554 91.170775768561029 90.253528750408705 63.108108758165287 131.44626084811421 107.74671695203388 70.783561126619162 93.690468176614118 93.266381012908624 97.099327626674736 91.44542021983483 66.134995334081694 127.63306662474298 114.42640718195325 117.48654245688968 88.437840412417316 93.283593692685983 93.758279852492677 103.94760891956763 87.863200162725377 111.73239361849058 113.36534565226053 126.88482332741322 109.66659376241957 101.34593296128095 92.446925641316682 92.70607510054667 96.886397009315928 112.75546867575079 110.97905188635644 110.14169346149615 99.936815032666601 86.483550571680823 87.495779177551299 101.14658691285464 95.72039901057336 117.56800875529373 110.09949047969714 105.34574721302951 99.031646146551552 103.53315657860882 107.21509741230356 112.73563757075479 106.20168059022465 110.67594970040973 155.74312316788223 135.31422558402238 97.966374506297655 138.74084776048571 93.924925259022757 91.904571038076568 97.869336887679893 138.3644208784703 137.4934188804514 150.66950273244737 140.57887620935003 138.2596275890125 139.41809046242227 131.28329329092554 121.31524993508631 137.33158374972018 139.27744532907855 138.41154737767349 140.45777514661404 137.90263924743059 139.42481362837435 141.7999860104029 143.87860060580388 134.93349266945711 136.39746264266415 136.1447209197604 139.21351368603382 132.45880673554549 133.87361228548812 143.08251701322135 147.3365747015533 136.34391486953291 134.33073024816457 135.26680584712827 133.06095178653351 133.31743109554347 130.31975869993883 146.97256418464497 140.92206186444497 129.63517053166109 134.67426992543326 137.1318373979922 132.87392943189136 134.00105016376202 146.28526906789975 147.38647470207792 145.30363405079365 167.85974524071142 132.10769198509729 135.84616641710457 144.39319050428801 147.98936035513211 157.50551882829444 154.19104607293716 162.58158062147689 141.4248198871139 126.51304197460094 132.89624477432406 158.29513752300409 159.36919921496676 150.70722278932945 160.02418398259459 161.63461205412818 142.74823158616195 135.15923805930331 158.54359894244186 159.61497301489044 161.25537797385883 157.22308666133691 150.96262872774511 116.42232043706301 164.59585119478263 163.36350145362454 126.14221337373129 166.92905442717773 162.39351842991437 158.67308399465625 161.51838500932843 163.26265219777034 160.25242937707011 155.41730366002827 158.08320636291265 161.43110634312728 163.1546444615017 158.1540083846092 161.99255730892725 162.29282996518003 160.80349434558826 164.49973698075385 163.57633731535688 161.43203203341506 163.18628419734242 162.53454844688002 163.5732516755406 159.23577276898877 160.37066507309655 168.02380647879482 165.91625485089284 164.82068983419717 164.15788155974565 163.53833348725539 162.64348842640038 164.06204663243309 166.07762327562705 165.35261662095374 164.63861469855007 164.08496773579222 165.79966681664297 164.62984974241692 164.54907049423318 169.53146070915898 167.48947031572379 166.48612633757446 165.74845584346323 165.25614524056473 166.38707562313567 165.14517252456795 168.94200677386976 163.31987630416089 169.476675337339 168.16299568474952 166.81943342352093 166.32681688908653 169.12609734385504 167.73837875831893 168.10976245087465 160.72202984836241 169.56069014978792 169.23269660483925 167.89498415995303 166.944224894759 168.61576740048312 168.44343605778951 167.35838138008111 169.27746315753276
