# Created by Octave 5.2.0, Fri Apr 02 16:06:07 2021 CEST <br1@br1>
# name: ptcls
# type: scalar struct
# ndims: 2
 1 1
# length: 2
# name: x
# type: matrix
# rows: 2
# columns: 320
 147.17096612312412 92.492179220387925 91.540705296712346 76.483691160288586 94.637104981500912 108.80305814743188 65.756602214859726 82.171485901234178 94.408825640976133 109.58211768450555 98.486325791673821 92.626894543426332 107.27059367018734 108.23344083518684 108.17184035980203 109.32637857360416 88.574696297264239 100.60410901954528 94.287424303440758 96.742764504614826 98.002006060741991 146.62185086749957 107.56557787267035 148.36535117330476 142.76300287205939 126.32268239411485 144.71337622431068 142.80690778605009 150.8302860086587 149.95110890921728 141.14176309900651 149.83813617929846 140.59381632914381 119.68494519137099 148.59534037152289 145.14740019306515 146.5658165562964 149.71856261895974 148.76395583951302 150.99616789731363 147.53724990108017 148.38108418848435 141.36356098375174 148.99527282488413 144.48999375891364 151.1552132179707 161.11469892438595 159.9470227653444 145.81311259712882 143.85129354464203 139.59809571571486 147.58796025176076 147.74679770128441 145.52580063920891 160.57244286228101 161.87400311725443 146.72110773424751 154.39494615791486 162.52215612019461 160.67961461599862 159.39309800082171 160.5421284050492 161.64725834226428 160.02637973301168 81.057925418234944 82.175774408030378 81.701301930085066 65.433898889781602 82.887648888166467 80.737225656980158 80.466124112325659 23.854581153502576 84.243584272488988 85.484786045271292 83.201470993275393 82.211674723019001 84.46393106738833 83.488133813131157 83.896949381474499 79.631706631881244 90.849597439623594 88.69581319866991 87.763482533486936 84.305804762778692 85.196449960180701 84.442904412852471 85.253309500924189 83.321941667474519 90.713542264870796 89.797728928901975 88.813162735028541 86.63174707990369 86.236259330282138 85.450433996387503 85.556755936314588 84.357670103098982 107.70526162443069 93.443479552210789 89.59920689500089 87.723154648294638 86.379473987908639 85.502860951295006 86.243797022388677 89.219313000732853 94.172901120991128 94.021644224071736 92.435687949577542 87.31179090440223 87.952492555869867 87.30383913557425 86.652579699617021 90.429175718742314 91.615073876366978 93.497274248390895 96.567339323406841 90.605499485461024 88.390610256327236 91.546173045307995 102.87286248161641 87.664041603728464 91.744556430663152 95.012634394300278 94.901547463562807 91.702755987921947 89.646139210482744 89.534404246869343 91.178148442626764 92.613598904641407 112.66778664560692 95.372209195889695 91.838230828136844 93.550910055069664 90.555330132451445 89.259200142232658 92.453093282126289 67.054932523419737 88.938231832124842 89.928605875472499 92.877818360359854 101.74278116919147 96.097157293758002 91.71286848413105 90.538096502720805 63.893616316833572 130.93368098866932 107.75143908673208 71.609870352494283 94.092720394851852 93.205143501037483 97.472078224465164 91.672959573683769 66.843093846919274 125.3274369082033 113.79293288310006 116.75427885052414 89.076602073055128 93.695812986099426 94.189602554326257 104.04633032913829 89.220307706645016 111.49798577801296 112.64653280431362 124.32004115086932 109.09727463315404 101.99004722148463 93.097480961484209 94.024644556856174 97.911807303408636 112.55038972058233 110.40529340299413 109.52468016476837 100.76627410777041 87.988908270325751 89.158123904123926 101.5098122768631 96.752104146091128 117.64778493343437 110.63680425588306 104.90735917127986 100.05785446024119 103.96987053270877 107.06239152758903 112.51315880601966 106.08710435001417 111.94877623843512 155.26653680421163 135.39509243183113 98.651441432346019 138.66816310789639 95.136806551557143 93.230788520118452 99.024266720282128 138.1539073512219 137.33411157695659 150.03630652835989 140.1900235393968 138.12227868493548 139.09821801656594 130.98257828476846 120.61774115334754 137.27819904356309 139.82957572828212 138.21288585999693 140.1035779034799 138.03425124337306 139.18474042782674 141.68271904342421 143.54472286740636 135.41569121979947 136.39869381835828 136.3255581300395 139.05258096250486 132.3595827211733 134.22883255231852 142.68774580749223 146.92208614084555 136.21853218914032 134.23769697393212 135.26984527074603 133.2755139921625 132.99436709487907 129.88887326511116 146.45123339827754 140.67058066365271 129.86583792305461 134.29300094168951 137.04797926985952 133.05030932617018 133.68312149961571 146.19831337278379 147.35124480015091 144.9537991922405 167.29154107236005 131.74997406766448 135.45916528305128 143.94357581880695 147.81489527454633 156.99449193189969 153.79007044680887 161.832089225857 141.36279535289012 127.46999753128392 132.6477380008071 157.62639974656588 158.48322148221087 150.50860966230798 159.85827848557889 161.27012726211305 142.56089903738766 134.80801586322636 158.18861529922287 159.21600710462337 161.1074768798847 156.52884779189054 150.83304770909984 116.70722225445701 164.15922535912557 162.95062083690505 126.66723502402283 166.34131631778766 162.33413420322174 158.6937019557123 161.04754205013631 163.02883373197514 159.9498696994969 155.19688518166464 157.95437591828355 161.03660019084091 162.73416343378932 157.31341499217277 161.54167341826434 161.60504958494022 160.30649862115251 164.26471127644885 163.55368933533092 161.22425861681737 162.63265963305039 162.10838413099978 162.95001426364504 158.79567324157179 159.85328464653415 167.50954834072925 165.38921321830651 164.83166895528998 163.90007099564752 163.31538468200989 162.24596693183636 163.50999167065791 165.93364317021675 164.95500558571325 164.31566237094927 163.55047486193365 165.40856448294869 164.39167562782157 163.78910176966602 169.12179982536023 167.13356436431891 166.07493512060122 165.43210646489021 164.64955132790578 166.02051215354021 164.84174205544161 168.40691113969754 162.79055505883227 169.11546239096685 167.95141254462499 166.72091212557606 165.96232061693829 169.070686977272 167.09899695828577 167.63391328269552 160.45213469703003 169.31276749926911 169.12102984104351 167.84757077654479 166.53359433511008 168.26187727404252 168.31805618683231 167.1566398517889 169.14918955398946
