# Created by Octave 5.2.0, Fri Apr 02 16:05:16 2021 CEST <br1@br1>
# name: ptcls
# type: scalar struct
# ndims: 2
 1 1
# length: 2
# name: x
# type: matrix
# rows: 2
# columns: 320
 133.49370589765283 98.688598343001786 96.972409013452975 85.930533568640172 101.58564808701125 110.37989574715422 77.320179057435666 90.910910005187475 105.53406015601551 112.0780191208104 102.31556732628205 97.76493612418524 110.23534230311549 111.21740976021636 109.22048064639873 110.2819120270119 105.96191714361298 107.39214045990293 101.10043417604216 102.57267881069131 103.74160815114072 141.86126194916653 109.99461396859049 141.04906533436048 140.46899562200824 125.56413063509478 141.34250531965387 138.2816932873057 144.20287562613024 144.61745659976563 140.31943346162808 146.69140148768108 138.9010450678195 120.12335340437068 143.40710566366866 140.59408212214333 141.73237169078942 142.8113551557567 144.4231941572848 145.12801548839431 142.74777754309991 145.4552465765691 137.80679194625023 143.64578927473315 141.15813163856421 145.18864949167252 154.71065962505355 154.01789716545608 141.97443008363101 140.30926606135804 139.5486824578818 142.41564359657096 143.11216040496871 141.4597107823254 155.02764067391817 155.84087903155762 142.60201978066101 144.84980992538254 157.19376596721671 154.08920265910479 152.95798273766664 155.64081211670074 155.82457274456536 155.08463957446 86.201308916632726 88.40107307258674 87.330561120676222 75.656062546621769 87.843439804617191 86.906520493221379 86.239398302267418 43.087973843416634 90.871809653641478 89.877952181026799 89.062150388160561 88.02873705847729 89.976057196522135 89.04352557034818 88.954206001508012 86.012570558558721 95.543032821727252 93.412832568554307 92.487012653258489 90.277635289488188 91.147037913399458 89.956827001819207 91.554416809490533 88.934628281480087 95.532803552592043 94.517973573200479 93.82885536439133 91.689682082666081 92.205092809442093 91.08170492300809 90.826578351355764 89.841216695473449 103.25650784863355 99.133020807316399 94.434232001787095 92.823500596814611 92.21442024266031 92.239520785268255 92.904730086793819 92.978324512994746 98.898405805972814 100.00048818635679 98.002137655498714 93.33850675916959 94.280345183157223 93.296888669525401 93.929931849811766 95.119889634914855 98.034323275511696 98.830243736310052 102.23816489774995 95.935976911506415 94.180592326743678 96.513867599559134 106.80230011937616 94.310526928489637 99.556889782246273 99.941398238422948 100.10582109131542 96.645180504824964 94.935466318644927 95.461466253520712 97.574412977012656 98.243872209628648 110.11008289022388 99.369483505787926 99.075706678224066 102.26558947573302 96.100499992149324 95.247499765678782 98.09562986417474 77.958549724346867 95.108688111335795 94.800620567359815 98.876255365438141 105.51535449505543 100.30089516869302 96.917392082663966 96.212559453357827 76.461737255526145 122.73240323755118 108.73227130981984 84.830817966496227 98.234090311596901 101.00453916581202 101.26750748154529 97.188644284049431 79.191583380733405 111.7404987671533 109.83000080502045 111.76482397217006 95.949779024082943 99.903759686139779 100.7227015132127 107.70849019108873 103.73647361461971 109.32482351959226 110.76532854901482 110.95647412646757 109.65323306487065 109.58069940659327 100.5203668998077 104.83798614463797 107.12056436345537 110.42412316041901 109.71520929238227 109.44600453541409 108.44524205528977 108.04721746082522 108.35542317993054 104.27527383049662 105.72562978110226 117.87211332649463 108.45495340520553 106.50687392617051 108.63561675149371 107.35175496929305 107.61365694009363 110.71986100102296 107.7387697166718 118.64706122940862 147.64115498548193 137.92862331553951 106.67070040479706 136.17690370943987 104.7254583622023 106.38002777957954 108.65574935956489 138.1592484432941 136.96167280325139 139.90516726296016 136.44546066272574 135.92390008089316 135.32220264545597 133.8569112504116 119.91853100655536 138.00892525527928 139.27020143747717 136.61826069171613 138.28120511851813 135.20344800326396 137.28999570711048 138.33513238018298 140.89589758812153 134.81276273620642 138.02309870488409 136.99871481551466 135.97908840018593 130.0787576079546 132.12859969407711 138.89906310413292 142.59865538647887 136.02006804709211 135.85513480384083 133.49159498261508 131.51730949020845 128.59676490461686 127.73520871998203 141.82754546304994 137.03234584975351 133.556516185351 132.72385079061701 134.47977716655427 130.06190050367528 129.05592495829634 140.15368152377647 141.72103715811375 142.04445695100412 158.2002743787381 132.4709157446818 133.67797143231294 140.6117158048292 143.15322849900667 151.36775943266406 146.59445603792736 156.43460216936109 139.85781946473989 128.96884724775572 130.41256771307192 150.51188611681377 152.4177356717652 147.33079962996439 154.88907585755513 156.06886272597234 140.0761615975681 131.27242387341701 151.82546882521584 150.98779886027845 154.19811464437527 150.3257767028955 145.89236667945033 121.26565133276102 156.76989475836777 156.74784819963867 135.06758142868739 160.03560630519183 155.05752251248373 153.8326916360005 156.20524299380023 157.36627240272463 155.91346906284198 151.67018952784662 154.14860129500832 153.12749971780761 156.0319630723107 153.16649977572837 154.42006482080504 156.66935021815863 153.78339434898601 157.0996907131607 156.01941305750771 155.06417953148969 156.13619678495846 155.49798003809067 157.53899980454497 155.42398709208786 152.41448426228072 160.75710282142009 158.94205558117491 157.18380785044141 157.65211908565399 156.83010399311465 156.95790358953687 158.05870521919178 159.66040564930103 158.04210255469357 158.77520810540946 157.91595528079975 159.4348019447707 158.28400172432501 159.15547532571424 160.05078465002759 160.63619836854838 158.39459873024433 159.79198830815787 158.98175997041173 160.22515420514006 158.60106165202441 161.29582488141722 157.13007268866033 161.5797906006334 159.46656472471543 160.92474998931138 160.21498128600788 162.68158994673777 161.35865183203285 161.99159907336872 156.13381227571199 161.69649332506353 160.51850085570479 162.16138529646085 160.7045594775856 162.66363094712136 163.03211252680103 161.31535750201797 162.94891270386572
