# Created by Octave 5.2.0, Fri Apr 02 16:02:35 2021 CEST <br1@br1>
# name: ptcls
# type: scalar struct
# ndims: 2
 1 1
# length: 2
# name: x
# type: matrix
# rows: 2
# columns: 320
 121.16635555305417 119.01749450046633 118.81274856690801 117.3696989852221 119.61707578159753 121.11363836382291 119.75856536492498 120.05991775487057 121.85930105347414 120.00996590983557 121.1677006042276 120.13879058426883 121.03250628458649 122.07212440163758 121.66894791280787 122.16108778240947 123.37673651251848 122.35992811466555 122.10854889683634 121.32473145476672 122.13968763051864 123.87220894680544 122.65818767006674 124.15997434388525 124.52285179071417 123.20070981620161 124.16838990770925 123.2767878482769 124.60358140571782 125.49265212076354 124.61423559533908 125.30456139237374 126.08554353019191 124.91227168273382 125.33702261270221 124.52646043756253 125.71824568122084 126.60311232414267 125.84725721433126 126.65843938788662 127.17533001881883 126.38404115643925 127.49155192096197 126.55896723481418 126.89792496909055 127.72967449276348 127.47331441592141 128.73981402686309 129.17972606677912 128.01038260778597 128.57379305687124 127.85647182075674 129.38907792821067 128.91678879164775 128.77082126197988 129.81739530609295 130.29992730350091 129.92295445005865 130.97432098776707 130.72047717245135 129.9705005955328 131.12860150841124 129.96519854320189 131.10280138546113 108.21653369108101 108.25131333140386 108.20254701273413 107.26125282299641 107.56403573516727 107.12709044640087 107.8396502677451 107.15664927973792 109.23350851729744 109.3179004851082 109.22921642572844 108.44887478203873 108.94877151027197 108.30187235592851 108.88959206542553 108.35097947612292 110.07222931364488 110.25509980797692 110.28226081497185 109.53303920509275 110.11201712477941 109.54065856322835 109.96067857107015 109.54171033385435 111.12603439622474 111.25146628394563 111.29270130452872 110.59183898738527 111.15323319027287 110.59267185450153 111.0168858916239 110.74720116976128 112.18132709098437 112.43099645353185 112.34737574905103 111.62030745139589 112.14400739624216 111.59358250908659 112.09629304848707 111.80381110515629 113.10215533588661 113.16922851000318 113.43822002718568 112.77287535013345 113.18989989086401 112.65369298178349 113.06118244383973 112.77775251023328 114.26364792120364 113.77324967995852 114.61004931980175 113.81054577986595 114.45210812821725 113.67534792877188 114.1315453608288 113.83027287532137 115.32580660753315 115.10825948468151 115.71320728090687 114.88804849692777 115.44698894727237 114.84069682069665 115.14228198594537 114.85940955468649 115.74750397662352 116.21479041685971 116.86150100769207 115.98555711842606 116.55754515444158 116.01505643995709 116.27431232891851 115.90188196144776 116.64880970556631 116.56146560152487 117.17612903927599 117.13139712031523 117.70264938755066 117.02970563469734 117.24319366441698 116.57697743838659 117.92756139891229 117.45766791907872 118.1572030232454 118.01659366922877 118.13758946853721 118.14992876509683 118.26783013567542 117.23231517172229 119.04413229269908 118.67403545512254 119.32415052925933 118.86078362425374 119.46334507076611 118.89820282230077 119.20083089557579 120.10012197989319 120.12119467278653 119.90113533519849 120.54789951933589 120.01229879937287 120.88060211870281 119.16501765103401 120.01459627689667 120.41333525343701 121.24722763535388 121.04084304273535 121.64019017823958 121.38669563147333 122.06813686080854 121.23840602212876 122.21669698940727 121.04545754263798 123.51594305717866 122.42689362861476 122.89482535904135 122.59791920535689 123.43554215440503 122.68670503490668 123.60138072459283 123.20062194323195 124.80681557336179 124.1920028836557 124.67129390390465 123.77916163938001 125.07193695612673 124.15828622799542 124.78962021623737 124.46800321914269 126.27165075863903 125.51667187051122 125.988777357731 125.12136645010462 126.21539472269363 125.67739760005391 126.22152038506536 125.4630390380986 127.66311788175189 126.81864175055276 127.14470428073291 126.21900162071029 127.71217396654612 127.10567615178745 127.50419433679099 126.59091940421725 128.83091433917608 127.88115948766837 128.21637329331793 128.77259463348346 128.95670447424874 128.19436369845405 128.585018876177 128.36812849940881 129.86663461997307 128.94357350800777 129.4437791226633 129.78392004219407 129.96985506157785 129.37528397447826 129.9344036868674 129.37508452743117 130.12151467511256 130.33319073824094 130.44823328802494 130.98721043250887 131.37595316080748 131.2262259375928 131.37227324892132 130.46619315748475 131.44206218770725 131.64506457061577 131.48998982149874 131.95184088820531 132.17158034170697 132.36733041038551 131.51805232083092 132.43710486204264 132.54199831039742 132.61125084897955 132.66003017834186 132.94466357082305 133.19765920964934 132.45529992145543 133.02528990826232 132.97786339453052 133.63652590963093 133.76477911129007 133.7161762885313 133.9367923666203 134.33963550183739 133.40464521896823 133.72586089846263 133.47400612162511 134.88354355368341 134.85716100363982 134.76605909591743 134.91655232499306 135.29057339276468 134.51705697073442 134.73495309638153 134.47714312040299 135.80448786091162 135.64185565742534 135.67668876524095 135.95705471835234 136.30474435303086 135.58548041502681 136.00458947913398 135.52799439860144 136.89991539837439 136.59962094696743 136.73546697928697 136.92617993744719 137.41939332039564 136.67782751743749 137.14159717666897 136.64874368363911 138.00868506888216 137.60338145085302 137.68399433499664 137.94174899653271 138.48645151230252 137.76946594958915 138.3752948459298 137.80954935402963 139.10132425936004 138.62660646211569 138.67845520913141 139.01244061371528 139.66017909160348 138.90880809151423 139.3952433812504 138.8574013394682 140.1553620730663 139.69638034529575 139.7375796929536 140.08071487840152 140.7731717765017 140.1277517834784 140.59458220081808 139.93759515830169 141.22367702053211 140.74841043582029 140.88636184837884 141.30269262511882 141.92643010006589 141.22850761065047 141.72574494247542 141.00419099275385 142.48045228157187 141.91127988529419 141.86386060323318 142.50045638877296 143.16891392931771 142.38701974148239 143.02475845987433 142.4045587671101
