# Created by Octave 5.2.0, Fri Apr 02 16:03:57 2021 CEST <br1@br1>
# name: ptcls
# type: scalar struct
# ndims: 2
 1 1
# length: 2
# name: x
# type: matrix
# rows: 2
# columns: 320
 124.53110833007881 108.62129645996309 105.87631539508672 101.51782354242029 111.574884764423 115.95444240252843 97.036005861094608 105.33095977671042 117.84496390730403 116.1962564907134 111.0685019469052 107.29474580439259 115.02635427025855 115.54323930221442 116.64869606278208 115.24489061139845 119.86943375559333 118.63813596407688 109.53212608615645 108.74687389361038 111.44627102879475 135.39213701013901 114.49973279616766 134.40259348581546 131.14532589535051 124.31252023271168 133.40791047918989 130.81508936437746 136.82599550479577 138.34407003288797 134.15252779689405 136.26687910579696 131.20538210839121 122.49397054704691 131.30107518758368 132.13659258611875 132.56791353509041 135.4262172751159 138.31932227050157 138.24044705218719 132.37939105282854 134.64148079054002 133.87199206567823 133.74050629557217 133.24827247697814 137.24254285273673 146.4062570490288 144.83025418739442 134.86972321288866 133.16566992898589 134.15824711609122 134.36254448679466 135.39031106479879 136.00538625305146 146.95826131175946 146.8427889868569 136.93670039344684 135.2136203317811 144.66148479233922 145.71270670187573 144.51392049234019 145.08673030135168 145.43389335666836 145.57613619256432 99.861174701273256 100.83851069614785 98.287927295818321 92.522632580408043 97.537385912581826 96.095369411539338 96.822601759725046 74.823071781773621 101.93510383459606 100.98792215762708 99.308232422761066 98.645655512260348 98.921014026143652 97.901633587960703 97.632215203689313 96.817711114725554 104.06677271254631 101.88569262581291 100.62288279342214 99.67280050598022 99.945003030829412 98.934112524509899 98.781800751460068 97.870757899269719 102.84079676809381 102.69667482379063 101.6432327764729 100.5473382006773 100.87418946319292 99.77929293151638 99.939752430953661 98.94479900186451 106.80547304243549 107.35982274498762 103.73916268295383 101.46024199695877 100.76667939843095 101.04564258229416 101.91212792394258 99.995172273912829 108.41138211021834 108.64509405846941 106.38467524665842 101.97500618611376 102.86822917856713 102.84346078064243 101.91917070612416 102.93902931539166 109.01072018025874 107.80804305341732 113.46233323157306 104.87299518962539 102.50559046115866 103.78982043678769 104.825370896582 102.81262268704319 108.01217212345385 108.90241736452349 108.5508823687998 105.93693629408926 103.55338586423589 103.95742093072968 104.80945469445778 106.931890372119 108.90396320959364 109.57205757170094 107.60933494144875 112.59128286965301 104.65844643670785 104.27229527651058 107.85025234928361 96.586443654870905 105.98638893352158 104.92187937101853 107.44635725457358 113.92594064226502 110.24157617604696 106.91461794268088 105.10957978937111 97.199136804368891 112.82685997707053 110.39647890779322 105.90900009337255 107.98636856640367 112.58611891807683 109.87841498984804 105.72088227396779 98.2937405491231 111.92692275117261 110.76895310359276 113.03114378209679 105.24801990597419 111.74818409131727 109.85158430383039 113.75104724930502 118.74294279536031 109.70547694723039 111.53350302186591 112.71840615505205 114.16655667898559 114.70007798885135 108.85815869376781 121.65086410712674 120.771771058146 109.29832438654536 111.84100127582998 112.99352187411125 114.11026346672327 115.45855984535149 116.42951950806396 116.24577248840519 120.1649175013122 120.34603006318439 112.16749957434821 113.37998539569402 114.51944700752601 113.99628829712628 115.23705506722482 115.86383453969886 116.39681935088542 121.00073463582099 135.05927498457794 135.38444048127977 115.44445951756256 130.04260607632116 117.4471665984132 118.68884825225065 117.53239922993745 134.24112743879209 133.10917118982192 131.8650276587187 130.49456668754644 132.37909436592923 129.46393456588839 127.74538923306989 123.7123126136733 131.41397800382521 135.48296596984974 131.38735393329262 130.05006120182355 132.19879618045366 131.30333320476015 132.12839534622779 132.00910100914965 135.79605124970161 135.11004178267183 133.27173283618308 131.43569747418485 129.89137162484636 130.69311845715825 132.34625413485884 135.74137393065047 134.57454877536586 133.46599717262762 133.46553436190464 130.36982246120846 127.9238393225715 129.00756243477878 133.1910057667472 134.43968246753238 134.15474589692658 131.63542352980281 132.53040505772452 128.42206541120089 129.04116741015721 135.95365665405143 137.30024414299882 136.23210138538724 143.19968433426189 132.5128630401567 131.51068833915429 136.79919779553134 137.52869094827037 142.11572974317889 136.59138611975916 145.28641806033926 137.25790137961209 130.04780230358767 130.975956872398 142.45773989824565 143.34902664615328 141.86745668671554 144.23932941739758 144.31555126085578 136.09305269154555 129.66018812071917 143.70374126977407 144.28146921041096 145.17979622632458 143.33117936856877 139.66644582923976 128.78705931196069 146.0203409169481 145.07043169831775 142.32412274867511 144.71270520209771 146.13266950583102 143.13826829789633 146.48617776496877 147.14965188367302 143.98031412513677 145.85114169904688 143.1101689077168 145.30580883226327 145.42301107666518 144.40373238132173 144.27812663627952 147.85766774271568 145.19895236569903 146.37898972637183 146.25354286466307 147.21544994453032 146.55569664464608 145.28302457310636 145.67956684191546 142.96596490907055 142.88413197157882 147.56419081653149 147.2623451875821 147.8006032187148 147.61722928527175 146.50410896320986 146.53214315493872 147.6592626467862 148.3486805938243 148.32238517435371 148.90901646861033 148.68256579832598 148.44983321888463 147.21334112318178 148.82777335897811 148.54828964255924 150.41734072021123 149.34236347875373 149.67353067797166 149.44783308455629 149.04777482186253 147.82487992732143 149.8544686805927 149.54496919725514 151.1018387280584 149.99376749086667 150.54727738424614 150.21001838122987 152.33516843628595 151.12330660064768 150.58218941968411 148.59892697705848 151.96259239845494 150.77841735002261 151.80211429218679 151.29301328375675 152.42920745659632 153.65879993313911 151.77460592201427 149.56941696083936
