# Created by Octave 5.2.0, Fri Apr 02 16:02:33 2021 CEST <br1@br1>
# name: ptcls
# type: scalar struct
# ndims: 2
 1 1
# length: 2
# name: x
# type: matrix
# rows: 2
# columns: 320
 121.01940043317845 119.44019101381222 120.02983242596351 118.68932861709695 119.98303252360014 121.18350386670528 120.11384291701772 120.56811966858335 122.14551675522981 120.67632200401333 121.58275281431943 120.99711920875862 121.25934752971649 122.75688810264067 121.64530683663354 122.29067676659912 123.73879250702397 122.43479610982381 122.85019970485196 122.2596592885307 122.93734916338306 123.93883838740251 122.89972950088098 123.80004668527668 124.73962796530407 123.93267816386404 124.26427635642783 123.44708655686549 124.45049708255165 125.20207054040455 124.47494615148608 124.97696123029721 125.85609464437685 125.06028567809123 125.49232086401621 124.77297217504393 125.47989414804427 126.34841054726297 125.76165041024778 126.23883558225837 126.86024919141141 126.24699775148873 126.93729009397845 126.24510430419257 126.5890185772024 127.52582884458081 126.912886046333 127.68334694015145 128.60146263752415 127.4911880626637 128.24596390695737 127.34981039329557 128.55447106044753 128.56746999941754 128.31620479981552 128.83315000517197 130.14499604894789 129.30754601247367 130.20544597660341 129.83684523645363 129.6023842190647 130.39976903579054 129.33002263528664 130.00628742631707 108.01244556445506 108.22135557230141 108.13310055807545 107.45820708761082 108.05442961839245 107.53872099539322 108.10516098438252 107.48783415578717 109.09804411501266 109.3016729309886 109.27870941754098 108.57450200968505 109.11819424990522 108.61155876499669 109.26637946871583 108.55787912643186 110.12566036206954 110.28699229867739 110.32749961934485 109.75819164144521 110.20098386358386 109.66318893815777 110.3367230998593 109.68203201252543 111.19082437474449 111.23588809708957 111.34763281645301 110.79851146367706 111.26474170071549 110.74216930393285 111.44014348812286 110.83845416902656 112.30982672498178 112.34048921899365 112.46946323926032 111.88320446685617 112.42092879656684 111.85064953559026 112.54581679807372 111.89710905170197 113.54817895760131 113.14547347126077 113.48452102544992 112.92625898519395 113.52320162068395 112.93674881892608 113.59163031516047 113.02461124824524 114.27321507473182 113.92504823295492 114.56617989447834 114.05298162515105 114.67027273157265 114.13434917247403 114.5857362603421 114.15284653031986 115.38115562803945 115.00854662482436 115.69972762088693 115.22583511674516 115.72596471704523 115.23317576243821 115.71942397616176 115.20206892997329 116.39799472459683 116.0833279466157 116.8428004651 116.27945534720773 116.84998688201023 116.28171212496332 116.7136764467617 116.33844035481053 117.41635827805321 117.15287184548221 117.68678860044896 117.39190230868449 117.83674940205589 117.3165286146385 117.65148624176723 117.47615033912315 118.53530909623655 118.10339725426539 118.73574629966474 118.21205329974038 118.66777343606347 118.31209654893037 118.78607144062354 118.44044171969355 119.56392600518235 119.15742676266825 119.96085571012263 119.30485202271703 119.89792974751884 118.79465655137692 119.30224664564705 119.94864729465169 120.62749991985858 120.3273428511806 120.9811484273586 120.52852527715366 121.04409975511339 119.72629009304235 120.59961101040761 120.30753632880173 121.87250471360321 121.36020965859045 122.11744861253881 121.61985101761211 122.13844353850479 121.50821372019442 122.25105246315675 121.25841587046607 123.71628925574336 122.46774537984582 123.2145087155649 122.6571901426756 123.2720159054934 122.84399113839117 123.57010430747629 123.05498201904676 124.89561882950211 124.26504173659985 124.54931455423549 123.87544994975769 124.89278408435247 124.24295656573854 124.82781921550963 124.15970733873773 125.98419572705342 125.44544821648402 126.06195203422034 125.31619677327905 125.9544140636508 125.52237534623768 126.1723999035586 125.3474726012457 127.31439845248067 126.61875873103683 127.3325872889083 126.32571240737087 127.04009485532069 126.65282138528158 127.32455272728639 126.40289618899511 128.34552161182279 127.71464431883787 128.37278189872177 128.14367951501333 128.66560001764057 127.88755497286073 128.42836566340145 127.83042757426152 129.39034961406708 129.0233044904669 129.40298723275961 129.28784172740404 129.72413065528772 129.30731094854661 129.8169263219487 128.90129778035453 130.25565090827672 130.06372567198017 130.48312269075782 130.45383740046293 130.79325646783289 130.67121492671643 131.14441066787549 130.40035566177883 131.50512255723422 131.0974264618861 131.46186709594616 131.51113088487503 132.06776826645884 131.8385731697924 131.6174771309723 131.32543319309403 132.57550126181582 132.14659666099882 132.47582286447314 132.64436570865703 132.96235221465946 132.35814994166989 132.73711850962448 132.33800432200184 133.55889628516849 133.21144203942978 133.5560316391782 133.75619266361645 134.07757657789276 133.29170777027093 133.8125044869019 133.42839944663606 134.73513554988278 134.20791499424379 134.46001752824938 134.66282904037257 135.06566063528794 134.38366213565294 134.9302018873465 134.48514402501269 135.76507019025109 135.22795830330944 135.41910962075704 135.76228498933423 136.07909480705698 135.38960765847392 136.04875699358672 135.55065299222565 136.81909150206008 136.32101212262606 136.42527752183901 136.92539142031728 137.13906787140098 136.55281135013487 137.09736069470028 136.59901786989582 137.95618682552728 137.36281576161599 137.43914924594728 137.95987461866915 138.20224317467114 137.62902804007641 138.12396236337938 137.68841873113789 139.1284933387347 138.46492235563946 138.43497985174159 139.01015001544425 139.29348080654174 138.70386171631861 139.14785576643285 138.81476527512848 140.23210316424152 139.61170362454496 139.45754126381513 140.15253008214515 140.28379874391939 139.79415757736589 140.21527100950877 139.90484912394319 141.33638091811068 140.72504565176723 140.56875153191737 141.26536282985168 141.28307407095724 140.83212461463722 141.34792579901338 140.94228356139615 142.48640845628003 141.77068637633147 141.69467111113408 142.36594627076954 142.33767185580896 141.9082142756119 142.63245045934957 142.0645656977548
