# Created by Octave 5.2.0, Fri Apr 02 16:07:07 2021 CEST <br1@br1>
# name: ptcls
# type: scalar struct
# ndims: 2
 1 1
# length: 2
# name: x
# type: matrix
# rows: 2
# columns: 320
 168.67336445297664 84.979021034218619 84.993760203290151 65.029394740162289 88.556256710182041 105.865474477258 51.639247659193444 71.574934175190805 70.413338406812372 113.52643715167031 90.623098968857576 85.390249116332953 103.67583595276196 106.66429732917973 107.3044153600645 109.39171434935814 57.54738395436452 84.771405993500082 87.145037117959745 87.544204200759978 89.637976096769535 151.87684165828452 106.97826474963723 153.20013492259906 147.39637294097841 133.71549745126072 149.50429261208558 148.29373036577766 155.78149262369436 153.89133094133871 141.51325935180532 152.20186903657162 148.76856951048828 124.31632113583265 153.65263554084282 150.07430199459552 150.61729676007616 154.29538209227491 154.51101687857741 152.78436996897133 153.1643657736025 155.19941739583345 147.48748386115909 153.58352644371513 148.87758376906248 159.38141989548674 169.17750243936251 166.16926402211155 151.54802054059226 148.53360114692339 142.11914764021554 152.26696814818743 155.15185810422824 150.71723847246699 169.15301166352518 170.26530552285408 153.23140471141414 166.83344910991195 170.58763852853284 171.56611066847503 167.97107844349131 169.27382867804738 169.69407719578584 167.23477240826975 74.152457243794203 75.735676998136881 74.828007292525371 53.039525455862901 76.835362436827239 75.889707477472612 73.717033340146102 0.53409251698375182 77.489432534889502 76.278348454015656 76.929970800593495 75.2389151084368 78.350149805978219 76.373804561853888 77.325492974459578 75.465068183644632 84.099226951506751 81.982510460621867 80.28068389314322 77.643038437701108 78.050608004115787 77.914346074892251 79.453407512252312 77.391306304834785 85.053959644836354 83.10638539849819 81.450748097462778 79.558808354796824 79.183105804532801 78.719638748252294 78.952811013033539 79.610172008933716 108.09026026345572 84.716498451118682 83.780325191272098 80.775844630424785 79.797531860108293 80.537605701592454 80.626356002180515 80.895493716786291 87.041468426259357 88.299620508529387 85.787647831443337 80.321746514900298 80.931716141355892 81.292404805089319 80.217022152850916 82.622136929408825 84.256699009772049 86.221782591050072 88.28065084140124 84.051305287163359 81.445500298583823 83.869562614576452 98.108419345832715 81.009135684304212 84.615864110179686 89.517465544730356 86.399376988566573 86.106942433955624 82.619287933650895 81.80114395072674 82.123517557404952 83.60013996690509 115.76900244900887 86.525807520624269 85.847300094360776 87.399092779419789 83.493953378601532 82.310462836524891 85.020099090918592 52.846012060293226 81.825907187825095 81.679646775175527 88.046255395208803 99.032343054795774 88.581643718139631 85.067544076090442 82.964846157425455 48.654769678668828 130.01293864114194 117.61850181672784 55.579471370516927 87.378115415442323 85.971880539017448 88.712418542259968 84.212530746894672 52.955352528215485 174.83185308585729 124.82407779519706 131.2454383375607 82.715162712074033 87.408819517953603 87.629009858322135 105.2497091857082 58.169632822307427 116.68418177092018 121.33019426081059 120.32999248184572 115.74570846001345 82.800076127468543 85.420823473067458 68.726042880405757 81.639193886342625 115.54184763434942 119.45216886488105 121.23994840006682 83.784479949782025 58.926870031664372 56.093905271842289 95.534176536706383 81.200976049525892 116.46822911874222 107.28347192533532 102.3957589653169 81.571338104483999 98.70705256614265 112.95331307900084 117.72630391987121 97.23273704204594 88.121760496128942 164.59443086819022 135.0313906173561 82.291499859762084 152.09308539371256 69.347846529192296 69.830547166807449 81.889061822738299 135.75031441551687 140.81110523729467 165.14838012011072 153.07488125654211 151.62553937643833 146.33216969443018 121.26849102737992 127.67634046974777 134.48425948783796 136.73097255320283 146.02676405223619 151.81302605111262 150.29803254722583 147.06454143121948 149.70033488636383 149.63138163874777 133.92740952276489 131.62809336553457 145.58050711024109 145.2049325450356 146.71478952879363 128.08992742895646 147.6642736841269 154.21298317460679 144.98057634037175 128.42019002216699 146.07305140412561 130.57940751966206 132.52722319421656 118.58685194888626 152.12272863588507 146.69634368698843 125.24821507826043 133.76773322340807 146.15997372475138 127.67464034726756 175.00057067330994 152.43842938730367 153.53260350294676 149.32058553508801 178.31470193837666 127.38230996032252 145.60726555355177 148.49455760011193 154.14912613925694 164.03210150376711 161.59102174567869 169.49068437342194 144.39877800865386 108.67891171691591 129.37685129293897 165.06356909516484 166.15604238560982 154.36170432652457 167.34217040257909 168.41039872001411 144.36244379178737 134.90058331864873 165.26834923447421 166.38653542709847 166.55217705860514 164.05763520858213 151.18208428497258 111.18012699701339 171.95980872988443 171.63046264225073 116.48181500836705 173.77078570679743 168.65976736806351 167.20789718716344 168.15546248540878 170.98275893803091 165.72281373592156 159.47300366191899 160.45368654408813 168.57303865940219 169.77965630793724 165.18693724408863 166.76691825733397 170.43212450335503 167.5848295974574 172.52723916012536 169.72647595165043 167.72948389348207 168.8654338005623 169.46192857787884 170.59498364695389 166.05812830654838 167.48059111758491 176.53047345700261 173.28398098110245 172.06033801165978 170.89423278462471 171.74450600873169 169.92950612882694 170.37570596287199 174.53644865127404 172.89995345465573 172.64394198691997 171.50155456847278 172.67285829032593 171.44311665050847 172.4359627333358 176.53267034078524 174.13579193957924 173.88500541378502 173.68728879228831 172.45706632732347 172.06465993221556 171.5143498689105 175.54398928664705 171.34834767415427 177.20727737041659 175.1106080090147 174.65995230270249 174.42927962449315 177.79033978026246 173.16649515035817 173.80437820871376 165.68810063287816 176.37043454973193 175.7748283121104 175.30012909236899 173.26550961365044 175.80817392669221 175.83730915571604 174.80313333043674 176.60538804288802
