# Created by Octave 5.2.0, Fri Apr 02 16:07:25 2021 CEST <br1@br1>
# name: ptcls
# type: scalar struct
# ndims: 2
 1 1
# length: 2
# name: x
# type: matrix
# rows: 2
# columns: 320
 175.95966225267392 82.190632429042381 82.362978369906529 60.778315656404075 85.982886195152844 105.78285272967162 46.932951465485623 67.642193328411821 60.971394244992354 116.79679115108098 88.026195500179057 82.834635492527624 102.34169906794429 108.00005862157124 105.68971412735227 109.40153406587966 46.379514679628002 76.703973619937358 83.611195097344989 84.876951533558525 86.940406910189054 153.56577399256594 106.76931404141179 154.46179117175498 150.89110918689877 139.63488907393807 151.95574817815998 150.33007689021264 156.24821005096226 155.33895808256108 141.64760901484311 153.6711561154537 149.56740828294696 126.09568957888803 155.43320123588941 152.23436768184189 153.24433187604956 155.67185242212966 156.29744073464599 154.3933019211095 154.79808720944681 156.82233698551292 149.8288963964097 155.26335827214712 151.85350654424732 162.43443452136879 171.88829800362504 169.63538571348923 153.57960835812503 151.27948524860048 143.13128454435724 154.35998406008486 156.96941360648051 152.99699977756853 172.16121059914235 172.91991244894382 154.90443901294543 170.84429987249428 173.49147924036242 173.63452743128298 170.67621584857503 172.71828720446732 171.6353969999104 170.57954646838527 72.277591754804348 73.412829104014833 72.809007775022522 48.439551810284826 73.955776500788261 73.498760591461817 71.204596054516145 8.1209341934768613 74.80126930409611 73.81857140870342 74.213580234334387 72.970240678938666 75.705043680371546 73.921802012845532 74.640883064725358 73.075086691354826 82.526183826569635 79.919887712707322 76.563028976248631 74.926457280095548 75.397989804250685 75.42484651002033 76.776831394996336 76.129233331047416 82.905563483516516 81.223883402546633 78.222375718808991 75.946791257181587 76.621651918400318 76.067904586316018 76.442859104627999 77.301676177449366 106.60558477986827 73.555262046621507 81.810124566634542 77.110159413112896 77.271100764702823 77.478772187565411 77.951186703728766 76.362038557355092 84.760130837524827 86.273341360355062 84.00322570166982 77.900640700837542 78.63629773447002 78.65833027317916 77.512482055530768 79.82087748597823 81.450456468041878 84.288795498043669 85.686111204200373 81.434411277949224 79.311562871773347 81.133583345394925 96.340172408840829 78.308459117913785 79.895552668410915 86.924315540290507 82.382175254630312 83.988417098202447 80.3958506961295 79.217624415922387 79.42113365276694 80.535843968442521 116.91996913893124 83.042014649165708 82.965494127498573 85.303249620320173 80.953478345076348 79.756102338374717 82.235460313317077 46.878751883487865 80.024905305000473 79.256042698939368 85.883471115097578 98.556858237314259 88.057960543816321 82.51161314488165 80.378796569756673 42.99911525625717 127.04177430205048 119.48946853958286 49.630044944216053 85.158365444102273 84.129355351563348 86.74877534606054 81.669230677785336 47.961851288936195 193.4632608157612 128.00453308588095 136.60842997998179 78.877727106178241 84.130508298255009 86.175395294451576 105.76722263236192 47.436029524432691 120.92842087887003 119.93182559074754 113.24388037287693 109.59104141607023 77.047194495720333 81.256250705110219 59.768731929262977 75.964345017000852 116.81944812215708 120.51717009815637 125.08976086619626 78.228169480079771 45.216093059147163 45.60973432692446 93.383740158035408 74.978253726106914 117.6459328506843 105.72890036841214 98.682609742628671 74.857657327267276 97.342360067150437 117.55479434150163 119.58922814058502 93.260125726136565 89.139134499959511 168.32275461951497 139.04303898171162 76.014019594917571 157.03641161635082 60.848856533189085 60.240958366275386 73.910340169153656 138.79842512961062 143.34839548560285 173.59038250549258 160.82475582009269 159.88708475907418 149.08537706128055 119.54465350109862 127.12388560205696 136.43466327807803 135.65085864923489 149.34543532997327 158.81084396799577 156.01377089763207 148.82400202791104 150.66654281936104 152.31907711994694 129.13310397526536 131.39306479048474 151.7275616566406 151.19501821381149 150.22071431447463 123.52155590045757 149.83690326683609 155.77528874627518 152.12929402584899 125.10545791103962 151.11027121920569 127.90136091422882 130.14148059144043 121.90708274467266 154.05143853364859 149.42134790029419 122.68648463688437 129.96304289297845 149.02586327088261 123.55693538073589 192.62591005538178 153.77026723818028 154.94577206237909 152.68233086910016 182.40577195050653 124.249224332127 149.94433760268532 150.90927838132674 155.79445937469279 167.48171541399458 164.50366355648788 172.53312014781395 145.72050128320461 101.71321185458936 129.02792327458289 168.33901518989288 168.78619103237409 155.79171884107919 170.25137440250381 171.42319231514361 144.98182431979393 130.50443311189068 167.61958794481916 169.55526914342673 169.4581247918413 168.43240818055082 153.18627725008398 109.12883391177658 175.32952860946236 174.37905600359321 112.701659126268 177.27515074912617 171.54413367500851 169.68933648207599 171.65777804254824 174.38127218263085 165.15243053117757 161.06001670613711 161.38126574541766 171.30055216133644 172.27397534671292 168.53157450475797 169.73222029765193 172.51079737754736 170.54199249081256 176.12302744608795 172.62851334161456 170.75131405768659 171.88291664814102 171.91807102996623 172.96298538837911 168.17496791575405 170.60721950956196 178.92790041304755 176.52119446533001 175.27894696806069 174.15650438561454 174.55222005144813 173.22880440085231 173.47020876928224 177.74076478438533 175.66822125394697 175.2266892391695 174.1352372395738 174.46017771621331 173.67624006188478 175.6140294123212 179.86965562600562 176.84728657636833 176.58357136487857 176.09410997054357 174.93831026352024 174.96982599129069 173.80308454329474 177.86524692351898 173.9531920195715 179.39193373747042 177.77547783244796 177.11932308072801 176.72466405017028 180.48489524476128 176.7699966156936 176.21937369851435 167.63134572247128 179.23153434953355 178.29626351153399 178.02800110451741 175.72438260262913 178.1131443679399 178.69601612656695 177.26839334081947 180.24849186646352
