# Created by Octave 5.2.0, Fri Apr 02 16:07:24 2021 CEST <br1@br1>
# name: ptcls
# type: scalar struct
# ndims: 2
 1 1
# length: 2
# name: x
# type: matrix
# rows: 2
# columns: 320
 175.35287816005922 82.422998146140401 82.277722520071521 61.13257224671726 86.26643601036541 105.80106011649866 47.179501513066285 67.96992173231007 61.946717242778981 116.52447419865523 88.072752680875553 83.145437976640167 102.4528771416791 107.83562533559819 105.77625573860782 109.40071575616953 47.511843993311217 77.376259651067585 83.861914184620844 85.171279467241945 87.174214082431703 153.31791812378253 106.75571941124514 154.60846846336207 150.42504049875254 139.13837497338233 151.55448818937472 150.16038134650972 156.0162783942373 155.01777487411468 141.63964467492244 153.66356551744065 149.56802940578683 125.87893411723826 155.11489542133381 152.24928895447147 152.97247196550174 155.73450417659842 156.15631971965078 154.03169470253863 154.5702145389173 157.04726445489328 149.56040289695579 154.99319880597449 151.93066360628609 162.18001663587862 171.78120321510625 169.10447729612005 153.50782005162137 151.30246156640632 143.04693980234543 153.96213407952123 156.77087314087089 152.57887178461434 171.85488636080217 172.70006564286106 154.72604290994792 171.14972942321009 173.3210368521718 173.3639874505561 170.7828886701619 172.28670001986194 171.32499732951814 170.21074419055455 72.543735389555579 73.47312434092045 73.059572000906883 48.822882947416332 74.228212434871963 73.571344362988455 71.695454407013941 7.3996819676051446 74.985153933541781 73.911472921178259 74.443277033842222 73.407321366273251 75.823943057272942 74.14647531878181 74.675316884296777 73.546077262654194 82.571918834316904 79.961578268098989 76.641556955319004 75.289308644607132 75.599136070722565 75.532632191668753 76.935202983580794 76.414926878929947 82.944909531422184 81.376709806362015 78.186919347332434 76.255220607873653 76.925709627881119 76.293864163619133 76.58665821012427 77.25982749453776 106.85012935456867 74.485388073181539 81.928202780684941 77.369562007685317 77.621328177646276 77.683873664652054 78.199725907773228 76.817319395074435 85.07243472289619 86.460163818572127 84.086008738259295 78.234004227672301 78.91769840152665 78.76741267417718 77.66810868349917 80.094844758036857 81.656824494250202 84.458015809806724 85.660326442467451 81.733029646018039 79.385773334208508 81.268644563307575 96.487526320256819 78.597769770660207 80.603572431732402 87.12092180261422 82.633121720174387 84.16646192053382 80.595268017739429 79.590726518268667 79.676289584843573 80.796376158663662 116.82405524810437 83.498677643479553 82.99717090202067 85.391276128324208 81.275875488533302 80.172903702167261 82.576190409773815 47.377469834906691 80.135491382149581 79.778034986369477 86.052952703664189 98.596481972104385 87.995397663070676 82.823428636564856 80.682014667675006 43.470419791458141 127.41073922576878 119.21430398076392 50.125830479741126 85.336129180620702 84.316121546985485 86.955458562695654 81.807397050526873 48.522171424086089 191.91064350493588 127.73974201457958 136.16151400978003 78.916985538678802 84.482804838808661 86.299558559744355 105.72386097688778 48.481289943676693 120.6090739010602 120.04866791518324 113.82857151331226 110.09973984978154 77.435876049204339 81.679243337035032 60.297884935811673 76.312723981645632 116.50338516036823 120.32505748581472 124.83908006352414 78.779970350320298 46.078171568236577 46.411434459078357 93.562943189591323 75.46963433674091 117.76157761411135 105.85844799815574 98.992038844519357 75.537051384224171 97.456084442066455 117.16922315266588 119.43980265750432 93.591176669129013 89.055135050319251 168.01206097357124 138.9826072973363 76.588001954305227 156.59433561081053 61.578341776307155 61.047649944613468 74.558108919627216 138.31732318184541 143.13695463157717 172.24885036823252 159.97435149841016 159.39376010647607 148.78641890797931 119.68989689579379 127.16992350769786 136.354852107055 135.61365018936365 149.02679333181774 158.19807994849694 155.60664802727578 148.72443192622814 150.55122096581269 152.36265024625698 129.2795014563392 131.38948536306705 151.35386354805084 150.63761466363846 149.78980041209093 124.01538048525046 149.41889577937383 155.72748548649415 151.70097073951314 125.57364623042292 150.79859749555325 128.00316356922087 130.37315635750537 121.81675964158568 153.8362247626186 149.50245373449928 122.82392890891865 130.37074351055188 148.70080790882039 123.82674435673864 191.15713177354246 153.78503905298169 154.73931616468957 152.76997896909583 182.06484944949571 124.37986231535697 149.52159940055625 150.49402021288032 155.47145428038164 166.92775207243062 164.26094340558711 172.38200158721432 145.67417866514685 102.29392237803623 129.03068148281451 167.89014816740232 168.63068852354522 155.6725509648663 169.88940668235765 171.08549653659853 144.86142273127462 131.02233309264864 167.38017301002873 169.28015642117109 169.17837192079375 168.17710145063882 152.98974557181538 109.29977500221298 175.0441173272381 174.15256528259482 113.01667211644292 176.84973792942196 171.327573401461 169.29625837913096 171.11999905736792 174.23056219361206 165.07916115158707 160.92776561911893 161.3039674786402 171.18787957052868 172.14083412272217 168.25578195105373 169.5273142793248 172.14545349673517 170.28615193759589 175.73898248800899 172.60361370349528 170.57606687698723 171.7523758993689 171.89581696525934 172.8990098907542 168.05784189629543 170.29077870715525 178.49844888453305 176.18101067034138 174.88290672477447 173.59620198379719 174.55057914130586 173.14285645186305 173.14089880374959 177.31546087019757 175.68528888767719 175.27219149401725 173.96958760619208 174.22918924163429 173.58178471050644 175.37485252311458 179.54315044458133 176.75161928914619 176.35745509673737 175.8335984105957 174.60432333234706 174.86464574819519 173.66408840523286 177.78511231458711 173.92290615643245 179.33899015226504 177.41925340246416 176.87219126523283 176.57368077698393 180.27898405260191 176.52293065839848 175.94154633028862 167.46940863167185 178.82478961151406 178.20753544637111 177.61146082289616 175.46341335865674 177.83340742001852 178.50211051002816 177.16754897491592 180.30104868641618
