# Created by Octave 5.2.0, Fri Apr 02 16:05:03 2021 CEST <br1@br1>
# name: ptcls
# type: scalar struct
# ndims: 2
 1 1
# length: 2
# name: x
# type: matrix
# rows: 2
# columns: 320
 132.13573656923143 100.23770312365525 98.3919858468374 88.292244170728068 102.80443624949227 110.78252635410688 80.287788253135346 93.095766031175799 107.6669656677084 112.70199447988661 102.82783243171197 99.404676025808342 110.97652946134752 111.7571744827611 109.66160364130764 110.12787834812622 107.88036378862965 108.77429219303406 102.70731427694039 103.75239781313125 104.72567424564195 140.43001540888622 110.99724098640348 140.49536767940384 140.71888888085078 125.37449269533977 140.55196411713408 137.1503896626196 142.51400674079051 143.39773917510277 139.43513796015205 143.90260972138012 137.73326580936904 121.12020782083556 142.22853143560141 138.75679608065334 139.84918461049034 141.44753640234475 142.73576881508956 144.73009375113907 141.17196805018287 143.62472597067108 135.81172657638191 142.76053228279901 139.35365922289637 143.61103509439224 153.14810377607293 152.3660676859518 141.1214425033192 139.60807667825497 137.88860768613969 140.66957518983151 143.91432661084087 141.75586015378545 153.55559599499662 154.22122263127892 142.67581670767308 143.74805566862383 155.37085894433338 152.60795811653315 151.76470575641119 154.00523234816524 153.89682328996022 153.21472648475904 87.939622469783814 90.461275591117513 89.006205564647459 78.21160346083181 89.146725812413138 88.266057313945097 87.128859399003446 47.89632201589545 92.609597897196338 91.472960697032846 90.574020725110742 89.627446892975627 91.376100846343007 90.334282854983073 90.363030831736992 87.528267670231173 97.01651961967471 94.774180039305449 93.807880308109617 91.596129896809529 92.441347553677261 91.436036375532126 92.335475003823035 90.964219549341109 96.828075170511212 96.143466629605925 94.929426449010677 93.164754583762473 93.429723239445366 92.486937318485587 92.193741573383633 91.094263995362056 102.14167638349296 100.48523776046268 95.854253120213656 94.20656826901309 93.576903538749917 93.482144680617026 94.786383703221063 93.792568647854509 100.29603858744444 101.33902464574962 99.199497484871927 94.606055622134775 95.803246701962507 94.522091034655588 95.999544184518641 96.715194836966802 99.652407799013417 100.28254021521872 103.71013115178911 97.295264699154913 95.261581021854695 97.792813942082432 107.78465952881609 95.715274444738839 101.51552293480466 102.41894984417954 101.39260821600814 97.898356568232401 96.044323226475797 97.061154750581167 98.566363417732745 99.390778372587278 109.47065695137812 100.77761801041541 100.24916580825641 104.00466510078459 97.387649667731097 96.550890146801763 99.490271279174536 80.915439498771093 97.408080105825533 96.64900665980889 99.061160914562279 106.42209164642293 100.86708771029338 98.158548261092477 97.617474345022941 79.603767490199289 120.68208379977165 109.13447140966397 88.136054869996713 100.1394086521998 103.87878509542278 101.76256589556938 98.476978785021387 81.971005304938714 110.92830293284466 110.02265285310848 112.33420514962944 96.280912917675622 102.8347627718794 103.05650795994195 108.62402913930332 106.62315134248082 109.02142166626241 111.18118858919894 111.29658165708619 110.40482915620088 111.00314429590085 101.88262220808018 106.8481018331458 108.75709163051155 109.84892939167823 110.16857309959238 110.4255470423002 109.39078442400306 111.12043020800556 109.78490797414099 105.7656348916628 107.86490580203406 117.99864232786564 109.41095999510379 107.42638810542516 109.43630962498196 108.30273699366666 108.36068833868028 111.87239308170983 108.42149077734682 119.25198528002279 145.73480953079951 138.20756497906848 107.42034938610097 135.64232124840498 106.77692166769441 107.80893393451456 110.0759557161892 139.52354519346133 136.65818835886833 137.33523084205905 135.77600965511709 135.45935868080585 134.42900210831357 132.93092306596589 119.85567640066544 136.9073936232455 138.4854783469784 136.25705849850891 136.58363071858398 134.32627732481387 135.56887737454321 136.93329011368078 140.02169865043069 134.85977909474371 137.68450193003599 136.72214878525807 135.21609036052084 130.15430022978214 131.26233441631868 138.22103979938572 141.80995919904342 135.7379759210566 135.89086733814963 133.76294566125213 131.36726498245596 128.29985690935789 127.40930417229768 140.37536066902342 136.7394740788325 134.4791857509251 132.98083115406811 134.46727310860453 129.18968179294572 129.26505616790166 138.78622953887978 140.99955458380873 141.48341939209811 155.92745770533261 132.51626642615054 133.39093305378699 140.35970049869812 141.49413702658995 150.56066267500523 144.81520827022752 154.82171367119966 139.54592096580794 128.25569041842314 130.58694404300414 149.94675804510521 151.62967695691893 146.53634712187849 153.12414572921415 154.2355741100597 139.39063176450762 130.34476426782518 151.07216254172027 149.89887778720887 152.52216374016498 150.30659075261886 144.64556939188171 122.40525860233703 155.62911004035774 154.4906071081426 137.16766802985353 157.82595663169343 153.63202712700786 152.09974076469598 154.26380738854971 155.35029160344794 155.70098926433545 150.78851561439211 152.04722120555667 152.04792953992214 154.6066110120255 152.42832372087349 152.28883552449531 154.63896503434788 153.26299710078032 155.7263380628369 153.60111787334799 154.06417153007237 154.82178045888207 153.75883186160115 156.01586936194383 153.63503894550914 151.03103774979562 158.95772022550028 156.65846198633167 156.03622432350252 155.89354346787806 154.85111726408303 155.12421319682321 156.08707689189293 158.07307767239621 157.02852311942684 156.98345227284781 156.16846270792894 157.80645909947427 156.62624272565705 157.78007766607249 156.49738930411766 159.22548338305154 157.14735542329097 158.36246881968378 157.5277911243507 158.2185698157848 157.12694808370443 158.8585806971673 155.5948133799082 160.35914926195977 158.12519549645529 159.31805567921452 158.54683551784336 161.75077656338229 159.34917529672683 160.23059709169863 155.05423167038248 160.24475760470372 159.17131530744871 160.62335829016249 159.17496739560988 161.67236097371952 161.17276345611677 160.06100912944828 161.56194931847324
