# Created by Octave 5.2.0, Fri Apr 02 16:07:02 2021 CEST <br1@br1>
# name: ptcls
# type: scalar struct
# ndims: 2
 1 1
# length: 2
# name: x
# type: matrix
# rows: 2
# columns: 320
 166.47976063588965 85.753573424545351 85.21685709926625 66.210250041206237 88.984736663330068 106.27734126400476 53.15448309683056 72.667362188184967 72.597797924882741 112.57921130031698 91.393796731950715 86.206473257752123 104.04642953187798 106.21328854714173 107.46228204532245 109.38898665032438 60.528393105569627 87.012359430600839 88.424975717241054 88.345040233400042 89.953664607942827 150.99543006921348 107.21842955043741 152.63222567350945 147.02043391856398 132.07220123243599 148.7670805162289 147.72807855343461 154.739433749081 153.96492067752953 141.47496076904255 152.08445817573985 148.33950021002866 123.83885969825928 152.64834297958006 149.21966855199693 150.37622821829274 153.63863010702627 154.0176054263529 151.83709623167644 152.99657323986594 154.37686720828017 146.63093594664699 153.02183297103454 148.29391430656617 158.53336027718618 167.48889986464542 165.55124799694067 150.88196001506765 148.02694985758029 141.83799850017618 151.53868915382847 154.56469922570776 149.87738217319958 168.08990725846064 168.92881672344527 152.73862190603137 165.6058377092653 169.88071536477219 170.7167543964344 166.71955760474759 168.49872840351998 169.11093679246392 166.54871899437902 74.910257784613947 75.987839132741598 75.250032306358733 54.317295912967921 77.386920443459417 76.249173432790897 74.141388836959365 2.938266603222818 78.092463024725703 76.903530231766197 77.316056037412153 75.929903123845023 79.030756503790116 76.984229438507498 77.883464659815019 75.277357976280783 84.890519503695316 82.580309723806238 80.659667881728353 78.309483201059905 78.599771010202304 78.657969752269963 80.270103876312788 78.240472609769668 85.939101434839912 83.853576813213678 81.885663578241321 80.505777077719415 80.02276310795807 79.473206397781098 79.900400027519595 80.492066428189148 108.30225629483331 87.128081212883018 84.686118430329202 81.515435875550637 80.684619730056639 81.430248474060491 81.430684833162559 82.173406124317509 87.09865361327202 88.809462016017363 86.485362749008502 81.262225347757038 82.124695401622475 82.205928603296243 80.917088784088776 83.309661475426566 85.456474368090895 86.877036069965399 89.694970402640138 84.631015612508037 82.432549693216217 84.651629323402318 98.599599050552683 81.542480383834146 86.552075648778384 89.828786702525036 87.258669331576357 86.794194557027936 83.477511578165647 82.881484381543729 82.778080786619256 84.341440018815589 115.44928947958599 87.378398741075785 85.907305365910943 87.726069393281463 84.229150240945287 83.156116340035553 85.79699419573403 54.275470338302064 83.254798411373102 82.148618886433667 88.732985296894043 99.164422170762862 89.536573695893409 85.678248439351606 84.034686065665255 50.225784796005399 130.53451178120486 117.37178953234681 57.23208982226717 87.961769950609664 86.415816174859543 89.358663902524754 85.142262890779691 54.362619259734117 169.65646204977287 124.07679935927166 129.75571843688817 83.056755367533682 88.391393225036765 88.144183448787146 105.10820310329667 61.362357748520537 115.89967724766683 121.69708904515572 122.32389871481656 117.33104573199182 84.743784292569501 86.478399677385383 71.668664584289573 83.501653684144657 114.96648079111786 118.40491381779569 119.8603233171112 85.302160705813307 62.61192470487984 59.039677768443731 96.131519975226098 83.283578867112126 116.28773538082919 107.71529735781398 103.42718930495252 82.506341280113929 99.086133815862709 111.71449434833906 117.18316678314039 98.3362401853541 88.255663005738953 163.5597909210874 136.24521414137934 84.303568799503125 150.3648817126263 71.546981785404569 72.639840107946 83.806828723584928 135.40755328966472 140.1063023905424 163.08497376194967 151.08260061536097 149.41268765003511 145.49754374809035 121.7684158462241 127.82980015521744 134.00924785699857 136.26426025705749 145.1787070955838 150.23571154346345 148.45637687129152 146.46152486581659 149.75435131013035 149.21266842244859 134.19748746995035 132.45982236050691 143.2848224325412 144.62127788099161 145.17660158638085 128.99909533805399 147.6128970640444 153.4704267369986 143.40247445939875 129.28376407953112 144.10400558330713 131.62705964196689 133.33549854323135 118.24016009880712 151.89192365031434 145.89649075845321 125.85222531280729 134.45092610494851 145.73333025802665 128.31673949753966 170.10464306717887 151.85446376337785 152.83087672820446 148.92075022845546 177.17829360167391 128.87075465892696 144.33732899047328 147.90350651392276 153.84307560347597 163.61302983305916 160.78195457600947 168.73046621314811 144.04272642273256 110.61158069256985 129.80858866660733 164.4295501741372 165.75415409149807 153.96447807248163 166.94371607377786 167.74806578921542 144.21978121171239 134.45001870948587 164.47822473149211 165.67387977618083 165.82735467255006 163.62224419510324 151.17330172714665 111.74993063180139 170.7899659238152 171.10129254356701 117.53185830895012 172.76099428221033 168.16958929238422 166.41847971440538 167.5573298379276 169.65133610713789 164.7644224228367 159.03216670519174 160.19602565482992 167.94185273520185 169.17597980702047 164.69498692731671 165.89377250052283 169.54734227066723 166.96686073962189 171.63053188077686 169.32762966526033 167.21309224647359 168.50161421060918 168.7247108888937 169.89044394756729 165.25681383565586 166.83279091394635 175.34153350934372 172.43171605844083 171.3560910420145 170.18342882625458 171.09893354981673 168.30903235324791 169.49607510338487 173.34846886149828 172.1245001080695 172.07535899282266 170.98208488910601 171.56198944865508 170.60091869227199 171.45594455691761 175.46995906475181 173.28209745604653 173.11271639101614 172.95706521523931 171.6664781674547 170.80072903729342 170.41694984000512 175.00358246611538 170.10949422705369 176.62175530831851 174.36776980748397 173.98807853508958 173.63815911461617 176.94250406286122 172.00052221417056 173.06599414646442 165.14831033021341 176.24991858350538 175.19679298182285 175.08639143405264 172.56064732689683 174.48311298707995 175.57578784235224 174.43587590445796 176.12290615646691
