# Created by Octave 5.2.0, Fri Apr 02 16:07:30 2021 CEST <br1@br1>
# name: ptcls
# type: scalar struct
# ndims: 2
 1 1
# length: 2
# name: x
# type: matrix
# rows: 2
# columns: 320
 177.78001453051803 81.493535277748322 81.816247408423294 59.715545885464522 85.859640745316668 106.32902287001795 45.518962704826357 66.659008116717075 58.418800307687803 117.31895364265749 87.212982127758821 82.093435030878439 102.00816484673987 107.70175648584409 105.38923423910533 109.40398899501004 43.037956135324542 74.687115526546677 82.646032651538093 84.235972888940779 86.908957051671962 153.80050291071421 106.51084632631054 155.03592003664818 151.10260150076027 140.59072917726502 152.12682838629658 150.83916352132138 157.02528272626896 155.48413046250212 142.20520423294539 154.61535246663135 150.28580184955027 128.15495222478253 156.10191722600504 152.37264753080058 154.0980238854867 156.07534715098112 156.65749757820214 154.39326028122727 155.71476002383133 157.48955417392762 150.40523356670516 155.74776067185829 152.56983249612227 163.1976881778393 171.73428893754212 170.72345832822026 154.05193006051434 151.38731458090106 143.38431877039267 155.08369413576597 157.78570839951954 153.14592638520065 172.74707844172062 173.685787759964 155.14899267185336 169.93390338449052 173.87707714061997 174.37563344898109 171.75284588377846 173.13148120141233 172.42084277196389 171.57053361736376 71.789103565495637 73.11929566197982 71.999847221989683 47.289558398890307 73.189135716029313 72.78964881574727 70.759080940241617 10.284690871092009 74.317228269199887 73.512002716586608 73.672172505212771 72.515447594808066 74.88372748535221 73.058847630537471 73.823230486310038 72.431434729447702 81.887811895067642 79.634400289894131 75.832957723546784 74.396692610410639 74.749399053849828 74.409917630209506 76.428749361640271 75.498354345165097 82.861570939726491 80.661634741594895 78.534201548037316 75.375592302140262 75.872017414961704 75.496297323850897 75.896184060441584 76.602396063158267 106.40286740866736 70.764883966941412 80.952173384496163 76.55650561749664 76.502410346045792 76.24035778614639 77.45234360506872 75.167858264543497 83.812703757479497 85.739307598928235 83.087405775740407 76.915643644566245 77.822782114548559 78.180743540514428 77.104966498445407 79.233748727230221 80.882987073971762 83.49567351940415 85.154321203518876 81.038196813934562 78.056946623406901 80.133924859350415 95.898110674592857 77.820338418989579 77.756704067985709 86.812111060112642 81.527821165042099 83.18443403492256 79.802157542901014 78.52416481533254 79.140540754563915 80.093083299943586 117.20771081141183 81.907753452892365 82.333864471207448 84.95568961925126 80.473662677383118 78.78563593105342 81.258326627950026 45.572816001011752 79.31005747603983 78.066096448006135 85.398098820753162 98.43798703294388 87.449957135414621 82.207809334574335 79.510960248346521 41.585201650654255 126.07306460303496 120.63162675776989 48.142688337640834 84.575568149967026 83.505635125587716 86.376652706932219 81.058882260370993 46.765011529623415 198.12111274823718 128.45745371242839 137.94917789058707 78.767010794832984 83.074663519182948 86.146715582406458 105.89730759878435 44.035830359041377 121.88646181229952 119.58129861744041 111.48980695157096 108.06494611493628 75.604992636540629 80.091837511343456 57.922576111013271 74.634131202266417 118.1140568226017 121.14259405483223 124.77425960062419 76.52724326361664 42.55911736996309 43.484362603291771 92.846131063367665 73.485888308920721 116.9525787453253 105.34025747918135 97.754322436956613 72.829190320388946 97.001186942402384 118.6371622314382 120.03750458982714 92.266972897159221 89.391132848880289 169.25483555734615 139.20160260629399 74.430200641958066 158.25742964521547 58.733302236385825 57.63330394125844 72.444171939090552 140.26446240144986 143.9827180476799 174.96391250435758 162.93621854914974 161.80637416843749 150.00700574397348 119.47805735928434 126.98577188513426 136.8227345783194 135.61384624167664 150.14481952182717 160.6495708109139 157.34034949645763 149.27925413557236 151.2621594298154 153.12950177664064 128.37022966009519 131.33429409913899 152.93100839167764 152.76012223227306 151.18595195903686 122.60376685320669 150.28793733842275 156.38556200885503 153.82050606494843 124.01497012941935 152.14652418156487 127.45776787711333 129.7458165593562 121.81230139255213 154.65424697149942 149.87141892115301 121.27983779230748 128.74521767885585 149.9282888427787 122.84701135891841 197.03224490089974 153.75827010925201 155.63636714859464 152.72110445609795 183.428539453539 123.87435962106316 151.10532281445819 151.52072642898602 156.62569447999613 168.05690361580218 165.23182400919018 173.06648308917417 146.12050729083182 99.971080284248757 129.01964864988801 168.90239548262971 169.76784432677024 156.14922246971784 171.00182953341931 171.99731142024618 145.08199093189791 129.0392841104559 168.18246728308014 170.15263729111359 170.56529958241461 169.52426981835669 153.31267522950165 108.61601064046738 177.74820134198475 176.1412635295107 111.75662015574324 177.86346766050735 172.03823155727693 170.51596300194723 172.59021555609044 175.12447827432683 165.37223866994907 161.45676996719163 161.61316054575005 171.62119799261188 172.73006267965442 169.4638602503305 170.22076398810844 173.10818881101034 170.95275418069599 176.80851399990175 173.20276270739703 171.3741737029124 172.57272308365896 172.26237638249989 173.42481240496659 168.84065362762848 171.21095740160749 180.2393991022978 177.28121314258377 176.16316188127496 174.83251261315837 175.35130614355302 173.93689548985023 173.58889522429627 178.72396372003965 176.45544046115205 176.02539260696295 174.77026273940436 174.91751369504712 174.15529619259976 176.83919530484474 180.7072688380475 177.62579433369024 177.15281811237253 176.61340223872784 175.57709798133365 175.74830877220271 174.57109646426318 179.0009309182679 174.96734187784233 180.52101184901002 178.48977549499972 177.91345891715278 177.31328889979181 181.07426338804973 177.89097011007249 176.79436434596522 168.11715699486956 179.70429668015404 179.11167713784332 178.4008593419203 176.02216655289342 179.15270552956457 179.15204504973445 177.84986632289028 181.7035064195133
