# Created by Octave 5.2.0, Fri Apr 02 16:06:44 2021 CEST <br1@br1>
# name: ptcls
# type: scalar struct
# ndims: 2
 1 1
# length: 2
# name: x
# type: matrix
# rows: 2
# columns: 320
 160.26543596511453 87.922320117460202 87.14001737132557 69.516644884129292 91.156304433246689 107.23428867265979 57.034947676331861 75.726160624568621 78.697516700032168 109.6134557232181 93.477129993675845 88.300617128925751 105.08409155340283 106.01874189272939 107.86346636917185 109.38134909302987 69.419679362171038 93.287029054482957 90.768230904981451 90.960889100750848 92.1015254698261 149.28367058857162 106.66687193576453 150.56504317718958 145.53596567835078 127.47371281305017 147.19334991931981 146.14425347887408 153.58310901784151 152.81613803254496 141.36772473730682 152.29658353388962 146.0488480568431 122.50196767305385 151.36548050704982 148.28478937212458 149.22863117487032 152.43898737997205 152.68348932268199 150.87352830113244 151.6071250061097 152.00436509538122 145.24702808324864 151.62813308337073 146.62176783243447 156.15879334594459 165.33342180111507 164.7014917144264 149.39915460124797 145.72231525187743 141.05078090806597 150.26281946097117 152.65410829286378 147.92905475985938 165.3376720923402 166.50335237837095 151.03881412528213 162.00828660987267 167.87903084403359 167.15329291094173 164.16690582816517 165.49800852351336 167.23391426702199 164.2743403047034 77.28155409094623 78.290296317683769 76.98798587282981 57.89505319286198 79.102839526348347 77.890570469139192 76.289309428962042 9.6699540446921652 80.173804366920564 78.903644360279571 79.694036506396031 78.136683399401861 81.068575414231759 79.171002070923251 79.988374580354829 76.685228590359003 87.265120402197383 84.540309416824186 82.51206851053314 80.405397798506527 80.879013222766616 80.670468773432205 82.120634008537408 80.35497531204156 87.925423827953722 86.197797360454828 83.653727878857623 81.428638374067191 81.962173357124954 81.523479726947201 81.723708270475768 82.630523821268326 109.28870829341855 88.790503849007592 86.785799033487521 82.662747685500165 82.57321875847056 82.851795200484219 83.095953088175861 84.712210310969539 88.380413217139292 90.229280538329078 88.941287457385116 83.006840393654088 83.680388131947282 83.99151968006889 82.932297764968382 85.121064915823396 87.676629953139027 89.447206756693575 92.148441009687019 86.674471814946784 84.051001967571992 86.252989625128919 99.974902223768595 83.786319163480144 88.778668630694739 90.563135929242961 90.647598221047687 88.434638796450045 85.484916456241734 84.270541439308914 85.247845882217064 87.642023246748579 114.55409316520192 89.908743629730367 87.140090022291318 89.964373451938613 85.949586778099061 84.787316763362256 87.729136007996061 58.342473870578395 84.605014294895653 85.568570927225636 90.629551620951887 99.534243695470707 91.800999849789534 87.750291460692949 85.39858856241203 54.6246271245478 133.90612736595787 113.12867763969963 61.85942148716785 89.630017748393186 88.655141240294583 91.869971328679114 86.679198645900144 58.600640400017461 155.16536714873649 121.56070074036509 125.58450271500278 84.557064215963379 90.779948253650545 89.508610241783146 104.71198607254441 70.503189979100455 114.79955453075634 120.31177870888679 127.73906042191811 115.33954013800704 90.420107616419202 88.640312807233158 79.703231520664957 88.606560492856929 113.98767827562594 116.03990446302541 116.39445071538186 89.770648921712294 70.085033906061483 69.387221572339143 97.8040816030813 87.290147346337449 116.70642603137489 108.92440856875423 106.31519425593225 88.456888690952482 99.527786104300176 108.5593250957955 115.6623828002941 102.04582419739349 96.35568773563206 160.89025589552477 135.232195299903 89.405718026969922 145.23701369994919 78.598797061215279 79.833165494664286 87.857458805259284 136.48098733554735 138.12219351227017 157.50625669417059 144.45632418041188 143.99267469992844 142.83018261950855 126.57180707988175 128.25674628120856 134.21010133231565 135.32029363396964 143.19799759037085 146.45094939977287 142.90273906343748 144.21574863856702 147.119643947219 146.81472961753329 136.10799024719017 134.12443172392861 138.65042446561947 142.24620663135795 141.86302565579001 131.66493658907936 146.18919208379808 151.47247917757457 139.67226520055851 131.61287013209866 139.80311177316952 132.65108658863201 134.84011392512008 123.63502025241961 150.30879384134499 144.70134283521506 127.14396270461103 135.73145418331924 141.44315233454827 130.67750998026892 156.1972250349414 150.41172574501476 150.92349848404453 148.14691462919413 173.99635025890623 132.65542527717258 140.75012933447516 146.63989971168203 152.16793316944651 161.20555940387035 158.52158283512264 166.73088926222076 143.12071747181508 116.02305382440088 130.79502480592362 162.35736442288948 163.22170372739495 152.85224456116137 164.34026435140731 165.39125911810348 143.74539049784059 134.59428784510331 162.25982539800452 163.28316540642311 163.59387881540772 161.21434776267097 150.75369414829379 113.3453808092078 167.94933355586534 169.18468877820831 120.47197955058272 169.27641093961756 165.41444500310791 163.24237315290969 164.98412829395048 167.53917978935084 162.87187271331317 157.79782322635543 159.47457516490695 165.60472024294251 166.62499496897641 162.15014538061635 164.29275655952611 166.46033485509807 164.4874019199344 168.50797997880176 167.50198547469378 165.16795770224738 166.23342298971912 166.78039726185301 167.88285596459519 163.06668985987932 164.19785544979538 173.23226651493894 169.59888378784743 168.85810345847301 167.62405014975462 168.93241746010432 166.29978061845651 167.5445355841334 170.62522851997636 169.92207708419693 169.87279060165105 168.84295543737704 169.89563581455764 168.9185647896536 168.45957215524345 174.25571240096937 171.13158367380635 170.96331269342789 171.1449178812201 170.11622103114013 169.66396087437622 168.54793628581376 173.33186074005584 167.49647034461506 174.26786929624222 172.0458715903215 172.18007339949611 171.95958289642724 174.48682033444911 170.70524029113827 171.85654679174709 163.63689748275209 174.41886548865455 173.37607500293794 173.1547436812275 171.05822288198871 174.13188351994978 173.75370330777918 172.7106828424084 174.38705141216684
