# Created by Octave 5.2.0, Fri Apr 02 16:04:03 2021 CEST <br1@br1>
# name: ptcls
# type: scalar struct
# ndims: 2
 1 1
# length: 2
# name: x
# type: matrix
# rows: 2
# columns: 320
 125.27799146070902 107.85623440038496 105.19762264530578 100.21888271127195 110.31617841882844 115.62729573310004 95.390177016253048 104.12928896241684 116.80666370595367 115.85307004322148 110.40953654377617 106.03050654413596 114.59173875018318 114.51292144805737 115.94765240247177 114.9279704680274 118.4519844462943 117.90404191256899 108.98077804005896 107.93562060485029 111.55117141495064 135.63752345481933 114.2494557417037 134.9530511190431 131.0656863113289 124.41682109957694 134.52680874910172 131.43730635795481 137.77311083081017 139.02164366115929 134.58326892323706 136.67170917530404 131.60287783115226 122.57416242782205 132.02505645350595 132.8686192997491 133.72709783470432 135.81372951934785 139.601908459627 139.38041488661491 133.37197754886984 135.58900433180304 133.93585724695296 134.68627877219404 133.9737871346496 138.30588211834913 147.70825466433831 146.47179582589482 135.9924388298692 133.74112626518229 134.86412915227163 134.98055353932114 136.178760143776 136.56200896819601 148.02082922384997 147.51069805270549 137.96042427894869 135.97675397290951 145.9511307251517 146.88960652972295 145.47795557581097 145.61330300221292 146.59327094280636 146.59226731234159 99.117365230746586 99.772376495097248 98.106864745823003 91.11708507759252 96.349555063851682 95.07564954798643 95.861617657137145 72.178480286911054 100.77597560027412 100.08570819392801 99.165232635841562 97.858540550951844 98.029713680823718 97.011132130585409 96.950996596100779 95.546900353765338 103.99551079275028 101.14449542054224 100.002820242117 98.771840892966765 98.874966133775587 97.843094620702502 97.917810849083779 96.628522522706078 102.71628915905085 102.19695875898105 101.07242633493368 99.672170687520961 100.0054235807863 98.815143122629095 99.104404188791293 98.032299470279611 106.74871777487742 105.89011363612441 103.37174549741765 100.79861823632106 100.03472694936936 100.1945500385648 101.1652403389559 98.98110435923553 107.5817176472479 109.03837022731588 105.6267220557595 101.1789698467441 102.14079416813229 102.11680592856787 101.21078663043785 102.41515508942773 107.79302062307431 106.91248221727865 113.25280152496921 104.55426194177454 101.88525582946232 103.15921676744324 104.31903088146635 102.16409682088526 107.54024501398715 108.95659919885549 108.12807370400911 105.09867476461972 102.93064094461118 103.0946672386232 104.19385987264239 105.9714123427153 107.87101368609592 108.60094816742578 106.89999713551475 111.82230781481145 104.02035538012711 103.36220681304147 106.88795491217792 95.268954279565008 104.17154095985154 103.72465104365878 106.7182021352689 113.20875206461785 108.91994966419175 105.97050576162526 104.44388610822082 95.471020175298662 112.52620789716025 110.51987064197716 105.42987411295582 106.81162366351167 112.82114290734565 109.26469687027853 105.15076178176982 96.469902277389551 111.66377180518607 110.62950407397528 112.85689070460096 104.45794030120288 111.48815144370974 108.94136027793779 113.24750082778699 117.09665953463816 109.41108245958252 111.45148739812754 112.36971795957099 113.59596327109453 114.39569003946232 108.00691367721078 120.7424448212701 119.61543114952218 109.68133246727383 111.51706545783679 112.76248237383371 113.747436596478 114.84032556671693 115.88620133234912 115.38783767816375 119.45121793184727 120.43837139961022 111.84089804673198 112.77329379065252 113.69974817485763 114.03638984736912 115.02950397741543 115.51553872479853 115.8804057389443 120.50609412080338 136.10776498465327 136.0555899233145 114.80964317437474 129.75161358908878 115.98258581277 117.68687486772559 116.86223657004778 134.95145095910675 134.20595502817912 132.31088303206889 130.66565325574794 132.79440883060792 129.83024429916497 128.25468273451503 123.11842083708201 132.15971347448195 135.17531527831858 131.7340648485351 130.82891870876742 132.73775393712125 131.81336975194105 132.76245810473523 132.1746420319736 136.65074920109876 135.73146843823247 133.9416874226074 131.82135973898593 129.99434709789062 130.86933285165173 132.68792101924345 136.12891397372633 134.62990120266548 133.97626777959957 133.50675099512219 130.70195617822836 127.53491723899246 128.45336329019264 133.29917617975235 134.84527336585236 135.00104434868808 131.58300159368065 132.67067106069135 128.51839349902855 128.53102685300658 135.77173168968804 138.07896546336167 137.01179408554628 144.44973350463491 132.36653577991382 131.47739598844507 137.49598205129078 137.5866260589313 143.09832690078207 136.99036069481471 146.57101525852525 137.49195596070831 129.43595103816253 130.40713098642513 143.16233423452815 144.06800133438023 143.22636585881745 144.9256115290938 144.96958018521056 136.40758369304504 129.41988779078787 144.59989363186983 145.06860554505465 145.72094351196193 144.18196723546791 139.52427494316387 128.16027531369545 146.72317014527846 146.23651666521576 142.54026559824482 146.06529572441539 146.48234076195206 144.03735736037459 147.04617091779934 148.17699278513925 144.68412987733842 146.33606235144686 144.22803701527565 146.18776080721102 146.31924690684968 145.47076235572027 145.17285260091765 148.46904610531917 145.22817309666405 147.33149736886762 146.90916406635034 147.58604284610391 147.30680195176265 145.92836001055159 146.78530522357877 143.41192054539894 143.65833943737425 148.35886977458915 148.11566266636768 148.42158522176692 148.03799441185188 146.96814599751318 147.70606866854587 148.03126935347973 149.65024443579836 149.0521376741458 149.73065565928869 149.25641139604966 149.20537583632446 148.0885581886526 149.44755946953552 149.1293049475496 151.37821165805877 150.22349937885744 150.37424612875188 150.28292256817232 149.90048734807004 148.63954321436466 150.7810994428859 149.40832095503637 152.39157977411932 150.86063805995198 151.22595149259737 151.20586989067004 152.97752178153073 151.97038066092389 151.5058805362842 149.73340792372437 152.38506475211082 151.7062244139897 152.2737467339096 152.30615154503005 153.54290456117693 153.74275993113892 152.74647998817221 150.38729130995773
