# Created by Octave 5.2.0, Fri Apr 02 16:06:47 2021 CEST <br1@br1>
# name: ptcls
# type: scalar struct
# ndims: 2
 1 1
# length: 2
# name: x
# type: matrix
# rows: 2
# columns: 320
 161.37513679918152 87.535043922296836 86.783483778625168 68.926217233607318 90.64612463652297 107.01574445666476 56.408691623782445 75.17994661807154 77.58861117108269 110.18759057299742 92.723185106186591 87.765308184746317 104.89879476384482 105.93898073985876 107.89286161174762 109.38271294254675 67.580457105128801 92.166552335932579 90.486765627275233 90.531761308643951 91.610546439369898 149.52853095935882 106.79857631390853 150.68046641368659 145.52480588094261 128.29261992913911 147.47371149579917 146.4270793850456 153.83238133450718 152.7360916451583 141.3868740286882 151.90334844909219 146.53124687723877 122.74069839184054 151.31895317467848 148.45530348183388 149.40124708394805 152.82534634705436 153.03836639964678 151.02425450866238 151.99348675434968 152.30531966526118 145.56668871267959 151.80877600633622 146.94138960882992 156.58282315509487 165.56160711034954 164.69966488727945 149.81244688916718 146.40456398337938 141.19135547808565 150.3064227705797 153.13207445005537 148.38696838493451 165.91310835950293 166.78418433287158 151.43416260191086 162.65348495325892 168.21141771755379 167.94454192672876 164.53138152741008 166.02394186623789 167.4191891742266 164.47577830712902 76.986333239013149 78.053526737530078 76.686815334674236 57.256167964309469 78.84938917460201 77.624604755098531 75.923849698648382 8.4678670015726389 80.137616065219177 78.6449748446082 79.171474994270014 77.888915158499401 80.67544140872846 78.962780050340228 79.534458335961517 76.47238321449484 86.732049207786574 84.039051693394455 81.880974159717894 80.01683611882774 80.289592716291097 80.46038456484267 81.963098926904991 79.811648846706632 87.657018180561394 85.576619829427571 83.05229399624092 81.146591159627647 81.57734906062808 81.091342043507794 81.54194200169141 82.095991014443641 109.14047128049224 88.193196710356005 86.475927598292685 82.382211638589624 82.161650154049198 82.6924709857648 83.062022799027375 84.218096093995484 88.242515393478087 89.808045404994289 88.537686340501708 82.842397205788089 83.29503851722923 83.835845683377556 82.734000796005574 84.947787329317094 87.042439235820382 89.194127203711915 91.77143289147871 86.058330758829499 84.027202769931634 86.3291282210145 99.729312371408611 83.423636644296792 88.602515027131133 90.509309834680323 89.901092502319997 88.241925448804878 84.958742645708753 84.138306808133009 84.582287489507408 87.204061088875179 114.71394964991336 89.381854116240703 86.961301642338853 89.699540097689408 85.481904307172115 84.479792544550804 87.151710625934044 57.496712069483166 84.518513125785887 85.077753883215934 90.473606982504563 99.468204137487163 91.399207488705585 87.348788550628029 85.150936685548245 53.839119565879514 133.47941702306835 113.80516288052621 61.033112261292729 89.317084548005127 88.10517071777241 91.567026648139276 86.171110832490896 57.896678030079784 157.7530626667787 122.12982864331111 126.32936266533976 84.014654433949943 90.37041738928373 89.582250501232423 104.78273911375017 68.89028315411808 114.97638741343124 121.04584814911027 126.41087384893882 115.80734520990218 89.551042499860003 88.185824291062602 78.313169002470374 87.623354449867733 114.19008502923802 116.53143415394054 116.96628039542561 89.047861474375154 68.936105466349034 67.585998470458676 97.505409883821443 86.404451611237164 116.62664985323426 108.7084958525149 105.79947908611445 87.167758069853861 99.527559511681019 109.07821253702375 115.93395136865951 101.30475859349924 94.913114922723722 161.36684225919538 135.4734733450926 88.473226472206136 146.23848296946161 77.071407435367675 78.791768458003347 87.404190046738705 135.89698664266638 138.48525584301217 158.33930112862441 145.71188953101185 144.82511378983389 143.30289175496338 125.46873488369449 128.18275743179768 133.82164379716741 135.07206047232339 143.51476613313204 147.44833468950335 143.69151260217112 144.65302224559022 147.5720885515187 147.36407553306759 136.26531566746905 134.27753608759761 138.98387405935179 142.63193144497501 142.441460380184 131.05652268135651 146.57046871520896 151.94711824068352 140.32999462788263 130.67901267848845 140.72844162746631 132.29137250355018 134.61566967466641 122.61556315905257 150.73507693449216 144.53131410117098 126.9132953132175 135.69256058766021 142.3888604449609 130.18005569364294 158.84384758263255 150.7357557160631 151.24345173992228 148.56078004302219 174.5645544272576 132.46425795972635 141.47099934517757 146.62870287789963 152.65300453766454 161.67994958217864 158.92255846125093 166.96960264103294 143.22606530499698 115.05671933657391 131.05266384622607 162.9370781785837 163.96975643752737 153.05085768818284 164.9944751417938 165.93144904219346 143.88939974765677 134.2874779544068 162.84416415858365 163.80135516243902 163.86305439601611 161.91540414248414 150.98825367026527 113.0604789918138 168.43607574077157 169.54745304567862 119.94695790029118 169.57923413339671 165.6774945523681 163.84575651093826 165.36143926997448 167.92637695848114 163.29809059191192 158.01824170471906 159.60340560953605 166.05038502172275 166.92874030855998 162.80806180029606 164.37923853674059 167.01718395937397 164.9031043639047 168.75109475020972 167.61685159989747 165.44180403519371 166.45862263098854 167.21796670251331 168.12476109748576 163.37962172316927 164.79297159228938 173.63205242043654 170.31055197614884 169.18642775390489 168.19270472077477 169.21765146187514 166.81890418781796 168.12233251291249 171.39012635104922 170.10764014242679 170.38365311412346 169.26847580152418 170.15975353349498 169.10553396210543 168.72426822235599 174.46286092390204 171.50898245828341 171.54650734665296 171.3238756376455 170.24378870588779 169.90632898138452 168.93079552439713 173.62471123695758 167.90279088298809 174.49793822419724 172.57697035896172 172.51694850576692 172.25729222399161 174.93668969220988 170.9643161185781 172.46771975053713 163.90679263408447 174.76612903476484 173.77839467341857 173.42565494058465 171.27043348353956 174.02697787224741 174.19789051270774 173.00015244977141 175.14433039191704
