# Created by Octave 5.2.0, Fri Apr 02 16:07:59 2021 CEST <br1@br1>
# name: ptcls
# type: scalar struct
# ndims: 2
 1 1
# length: 2
# name: x
# type: matrix
# rows: 2
# columns: 320
 189.91569638281209 76.846220935787926 77.527387599236945 52.630414079200833 82.368733114391119 107.15018344610495 30.496215540793877 60.104440038754639 42.677245349761407 115.49028472780556 81.945628184683159 78.026812411916154 99.784603372043762 106.08013730637289 105.20515590524923 109.42035518921257 22.498754744904929 61.241394903942137 78.937874921486369 79.939990774735264 80.625869144802081 155.36067936412073 106.33065097403446 157.45651770721426 154.18994741708471 141.630071383212 154.45182660488567 154.23307439537967 162.62725487565072 157.20059234071806 151.25543083652366 156.15122782861192 154.60005187844368 143.89110056854867 161.32658713832376 154.22240791335523 156.43183007360619 159.68436015535787 159.2432075600413 156.46060019243623 159.30379391816706 160.19188547392952 153.67398889092559 162.40833331672113 155.51220199327213 168.2860458876427 175.74142754165334 175.19186740063674 157.40575296781122 153.28550572854161 145.07121361062883 158.44276760787059 160.49494860546662 157.23544183915084 176.77968568109762 180.44441656570464 158.32320036092509 164.0065170447692 179.35845486787903 181.53463090626974 176.32164820725157 177.89687356997894 177.56141762881541 176.29522979629846 67.322518929725689 68.099781417606394 67.205283907357725 39.622935656260182 68.52211166576042 68.126004878591786 70.107999275388451 24.709735388526326 69.655443918773443 69.456110201699232 69.522231857295708 68.622366722002354 71.336648284402216 67.966911937513586 68.988046514471037 68.820815947583384 77.094623882489799 75.09987617043528 70.62128629635562 70.179499439683454 70.46514350083595 69.161041642628518 72.134409617146645 70.412549162334784 78.847744875278508 76.041484019527999 74.924264720724224 70.614485160097871 71.511286111699221 71.224295921012995 72.131380319573822 71.892913754579425 104.14228656531695 52.162363435738058 76.154610933474984 71.645049113054569 72.253663448929856 70.807557298990872 73.238597454641791 69.575069837007931 79.486178157105982 81.790848332831729 78.458094658502063 72.651074604081273 73.396245725108471 74.030184290919777 72.980259689856851 75.109661455300312 79.007717179741817 86.18072548661732 80.020976558305065 76.77347495014088 73.662178787057513 76.173870444410824 92.951032446273047 73.161684422708461 63.630138130125317 82.952157163518393 77.864906170565234 78.224037263625831 75.591839637089663 74.288891876694379 74.401717732980231 75.735232026147202 117.58240491326974 78.133082094973162 78.421305254845933 80.677286872350024 76.460849129737113 74.625364905020064 76.857544482166887 40.592175791898427 74.757961899380376 73.501631825513215 82.651771770803165 97.645512337141355 80.70888689701053 77.89498556001088 75.39824162173818 32.159110946634826 121.91430131848661 123.64834088061598 38.226977627139377 80.58899879997081 79.607376928303864 81.204676269051518 77.345096379560317 40.656636219781149 229.1734589647437 129.04478111181274 146.88749729462222 74.446835052390796 78.812995834099283 81.924726602577977 106.76454070826722 23.611326697623376 128.27340136849645 117.24445212872624 99.795984142864455 97.890977440709946 62.76136708600896 81.099975143484102 43.490384160230576 63.446990864437353 121.58718906464928 125.59478122907213 120.45505551496551 65.162265358422644 24.720269635784629 25.459547905897473 89.262070432249374 64.029550780469691 119.03139418519382 102.74930488430938 91.565740399142896 63.940987489205718 94.72669944408203 125.51032938290699 123.02601425144124 85.645954037310261 91.071121841685482 174.84894856567723 145.57695875205619 62.227068379130628 166.68827071107302 42.311383994316614 43.415912576206885 64.759845038677227 144.71977889849836 148.21153512819353 185.00397887535854 175.81046364909008 174.84067582602569 156.15658695269082 124.55181510433546 126.06501377231623 136.85516954268445 137.92180389519899 154.08544189289691 173.87088392897405 165.89348594853416 153.70287376127135 155.09253013902128 156.51073518936363 122.98685786984541 130.76358164334195 158.57440427134085 163.85360760536466 157.61287768697608 116.69879415309546 155.78169725240343 158.00399373759615 163.53197660631233 117.67906598030356 158.7886926002129 123.3656152527339 122.41367946728654 126.97124497010381 158.3622630872303 153.59861480489818 116.90535922696409 121.56243204388053 158.61398479620701 117.85837002116214 226.40781053768615 156.52337755542155 161.28126828997796 155.85018884736397 190.24698947375546 115.48436252600051 159.72788548415036 154.96655275343397 159.25956234997753 172.61490475090105 170.0862270272055 177.9357324616046 147.78917896000519 88.356869815311398 128.9644844852555 174.33824330478257 174.1181136586855 158.53257999397553 175.1746304112516 176.56878620630886 146.7478033942667 123.63695281068598 173.47674368302143 175.64776621021389 174.64633106331465 173.63011644334401 155.16735963394152 105.19718883173937 195.25099120080026 185.62780901506272 105.45636035224481 182.57377418446765 176.637751995027 174.53772120470632 177.36363409718595 179.82651952949195 166.83762626175906 165.60635189826826 161.51264211028439 177.83368911371318 178.33023412753604 174.09247196146316 174.7707292332494 177.43561303414154 175.54261851512237 181.12960643124623 178.50558913545859 175.78902185102373 177.33623862734311 177.27680670679226 179.06919010837871 172.58066352370224 176.28023996770409 184.41906286668114 183.36701550207545 181.21693403264209 180.04933622307058 180.44774370599154 178.56695042131369 178.56521272280611 183.67954363525223 182.16439379756582 181.66044518661386 180.22846751262799 179.28735605035089 178.61001124703139 180.42322046351333 183.55743590347257 183.16885843004849 182.84631431883847 180.84543362038752 179.70379351334068 179.46017854252474 178.73745385501485 182.06866296745085 180.94016679328413 184.88755004749518 183.94680299358944 182.1627125817285 181.42907030842414 185.00114436601066 181.63302030066129 180.71813685896777 171.35589881085809 183.71367668465967 183.31852328889607 182.58186902237912 180.35233426315619 184.40412358212714 182.73760343516824 181.90137997828791 185.93020393285954
