# Created by Octave 5.2.0, Fri Apr 02 16:04:47 2021 CEST <br1@br1>
# name: ptcls
# type: scalar struct
# ndims: 2
 1 1
# length: 2
# name: x
# type: matrix
# rows: 2
# columns: 320
 130.30247797586253 102.32899457753743 100.00651867777408 91.480553483546728 104.0677401722817 111.70298296283265 84.258931995552018 96.045321666260037 110.40064440098875 113.54436121463949 103.97637929989004 101.06118938337293 111.99090970411898 111.61896348565874 111.02968909265682 110.63773831826435 109.5742166432555 111.45505682543856 105.41551693052546 105.39981061423789 105.38299425209675 138.27453043125087 112.28913764059001 138.90768179540561 139.05872800072532 125.1184814766705 139.0050922161019 135.62312976929337 141.03485310407564 142.13003187446213 137.76690942619743 142.03303090432135 135.92960153660866 120.72120033372153 140.23140437662664 137.92935166119693 139.25624244387291 139.45810965818151 141.71079016405676 143.66215871327452 139.68223801765524 141.01885661248645 135.85022728609516 139.87585209347748 137.15258005588308 143.04928997453766 152.51654486822201 150.65434932697403 139.68311004531628 138.02964896427622 137.90899927038515 138.88439663374103 141.86315087170351 139.86957428052631 151.44407118903365 153.78886957859493 140.77493739543576 141.59255225580628 152.95396242833044 150.46434095888617 150.21617545615496 152.15777241729978 151.37416092938619 151.61837281342332 90.777763973018082 92.816316233998137 91.734821385519439 81.661583695015366 90.824447120224235 90.885433677529093 88.414360500308845 54.387592048741851 95.736246327225246 94.724770956440011 92.878611296008771 91.823090708486347 92.944220616693002 91.848805241101715 92.257681381068153 89.727073712774271 98.129026596961438 96.752754308552881 95.931355518771781 94.088043830462126 94.181075872803973 93.436268407230401 93.6791611510493 92.544930098451232 96.492926103445697 97.853014732691875 97.141463940345972 95.089630966380483 95.482917876353852 94.439746167262044 94.53855772885106 93.329952180600074 102.07525829605224 102.52337478987651 97.625067070709704 96.329685399287612 95.41891146939264 95.522853863141748 96.556312690364706 95.462986444692476 101.18369380927481 104.14764900875655 100.72311848285248 96.422892438783364 97.624695543892827 96.512153862316012 97.642215472836881 98.742374470079312 101.36906608579876 101.82721103030798 107.08134076705734 98.650427326071693 97.324958281626309 99.720984967205879 108.15833021060624 97.49592508848373 104.20630109731644 104.48676825516097 102.63402795801817 99.500869562266217 98.455984768509268 98.563451837782893 100.05917456378532 100.48360486499739 108.60743193393634 103.05994911976833 102.05360231187713 104.93406578869885 98.898152367350789 98.348730663652688 100.70674219226916 84.78311277156871 98.145442479100168 98.992569242936256 101.90472094290664 107.28772515370571 102.13116686774634 99.771708177809415 99.338071547177194 83.845508307008032 117.91415255876927 109.01280255006975 92.598124689722368 103.07847497693669 107.93416236047838 103.12380497560666 99.617799622842185 85.882481497068781 110.66492425469697 109.928478433885 112.38152005664827 99.246519134991019 106.92457584582975 104.22678781067161 109.86000671939301 108.61485644225259 108.91841024709541 111.22355133331583 111.92608074354132 112.18063004279492 111.63095111847008 103.2254437969216 111.14063816330237 112.34888245546925 109.6723769468859 110.6809311000036 111.08767424859282 110.60633238258009 112.07578592052553 112.45878256732168 108.14821176168019 111.85681176681135 118.69278276560701 109.92174125475965 108.68001577055055 110.92044399963677 109.57380921063151 109.89890845332724 112.75943513121051 110.23477135101921 119.54530646246148 143.16124316697824 138.42924415958151 109.17056414607842 133.48747100018528 109.45348484143584 111.16225461624789 111.39565590191754 138.25721656080361 136.39670732899975 135.60452541743871 134.54992130189174 135.46239847667476 133.63418961819659 131.68083901696417 121.51558363205555 136.26167789440805 137.25884343317111 135.3717437599702 134.69247679421809 134.31533172619439 134.00788293571946 136.92247989201974 138.8236856539142 135.52258147321024 137.39536032022079 135.3081279972925 134.49481427596319 130.10533185807847 131.21400670133568 137.3004709263127 140.23435198928263 134.44083403773902 135.32009711761873 133.27663983233279 130.55333158103264 128.16756065482568 127.10238987669045 138.08519767625191 136.86149870240871 135.72597483980854 132.52688057986609 134.35375981034852 129.21622504653581 128.59743584021879 137.91772006503643 139.69031372915757 140.66355592612751 152.85915519623521 132.25893136788679 133.32290749715432 138.93020640946648 140.39994928896144 148.61774640730346 140.78315422226137 152.57889614906708 139.15672670264323 127.98477866744616 131.48032310305902 148.93933158244045 149.61807414427219 145.46383623596253 151.11898697875034 151.71772740516872 138.43329777948247 129.45375107655198 149.88972743758524 148.9353483159893 150.64916991972842 149.46923843282519 142.64362592424428 123.94372841626463 153.09266363239934 152.43971867326758 140.00278494142782 154.99856522718045 151.05683353134418 148.9809581752688 152.81970582394578 153.90776660705248 152.90781196279633 149.59825583122853 150.8682546948109 151.32361166963366 152.3125286110735 150.53146926582494 150.12982515286922 152.69590261486837 152.02902107425942 153.17188937644352 151.62537289870576 152.38585991838119 152.61197452084443 152.17084808615235 153.68760864735734 150.35637931057195 149.72998273787286 156.22506648226636 154.02543041356694 153.53822713466269 153.70517778602499 153.21521035234173 153.19719886811413 154.21835692384744 155.57895891033957 154.0881977177026 154.83559456206157 154.34561770409354 155.22299013111234 153.9850159768117 155.38138342330529 155.05985197345339 156.63768689321344 154.58179514217625 155.89007673445477 155.43394908945871 155.87176922946347 154.70279641331027 156.57049061409487 154.91423967508737 158.02394323610687 155.75415597891251 156.73084452241196 156.42799009915169 159.72891124322646 156.99648727207409 158.16203898751712 153.59579657149439 157.28162191864524 156.7919817921719 157.83948359020698 157.55685214905796 158.55838724748966 159.24026705156581 158.35949305766877 157.69708037410544
