# Created by Octave 5.2.0, Fri Apr 02 16:07:45 2021 CEST <br1@br1>
# name: ptcls
# type: scalar struct
# ndims: 2
 1 1
# length: 2
# name: x
# type: matrix
# rows: 2
# columns: 320
 184.05011682086996 79.092422867735451 80.051893502085122 56.054894452228282 84.376804860021309 107.61029347324585 39.501681881157793 63.272481276435649 49.355955474259609 116.36174428776052 85.658155404151032 80.547983165411196 100.85932475148022 106.49984103452719 105.04553355309204 109.41244486201468 31.741839144974783 67.740159871534331 80.845582576659922 81.86012445703129 85.254713769696465 154.25156584179041 105.71579961996703 156.10778067377115 152.12167702229624 141.12214369432274 152.82915785303072 152.59268413958483 160.0353291096034 156.38629641622722 146.88673360080918 155.67517600748582 152.88452128560891 136.28788978542991 158.63795039969045 152.88989092036863 154.92480554327653 157.21533763391511 158.50232709214828 155.36891509348897 157.57327097372948 158.97471796432231 152.30693666051448 158.92842858268926 153.83773376411267 165.82667299457106 172.92467882702505 171.65215719529726 155.64309728997617 152.07594080054909 144.25588110451469 156.74079148603215 159.19106090216201 155.34596531528345 174.29955571671434 177.00690054358807 157.1204047018372 166.79809325914425 176.99504975166806 177.5955146349277 173.926706312828 175.70275750372366 175.22551147711945 173.64190828616248 69.080446111604559 69.89602207552295 69.279267466274035 43.328469981864743 70.718506376058826 70.222834129158954 69.728989353614153 17.737630538433073 70.969335031431797 71.037575793168514 71.004674623777959 69.96530294466983 72.586919133039814 70.203270263196785 71.227969128859442 70.165253342221817 79.401830659173754 77.29970430213173 73.007767006585027 71.997103968258259 72.0538973377557 71.714156783585608 74.165544289722604 72.613326058794698 81.264797470423744 78.357633800921988 77.138177065337814 72.641683501215766 73.360543183274345 73.085394799072816 74.236251958635222 73.665020509871511 105.69251453046526 61.153581692487094 78.582002538435162 73.759090332542641 74.647823087641555 72.655619455377519 75.610687544518072 71.743267802251211 81.281984450339834 83.595850227602085 80.740073967542784 74.418745987265694 75.406045421131921 76.336839972712127 75.218804465380529 77.463762355767543 79.684072951991482 84.968008352663304 81.909149440765944 79.080704125913286 75.997659693110393 78.678052514205731 94.375453589960955 75.914784702682837 70.457978333424506 84.609471312709502 79.884278897645856 80.403470206621662 78.073098538397758 76.726419024147674 77.099053581021977 78.322026164606669 118.19882101662276 80.23204044251986 80.589517807212928 82.322825760919287 78.969505296343655 77.006452608547704 79.423787821913876 41.853486931135393 75.843104376823305 77.124582268192768 83.893692824046127 98.028541773445909 84.175615539476183 80.43486972017628 77.881928540229865 36.715054786910883 124.53890396419871 122.40569698155687 43.019571137215081 82.704731090544968 81.616258427960247 83.157153036313773 79.722973143750195 43.010544036958009 214.16482496009888 128.75831195240917 142.5673095826719 76.23316450403901 80.55950640456399 83.391421604383481 106.34537803868383 33.671554538750684 125.18638058300108 118.37392793160475 105.44799850040593 102.80839563325267 69.198404608464912 79.623711320379385 51.195473126141579 68.755519897663746 118.72388706937511 123.60158887170152 123.35891653845857 70.655338012599742 33.521122929841866 34.488609987624791 90.994366403956548 69.645365042917149 118.41373654829083 104.0015986384975 94.556888384086193 67.331709942437172 95.826035068270201 122.5723002411107 121.58156791499442 88.846113152903925 90.259127161829639 172.46533656543136 142.77570910430975 67.82427302080643 162.63651787614413 50.584737488592417 50.151737307506302 68.50420707440415 142.28620343555303 146.16760687261194 180.07927931499503 169.73995902775067 168.63041755536247 153.18428936847744 121.79680284558327 126.51004686017828 136.92454292800025 136.72124074457102 152.49886766893053 167.23888121444188 161.73631631646163 151.24673102013281 153.56614701095504 154.51947851217275 126.17644442799555 131.03942752848511 156.15724998737809 158.47906278280772 154.40903627621049 119.98695127209051 154.07319403617723 157.06333943206852 158.57207715451256 119.8948012509036 155.33742621114399 124.05502782114247 125.16680664196126 123.9613046302282 156.37760512720476 151.62134876878946 119.05462946064694 126.31085206446377 154.59043455231355 120.21884430040882 212.20962047990605 155.97501379903281 159.60316958146271 154.34650653556787 186.95140529731751 119.96636497806197 155.69238488034745 153.13338912015612 158.13244045373148 170.99080741307458 167.73993223516476 175.39240590392234 147.12332463396854 93.970404875297788 128.99114716482788 171.96733617911596 172.64737307058166 157.38062385725098 173.17699137670161 174.15935427260644 145.80199039005799 125.10700245845651 171.5430870912341 172.92096694722389 172.80794609822232 171.95761970872911 154.4834182128819 106.84961937262457 186.7913094357061 181.11464617809224 108.50148592393572 180.22040190494894 174.95382778596331 172.31528833151739 174.99568473629142 177.48000773856327 166.12935559238423 162.9925865096815 162.24268732581663 175.03768454865562 175.87869860328792 171.22090722896851 173.07414289120985 175.9130227518489 173.93989829214019 179.32870598522888 176.20243473474756 174.12649617721473 175.37827969531179 175.17465388042623 176.06879690304334 169.93865628247147 174.0815096553863 182.2635344732731 179.61069800366374 178.37472035550778 177.3483465220778 178.02629757587763 176.32610321927902 176.11242484553571 180.83709906990424 179.50329885634142 178.39486092919029 177.32116781579239 177.09827883765735 176.38110279409455 178.61049883287822 182.29907545314103 180.57610107332368 179.44537427443854 178.93826208402092 177.79357899650694 177.76557361873935 176.73340004202646 180.82272856982161 178.24633407122661 182.67775539681867 181.63682580605379 180.13289875638816 179.5119425443238 182.75503049290737 179.68041507761774 179.08107161973504 169.7905069331303 181.57235900196972 181.1091348662585 180.54672468355952 178.36398093588355 182.5667200445688 181.2640773207988 180.26270866093526 184.0605569256665
