# Created by Octave 5.2.0, Fri Apr 02 16:07:49 2021 CEST <br1@br1>
# name: ptcls
# type: scalar struct
# ndims: 2
 1 1
# length: 2
# name: x
# type: matrix
# rows: 2
# columns: 320
 185.66820773450917 78.472780955474065 79.380570348449766 55.110210211393124 83.907942890505637 107.07802786615646 37.017355464196136 62.398538866040887 47.391448162596021 116.12134165053156 84.901224397367315 80.108791149695591 100.5628498881874 106.47764372524153 105.23955798246796 109.41462702124169 29.208760451304766 65.947397121853726 80.468129893002796 81.066204153068455 84.046124659077421 154.41944204983153 105.63133491072628 156.14982844373989 152.49493063613457 141.26226167746461 153.1356306700427 153.04520558945927 160.75034311403024 156.53955158716676 148.09189145893731 155.60703318590203 153.5564948068612 138.38532724284198 159.36369533017935 153.58024638140313 155.1538703154574 157.30761447318577 158.64471811286444 155.44873247469422 158.14465789582482 159.53128380853528 152.82696380252349 160.61057480371127 154.10945365475433 166.50512068921151 173.49223443964038 172.42573010444903 155.97172290480611 152.07134862068094 144.48080041654617 157.07957354422581 159.49370057349591 155.93204872858021 174.89300047765539 178.05283808421632 157.53525048197702 165.98885193647425 177.54076434832425 179.02039945503654 174.44470173765882 176.08476705029668 175.46237719063652 174.38119193557557 68.124875343796731 68.909228931906142 68.916459586050649 42.306253616180726 70.248041646959294 69.187622269687026 69.598004706130155 19.660969807424316 70.547280546640025 70.15019603468761 70.766248857047302 69.502401254251581 72.429385551951427 69.641139360434138 70.421822566983494 69.585806145704041 78.823465958378463 77.035670480546628 71.922757526311102 71.489254072848524 71.736228985699725 71.251808176870611 73.673433698659579 72.326033867394131 80.499170210334881 77.702785407292424 76.661536195362572 71.629478857176366 72.942452923565028 72.619463752112068 73.648796997197678 73.276147201371217 105.68070930898948 58.673245621659774 78.131163586180733 72.797837071175252 73.660959718991805 72.119851071903767 74.83921544896603 71.24511983495357 80.75181515802781 83.062966631150474 80.249222722384545 74.08278952821297 75.093087554751264 75.676205823770545 74.710888574912218 76.751840768475532 78.734860799227349 85.302551010305791 81.558958592243812 78.565464534355726 75.376302663680235 77.98174214447296 93.98250982618498 75.439553274525153 68.574436208376454 84.075300187445279 79.338209110201404 79.795779968945197 77.484187070644893 75.890188895377335 76.606579499227962 77.889060871465148 118.45013820384695 79.708249933350686 80.015839251107593 81.887755596820526 78.342760535300329 76.308168674796406 78.963653847944826 41.506662788991513 75.853809603404486 76.414316299906218 83.622206887049245 97.922878480672239 83.361518254774751 79.538848527202717 77.195291602027169 35.458242693041626 123.25214364092632 122.92466692920807 41.697476375814887 82.084919868521084 81.345364472781313 82.724898498585787 79.183801747322846 42.360126238331766 218.30513778896642 128.83733792741705 143.75908550320992 75.141160453531739 79.933113041883544 82.883843162145908 106.46100911994822 30.713786509090877 126.03797252382729 118.0623483997762 103.88882212591173 101.45186647668916 67.751034916188715 80.035575668652712 49.244256312439575 67.066293411329639 119.49692431452561 124.13510383571582 122.57915922719393 69.140007625240543 31.158166601663734 32.098764041344673 90.516491653140775 68.181433754239222 118.17960102041918 103.65613829251457 93.731744112377697 66.308483468810252 95.522770068494154 123.5084807106834 121.9800358698763 87.963310638257397 90.483125694203665 173.3121064936463 142.8356859114769 65.939016352543121 163.73676702847121 48.167403053333686 48.376388332686659 67.711515628751116 143.67031631409398 146.73144915001376 181.43614602649325 171.51836204216431 170.19606462109746 154.00423352963975 122.46713037290219 126.38727911180254 136.82211466593202 137.13572135569083 152.9736400894293 169.11214578437182 162.90059749985909 151.88719086586985 153.91333313272634 154.92331667897625 125.52944758009039 130.96333211189389 156.82405116916092 159.96555407332028 155.14914876518989 119.39386241070552 154.64432998559357 157.53397663657796 159.93646704313286 119.48943617271333 156.51449780777665 124.39582431318206 124.13099997184126 124.64223751173363 156.97974266179332 151.94787854052788 117.71617418751738 125.08513109611604 155.65381571589683 119.79343687205944 216.1263625648109 156.56873089067821 160.53140233566504 154.91296392640652 187.8605319666797 118.72988455578191 156.77089787874684 153.93598766895616 158.41054722732909 171.82280844134149 168.38718597090013 176.35976644934348 147.31774644234429 92.421843479439474 128.98379194287688 172.99974241259767 173.22132244006318 157.69840486048534 174.20009278095608 175.28202674771524 146.05216646588778 124.62470391328127 172.3280224055365 173.69284846078972 172.97786546190369 172.23647292279514 154.59808582976183 106.39377646479417 189.12501475021483 182.36132771413455 107.66145128346926 180.68602820911232 175.50010919734049 173.04523501838275 175.64988037100036 177.91806067860782 166.32474060462556 163.40347678604275 162.39059532624404 175.71073897811263 176.47835473140347 171.73021632015704 173.55593973494351 175.83864235659394 174.28643019379703 179.86174852167593 176.94135979563632 174.71394010611414 175.79469143094869 175.89668478093651 176.78954771600863 170.26546736047848 174.78098155138406 182.69421706730159 180.64212915247825 179.23661895887889 178.0349599449477 178.76701054864114 176.76677285789881 176.86981042643993 181.9349019956199 180.07345516718328 179.29086132754168 177.82083778462177 177.7456124044804 177.06254182377347 178.78942812269963 183.25062734146979 181.38245130676793 180.37969668316592 179.41655412658201 178.29133158625277 178.32109101653379 177.1236446190585 181.32525432040805 178.99432710259063 183.57225325300672 182.2926248069657 180.6027635626962 179.98608658718661 183.53936636673765 179.9918590106071 179.46915669721338 170.22233917526211 182.31291926191295 181.55865723334728 181.18003559450463 178.86221012877417 182.72106001804678 181.97026959647911 180.66378449475849 184.70300619925342
