# Created by Octave 5.2.0, Fri Apr 02 16:07:26 2021 CEST <br1@br1>
# name: ptcls
# type: scalar struct
# ndims: 2
 1 1
# length: 2
# name: x
# type: matrix
# rows: 2
# columns: 320
 176.36418498108372 82.035721950977035 82.198004964867579 60.542144596195286 85.859814887979581 105.87424887807319 46.824058477888762 67.423707725812989 60.481246192606463 117.00184215327667 87.986942659309051 82.74770220230819 102.26758035212109 107.98387102604728 105.6088997598893 109.40207960568641 45.646920049178128 76.255782932517207 83.451281738408369 84.830889590741293 86.900663595674345 153.64363214380722 106.68742940958882 154.60456862082103 150.96093742837081 139.97613467675023 151.95277247302514 150.44320725268125 156.47737889150906 155.53851710287566 141.64268237234856 153.8256422808177 149.64798115142239 126.51992253986374 155.56792783674982 152.21571920691909 153.3509768383818 155.63490990216258 156.44796976498083 154.38180159898533 155.17500179271858 157.06985399677458 150.08234956007152 155.38530900068716 152.04136061659401 162.6040464450289 171.84678815996452 170.04996880757545 153.74459351259617 151.17655931565713 143.18751437236511 154.4340527476987 157.12662529605132 153.0097070319251 172.34521575494958 172.95567605574968 154.80123393140747 170.64198954182677 173.4655747381542 173.85323219759871 170.77536788838151 172.92214225207684 171.85633855392933 170.99462137817628 72.050492067801613 73.206287452475536 72.748691705122695 48.183997718863822 73.75045239555692 73.377282131468789 71.012378644880698 8.6017690107246718 74.619529054784877 73.781941978232481 74.216881055304 72.903941081925609 75.585187183257119 73.728206791985258 74.445496965823011 72.898034034395494 82.392889095854272 79.958474678415115 76.503513162284307 74.904250280478436 75.30330262711675 75.329243269492977 76.701238444007615 76.105473700432128 82.81107704251562 81.052862915785497 78.306220655308891 75.790533902761069 76.308043207251686 76.030074411413381 76.376068872350245 77.032363303865822 106.57889812184777 72.935178028914819 81.733943340887905 76.926141442152087 77.099503586794327 77.236731261728679 77.870292236388764 76.145555205357709 84.522562373750191 86.175820974135959 83.758056487078875 77.6177411467539 78.355013341670585 78.541762826905114 77.486393129579596 79.6117840033139 81.357879683574339 84.144700081535547 85.432298741633858 81.276674071778714 79.044697858407702 80.921130293935647 96.241936467896835 78.087307008893717 79.408322207987595 86.881938551946888 82.175561434765243 83.903116599471346 80.216263960527584 78.991154974723671 79.227040837055355 80.466462010134009 116.98391173281581 82.736787100285227 82.805544876150364 85.151690185490779 80.868252091485076 79.575504783018118 81.9707889618998 46.521809082141566 79.989170073697323 78.945047919597712 85.757439051427596 98.530442414120841 87.976946806078516 82.443570009432321 80.233547804536244 42.684912232789856 126.86035180571706 119.69179705607941 49.299521253866004 85.025872705123234 83.881630335843653 86.799324723164332 81.527108815724219 47.557294988446465 194.49833902297809 128.17681146752483 136.9063739601163 78.776565918769961 83.847011218230833 86.193041595097199 105.79613040267802 46.606582341180939 121.14131886407658 119.8539307077904 112.85408627925338 109.25190912692935 76.805212592820666 81.102498122273289 59.30076368554203 75.642069597864818 117.11984194767935 120.70195121069359 124.9814010806589 77.852398223473003 44.717047680880803 45.10990926944546 93.264271470331465 74.663644379461175 117.47915115740329 105.64253528191641 98.476323674701547 74.405025327414251 97.266543817206426 117.79630838685985 119.68884512930549 93.039425097474933 89.195134133053017 168.52988371681079 139.05552417256089 75.559640006852902 157.31541107940689 60.422914520953704 59.597914790756619 73.617731571811987 139.14696236018838 143.4893560549533 173.85018341263347 161.31399146501624 160.27420318756953 149.28955460295646 119.43985161792219 127.09319366496302 136.57692418090224 135.58661083367363 149.51034366054068 159.23881855709641 156.30090401850714 148.9379017639026 150.77824375548278 152.49690307120059 128.84587302401286 131.38677009860299 152.01859166667217 151.51985053681335 150.35789083695042 123.47052133151325 150.00521330072212 156.00998890285436 152.56068012206907 124.66158093462532 151.28078802372497 127.76893835808869 130.10959953991014 121.89170663180384 154.13943537886638 149.42479475282826 122.3690200584433 129.68455566845199 149.40371796149151 123.47648994733905 193.60509557660799 153.69914055375824 155.01717790058288 152.58690285488777 182.63305361784708 124.14210979902815 150.10653980657023 151.17704471657913 156.06682760115922 167.64254269788449 164.66547699042172 172.6304043569387 145.87129304206806 101.32607150562478 129.02608446909514 168.57697731823544 168.9426993533674 155.87116409188778 170.53592733365591 171.53916357270654 144.94218203198187 130.24159741904671 167.65651204449068 169.72763629579921 169.77582331363027 168.62613156710509 153.26441413260412 109.01487318481898 175.69882229361897 174.98427480280782 112.49165046615138 177.36076690471199 171.67531284204597 169.86901499587577 171.91910130333682 174.47635467381647 165.2012767842379 161.14818409748256 161.43279792326931 171.35169641927664 172.44554213690139 168.71853073311712 169.73951223997392 172.56114338067943 170.54496840112213 176.28090315511361 172.77333457398859 170.87268521518851 171.90956415089858 172.02480036814427 173.11470377540843 168.25766447753821 170.91005063368354 179.10159829376852 176.66437475889038 175.57792538500098 174.35878297711562 174.94584941445424 173.4090491266507 173.63512618243598 177.91427725865015 176.09881032084616 175.44902584197229 174.18484048003867 174.6594010708499 173.83714739216632 175.68343286002656 180.21292015960492 177.12217696330694 176.48941170186785 176.14991709612249 175.04642572112715 175.04485345676136 173.95595448060274 178.09519387817275 174.15063829410875 179.83289876778989 177.61644526928521 177.42558782237992 176.92269890360456 180.62205808898088 176.84258683085417 176.23235258186838 167.73930378300423 179.08400462562136 178.57477901275402 178.0539295273031 175.70953759526117 178.38983722474327 178.75358351642157 177.51073165358122 180.52548346905741
