# Created by Octave 5.2.0, Fri Apr 02 16:02:58 2021 CEST <br1@br1>
# name: ptcls
# type: scalar struct
# ndims: 2
 1 1
# length: 2
# name: x
# type: matrix
# rows: 2
# columns: 320
 121.64026068846604 114.73984793152148 112.83817998129335 112.7359489023378 117.64651396091904 119.41420542240242 111.93624444418261 115.70902590015496 121.82835114636192 118.79470168736613 117.96512891995481 115.69518336919602 118.46893491995425 120.12047161959393 119.44132781498895 120.80572844627829 123.71462692295918 122.55859154259302 118.58726936660074 118.1372141042458 118.75212404654019 127.58863258144945 121.09673137409263 128.37027089329646 126.63066662384931 123.41174001887535 127.40074441231646 125.07853829893087 126.53540930128551 130.06895446948479 128.57198302973447 129.46366453262243 126.45980245108534 125.23980978543827 127.35585360888669 126.14503706393643 127.598754842086 131.16008626259384 130.43069655365366 129.39992913579286 127.82847445032429 127.64215878527111 128.46561332236925 128.42932539870128 128.91679228861008 130.9696503879762 134.33942483282215 132.49660989841053 130.3151156801419 129.23307168688049 129.12170229090404 129.60428797849772 131.3397615719187 130.20830722833125 133.63252378032712 136.50078061085378 132.25394921857023 132.54118866300394 137.64210572361773 133.77908327963095 135.09399158600243 135.63428576186089 135.36920983610827 136.2773503671188 108.13019348046979 106.77898533693038 105.92140040041677 103.77134395830097 104.2889704607682 103.39406284323786 103.68161029928001 97.662725601041245 107.80518349699605 106.8769637819162 106.03589583271381 104.99643670248 105.4352370639749 104.55460494295049 104.74276473634741 103.84974127061605 109.72036250266621 108.14138252665477 107.09562635673117 106.32208624800707 106.49939479731869 105.59412363596594 105.76790704048497 105.06111630411421 108.92329673290629 109.09475681338471 108.27397693720901 107.4142587782768 107.75752939238086 106.58004287520642 106.84073474971331 106.08122398006671 110.04868703413992 112.03250261357704 110.34197579819764 108.73449038709758 108.70101182461087 107.71302705474669 108.65100130592474 107.44498004296155 112.18467118510644 112.20733000011811 111.91731084140957 109.68750797894634 110.70159596067577 109.64913437247448 109.73349130858993 109.14640843013758 113.53013034104792 113.02890356327798 112.99010183633817 111.089187886243 111.02683604860252 110.71578145218828 110.78695188859447 110.31493550777586 114.28449294846374 114.58656940241121 113.96289451941672 112.74035206618315 111.62970409512572 111.75280339971924 111.8682487790917 111.92495515847381 112.98180933545245 114.08136234238162 114.83442660398066 113.81386603523968 112.70957420773765 112.10056914685724 112.40915294416205 110.83213846866177 112.15139458477663 113.78760171986544 114.999535975952 114.93639611716571 117.29044622812658 113.14962780681462 112.76443793684886 112.9984151215001 115.84141813786187 114.66940737365742 112.91831417161744 115.55625264009201 115.8177240621589 113.70569561097527 113.48512784198081 109.61679669787632 115.24784296789385 114.99253443082458 116.94774756619655 115.08462251138191 116.51471803588059 116.80458447384731 119.10516883071378 120.31088735693585 116.07146770284932 116.37748139762162 117.66535471370412 118.18963298100758 119.19074927498056 116.11393753148327 122.14958619111577 121.33291563975251 117.14261312844822 117.22267628719956 118.59662181011348 118.91866938977751 120.02708545051492 121.21748060055893 122.3583476429975 120.52036459739469 122.70434483143865 118.19693243140995 119.39862294522582 119.74533167987384 120.97383220193039 121.83819279894973 122.37062557585003 121.70265460331679 122.11682186449632 126.05107433004022 127.19908152344037 120.75784070905551 125.37048661669036 123.11158275440634 123.53624229638764 122.97071248915768 128.46535958141484 127.13101661206524 128.03258906389962 126.80105119417249 127.71798565517906 125.72154350943556 126.50665959134103 125.90957051752622 129.1439568343861 128.28230983134839 127.91836726286968 126.72513732635359 128.90823916545276 128.41790615292018 127.61896751440891 127.59958007423155 129.89911299257656 129.05595009370856 128.95913692306948 130.67493305287101 129.69109770170772 128.70174327141939 128.58275384686132 130.42195752219752 131.07459325832255 130.09337958515505 131.26064554419926 130.75011391599696 129.64863862996859 131.46262786910674 129.25773924225319 129.75227137428445 130.07695596453325 133.17505951803929 131.86250069182682 131.03875841467453 132.85356729153196 130.94894423763037 133.09975220958108 131.60112405205254 132.62002506953618 133.63383341253567 131.98855091120055 131.81066813314882 132.6517036365484 135.76584158885109 133.4415734664409 139.15235604932093 133.97163250513711 134.744381896102 132.43415224081315 134.54890183142618 136.79548841724892 134.81137103508539 136.83190610487236 137.51763462372651 134.54702219752312 133.61453548184687 135.70669900927075 136.69797274248708 137.98069687772016 137.10522467124829 136.20104215523375 134.20019384243321 137.46680975701673 137.50108285339974 136.4241927766335 137.06283060488579 139.23933898848165 137.33960667098171 139.63651750214933 140.69465617538359 138.66538342174803 139.5880357466358 137.82994937282524 137.75561745628639 139.17021982370659 138.28439097705294 138.37794713965889 141.86061409026868 138.98788980696307 138.82775721531507 138.78428454909766 140.29394401930423 140.10116145682429 139.4208474699598 140.18128516626797 138.77912404990502 140.28457656924414 139.88265605538771 139.66901244327042 141.13581462580211 141.63257535466107 140.50339119209639 141.25553973700119 139.94160510826183 141.19050832219759 140.8119944945019 141.7709450246505 142.36402988928924 142.61703887868399 141.64960109572178 142.2693485002124 141.52576297911827 142.61944715244917 141.98053115865761 142.84777706479881 143.39463037717036 143.74379494350981 143.11415097752214 143.44031556087549 142.55123894451711 143.65859390290925 143.03268481207581 144.07811348516438 144.38601278165459 145.0247656625983 144.18028832105668 144.48993359959803 143.50747701602475 144.83032702409324 144.09016159001624 145.16445442994458 145.69199213666292 145.98989166456661 145.31503584845569 146.25504081916708 145.21778742409353
