# Created by Octave 5.2.0, Fri Apr 02 16:03:10 2021 CEST <br1@br1>
# name: ptcls
# type: scalar struct
# ndims: 2
 1 1
# length: 2
# name: x
# type: matrix
# rows: 2
# columns: 320
 120.4094169312756 113.53803801494551 111.38101064242949 110.3742383002499 116.15040312810881 118.46889310264837 108.78388856430684 113.52416987416663 121.26534675046922 118.1381871072808 117.65206207382073 113.25649880596711 117.53232228371058 118.56042760425123 119.3559881225804 120.17178138228093 123.29276579567652 121.03535356898699 116.54834743392097 115.57920404183774 117.01072011116536 129.55840720349357 119.69376728037351 130.60694832653533 126.63939197918056 123.60137795863037 128.46793922490403 127.11091896060452 128.24496544812396 131.60124054647588 129.41534212386696 131.60717545206469 126.70452937780664 124.39372211883817 128.08651738740161 128.29625191699654 128.96298694897985 132.84785695409431 131.036686863928 129.84329805116417 128.43791441195816 129.30359801526203 129.63047194619506 129.74556452866747 130.10945735663265 131.81382995898878 136.60437047809657 134.48400172938119 130.80394978765776 129.53868713537261 130.50394800113693 130.80480362582571 132.36652192640432 131.634355920655 135.78096228521085 139.55238378978771 133.37310536703961 132.57883326283681 139.37960924608529 135.31822012615453 137.62366890573901 137.50452371737907 138.46764710118998 138.88038348675687 105.63591516676 105.9571783911269 104.83168147667382 102.42157575081038 103.10573781061359 102.16249601103894 102.07410793159929 92.854377428563851 107.106457978062 105.91405811001957 104.92315416761197 103.83148550465047 103.95339719989239 103.12705187543655 102.93606378681308 101.92091963901406 108.48860231664094 106.84108368886925 105.87322980804517 104.83990342652935 104.89763368196309 104.17327973257737 103.93707180485674 102.8524156253652 107.93748939072232 108.0705708430426 107.00226894677415 105.94187835648215 105.99655446967134 105.00161616230763 104.77360430676835 103.67667252408997 109.522161573829 111.7289338093553 109.15488869447181 107.02481417333935 107.05849331486645 106.0666309069433 107.09671958918734 104.60394447077246 111.600838669545 112.05835367154616 110.39929906597162 108.15445702416315 109.23286053902675 108.12173880168993 108.53269172548119 107.61565114970111 112.70451097558076 112.05479387098801 112.91989196537877 110.22133208262375 108.9348758945461 109.41436664811059 109.56670034646461 108.6580262224158 113.34416797335582 113.8426610168875 113.13253795262152 111.56954032098653 109.79922980397059 110.20152044932152 110.42480752796895 110.62407616149319 111.45198153010372 112.67618763427876 113.17468674298746 114.28201639571613 110.81632435592719 109.82522434949063 111.00773885200364 107.3899503151063 110.37482165918371 112.53468041075779 113.61018185655338 114.01372838780613 116.36625013693524 112.03089477647248 111.46124876885759 109.69936095269848 115.4666186504768 114.0336851896983 111.94072331724675 114.43674436930318 115.36308873271265 112.98204533736322 112.2042922836384 107.66444377110599 115.25832846584154 114.3959873538204 116.26014342183602 112.72279023062917 115.07709464967553 115.85519940111729 117.56731837495227 121.78877086411381 114.79725370916753 115.33816542520843 116.48735152016188 117.05049400257907 118.11393079540893 114.28918068246227 122.55536136960379 122.07824386629891 115.2837188953943 115.91141888430256 116.99333591282431 117.61153997725104 118.70017235265993 120.13609935979774 121.6478291046087 120.72943472590312 122.71682816881702 116.46859406876175 117.58650193226048 118.23540666624582 118.67959210863506 121.0037647122964 121.09054162612111 120.41265686578896 121.37288547513262 127.91047952951885 129.10795850799522 119.5365065448415 126.18270280588082 121.632061943957 122.75925728907437 121.99041127883029 130.05066879902247 128.56749432043298 128.99241226661204 127.38861431592996 128.68025294387567 126.42434627442209 126.87066935401369 125.35696843862867 128.43622365476836 129.92506538510114 128.90875956016464 127.86463119890857 129.46903556332055 128.35352833489432 127.68529367779811 127.68790095022788 130.98389653466558 129.31092141665931 130.29146805013795 130.30657458078352 129.10997129381957 129.01910539121275 129.05363766007292 131.83768377675872 131.06354427400333 130.76012565353165 131.88830251942269 131.02530265355691 130.0861284770852 131.75977748259365 131.04500174051367 130.80652567536603 130.06292929554121 133.73798456550048 131.72160358707077 131.41913205835914 132.48243993736688 131.91775165244704 134.18697713281995 132.8966020405895 134.67649610218606 132.78323653533317 131.68364842532949 132.94549173931708 133.99285527483531 137.08082617873313 134.25389054622354 140.46587897849929 134.44745136338739 134.0269766319847 132.26521672268996 136.28859777425325 138.26033867044882 136.02009318546092 138.0079752364957 140.25205414975053 135.06072695227132 133.64385757183123 137.44771813243611 138.38453411475945 139.40942840194771 138.1891767732368 137.05593360521749 133.06058657286005 138.60102601220805 139.74714981740985 138.3524578723534 138.88898487430907 140.58395783346612 138.12204520714567 140.41611731531756 141.8463924915423 140.00010700766708 140.68304923368828 138.90711180323473 139.61207290968085 140.58203322105425 139.67286777675574 139.34335489538523 141.88613121573556 139.94534103889873 140.69917793056277 140.63086791757777 141.68599688374698 141.53763147678742 140.57054395984829 141.60540720509192 139.37288272383981 139.50478928717394 141.81296673740661 141.67233684127876 142.5884670923715 142.68564279025014 141.67877406090915 142.57697262194048 141.38123959372066 142.82153295041306 142.6818659022893 143.56667378814274 143.64386980720963 143.59653876795736 142.61222770995241 143.40246825082141 143.1423768739657 145.0356762662185 143.79062564906769 144.58574687613341 144.52164833222949 144.57407325425658 143.53798366546002 144.64123656510884 144.16336313581081 145.91690764909544 144.79447354109405 145.78030004093 145.5366395396731 146.43474656831853 145.76622813599485 145.70152470868331 145.14884232760883 146.52567206194021 145.69843182234717 146.76238148841617 146.67988659091563 147.64026133887484 146.85030932635993 146.81872823331182 146.34475191935701
