# Created by Octave 5.2.0, Fri Apr 02 16:05:45 2021 CEST <br1@br1>
# name: ptcls
# type: scalar struct
# ndims: 2
 1 1
# length: 2
# name: x
# type: matrix
# rows: 2
# columns: 320
 139.38720005153311 95.203112586531489 94.11479284527536 80.616684713942405 98.250427172841768 109.71350529634496 70.958240511911868 85.994983946713745 102.8524457726631 110.67407456288892 99.582663255307324 95.154173888950126 108.5676711970934 109.20380301017366 108.6038893996749 109.78135884526969 99.788374263974603 105.24299431818888 97.947557389177675 98.942308139948523 99.582497351375068 144.89059774421207 108.76950435540751 144.6019487492766 141.00768458949364 125.99081599954357 143.20156788846461 140.82712644284942 147.32569086883214 147.24975969248766 141.00771805933684 148.03979023872046 139.59847487370621 119.15926446491747 146.87982833208176 143.82489261152199 144.2354238854914 146.15673045733288 147.25800371725626 148.24829220385732 145.98685212193789 146.33019175692775 140.5615112687226 147.0581491639669 142.61867936501048 148.40100984674424 157.87738817192044 156.782736178866 144.43142921797391 141.91935589687478 138.96171914991257 145.63076716202244 145.45863677257026 143.67408468785555 158.08308834161659 159.0228786365125 144.65760360533389 149.58760152541214 160.0544646944025 157.74252931060147 156.66078578743847 158.41568301363043 158.69602596674645 157.49276628430283 83.868838566564747 84.976116681718139 83.528069392307927 69.906095489649175 84.938924626228967 83.323261225557829 82.43831290410418 32.269190455339299 86.728724048416112 87.222136914390518 85.815472960172741 84.625979062988335 87.006033257348619 86.054229850373559 85.89792185277085 82.174823703963384 93.152856546760859 90.8039729452654 89.703112570369456 86.940923202867666 87.940418315746669 86.810238658224961 87.81569021752361 85.925015218012803 93.34079089424371 91.96067699781851 90.998921923554079 88.887497907446445 88.900773865036413 87.798817459028768 87.859458705262654 87.048501209008109 105.7220488871401 96.265053603858249 92.175368510580626 90.091914161446383 88.791128706696327 88.818840692605988 88.890168880917415 90.90724651141889 96.139589975125617 95.9278423585165 95.144651700008808 89.951573902061767 90.848710438799529 89.941962156302594 89.81774379959657 91.770771307883365 94.264217278510742 96.252601172828051 99.069114918471143 93.048360986000631 91.121124665866702 92.796189227315239 104.5919914481363 90.860678442433525 95.899479959474164 96.322380640051122 97.283294961548975 94.261950465430346 91.991310143603329 91.812509983969619 92.999403937697366 95.008075049038467 111.54879125262684 97.350657068065317 95.232496508919411 97.940673208727716 93.021604844878453 92.017240094629301 95.069492302593758 71.366917622755793 92.588696230297302 91.450808479022356 95.192771499707703 103.39328199925696 98.416092268231239 94.064884105209913 93.030709223157615 69.392169227511573 127.34562197255514 107.66107886234663 77.394034933620134 96.16479944383498 96.973049968038339 98.751892512116427 93.949392717076449 72.561332015607334 110.81918007407995 108.76806400096307 110.72548039978297 91.742031037262819 95.96943021241519 97.173793449827457 105.6485275576059 100.03204040547095 109.41468411191937 109.77777936166147 109.22000335132168 107.81817054270439 106.68214797429009 96.782385649921807 101.3218284104606 103.26033719355212 110.56929641625723 108.32776591589075 107.9711639335076 106.80664033445562 99.515264632463399 100.6846988672995 103.46310998419096 103.99021101005599 117.87141479277224 107.16105552121535 104.71935071577138 106.53162125605925 105.9442361157159 105.75185749840561 108.55286132441049 104.72469421218135 117.00199039616409 151.93043225851738 135.63021246525238 104.27554125626402 138.18259995120886 102.3854759736993 101.92711954789853 105.46555031877379 138.86908709758592 136.65274960629037 145.60393309974751 138.71937481137573 136.87755490874488 136.86720744075285 133.10232150048188 118.78112037221551 137.89951639822371 139.71227665233391 137.86587528112256 139.59069415349887 135.61902742969716 138.5300540102144 140.61976904387092 142.21150098937702 134.67431030870554 136.82878338891118 135.87017233332543 137.82925237479725 130.13372844305505 134.13220702461442 141.77283766696382 144.93698205744113 135.61701703697054 134.90122018897299 134.53255141388726 133.03080563051418 131.01394022491934 129.55580432916364 144.94466299665339 139.61781781494037 131.48050966280928 133.4970550926769 136.59831887665081 131.88380786630981 131.91672629891249 143.52736054467627 144.82097235052873 143.91214998403802 163.31411189390045 132.05548772443368 135.25767006517057 142.78559212758799 145.76488232181447 154.57577081236366 150.98324106391087 159.09122443796616 140.66864191484106 130.26940526216339 131.2216622256957 154.3797026456447 155.7074307923769 149.11831777315766 157.8747885325935 159.10703367136477 141.50955289445022 132.91284620607868 155.07334494582574 155.63533796611972 158.5818502772353 153.86946616651744 148.96011853332692 118.70153497621502 160.19748811476876 160.96581291462647 130.34238657606357 163.20283986317173 159.28724060318103 156.46163971192877 158.83229144825907 159.82093645986788 156.29361707071945 153.65395583311926 157.40424055894064 157.03755854161437 160.16480317762625 155.59619588763564 158.11880687938091 159.05154920035562 157.25620494416216 161.43390844273401 160.40127689153979 158.28189132939661 159.56607789737856 159.08655547701082 160.61543893347158 157.79320192370307 156.19197893451906 164.29625709809153 163.09668912075688 161.19889083537902 161.24059460687735 160.20830542790662 159.7786150628086 161.19384713348751 163.64386802661036 162.5710184845156 162.21230384487282 161.08718363608833 162.74182505893063 161.71886179249856 160.93846092531874 165.56633881121297 164.97202004352926 163.21652778441631 163.13287136184934 162.41266378830602 163.45353776588428 162.25665034562562 165.91034625221059 160.09354638549158 166.26766792581975 164.26526722470166 164.18182452006968 163.59095119132755 166.24776815545567 164.67545115087125 165.30929964716236 158.56286863770339 167.33159217792158 165.4045067110373 165.22831709847142 163.95388390898802 166.18108865661031 165.84066190003662 164.75135378893836 166.44951621705749
