# Created by Octave 5.2.0, Fri Apr 02 16:05:45 2021 CEST <br1@br1>
# name: ptcls
# type: scalar struct
# ndims: 2
 1 1
# length: 2
# name: x
# type: matrix
# rows: 2
# columns: 320
 139.61035680891268 95.125657347498816 93.986989937035162 80.49859918383801 98.056026458818053 109.6657151945318 70.76817001079327 85.885741145414329 102.59100651293441 110.64287579493511 99.50669266529404 95.068857963107419 108.5306118391818 109.18116214057372 108.52945397177434 109.83084159755036 99.500885756832886 105.11429817027877 97.8281734849039 98.844664245370879 99.640913726055814 145.09241768852016 108.75328241927386 144.73923213216725 141.09940448678563 126.00029789653132 143.28321339657569 140.88369162408372 147.40339221125001 147.2597546581888 141.01154791761311 148.14423062908503 139.70179203306009 119.17438614717912 146.89226587103101 143.87432214502803 144.3274358007738 146.17495116873178 147.24919201540334 148.44998158216285 146.1753207935692 146.41615868437836 140.53557081116983 147.02351937623695 142.66041369264241 148.48061943848046 157.9223529816808 156.81569884760026 144.40813083405979 142.05134960475749 138.94110245943568 145.66877624437794 145.55313941258007 143.68167656073169 158.13949392047533 159.07608345644942 144.77000982067887 149.76482798389387 160.11258117794031 157.88970856624744 156.68182878399813 158.54380021906161 158.76438024251448 157.4664109817372 83.694235412095082 84.81180759728619 83.531578402152206 69.778318443938673 84.91313286765714 83.183468917933084 82.301349075465694 32.028773046715358 86.652358483240789 87.274245436190284 85.711326825761546 84.600904033163744 86.919143298263975 85.902866389461039 85.739375048803055 82.038853871231197 93.115652586877374 90.748160291097051 89.635666234700693 86.754879085264591 87.864681275171421 86.828217893888208 87.849487519502901 85.857879889987643 93.272818848432451 91.968283823496918 91.018053614511132 88.91376717631546 88.888872183538595 87.879929918134266 87.74764716621948 86.908485622583314 105.77683868799581 96.142241856003807 92.041663708676452 90.043315581136937 88.784756490275171 88.704604039250995 88.741625080323288 90.84173869125398 96.071720551699556 95.869165010272383 95.121479781119874 89.836506697743417 90.818364279781633 89.815516290027091 89.85663642460301 91.813748001840239 94.152597287794592 96.277072049840413 98.996155074800669 92.982918493070244 90.946487735303378 92.762336295652091 104.5428734776643 90.745021019297496 95.952216718513441 96.299644752905238 97.192700066726005 94.276411122187525 91.920436684740608 91.73799082419491 93.026006115644208 94.850748313658926 111.58076254956913 97.309976868646331 95.145253896093607 97.793670866559907 92.805881643342047 91.918055106590501 95.011351286590369 71.288086694003766 92.442302333331767 91.349723760979728 95.061895695466831 103.34612483268366 98.255034847372926 94.041620931688485 92.954542991347353 69.235067715777916 127.44813794444411 107.70588212557959 77.228773088445109 96.172088675693203 96.9449834462973 98.722709621068347 93.831038683229778 72.395037400761524 110.86982902729389 108.69814481589364 110.91974721971775 91.765564053244404 95.864884130591307 97.080479255143004 105.60275061019517 99.720770241481702 109.47599659989837 109.70682633907809 109.35298668398396 108.04825130291408 106.63281536370977 96.698369890942871 101.19993456760864 103.17384784085392 110.68481721823746 108.26433135325243 107.84895533705823 106.77319434697131 99.074446754527926 100.34826151461529 103.44239444019053 104.13118710585987 117.84405247804676 107.26128033024736 104.72121343819165 106.28891614793521 105.95617109270522 105.89176210616314 108.72714225395096 104.80445522581579 116.99278005829029 152.02574953125151 135.57201381777654 104.12377740593024 138.19249561625003 102.16407683394317 101.7792180779462 105.31826216102766 138.93353636592059 136.59602720332066 145.730572340565 138.69864354834303 136.96000008711815 136.91475680921872 132.99336261874566 118.71929869942511 137.94856639910302 139.75862277330651 137.91812615359808 139.61854015283086 135.67585236863462 138.59433776979097 140.65063322109273 142.18897005224255 134.78124779377373 136.82695979250082 135.86979130087036 137.91282700442758 130.20413709752501 134.13176528549326 141.733248292116 145.0613840655131 135.5808685754821 134.9353003718129 134.5285486922603 132.96205777824659 131.02813594331124 129.48045536389279 144.85376588997548 139.63984617626647 131.43437618453058 133.48230256337251 136.55091278321063 131.9919707237998 132.03262380424775 143.50726842646182 144.94346745242242 143.85707616031246 163.42775272757072 131.91716657699345 135.30539061942241 142.844651183975 145.82234633453854 154.73670391473325 151.06343618913652 159.18964500806561 140.65648182648755 130.324496361765 131.16872926039721 154.43616817765943 155.71728578967745 149.15804039856195 157.88115402363965 159.24259431293351 141.57158439940338 132.99174403778406 155.21864027716549 155.773952195904 158.62430147300449 153.94348474237697 148.97488507799406 118.64455461273621 160.29526674897917 161.03793557089128 130.23738224600527 163.29397216860735 159.3701460752346 156.61559598603017 158.90185970077818 159.98375119810507 156.3245367363252 153.69803952879198 157.4624924604401 157.07804128032708 160.1346729513327 155.55687274207457 158.27128907149299 159.01323445080351 157.37481493501878 161.54250115845133 160.45678435729099 158.33371237320355 159.69796290928858 159.16635993854979 160.71189221971008 157.86628778653591 156.27419434227724 164.4522160322868 163.12143709066018 161.26419675102917 161.29995500288956 160.26239722780142 159.91401431642402 161.22260998759447 163.78700969895607 162.57985338817434 162.34971822681791 161.26714164911081 162.90390911289225 161.78082190154538 160.97360148065565 165.60034025790372 165.13722765042246 163.30711270568094 163.12304296063044 162.36811077403061 163.58730825443683 162.38211953271929 165.89423416246777 160.09740443105633 166.30160131719296 164.4975450021287 164.19813588310922 163.5315941646642 166.34082314711932 164.71782505311191 165.45084998999164 158.61684766796986 167.39861155421448 165.55605655822583 165.23848140836503 164.11554719458908 166.28313660033118 165.94324151326853 164.82289149894984 166.62708192073561
