# Created by Octave 5.2.0, Fri Apr 02 16:02:48 2021 CEST <br1@br1>
# name: ptcls
# type: scalar struct
# ndims: 2
 1 1
# length: 2
# name: x
# type: matrix
# rows: 2
# columns: 320
 121.76542714284327 115.68696439086472 114.35342534649145 114.86656284430909 118.27371782354469 119.48558286369384 115.13379724083245 117.67885873556321 122.45666944428278 118.93095986063706 119.50340006119212 116.7187317481963 119.72792027953074 120.75324071380639 120.30796075989129 122.14402242248873 123.82992607841514 122.74406002225571 120.05212670907457 118.44632151425807 119.35600435344281 125.44222957257243 121.93300798519947 126.5500073604494 125.52273908368581 123.28164530529585 125.42417707146309 124.01192038911726 125.22995383076059 128.24883353600825 126.37496407615248 127.88343649589453 126.32739935037652 124.9151369010961 126.34988961660608 125.3227078650382 126.11644317604666 129.11991879318035 128.81633079085034 129.48794545640658 127.37618610973544 126.58215263976932 127.57395667042363 127.38833584005081 127.23169423839342 129.43039660792346 130.40584102468299 131.20339309442312 130.38824504724855 128.55176229260891 128.57984758504855 128.49488277280824 130.7370323119724 129.47219334089039 132.00316391898576 133.91163948629827 131.52524017332587 131.98027032741999 134.60721656429789 132.68056423917056 132.52320268410097 133.75477985489195 133.27996212333369 134.46020878534145 108.0685334884901 107.31430163353517 106.62269371637034 104.90689083858481 105.5851382425965 104.96770259285981 105.42204688971439 101.9902389562709 108.52394470064816 107.8155553493954 107.56802967305013 106.53706961797127 106.85856017734191 106.1087544111125 106.47062537516015 105.81344158818843 109.2215794651292 109.21806258355977 108.61678240467627 107.71104350906307 107.96868769093471 107.26811766664123 107.8237718665782 106.85570446632141 109.88294984916028 110.37157707175594 109.70580059121436 108.83724937498734 109.08722070818796 108.56882754464834 108.90021612678186 108.07869084477471 111.34479233815438 112.4485702703372 110.9176960847483 109.88690037471237 110.11795175842275 109.55938034748338 109.93095254779554 109.23118833343003 113.12419770336365 112.5388522353968 112.67970748860697 111.06804737338392 111.61133264141823 110.63158035055952 111.13886864789518 110.10918718167706 113.78841115700396 113.58877707326445 113.81009861577212 112.32787723117801 112.84191687498675 112.08138978026317 112.23704391687934 111.64170324751065 115.3322047783083 114.87205925748636 115.02593232514121 113.71319399737634 113.45642036375867 113.15312435878003 113.37121196146509 112.60190930902885 114.40689025525673 115.41546022350279 116.15116198054383 114.88705900627863 114.85765497679685 113.99614814645997 114.08065311246226 113.55377826814555 113.68710991860088 114.32275188402369 115.17073591338581 116.60775326964307 117.74632708905526 115.12396766348456 114.32968813865202 114.87007154469008 116.23805877191194 115.18418550197732 115.57558885705996 115.94818031356553 117.12330567562464 116.072567377391 115.24102523103157 112.48222929456331 116.72328889356243 116.64573296115508 117.71854676829035 116.49535178362449 116.5027010310145 118.41730432658551 120.1526092144837 120.47351070649638 117.76215031588578 117.76012626929923 118.63018365850535 119.05889822888014 120.03039074599813 117.88501663033453 120.31451390790345 120.9818703024188 119.21686403903061 118.81634955421765 120.00349290445165 120.07923665709254 120.94377535618968 121.03199623714907 122.3009053260854 121.3535310381007 122.48447167503453 119.89561163696028 121.01686281307252 121.046388128028 123.3094602300055 121.95014527022205 123.26230932279374 122.20006911615333 122.99980374451151 124.7583558870882 125.80573238221592 122.17020916494545 125.61949898228836 123.26916004290959 124.45572353133964 124.19311546922566 126.87002016159799 126.70998789228696 127.1719798433631 125.53159286029569 127.69513096060182 125.99179035849605 126.8492187161916 126.59204069869462 128.4808270153159 127.54669601045049 127.53326055249023 126.67896287423197 128.7585880776885 127.35276620270119 127.68485168891566 127.26732492144721 129.58400414441505 128.28814722680499 128.62660107720086 129.93263079944666 128.77399580295599 128.80892418054736 128.43238938809233 129.18313835363568 130.56628257719731 129.79141208898719 130.86229045535208 130.95915172688902 130.26866211578366 131.10635687313851 129.03292892846764 129.76356972801412 129.73564703006014 130.71137115071298 132.19795392097618 131.53685400740338 132.22900415003605 131.30400612068632 132.240451780787 131.22387292526599 131.82627923060954 133.07023939441319 132.30567143336697 132.04528305297012 132.33746229723988 134.75487187899395 132.61905185643164 135.93172319806189 133.15557467023305 134.44811215617028 132.51168463207947 133.6058895827509 134.99372673840023 134.22294321825211 135.64008064499728 134.99249767765562 133.38222578325428 133.62125923413527 134.40698539010558 135.48199809596287 135.84409685568997 135.34444317811008 134.81313922338043 135.22582980477469 136.87055413348475 135.66226427540974 135.75310027897476 136.60752596920017 136.94400304900378 136.1012474001738 137.29666280104001 137.5069813241478 137.61907753995604 137.80341413767363 136.73467865319614 136.74401763345065 137.76516201393682 136.38926190311236 137.16803520978146 139.40268942809058 138.24974224399779 137.55335763818087 137.5945455288209 138.0354243198137 139.20804528521913 138.33242311661635 139.06112334404301 138.32244395210918 139.37238243264829 138.96143273169449 138.74315462780842 139.86608923633204 140.45724963285915 139.78940720350002 140.14608061305816 139.2000119114507 140.08692907543855 139.92291241384711 140.5295748444432 141.06086442299903 141.66100668324219 141.01859222906032 141.1797875356902 140.56421436350232 141.41531342830032 141.12231000678651 141.68552909896803 142.33589193736802 142.65383268719378 141.9498024478419 142.27882063376683 141.67857145121619 142.40186955003236 142.27149509368206 142.69041436298352 143.34422850444219 143.71998402677755 143.02477854923811 143.43169610792449 142.79432308883693 143.38873094277727 143.31328343824558 143.51229392170063 144.46016406568222 144.8187176660303 144.26131254236839 144.73899657542026 143.99113694494099
