# Created by Octave 5.2.0, Fri Apr 02 16:05:48 2021 CEST <br1@br1>
# name: ptcls
# type: scalar struct
# ndims: 2
 1 1
# length: 2
# name: x
# type: matrix
# rows: 2
# columns: 320
 140.50298383843096 94.815836391368123 93.668377711317319 80.026257063420431 97.387627035655143 109.5128239385744 70.079868600968894 85.448769940216664 101.82999573924768 110.51808072311987 99.166718390947821 94.752493757053827 108.38237440753539 109.10818137411842 108.41244779961262 109.90917322177675 98.138412883463815 105.3846578695461 97.67044139193284 98.57598346235784 99.687734948724653 145.54910977375582 108.57140665695511 145.32230163609387 141.31458715731171 126.03822548448233 143.41447251042192 141.10995234902094 147.96600409355429 147.67449500661306 141.02686735071822 148.3039958281808 140.04139479839168 119.23093092073641 147.03712618188723 143.82475640053923 144.55963982981189 146.49127750861774 147.24341056326142 148.8434702440004 146.65644997189796 146.86178305026453 140.47427309864716 147.08868465389503 142.86663224116148 148.34778448087607 158.19941686877689 157.18806190099434 144.54978533866353 142.39288161229211 138.91018844682586 145.91554440181216 145.58941063946165 144.07433879694997 158.00591149283224 159.10639824001777 145.05714978350068 150.36057420124709 160.38955025704703 158.14774008091183 157.07377558998766 158.84540429089577 159.19872328484084 157.71656097027827 83.247062031414359 84.108790381995135 83.501685150179753 69.267210261096665 84.183525405613537 82.710684897659732 81.709399895519027 31.067103412219733 86.461627433736254 87.390377424590383 85.419308983660372 84.214219983630784 86.422771250102713 85.382820571618737 85.541892890994234 81.747071832411507 93.018852973143325 90.835180884932853 89.675389366481269 86.477666884137861 87.445116614746226 86.687400948544493 87.620675892791226 85.650457055349307 92.824368412331665 91.864918125566106 90.799869132256788 88.490294384714076 88.611255290784555 87.357952031443176 87.511082291193944 86.528420683897437 105.99599789141861 95.50188785584858 91.780883180100403 89.650002443931015 88.665290219066605 88.425623523844266 88.367483809840408 90.646898939177973 95.782588689840495 95.692781689649351 95.146759031854884 89.617751886061043 90.63975781068234 89.742207056965896 89.437740357162383 91.895459019092698 93.954800822352638 95.947295939811895 98.677427293151737 92.750971879597941 90.628411742124612 92.774842313491845 104.34640159577631 90.766159317557978 95.323651837680103 96.260394016035193 96.889651082037361 93.909094905337298 91.709365779870424 91.646514667185215 93.059352951387112 94.380642789850071 111.70864773733828 96.890299828881425 94.811124754086549 97.454015857588857 92.599409570138448 91.543058423528223 94.413393918481489 70.701048829297875 92.101694089488504 90.865339686565918 94.758654446783453 103.15749616639046 98.025532501951844 93.868051844429189 92.432514400466133 68.606661668843287 127.85820183200002 107.76122253368621 76.567725707745012 95.922824876916465 96.740015024877749 98.575816473466546 93.453067779391517 71.929592496425954 111.81746614498915 109.53174455788862 111.82302661872609 91.694773975395265 95.639830553229388 96.503136547035155 105.41964282055226 98.633043277640397 109.80458168560504 109.28967536785215 110.59243710103856 108.14783212501686 106.47177949922701 96.271373899351445 100.80499309853053 102.4181357583319 110.86192999134695 108.44402100820166 107.39556341359352 106.56891261171089 97.448244264462048 99.171428662299789 103.41688292873725 103.46712971357137 117.84110560328992 107.50930223381351 104.95772773590321 105.67881585399334 105.74142110771896 106.16279767792847 109.16419431015142 104.72455472239011 116.84943632265011 152.40701862218799 135.69425863798725 102.83289934134362 138.23896652633496 101.37278101590904 101.23133604067661 104.36798615702034 138.98011076219606 136.86632721045731 146.23712930383499 138.7476666992163 137.25865676397649 137.17732180702788 132.55752709180081 118.47595396375281 137.99872449605789 140.1360791168639 137.56834264057207 139.50616562479095 136.27867234568166 138.96896851499011 140.82834304749557 142.27743299003302 134.63836711091514 136.74709541066562 135.713190091173 138.17628106330741 130.35918843638439 133.98437680796064 141.75917802660143 145.22054296504425 135.6439084848237 134.78992103105307 134.48379718278045 132.92701774690346 131.35650716551444 129.40846688565705 144.90047334408885 139.60594422977823 131.24984227141576 133.56094048381115 136.48994263393573 132.09605297047716 132.45393703619231 143.80092103794186 145.13907208198432 144.07767992751494 163.88231606225182 131.46502295279788 135.38377626184089 142.98793597807946 146.10655431631125 154.84021329854886 151.38421669003915 159.3044314752203 140.66389815403122 130.31362209910318 131.16920731095547 154.79032564379969 156.34308337709626 149.31693090017913 158.26844060494682 159.2759569615055 141.7636537382582 133.36786357768059 155.55032292147854 156.06444704322226 158.6640020072999 154.33332013722168 149.37942384764673 118.41663315882101 160.80021482054175 161.21259266122979 129.81736492577204 163.77398164404997 159.65402293940039 157.01008245625204 159.35424925007993 160.34576024290516 156.6055547933083 153.87437431148288 157.57108060769409 157.8286723323327 160.73411366293089 155.55912641924573 158.561158920656 159.2033715914404 157.61699807512608 161.90030198613042 160.81549152123534 158.54793010746096 160.03731427842064 159.40151899584467 161.12271983107354 158.28960054791418 156.80953059405189 164.80459191439016 163.49780975217584 161.73063640530142 161.40739419468349 160.31455457708145 160.20678301646063 161.37311940430476 164.46624225388217 162.72863895437615 162.34033208236812 161.44727503098599 163.38036792205193 162.14138199978927 161.41629286670695 165.72700201049906 165.60975443766304 163.87225516997114 163.12924031624615 162.5462598077857 163.89730600513627 162.8512916755445 166.25391802575712 160.10012706312597 166.84272318662599 164.93845041776504 164.20696281256716 163.7491505956302 166.57597837176823 164.99714470861414 165.74931507586706 158.83276378903577 167.77463824210585 166.05562575518718 165.61334135044893 164.73872289084551 166.91128756487467 166.21899386303485 165.01637606281085 166.88059494460435
