# Created by Octave 5.2.0, Fri Apr 02 16:06:16 2021 CEST <br1@br1>
# name: ptcls
# type: scalar struct
# ndims: 2
 1 1
# length: 2
# name: x
# type: matrix
# rows: 2
# columns: 320
 150.27812845851167 91.407805873930499 90.880219879105539 74.830493738827059 93.692966178091893 108.30591897941923 63.708179786687992 80.642086683042351 90.478390514607355 109.1262375586671 97.527918911745672 91.809470701034087 106.75176265942491 107.66973614714192 107.90569798672868 109.26203604291713 83.86996287780147 100.27628641689529 93.931012027550466 95.302444334556469 96.282795050168716 147.25390582030326 107.15479530183183 149.34713102997756 143.65757738380799 126.45542895194336 145.30073983039892 143.59882032333036 151.54759037474423 151.16623456951609 141.19538111487438 149.88252923477881 141.63477828945426 120.3533912039737 149.17062172124108 146.41757382483166 147.26696695285244 150.48635321024958 149.52966523606941 150.95913183439805 148.13473220859376 148.97151188052464 142.61646745890587 149.71962681857528 144.69594795360959 152.34252506359203 162.17659246210832 161.12425072311834 146.43556224512318 144.67756892674922 139.8943681464028 148.22275016612838 148.90554036931664 145.84303086364497 162.21637146746903 163.35168946090286 147.71349058946421 156.20150151939637 163.80396631276321 161.84987375279962 161.12826885695736 161.57425131423659 163.29722525296921 161.43583311527777 80.106701764628511 81.21913902855465 80.538502537462392 63.645020249834573 81.838672404604907 79.85245418568509 79.270788042338367 20.488737432767902 83.444389621688913 83.569993425853482 82.407251778657894 81.305222850853809 83.641225085882056 82.491762957859308 83.053488766995812 78.754476574220675 89.701074624403958 87.615052448762199 86.656864709836398 83.452049925756597 84.5915320202879 83.498325455685702 84.417783407347514 82.369765576823028 89.959212541020818 88.512507512084724 87.530468628701627 85.564417195903232 85.456876598545094 84.412509462437114 84.780196256148244 83.756302721450155 108.71195200273259 92.879125349661962 88.742531054606729 86.372689464738357 85.217413090411711 84.920276112708777 85.958345090917405 87.956202683506703 92.821448391385061 93.223084681035672 91.824531291285183 86.301699917375871 87.242057973049569 86.95097326897401 85.822998570967954 89.007171539930255 90.749944260912343 92.944663164187048 94.536447310468759 89.669639668757952 87.532532827350622 90.141435825426171 102.18521089500845 86.946304297762552 91.424354188720585 93.86722866881226 93.992980613125837 90.924726681580168 88.440904743117684 88.006087345863861 89.528605762134362 91.094307380743217 113.11538480279896 94.133584178988443 90.849575307234858 92.643487826893576 89.379129409428586 88.373880123292267 91.777277394059311 64.767277694633563 88.820151551148584 88.321754548842577 92.303903630711247 101.08258083716528 95.172489887865268 90.686903094514648 89.264610030033694 61.694195152562372 132.27230767519586 107.75731448406232 69.296204520043943 92.972878345459748 93.351968816473942 96.217457632331644 90.201103337255461 65.086426477846871 131.87410857853794 115.68196858274403 118.80461694834764 87.666295294289185 92.681542725596998 92.463857647019125 104.07520870169255 85.145001912426508 112.25650663536334 114.46173477798226 131.07771700533957 110.45334020454636 99.661854807437024 91.745544871928999 90.845671685554606 94.867384690185304 112.99513530377102 111.92976463501735 111.22824314456263 98.294283095942006 83.775884794696836 84.224800847305076 100.50201452925404 93.9069090832065 117.42441163464059 109.48442636168832 106.41651223813736 97.456964010892051 102.43253987026235 107.43032066442927 113.21826568500541 106.20524928413543 108.38486193196404 156.60097862248932 135.55869101462324 96.588843933477747 138.87168013514648 91.490604035224464 89.627912586471766 96.434453327596771 138.31584030876556 137.4818452932729 151.80925589980484 140.80139069105007 138.82915165069858 139.8427919969792 132.25409741110033 122.57076574221611 137.24270155324294 138.4111324669723 138.67800656849104 140.89687999137573 138.0571802510938 139.43199110403825 142.76044532139022 144.218371155315 134.56566224910623 136.60084142040137 135.93399694149889 139.69409100166322 133.2050396479205 133.67562739541555 143.67236062278096 147.96958020820901 136.52764944797337 134.80462719059321 135.47911028911452 133.24285393883412 133.59521799595475 131.1049879433362 147.43088930483816 141.57001089841711 129.21996922715275 134.47788754884556 137.73509795484725 132.62062476541186 134.4379184167054 146.95302210865944 147.87857416926192 145.8408864489293 168.88251274374389 132.42986556368768 136.92598430705519 145.11085934634167 148.44222529580443 158.22373952057748 154.91280219996807 163.00106954358395 141.69546218390482 124.79621042846662 132.91944443786298 159.30398084928837 159.9311098579621 151.0647264179681 160.56366593857433 162.2290289067389 142.92643203876762 134.89564655980084 159.36044880527558 160.41158542107289 161.45256464444776 158.15149184070088 151.04045755154223 115.90949716575381 165.30896051044806 164.17950375223688 125.19717440320653 167.49840143947029 163.07786736476442 159.3549293097289 162.56480697403214 164.25558663721327 160.3913709825506 155.81405692108279 158.31510116324503 162.2777631130385 163.54320922907795 158.77218666725196 162.35017214154536 163.16387765161934 161.35610631543494 165.20373625483015 164.25200901966329 161.51953939570251 164.11626229585693 163.45054385067229 164.20249641269578 160.09927069604552 161.24148077906059 168.39574445520867 166.34604700236378 165.35196401598989 164.6264748535051 164.52727349122503 163.59192815149692 164.92175046182325 166.35762814937775 165.63334235725952 165.55151571270224 164.95105254553042 166.35260346875208 165.24416211787724 165.40217483991538 170.23986454867753 167.4585042844796 167.27005659914818 166.68295103155225 166.04690469609278 166.97584939508778 166.02746346310624 169.6976747954061 164.23425200126744 170.0153530232229 168.30614178224863 167.77204573804613 167.24955102778307 169.54656774951275 167.9578914588179 168.55197601193055 161.20784112076069 170.47947417204193 169.16214463355399 168.83614730067384 167.35803271320762 169.49603478426963 169.36048386889848 168.23004838774787 170.55283214584864
