# Created by Octave 5.2.0, Fri Apr 02 16:06:40 2021 CEST <br1@br1>
# name: ptcls
# type: scalar struct
# ndims: 2
 1 1
# length: 2
# name: x
# type: matrix
# rows: 2
# columns: 320
 158.93379496423415 88.387051551656242 87.683555585804257 70.225158064755661 91.642693262631553 107.54657294367138 57.976648865121064 76.381617432365118 80.073235779559525 108.91221520442623 93.963662022218188 89.120836839145554 105.30644770087244 106.4106264303889 107.82616524503317 109.37971247360962 71.620049474590957 94.631601116743411 91.246324433687775 91.597711681210242 92.728471527630049 149.44083691915847 106.70515945220407 150.85538468240836 145.10303184073672 126.8448476721517 146.89340593351218 145.80486239146825 153.16392367658747 152.76994952270792 141.34474558764916 152.41710989319782 145.50857170566888 122.21549081050983 151.09463842875044 148.00619308022621 148.98601840383361 151.97003230588467 152.35492278535264 150.64111686150727 150.68262664534856 151.53808453097957 144.7080051425682 151.49292291381036 146.30078201314211 155.64995757496425 165.068348207138 164.34119171016468 149.23313443382096 145.92050827866024 140.88209142404236 150.05630004207435 152.11658496972262 148.20940202368274 164.94354699304927 166.06545358816905 150.33265910863582 161.23404859780916 167.08769683123728 166.16763747839869 163.88230654802413 164.64180075865025 166.95730808684101 163.87823839963096 77.551406749200311 78.611220402370449 77.542434112309621 58.661715467124992 79.234819317443865 78.223856779038968 76.484410765221966 11.112458496435597 80.56799146499813 79.42889477838682 79.763849551335127 78.656997225329931 81.251262616021151 79.595664832359205 80.213327374479732 77.274637752472714 87.689414507182065 85.53828857582279 83.43127043806895 80.795107801979071 81.091515656860238 81.171943531107246 82.224228598554959 81.08357531468674 87.880349276869282 86.569381913945918 84.326155070329548 81.757566524804602 82.436175671948291 81.987766509378844 82.153012764514699 82.60479709148531 108.92608440573326 89.62063858103761 86.774949245078957 83.22603924596207 83.016462577571332 83.101580311757843 83.277821237380806 85.034440521338269 88.780666947602157 90.670782954633793 89.325788435950599 83.463032708870543 84.136325505863027 84.250517302152545 83.232511281756317 85.401085331106728 88.284216600625228 90.18005299214694 92.426785975271486 87.184874164081378 84.525549289271524 86.673948861275278 100.26961004660058 84.05108501320629 89.14089720030924 90.650202069240308 90.834855195246945 88.753888659615626 85.867006898276912 84.920593491281991 85.910727690945606 87.686015857525291 114.36226538354819 90.514132214843031 87.530265746641803 90.22902445085569 86.484283969982059 85.312145731423186 88.358739700322403 59.274283734390501 84.725888643181378 85.862534669950506 90.836359537181522 99.613491165050959 92.392404312508376 88.220219756339119 86.03486999121921 55.567236194949743 134.06513676330928 112.3606981948647 62.850992558217996 90.049842982463204 89.323299695579379 92.552422701912292 87.117072913353937 59.338305615714951 152.06013252708584 120.79231714824763 124.69067077459842 85.485899719112297 91.509544602512378 89.402340328140838 104.62708242309749 72.794195518516631 114.41618437659069 119.51632548920087 129.26772704387224 114.60614153055567 91.376806167744746 89.305488872294887 81.164966327369456 89.399164504357515 113.8989673971632 115.617382966032 115.68616411332901 90.746369680750519 71.79278663955499 70.870829935350514 98.16248766619313 88.199429803855153 116.80215744514365 109.18278136540063 106.94254897963778 90.086341950481426 99.528058015443165 107.94116480829501 115.3365005182556 102.93510292206658 98.086775111122066 160.31835225912005 134.77978084949004 90.217886804461202 144.34107527658196 80.457307504397264 81.218506816833354 89.144305320499797 137.00011572376013 138.3255419911182 156.7481862916872 143.47619477904141 143.25994195605281 142.4146062760465 127.9659604076603 127.99170950209316 134.70930004354037 136.0247944382422 142.27842992802817 144.97207486279541 141.97137151192254 143.62228221025018 146.69615656803467 145.8331159625138 135.92803932952998 134.33702283498482 137.69636871935762 141.56242743542305 140.63697561393013 132.3457804285193 145.80572819019994 151.05881733481752 139.01463573512817 131.75389060272866 139.31882595450787 132.98042201617892 134.90288723453349 124.85836876446005 149.60736246321599 144.75655143615168 127.42076357428326 135.840384424268 140.398436576053 131.32945571459493 152.7796950588511 149.84310640119497 150.45873890490375 147.5477221359464 173.31450525688459 133.33815057339876 139.93210133658903 146.48538463178397 151.45766928472048 160.75789462484542 158.0404120837687 166.49400609295367 142.92864793080517 117.18265520979324 130.54466767604973 162.05217217018659 162.6667436954757 152.6139088087356 163.65161518283421 164.8132355929009 143.63823153925284 134.91588717635295 161.78768368204916 162.79260506343766 163.08500188078924 160.96697041629272 150.6944905963106 113.6872629900806 167.50986157860322 168.60475301261854 121.10200553093256 169.41059682274505 165.02630288344517 162.53464329559145 164.8776536997587 167.01224806175571 162.3986717322968 157.53332105231908 159.31997863135203 165.15976352313876 166.16434800617327 161.60922560595151 163.91643846217428 165.99137872546268 164.01977438286772 167.93166396072084 167.2069486328401 164.22174137792885 166.08888859363793 165.90900929195814 167.62454413872427 162.78684288410068 163.76109614833675 172.72359935296205 169.03446866244781 168.20739142173448 167.2687685251851 168.26566193637569 165.93854931023691 166.9614028580076 170.10635908702815 169.25174255432702 169.66744308916665 168.68568701112628 169.35968150270813 168.41076736146209 168.11126054611057 173.63268744450346 170.92119272041415 170.86120431381011 170.63302983897256 169.46183029070693 169.12113584105458 167.90285980477393 172.90388706837766 167.05481145637128 173.7191340209294 171.92279898879235 171.67551424773902 171.48981409583109 173.93387257094659 170.22136643137222 171.16621385736948 163.31302330115324 173.79381893919617 172.73210529102727 172.57553146123234 170.25201055647878 173.92231251732125 173.51208436986718 172.34973240288502 174.0081470698222
