# Created by Octave 5.2.0, Fri Apr 02 16:07:10 2021 CEST <br1@br1>
# name: ptcls
# type: scalar struct
# ndims: 2
 1 1
# length: 2
# name: x
# type: matrix
# rows: 2
# columns: 320
 170.0940826907318 84.436834360989906 84.257456867219773 64.202796029431525 88.036277288759734 105.76563153489792 50.877779821364825 70.810234566094891 68.79182288926151 114.17046101643564 90.06617901509712 84.793841774848687 103.41642044738074 107.27115663955509 106.961404737812 109.39362373868177 55.498558276738763 83.202738587529552 86.292913903312808 87.17823671808037 89.163849849258909 152.25266821024672 106.72293337382483 153.45851987009883 147.95402460515155 134.86580480443803 150.01777284932379 148.6896866344178 155.90025414837226 154.42619608842622 141.54006835973925 152.65533958525893 149.02789137314159 124.65054414213401 153.956857423543 150.23845631904453 150.86559517075725 154.89014126259784 154.92995414419562 152.89169403032463 153.33831859824329 155.7511673425212 147.91946537717877 153.84365526296028 149.4037034397071 159.97506162829714 169.47888627702858 166.91121753688449 151.86615013244469 149.03470983255713 142.3159520382431 152.9063530592129 155.40916712357065 151.09602527270732 169.88287747672766 170.91614545187258 153.52212353023995 167.80687764700778 171.12449888709787 172.51420669089384 168.29277034430282 169.90740915341863 170.0350831488559 167.82635042761385 73.752834057094361 75.14357872671448 74.73427750118725 52.145086135889386 76.185300440505245 75.635351319363707 73.64346483990893 1.1488293433835999 76.916098796415696 75.886834882991863 76.593005650639668 74.566514802933312 77.858616703026016 76.268387231902409 76.811789393585173 74.985178641392082 83.585466858957233 81.270861019920289 79.334393078871827 77.405323291431131 77.763667906237032 77.416799940126694 79.291858957858466 76.774544485637307 84.489297317193191 82.367307392516835 80.485711202332737 78.813911972090324 78.750408205125979 78.551982745082782 78.594604131022606 79.070413063882214 107.78196602800435 82.546480303368483 83.120655932568837 80.151311595581433 79.572504515728994 79.64219091817607 80.328366261575809 80.030042252450158 86.998612549447486 87.936143703505763 85.282310623857001 79.860825647281288 80.824336773478194 80.987941098796497 79.76060863728911 82.108583594367332 84.156946748907757 85.808726893467394 87.316398319777207 83.282128170444281 80.954846511980932 83.534456600644631 97.764593552528737 80.471131592260136 83.361155779358398 88.981420828011025 85.829056285359911 85.34145523765423 82.077159113195421 81.387085952756749 81.582007413862073 83.082297618602894 115.99280152760488 86.067793944098611 84.982804324918675 86.782584210331436 82.875974039007957 81.89153391097129 84.739895621293286 51.884015194709811 80.972663109439594 81.633096543358519 87.583475837660743 98.939887673618813 88.126140601764689 84.35280630389056 82.460271090038134 47.555059096533228 130.06171113000548 117.6782442819123 54.422638454291757 86.958213616975655 85.874110817598478 88.245624475692239 83.680948380906329 51.632444918612322 178.45462681111638 125.44253548405987 132.28824226803147 82.047337829090566 86.959074615366134 87.652396639224264 105.34876344339627 55.988725491524782 117.84886581830945 121.06077439658553 118.93417661897337 114.50845960861295 81.579073886173177 84.393689633407973 66.753420556498583 80.338485467047562 116.55658954501141 120.07389267405514 122.01817175308982 82.502252395167488 56.027645650027011 54.259669788823508 95.116036129742582 80.02291384209957 115.97141551033228 106.98119412260026 101.67375772757197 80.69775690056855 98.441695691338609 113.83952042164609 118.10649991558279 96.460284841730228 88.327139820103667 165.31938270872558 135.73205978951827 81.082493051559268 152.88869522680528 67.764543993140265 67.913130950804046 80.363746870571248 136.17987706395297 141.30446723002126 166.59276457082345 154.38328957994142 153.43626289236755 146.94335104828522 120.93121866916516 127.568918689919 135.00800230919549 136.63402912016477 146.65038881849043 152.80812737185857 151.93480391663658 147.45665609383613 149.44949359695445 150.05908727894825 132.95327244872303 131.17720556711069 147.33473881710509 145.79996429203305 147.58316809779231 127.51701332336432 147.81330395737953 154.56960316625407 146.22860472468793 127.91825430576833 147.21080141346249 129.43217734714077 132.15671669518977 118.76451729110831 152.37580620404864 148.35456652293897 124.73004513036258 133.33608405704231 146.60184018337338 126.72129745741111 178.42771999760168 152.70369549724231 153.9286113771488 149.61493528874703 179.11018777406858 126.83566796779358 146.29791399802573 148.93707534077254 154.37880801506293 164.57478975157485 162.15736876444714 170.14764130920531 144.63741403540746 107.32604343395815 128.95103923998258 165.58548995969323 166.90522620807465 154.63976270435464 167.95211923736471 169.19543435642728 144.4729197177989 134.08642884830203 165.52717583262643 166.9234965135532 166.81833277684882 164.72953892396148 151.62963420019202 110.78126445266179 172.74496103478538 172.03461937067704 115.7467846979589 174.28619760329465 169.30146627679315 167.91635449609146 168.77970300435231 171.47302546394104 165.11745591261513 159.78158953162807 160.63404916656887 169.06399841533022 170.1680622672236 165.78858257422999 167.19603824863583 171.22782428461073 168.1741432167241 172.95640348887397 170.47951658438282 168.18438757028787 169.33906501089558 170.046037048145 171.12735558976357 166.80169614220404 167.75440053191903 177.16347411627154 173.67794125304292 172.60606982677626 171.23244783267094 172.19164465697577 170.65486318260187 170.99306559734634 175.29486304542323 173.59445162992063 173.26116690144258 172.04431078063476 172.8807360125239 172.04091907196604 173.36678316295115 177.05330382668706 174.61212560412383 174.36664352879896 173.98205421763845 172.90115412740934 172.61670948280076 171.79137909045195 175.92789728504164 172.14243567172352 177.9957329147955 175.5731609575675 175.06374600502144 174.73795393272422 178.37087010585179 174.24818362645613 174.10068703343811 166.06595384474349 176.97305629935605 176.24204917229181 175.87185544530868 173.62638029688674 176.82706833755992 176.29485481675172 175.35346131002768 177.33289897902188
