# Created by Octave 5.2.0, Fri Apr 02 16:02:42 2021 CEST <br1@br1>
# name: ptcls
# type: scalar struct
# ndims: 2
 1 1
# length: 2
# name: x
# type: matrix
# rows: 2
# columns: 320
 121.56426247544805 116.5180719717992 115.67558698838333 115.93014010803411 118.21539687538693 120.28781407204956 116.00965584110418 118.75422638407598 122.11978732660936 119.60300851177287 120.08056841896641 117.53569154459699 119.88379612277684 121.35499275369349 120.861585575332 121.89531024331988 123.78533441050497 122.56899423964926 120.95285645233429 118.86130023849041 120.01639186661683 124.87570827371832 122.4769922447138 125.55062373054815 125.12699945088993 123.45524109862954 124.64572449329387 123.27036596221707 124.62215132429503 127.40129745393715 125.9593152053024 126.60450211493976 125.91221972899302 124.75083230124609 125.98812075589203 124.87014813227306 125.7315209842033 128.65189296835055 127.79802533673633 127.86489253773726 126.9502630282513 126.67613051884341 127.60823931403463 127.04870732873033 126.79283011835361 128.50187229167156 129.61128537684519 130.89724395466641 130.10891850538519 128.67550528220633 128.66509187705074 127.87918818872043 130.62573133766293 129.19298801970223 130.68424874785205 132.66475781480597 131.11283541115174 131.63983086211957 133.53009695481325 132.41365529077123 131.55180843451387 132.64410110253135 131.77838086348206 133.4765436682103 107.82883920188284 107.7122759488781 107.51854930065441 105.94714239984722 106.36799651762638 105.68581062395297 106.25827459733134 104.15399563388573 108.73939813252748 108.6329243029603 108.44955629729888 107.22472902278172 107.40870860813131 106.84833414986785 107.32029467743033 106.63835582647972 109.43125704906275 109.59879687830926 109.70482956876883 108.40996520747282 108.60406103227228 108.03881034771449 108.68832284722728 107.90961286578704 110.42468125730821 110.70634303286486 110.54146193241689 109.40634634855124 109.68376368047915 109.27505141111551 109.67685799048176 109.06647601086912 111.72034825333442 112.80472549480918 111.5269988008346 110.24860775553594 110.9885661577875 110.28225552187718 110.78482094924489 110.12257848083216 112.68814802471518 112.84942344291464 113.27758588966095 111.36649936421539 112.49478349110592 111.41597626674773 111.8905557108876 111.2239185128346 114.04118492327643 113.78143423650019 114.30334406321792 113.22751495525358 113.52743649493686 112.59021379094965 112.99154060436334 112.28636617240771 115.2794404607716 114.90604544178174 115.40396699556094 114.10252601499829 114.35664065583779 113.96078764997907 114.49034349496924 113.34609925827644 114.66164070359324 115.95021617334594 116.53139304951509 115.18622026617071 115.65430417207358 114.63817627895413 115.09168240178887 114.95611151251308 114.53540003052244 115.39683496885357 115.84663422815439 116.74127087309432 117.80726657132399 115.81965906239878 115.6474934960163 115.75347843246556 116.68495121883205 115.89226119437923 116.5318804588843 116.89462779261487 117.6173980986634 117.0442974802442 116.31335636241342 114.6533580381537 117.78472230657111 117.29681814479493 118.60339894283224 117.20422741005429 117.18771286464788 118.75462614210491 119.57452802821669 120.35393200755773 118.8757411013415 118.82607978899352 119.64482109648105 119.44532819079762 120.29204346095094 118.43865700313361 120.05054854016655 120.98064359096979 119.68974119031893 119.80680336522371 120.71395899696729 120.45873357172817 121.48057992224943 121.02240459359282 121.89109122280752 121.13832936924665 122.49138245514888 121.19467789279528 121.92417156863188 121.52574721532798 123.65303282280738 122.1375853694523 123.78006147006549 122.21884513815667 123.68591243463848 124.40305256037909 125.23361859635861 122.59408357459736 125.4890636783981 123.62337625840404 124.95279522417796 124.19004409752219 126.21535460144968 126.32418033193431 126.41341225055695 125.10634983975933 127.15866452692495 126.07182573281519 126.54359289607724 126.10418218250564 128.48713634741668 127.3262298124253 127.27067817484794 126.247692947888 128.1677984672711 127.12253426675703 127.28452722826452 127.41631406443707 129.58728641808543 128.4853817960433 128.35956626775905 129.39712096549925 128.90387396890713 128.86096673610865 128.39907836043491 128.48139328292132 130.69400675245257 129.48788078972336 130.45264234587628 130.75103710326465 130.20851474322961 130.13377503484432 129.44961575985849 129.52969888464457 129.72914986167584 130.56532729765306 131.77333111592213 131.42653891127637 131.30927909686221 131.2842691395623 132.06799222295979 130.87988014452662 131.51370812414129 132.43232437615421 131.9047031959345 132.32948051708797 132.39365835669398 133.90283086000906 132.22153108502823 133.92508400822823 133.4068966908508 134.29196099634589 132.99664207877564 133.33681109050801 134.08054369141379 133.36346991956094 134.50729837730219 134.26850037669857 133.70587355020129 134.09726701460269 133.88721210661231 135.15062520802522 135.12901681081215 134.6985464885731 133.82604149593394 135.4310624828201 136.03015943995885 135.16594649812811 135.14279516741087 136.00769591395314 136.15249020991746 135.49954588572965 135.76315947002215 135.47563082811214 136.89207225806541 136.78232714405024 136.51337043531305 136.29474755175033 137.28487894068547 135.81286646255057 136.61639389715086 137.73627434759319 137.82083621905826 137.61335966494926 137.1595760268703 137.40196197757456 138.430264437706 137.85071938141471 138.33260496791942 137.41734961477903 138.85490942252227 138.66091178132388 138.16797432469914 139.02593781112375 139.72313723148886 139.02892664743024 139.65243485287323 138.95116312589272 139.72952695354405 139.30689610255851 139.87473148846192 140.26908603639831 140.79275222197978 140.36002170838586 140.81445688184007 140.05524051557205 140.83641687466385 140.46885095050598 140.92200573643899 141.51913129336563 141.88140555545141 141.44881235193625 142.06467087584861 141.00531605225078 141.86422554620418 141.61667105238703 142.01848799746284 142.44483807197764 143.02385349514913 142.56104410521039 143.24949060317113 142.14127329899972 142.90026823693464 142.72306855498479 142.9802827135693 143.51880832498642 144.1566152431835 143.6764743644232 144.66647920123296 143.29593280928444
