# Created by Octave 5.2.0, Fri Apr 02 16:06:02 2021 CEST <br1@br1>
# name: ptcls
# type: scalar struct
# ndims: 2
 1 1
# length: 2
# name: x
# type: matrix
# rows: 2
# columns: 320
 145.39544478861694 93.111821132649311 92.248067413452048 77.428375401123745 95.418246263784511 109.43411149854263 66.822473791649088 83.045428311629507 96.412643408202968 109.83170782813603 98.570758460527358 93.242411754996255 107.56706853348015 108.36977108610469 107.91188957242964 109.03899178482195 91.117806220309177 101.21677053780964 95.033384000566016 97.443307743018181 98.389924461443172 146.05417145054645 108.29725689700963 147.96062754935176 142.25674874069318 126.24682721821284 144.09854506931057 142.35438633617565 150.33733060493913 149.54175089413872 141.1111242327963 149.6764828225763 140.42447296856574 119.28196505145479 148.228015628946 144.78827796530615 146.08753604918294 148.93398201712941 148.07122810899472 150.53897117308 147.14220574199834 147.88811660012112 141.48553819577799 148.71661631737109 144.18674958118561 150.47204911142111 160.28585507829555 159.13348033449844 145.15909952895365 143.3204976986062 138.8752185751103 147.14633087514517 147.33789148138172 145.29619601677155 160.01980224100808 161.05220777035174 146.27243805115722 153.36262880849685 161.84964967881135 159.82327637180157 158.92808430565154 160.09287539895954 160.54829824916749 159.38441725415748 81.315324022519491 82.618329290516556 81.728348644692289 66.456115255465619 82.944001781370872 81.427788207529034 80.649798553302617 25.777920422493818 85.118771663586628 85.92006783660355 83.810303779380462 82.585742628155131 85.030775799156956 83.787316496913533 84.067119414897832 80.238484983001641 91.364165733011845 89.010468573266451 87.951338628856107 84.861131142271887 86.13162534931358 84.977513340476179 86.025970849162846 84.052077586741589 91.842052494644975 90.004570672801464 88.801232780931826 87.112593281996126 87.076914314627558 86.060945238407015 86.172821611584752 85.203229855751218 107.20806283270565 94.299746916645844 90.133702623423048 87.832905188925423 87.034497617988052 86.362914626158826 87.041484601508742 90.052563561328455 95.020321498116303 94.403348967308602 93.421778135414655 87.938310186273625 88.913674510458392 88.111760051977328 87.287793260996352 90.859121162261985 92.236488112207866 94.336717336511541 97.569099857397347 90.989568477501479 88.742829993074736 91.917361697490307 103.26580624539238 88.752908743460083 92.692756801964507 95.570914483691567 95.263370275398344 92.710015480941053 89.68779755561647 89.839948078244078 91.901388202526121 92.89502254012244 112.41201627006862 96.308236248089514 93.093592491402134 94.335077844950661 91.054489483272746 90.095903027812255 93.143475419252539 67.979967326287039 89.268527301637192 90.246237724568275 93.439452686896345 102.12003850177787 96.366242818146617 92.337776808732698 90.833591473906111 65.15042841070283 130.11355321355751 107.75899450224919 72.931965113894478 94.573562080550829 93.927531780192112 97.471316699795494 92.003514071430118 68.333755824994412 121.63911149982259 112.92065848875366 115.58265708033929 90.22023954665957 94.229070629658949 94.417033249455201 104.41254997751621 91.888654456719721 111.21497289910783 111.43961491090923 120.21638966839907 108.595051563536 102.59195552045259 93.502633001244291 96.062296395811202 99.19668143558502 112.12485500047762 109.50735461124991 108.63081229338592 102.83067598139158 89.986621118063496 92.192603381054667 102.09097285927663 98.011967419915507 117.79643780831671 110.82504858561734 104.59913698483781 101.69732392994842 104.46034746620357 106.8576112620776 112.0713648732102 105.62710601330706 113.98529869927573 154.50399862233866 135.60933220241481 100.30625102107885 138.55186766375348 97.130656527737756 95.638456381545794 100.10866911730452 138.46984313352164 137.00283683844037 149.02319260181991 139.94149720285992 137.75361929703953 139.02801467934387 130.81214136591845 119.5017271025655 137.27036761816339 140.17641530666498 138.19904226616254 140.24233513469204 137.56034016507263 139.48394336039286 141.44195026979054 143.08443282794838 135.19855279003082 136.45155049366878 136.17283083781371 138.97718384147245 131.74498468647869 134.04165320652803 142.49295363302548 146.30914804133528 136.06328631600599 134.27105527560397 135.01517167464635 133.05429991632303 132.48084684685483 129.34515319972218 146.20621121090355 140.39961538337278 130.23490574928425 134.14078343644479 136.6444848476489 133.0587285333668 133.59623546454901 145.57220463240637 146.7699640510647 144.48732831243208 166.38241440299785 131.27251017706621 135.2459947175675 143.82221909541187 147.05426778403515 156.70790293349361 153.14850944500361 161.22014865416656 141.13617280636578 129.00044428389424 131.94906770053993 156.9558288636517 157.51908019648562 150.19082865907362 159.59363922989982 160.76528156767603 142.38855025111505 134.37861083375284 157.67003851136801 158.4568583903235 160.4653193195679 155.81649193057686 150.54905213031284 117.16306516228741 163.33343554771506 162.41720032451295 127.50726966448929 165.87460298723616 161.59169011988428 158.8359132989678 160.64679389798147 162.13035225435655 159.2872419108115 154.84421561628284 157.74824720687698 159.91951920941398 161.96576471740389 156.38196191501686 160.78095870206639 160.87945893411558 159.53060743711671 163.61101850485414 162.64631869425821 160.06269750951034 162.41840061188407 160.95112597139749 162.55996819833749 158.51741774786356 158.84922958017793 166.8293168270427 164.70876904236491 163.75152812101393 162.98872064980918 162.37658731596818 161.89594465324427 162.9769694833372 165.89016104289118 164.17714823401769 163.76491225862139 162.96187281946303 164.85096098744651 163.6465075152841 162.97775661423748 168.19478390879559 166.99976966249545 165.49229802432217 164.83786719481083 164.29526930354649 165.56470555908811 164.03210087862473 167.80026132830736 161.97161305102892 168.89158726592231 166.93664622112354 166.3798805294029 165.6160134853117 168.19358812436121 166.71769785878345 167.27721870018476 160.02030245489823 169.07241676024171 167.98336941942111 167.5068312886122 166.18823515957337 168.00958023348144 168.11014513155385 166.965816898377 168.64541323318861
