# Created by Octave 5.2.0, Fri Apr 02 16:04:14 2021 CEST <br1@br1>
# name: ptcls
# type: scalar struct
# ndims: 2
 1 1
# length: 2
# name: x
# type: matrix
# rows: 2
# columns: 320
 126.50016385628572 106.71897515664904 105.25498318923943 98.093343169392838 109.41992790907165 115.32570004983488 93.244969678416297 102.16291853902734 115.70283694039072 115.29149222005289 108.62070384025698 104.20719099535751 112.77473918780485 113.4703141835669 114.22741279119029 114.99186161686566 116.68245159358715 116.90194722125922 108.26757461275398 107.4382663007262 110.50905446780209 136.97103240599745 114.05920887496212 136.28155634345003 133.07189273357397 124.58749524535645 135.43397407027342 132.4554796201723 138.95256097528909 140.15554735176022 135.8345465149294 137.9214669611512 131.83734349395289 122.94687838315367 134.00157312090079 133.77933244779933 134.8198535784812 136.7808005491226 140.72964261531325 141.30783691902127 135.02374707206215 136.24685000508467 133.46226135041812 135.89163543245229 134.79040213212832 139.4728150184599 148.58426932064111 146.49476268735702 136.84680481725098 134.47615857610305 135.58880350846246 135.78770122014319 137.29941278121976 137.28565428598588 148.88834434054775 149.09477956713891 138.74416962842298 137.95230364500168 147.35893593293579 147.44566010027975 146.30034747559543 147.38659526350878 147.71539447611596 147.73760264805838 97.540961803693264 98.238442649602135 96.437215891190093 88.817098254803483 95.308457639239947 94.311362593754765 94.900922285863317 67.850966931681398 99.484749365611492 98.54321379442402 97.476179784685854 96.397311822510389 97.162296798891134 96.011933722643363 95.624877589686292 93.080660116837748 102.00113044325694 99.884197858884789 99.125022436249552 98.234859642152614 98.026711301216693 96.726600734743158 96.401691264028671 95.438419341197502 100.95888272064752 101.16685622078599 100.13432703902683 99.233218974045457 98.974474071435438 97.607492154940005 97.34978453203631 96.225335323565218 105.03266211359799 105.38356974016762 101.96313229125553 100.16170707191601 98.621890035152646 98.470545160093394 99.618182593896492 97.035994910698207 105.82653969604532 108.29954246461192 104.33244200211058 99.815151389790842 101.05989801264096 100.74641958715608 100.77219553224093 101.82877466404889 105.5962678075969 106.46829128990528 112.0531656900104 102.89751460545725 101.03417786371546 102.85936877645358 104.24045456823022 101.88903385533999 106.78086953195168 107.71564187550364 107.40754005362422 103.28318323921441 102.17132731515332 101.81141065369941 102.8898985859972 103.83339709987104 106.98038378951949 107.06793100330789 106.3856802069614 109.71883985614743 103.46488180143427 101.99781221896953 105.01608848979841 92.16181304356418 102.38214221705822 103.22855440625563 105.88270780711487 110.95161108918023 106.77521208802301 104.06772058968284 102.90637737958282 92.643192964092833 112.7473870269923 110.0883009970197 101.88765053047382 105.94370888042958 111.54555015959257 108.01442274169781 104.54004158215859 93.888722046330841 111.99725582509097 110.02137580133045 113.20020389783343 103.27992526825213 111.13372303059558 108.30654568393371 112.42351577439386 115.68473954950983 108.97637266882388 111.09213825933057 112.40385222502947 113.38961556667803 113.57320055139041 107.1973357232548 119.07182004816121 117.70399405399684 108.9457252934741 111.59434058291694 112.49554218395282 112.73333494012718 113.79300431627254 114.93627033940767 113.51990835919558 118.57676906264899 120.66029699061374 111.63416705682712 110.93275986698993 112.92145863590717 111.82100684963159 112.35922159251714 114.62430754512017 114.88671161942834 119.62586078301325 137.82347589386745 136.84734864348846 113.76951773322308 130.3082145993061 114.46271873176019 116.9440094090119 116.01876412553368 136.01631009480442 134.42386153507073 133.41523435416403 131.5714924347196 133.62332765470202 130.9968832886116 129.08807210051617 121.90510505223313 133.16039994226128 135.22960958134618 133.15524657329587 132.09925907877218 133.22092400326846 132.49061933528287 133.21573708852935 134.19247469220196 136.5026988543656 135.16448280545208 134.34939155546459 132.10959688665471 130.1151723796921 131.24332322126378 134.03698331107699 136.86732193091748 134.70331008450214 134.09392114757597 133.61907924421473 130.06958598592652 127.92365430351158 128.11064647323079 134.34333087316199 135.00053897875233 135.49566322670597 131.74114247483263 132.93690891148046 129.01324184951983 128.14338469250899 136.35159951421349 138.87400684680711 137.8384487916243 146.49526851069984 132.48970715881362 131.84536054008663 137.9896020389001 138.43153192467241 144.47019506340183 138.27612843770544 147.06352274011746 138.05306531118129 129.32320366244201 130.61954318910961 145.04415425242007 146.1815967077867 143.24072521843527 146.00506736889645 146.33240961111227 136.74415984136522 129.03449817407 145.97139303115776 145.77725314418538 146.99346091995881 145.68535595854425 139.19543497719195 127.13462877107744 147.67531793756103 148.34259210148861 143.25310525756944 148.77959718155978 147.93198064848065 144.76276635344365 148.42318276138005 149.66172625756192 146.81763762147028 147.12956887355591 146.39437505452693 147.1182608170439 147.93512189287023 147.02477777909064 146.59976686715345 149.76294399864787 147.59884136958428 148.24627251126677 148.05468804758004 148.92480463391894 148.83994835449414 147.53283577706844 148.13040820107807 145.30989412451626 145.50882792768684 150.20317427205063 149.25447578690549 150.04483974679627 149.96855087371034 148.91688420433445 148.39710056824993 149.49648869443712 150.32719885892419 150.11867864629446 151.23216996301574 150.90894954072206 150.93686467499629 148.91358833363162 150.38180599119022 150.57633420812175 152.35577835281975 151.27797312615968 151.93690886182321 151.80227267064785 151.01903278529991 149.96902607300476 152.18342313891435 150.84639063898027 153.45803667990239 152.24244230683064 152.80760911214759 152.6993510833486 154.37390416802518 153.28057466730206 152.87997330715731 150.99289521611101 153.4307329076758 153.05218522696046 153.89667710437647 153.79243703939906 154.86277030693756 154.93391632088543 153.9541162482335 151.42852294783185
