# Created by Octave 5.2.0, Fri Apr 02 16:03:16 2021 CEST <br1@br1>
# name: ptcls
# type: scalar struct
# ndims: 2
 1 1
# length: 2
# name: x
# type: matrix
# rows: 2
# columns: 320
 120.50365380451612 112.46797725057202 111.06024875593818 109.31146852931035 115.92352381866026 118.20662819012048 108.023672364864 112.54098466247189 121.5737694192422 117.87957687790025 117.37445853726503 112.6686011336125 117.30219060214252 118.30595328773528 119.05775334019442 119.84343198848802 122.81187567949978 120.53469356852099 115.32555615555999 114.52155602721764 116.15529213480731 129.74402372285772 118.56332344750491 131.44147052491851 126.99487178123472 123.68671503152012 129.33357750022273 127.26969956452957 128.61484647022638 133.11431130796467 130.72595718470455 132.49281760473735 126.66983751469313 124.44042906234503 128.01880769617696 129.67179112312058 129.2557101384559 133.77481272882648 131.88279445961876 130.79189448865611 129.09776328905991 129.75753678789084 130.42795299998801 129.9329068097455 130.66465666759126 132.22887663152031 137.77686179994453 135.71605705887154 131.48414338751681 130.12329640582419 130.80002282640768 131.65738008374464 132.62600375338604 131.87769275152294 137.03606636145759 140.91921159019827 133.64282613869955 132.73137983173808 140.48134910226239 136.24271515584707 138.94440151258772 138.55233801310334 140.02493598892394 139.92910728618162 104.01442453138684 105.08224424549189 104.0335835261581 101.00123336439097 102.54639293064675 101.43685443630487 101.34922606718517 90.690620750949023 106.16375905714969 105.14512214989132 104.28435668769376 103.07316310849382 103.57805535572716 102.5531978125555 102.07075042662414 100.89432920536063 108.88719931710583 106.31224628559856 105.28853477841022 104.23642138541911 104.38946411473719 103.41402618727557 103.46985508263775 102.206119552079 107.38767240236858 107.37980863195813 106.34420940479558 105.08662304248944 105.38771737288342 104.49613053053952 104.33251827572404 103.14366670803807 109.4960701544433 111.61354890750519 108.30926806132136 106.06248560296999 106.42788941563879 105.62105469174453 106.72549921125132 104.02026764977528 111.15272802979042 111.99633416583478 110.94841203547665 107.16339069760554 108.34100772669755 107.59961600725305 107.77610853508426 107.14909552861185 112.58991605028307 111.65541195072569 112.80139602852211 109.52550293341294 107.93308674187331 108.57026157313867 108.84782736612728 108.1751200259047 112.5373460512306 113.86814851416928 112.88552733934682 110.38772771255168 108.87921230374819 109.36609611936009 109.58318586826354 110.12789954203896 111.35986995753237 112.12184026281582 112.98698843040188 113.87746892423198 110.1510774414544 109.39970323049295 110.95164565690418 105.62262413585553 109.84212034521924 111.55082757070895 112.70387435413002 113.8953468692692 115.16192264251654 111.5215604129948 110.58764183671683 108.05833477067421 115.20495676656336 113.90526540947572 111.16945400848877 113.54870515365614 114.84507069276374 112.37151468503838 111.78078282035852 106.50233432377264 115.64228063281936 114.29960567326904 116.32724892175679 112.28883801981269 113.46495513079319 114.9518857972779 117.14812407618091 122.06255846536457 113.95452911326005 114.86419627467468 116.01634550179844 116.78166895871081 117.85625538344027 114.2817716647868 122.68244745941661 121.72898447900289 114.3987155486146 115.19922788486963 116.28343084237471 117.05675977876028 118.12627410926375 119.29325764686385 121.57731415161146 120.72752569347824 122.45649035689807 115.45643985396768 116.80084474924651 117.37712931308023 117.87388816896588 120.40510420635071 120.10101346794785 120.4342121339651 121.3040694136582 128.76833498412594 129.58069169060909 118.54418812555953 126.40631867660993 121.14858033060936 122.29304433634655 121.18916253435815 130.51673641826955 129.64522223888386 129.01959138745252 127.60981675854666 129.45436827146025 126.79384582768358 126.78578370777953 124.84805347327223 128.62189415628899 131.08811997728711 129.01260976591732 127.8350007869838 129.70579376386564 128.66355371660953 127.8522362685769 128.10945952865754 131.2156281235018 129.85172544607431 130.42718791728601 130.38801135010235 129.05373602928492 129.5246658715709 129.05414187271816 132.21191317052438 131.61388985314531 131.24022626358774 132.35307283295811 130.93997689746556 130.0066601456839 132.34062979427537 130.60945395057078 131.38641452020812 130.06332577572715 133.25544693183826 132.21093617347216 131.16646076100639 132.34895440555795 132.47485979771287 134.3480332100082 133.22481633180416 135.69938931202378 132.84128192875099 131.54003512388635 133.60215167404064 134.69480823286281 138.18635311573684 134.80785741419783 141.2477638236897 134.83788808319815 133.33899113303713 132.09782031250725 137.65082582326676 139.31601278106481 137.00477112120257 139.31087091477005 140.86466222468627 134.65089815687463 133.46538685502148 138.44460787517374 139.3726611811052 140.24905842914526 139.24037423330077 137.61345185145112 132.54776330155212 139.41596023584808 140.46132720804761 138.00257802143733 139.61911272835141 141.32951979062051 138.70695769536022 141.04444322013194 141.92146926316695 140.71872348686102 140.85181893440932 139.70014293963885 140.48954928839987 141.15890165260492 140.3783161618818 139.93962216967213 141.83458812784693 140.84727009973452 141.60908712453505 141.38767277161782 142.43519974563768 142.19955830387781 140.81557244113711 141.79315114932714 140.16404281655812 139.5907589415157 142.38750325055346 142.49553003277967 143.22572499918221 143.01381700578588 141.96565191391903 142.79596802166989 142.26434297402452 143.33407080497491 143.40010575017084 144.23945666578939 144.13416935053093 143.91724459085538 142.98776614003495 143.48802225434571 143.44118766684514 145.57002633332567 144.44228217298985 145.14628621118146 145.10613151473314 144.82911577667352 143.87364910560927 144.97873271816616 144.64345830435627 146.41715159885391 145.26770975909247 146.23379035734717 146.04485643820533 146.97985383092433 146.14532779386843 145.96317089386173 145.6471988536189 146.6493595547928 146.13663760303885 147.44387246603176 147.29832260521567 148.28617301098771 147.99700771386017 147.3661977981817 146.79530585343662
