# Created by Octave 5.2.0, Fri Apr 02 16:06:31 2021 CEST <br1@br1>
# name: ptcls
# type: scalar struct
# ndims: 2
 1 1
# length: 2
# name: x
# type: matrix
# rows: 2
# columns: 320
 155.6046924620332 89.548880137146341 88.909158773242297 71.996441016321583 92.113645839217767 107.74042998542613 60.136671710912488 78.020259451856361 84.194218310968182 106.65708502290207 94.901114480501349 90.000565190040703 105.86233806954647 107.38488225463097 107.71083688128859 109.36943398642347 76.676360631353404 98.002719609805411 92.042537397832774 92.818485165792239 93.466553266088923 148.47363662289382 106.6764635415376 150.38339479591218 144.13725958647666 126.68299447964938 146.6743240390515 144.95638467295367 152.48650287736433 151.98533929091275 141.28729771350501 151.21504432330423 144.38715984758389 121.49929865414978 150.23150101870411 147.41943967493447 148.33626915192468 151.47215739034166 151.06302996095147 150.68050022664659 149.22419574157257 151.00968587466699 144.08780295879725 150.85368980615999 146.27171861369007 154.3778681475134 164.56077717931834 163.64071696295366 147.75522303045142 145.56827694018381 140.46036771398332 149.32724096991038 150.66217328656703 147.42455536143476 163.77379720893032 164.69150525832262 149.25171709143123 159.2984535676504 166.14111382288127 164.20602533339843 162.81038482952488 163.30469568697566 165.47910716407813 163.16056689335511 78.585334334037853 79.416899805088761 78.942988683279921 60.578371152782523 79.745758190699433 78.462172508710907 77.739868491144762 14.718719625794176 81.237902435083925 80.177065178924551 80.799383805665514 79.959762907820249 81.936429388931444 80.955965691250341 81.057087163774156 77.454114823345023 88.277367756698155 86.234968986657123 85.018329856258461 81.823040889835795 82.576129581982514 82.140848972688318 83.139398159804003 81.879564375666575 88.469376635600284 87.060599054349964 85.38865323156179 83.168021608379817 83.653354337712926 82.948205618663451 83.357102066896488 83.147712557519867 108.76451103599948 90.736268900998695 87.347324521137011 84.343816151953831 84.052300223817596 84.243604968225213 84.237217046623584 86.239066688697804 90.571215364642768 91.688851092909545 90.135878347003157 84.728787310211104 85.282521935331303 85.217524213660568 84.20133018503337 87.099807692702399 89.181609119551922 91.114693321129892 93.591940837673945 87.956123077657409 85.855251034700032 88.396646099369988 101.00637960368053 85.303629136677785 90.067275042577961 91.484526927358544 92.813213446157476 89.336840253177769 86.926456635200054 86.105322569753298 87.516666602814254 89.629138393151209 113.88269592941387 91.680873267679246 89.150402463960035 91.109651123655624 87.780502093789607 86.490922650019968 89.637001920113576 61.632996252553916 86.261342215301482 86.050164172341326 91.410319521601508 99.950808839406093 93.543343290023941 89.069624708394443 87.494049374464083 57.9237588709546 133.36133266393267 110.50547428045245 65.32992023584336 91.128153776278324 90.970688101620865 93.83813946993132 88.592244205776041 61.34751092250702 144.29704597295921 118.7627707785024 122.4560909235875 87.12200062999986 92.498163757172634 90.534535717715542 104.4148232994802 78.179355629927642 113.53252686469091 117.63627982943753 130.65555078902298 113.06226458726546 94.701453277399409 90.498126142156579 85.288409816569683 91.527788043545002 113.58665991107449 114.11739468517777 114.02055028997204 93.725174017240889 76.142155128434368 75.286832049150405 99.058502823972702 90.152582259056913 117.04148597956555 109.4097015695537 108.44337478931799 93.009286267213156 99.51904945588997 107.37695537495733 114.52179481315937 105.16571011992706 102.27529454944219 158.88859316810823 134.82228882919159 92.593615910534027 142.12760413883791 84.639048983222906 83.995603446356171 91.867340286267847 138.40719603156666 139.13080042588092 154.84859767942476 141.34814839408082 140.86025949066112 142.04836346601155 131.26025782039122 125.91880789456224 135.98784493570324 137.06855540438514 139.93255939108116 142.62226409346732 139.46396692569738 141.48533809744944 145.44427257269197 145.45416393968239 135.38638301362869 135.01835509994271 136.5734769337881 140.26845240367925 138.73210859552205 133.87435946930279 145.04868204866588 149.95559098793308 137.49764576656364 132.91428666177066 136.94768516121758 133.33710498953513 134.43491152484043 127.91674004456117 148.3443420643535 143.56291181228195 128.11276574846383 135.19656508904197 138.76408526000077 131.93839577444956 144.24005116351412 148.87439798222962 149.52094079060831 146.78720529772991 171.60989275183047 133.42232932081939 138.37272297554264 146.12870662033222 149.9982431206133 159.14492575276287 156.83748520538384 164.73760234255624 142.48171931875507 120.08165867327415 132.68684362365892 160.80592217291525 161.37195310777346 152.01806942767118 162.27361752761968 163.94001410726298 143.33708890230861 135.55500963627608 160.47572507244254 161.63917755192651 162.18618850694949 159.75187084048153 150.73680184873987 114.5419684422626 166.65710513819531 166.90899009589691 122.67707048180716 169.56877368598271 164.26417310387592 161.18328245932867 164.26815539196647 165.62256782928745 161.30407206919679 156.8720656172282 158.93348729746472 164.08562020093916 165.33289291819872 160.279926193124 163.21712199522716 165.06491392425275 163.01199587021134 166.42251389952969 166.42550025737583 163.39844705996347 165.25133670423207 165.05362438380615 165.77095149008485 161.87227748053664 162.79731490102697 170.87788826799314 168.01003233887778 167.6352335736901 166.14664537966544 167.22465270040178 165.28565170880901 166.37571144423362 168.72159503040712 168.15115799633426 168.09158746610754 167.09410868787344 168.29116958366569 167.29847887265808 166.74204167242715 172.28276504845073 169.78448496006672 169.26167658386336 169.13772176877319 168.23272172099036 168.04004716290297 167.33446991129046 171.49457041092793 166.29329371863346 172.21909629276794 170.50801775397545 170.21777191659282 169.98618626376512 172.52147813566597 169.00370330154826 170.36510922836652 162.5033378471561 173.07811077976018 171.37328575608274 171.03139840663974 169.49508360162571 171.5755832814971 171.84451555164094 170.772963815514 172.85557826297241
