# Created by Octave 5.2.0, Fri Apr 02 16:06:43 2021 CEST <br1@br1>
# name: ptcls
# type: scalar struct
# ndims: 2
 1 1
# length: 2
# name: x
# type: matrix
# rows: 2
# columns: 320
 159.82155563148774 88.077230595525549 87.306598827754911 69.752815944338082 91.266640134431142 107.3513503325461 57.440838280918982 75.944646227167453 79.283007630764914 109.39964541977422 93.692243917415709 88.4223662862331 105.15821026922603 106.13495456922662 107.91577383556918 109.38080355322312 70.209166442496866 93.735219741903109 90.84509913991613 91.221773321291764 92.202150852703497 149.50291881022542 106.57691269766599 150.53191476961058 145.45606501564666 127.17061719902537 147.05000905741741 146.03112311640547 153.24978752526962 152.78192876600204 141.36006502075426 152.36123921999408 145.86375632071929 122.40647538553918 151.39475379113776 148.10422828217028 149.16297895193753 152.22254278806565 152.58867377448459 150.82450891847955 151.3515438076551 151.95112697191072 145.02485144406447 151.66091808112856 146.49393935279542 155.98918142228447 165.30089688040638 164.61179475882588 149.30813261136524 145.9990214941559 140.9945510800581 150.29332753121597 152.42001172150685 147.91302044343038 165.19768855146276 166.41164329399098 150.84315719920542 161.75020727251817 167.63309978501346 166.78836829801321 163.94576255331225 165.30062014352313 167.16405395281427 164.10420073244154 77.340107420588353 78.430555765468512 77.340201791667212 58.150607284282984 79.155588738599477 78.061092248425751 76.224458078315507 10.150788861939976 80.369576004514258 79.189291118613255 79.689907773349134 78.390315941356874 81.099959437367133 79.340558358508318 79.984864789451962 76.85209309463518 87.440797642944389 84.979509547511171 82.780673777834906 80.532702413990748 80.844103642375785 80.66867691953081 82.151719974542345 80.64235706888239 87.985238865165314 86.232872019157909 83.836275394939534 81.438618408109733 82.00378071883641 81.6671295501462 81.761474356383047 82.739925241897168 109.20726283316506 89.092046534144714 86.864147518746805 82.909796763990016 82.741176454633987 82.928196376037732 83.337006440635591 84.762170996027066 88.461864955024396 90.379482646741266 89.163653181444545 83.080171645303736 83.86903962650014 84.089556536796593 82.837805179927997 85.135318756630042 87.86035215144976 89.577175544697226 92.31106107089029 86.766695350238365 84.172620331073574 86.308967828258332 100.07313816471259 83.86732899634174 88.834335695559204 90.502783507992007 90.691634780185808 88.616808469453247 85.668134231862354 84.361397890387096 85.602173964925285 87.719029319241045 114.49015057131734 90.133842206639514 87.28435966614272 90.222367121948039 86.248423181251269 85.100305699285556 88.049794616878543 58.554088622634083 84.598901432615648 85.681320386742797 90.680301072808021 99.560659518664124 92.135787986992511 87.9919606671411 85.54925122751645 54.938830148015114 134.03781172575833 112.86902015128045 62.189945177517899 89.785111376992958 88.871036920086397 92.127783947235898 86.802249136189019 58.853527132807578 154.13028894151961 121.2009336671298 125.286558734868 84.898318816779408 91.033079502016278 89.422054022922765 104.6836848560621 71.222197056207776 114.64984613316389 120.1502668448543 128.25860164387242 115.16070246210447 90.716057381811879 88.849657505358081 80.153820631888138 88.888635547967382 113.98231042187652 115.81888867504927 116.17428219103465 89.995961745219645 70.625380132413611 69.899293438000853 97.923550290785244 87.742840814312103 116.73833650263114 109.01077365524996 106.52156669379848 88.980723013855069 99.527876741347839 108.33584011289727 115.55375537294793 102.34225043895118 96.932716860795395 160.69962135005653 135.07206879840493 89.675660659850564 144.83117274574806 79.14996784939909 80.273016548385485 88.261908848038544 136.79899864678151 137.92995948719297 157.25474325495719 144.0698713750696 143.83538706132248 142.61236687436386 127.02476936559405 128.26187458856208 134.45979754858746 135.42208651543791 143.00359396883243 145.99151070583926 142.68276439083749 143.96039543382764 146.88705945620907 146.3901052020592 136.06339737244255 134.05266931888559 138.26133869629268 142.07359983913381 141.47244988027614 131.92816514586588 146.13444661149165 151.35421762054364 139.39091555789744 131.58479309334155 139.67237974081357 132.84533301275013 134.94972771981529 124.04280308976642 150.13376173686902 144.68162528838869 127.23622966116844 135.76216799354626 141.00716652464959 130.86980382706693 155.05687168129683 150.14521272921689 150.80324988731942 147.91643037209715 173.76906859156568 132.95259499130611 140.58643675891375 146.51809587394644 151.94475137577081 161.024155886497 158.36119258467133 166.76126461136425 142.99079596173152 116.40958761953166 130.77830845525975 162.1943645305364 163.0646703437319 152.77279931035278 164.11848735140222 165.11214243321396 143.77556917472498 134.67438864359605 162.07874380338046 163.15828787787299 163.302406247129 161.17307069523935 150.72511524401062 113.4593415361654 167.88411608554435 168.91010366757862 120.68198821069933 169.16238127743796 165.31378851837124 162.88377091557513 164.94764623751288 167.27287812200947 162.70168031955345 157.70965583500998 159.42304298705531 165.46412837227399 166.48650113448423 161.83235551708862 164.21295036114307 166.43652006896701 164.27969497200419 168.41307575961119 167.55381783128539 164.76351459383281 166.20321802811009 166.49657550023616 167.89180732521643 163.07692215944368 164.04998080045524 173.03610543715641 169.43264200732597 168.52174444171874 167.64931947284248 168.63134793210082 166.13052059588267 167.21679957636275 170.51542283770868 169.65195011536932 169.80152108369464 168.84133725019282 169.76261429815628 168.8850573664939 168.29298504493656 174.07016015343368 171.00470953444793 170.95600404161985 170.97874580532249 169.8588055085219 169.34291151970965 168.29233626927098 173.14055345415554 167.47689248016675 174.04574856985451 171.9802623492061 172.06023233636162 171.85370150132454 174.30310967501174 170.38239957366184 171.67083904407161 163.52893942221914 174.19042070179489 173.19100942180947 172.88459451617101 170.90738941510625 174.11805826049985 173.7668211741416 172.60045490677768 174.32969211506764
