# Created by Octave 5.2.0, Fri Apr 02 16:04:00 2021 CEST <br1@br1>
# name: ptcls
# type: scalar struct
# ndims: 2
 1 1
# length: 2
# name: x
# type: matrix
# rows: 2
# columns: 320
 124.87060066218345 107.81245461481465 105.58738826305145 100.92739589189831 110.94607546586381 115.71271731744784 96.272735467886989 104.78474577021333 117.49772988645695 116.04026265094434 110.66752537446888 106.80601191240923 115.12624094974844 115.33426030194026 116.13533797402519 115.06070414350442 119.1478753833823 118.46884400326132 109.38643816860549 108.23604373208543 111.68261323721732 135.28325215375631 114.15703980331706 134.77392571244511 130.96546849427645 124.35992971765043 133.72336592373134 131.09791527054898 137.5187276734747 138.42168094463722 134.46897080967904 136.46845269856354 131.56979629809166 122.56299416325626 131.57122582257 132.28333956148003 133.06116021623188 135.52968229853755 139.0060585677943 138.50025361479769 132.63315517843122 135.10601458146115 133.50684254221491 134.19242263503617 133.50127808913197 137.73583547450536 147.08876375369886 145.80024579690587 135.4554160337774 133.47496476140347 134.64021658200954 134.72417212744821 135.85866399101764 136.4634900891638 147.48256888090714 146.86407358084276 137.18778810638204 135.75475853597982 145.07824573675265 146.33120532787629 144.84326676362531 145.8774763973822 145.82445663651868 146.02166015445172 99.445177602656045 100.43701229781297 98.48390159200568 91.883747351855533 97.30105273567959 95.266910490963426 96.246127161003514 73.620984738654272 101.50848497360587 100.79042917725474 99.320600406975572 98.211761732919243 98.189887374756452 97.381477578205718 97.605041124899884 96.415795614268973 104.13282228828547 101.73443991147191 100.31562448259481 99.218833053585499 99.413600371771167 98.473607931321752 98.688557497701794 97.208957275726206 102.72638987032288 102.52886534914046 101.43485228584579 100.37326481917307 100.30228532519334 99.4585723205726 99.583029120738743 98.551234111981501 106.97886331039913 106.83468652723629 103.53716690808217 101.26565589828948 100.48529771208133 100.59362935344838 101.58611328335951 99.596058774959062 107.91714573623481 108.89412956533204 105.9118898972615 101.48594300778815 102.43044920179399 102.44163577342556 101.60455269366614 102.64156480869417 108.53833988430937 107.33302812440054 113.1761425971201 104.60598279705331 102.16512442658696 103.36548478399142 104.35258340901353 102.53596331114431 107.70701718699327 109.18687625553855 108.39018050897776 105.38411601312994 103.254388930462 103.40107598051731 104.49812945875465 106.58618810735101 108.30529657867466 109.33133098792001 107.45688716634614 112.39482597477719 104.38861625586752 103.68482317740299 107.44723804746893 96.059577996436815 105.17442041758552 104.30880104233896 107.04963597487766 113.86077521071714 109.62491259478213 106.37832787149877 104.92528344540298 96.413629245700605 112.66072668625344 110.4687302082324 105.87128686131513 107.35458387665292 112.66188563684312 109.56587516892047 105.42807932603495 97.407896377182581 111.91948296840422 110.83636841383202 112.95762408227789 104.76474276163911 111.62570035500636 109.39151605885827 113.52216251225137 117.97045526032845 109.66756685320651 111.57666389452655 112.68015671942287 113.72505547089 114.3527246814695 108.40372822001649 121.34918229667058 120.26238330216081 109.35573806948062 111.75780116609786 112.78202766062027 113.83247210769281 114.94694486997491 116.13747957987717 115.98675276963748 119.50402139058949 120.32633988253711 112.05860092981824 113.14681497339519 114.14852411522045 114.02788487849867 115.2925139825754 115.50402979407312 116.22243966121732 120.83756155347199 135.53586134824855 135.81306465829877 115.19985873630323 129.97783431014739 116.90328820942902 118.26109264133957 117.2257074648228 134.65804171777458 133.45509898312372 131.9176669915299 130.65906746508429 132.57886314771463 129.61612330049186 127.97688627918131 123.40978904482023 131.62154665905445 135.39434893479986 131.33785724802874 130.61554322035946 132.56459433111323 131.55581921516585 132.62525538701237 132.0616926131417 136.23642044754348 135.53083203301222 133.55770672282168 131.47512851405159 129.69450356441149 130.80388885572899 132.39838911401691 135.93457767861739 134.50193437565039 133.66105322284915 133.36393118341684 130.4718757657769 127.67688980091191 128.80950623684899 133.28234307393828 134.78187959670896 134.71385175043832 131.82217104006241 132.42221338540239 128.38957594174937 128.79048023114143 135.89603978420473 137.94577344240682 136.54790487070309 143.76788850261326 132.51344443821691 131.32630710455123 137.21640999802466 137.53936293640729 142.65751434279241 136.61411056112297 145.93439194032291 137.39055860546574 129.99879977505546 130.81812732490954 142.79030758611884 143.69851414945128 142.25589130641211 144.55475133999948 144.30209081997953 136.20975254868992 129.57123917664566 143.62696236590344 144.45547792951217 145.43207868476588 143.52283036118433 139.62841973884733 128.5021574945674 146.39049534461503 145.5497837230273 142.70721558108878 145.31817540396602 146.18791687313444 143.6259252893436 146.96634818936201 147.76223716882035 144.41047397367339 146.0715601774105 143.56640535165593 145.63730398776258 145.45811594999859 144.6648526360579 144.58027654824733 148.51371612427076 145.50626989993535 146.79749106351599 146.48025306264648 147.38706446614358 146.87065474142562 145.57682347717574 146.34517055307947 143.22971554485392 143.0588810540971 148.04144035151202 147.88032213513378 148.09414486249307 147.78593621475881 146.68228208387816 147.07423352236611 148.03198950967581 148.97164959238629 148.53912239599455 149.33555525842866 148.9637618539671 148.62491611082547 147.39626330540975 149.06458403139672 148.72173270930159 150.95978580332536 149.79108761605252 150.1109077062419 149.74033019774353 149.41400867633342 148.39525118406627 150.24268572645184 149.49654138835209 151.67383965964339 150.64144337782102 151.12509999263833 150.5306882634282 152.53038108856174 151.27469654141794 151.03799014761893 148.96737478165855 152.02314106019344 151.19003953507001 152.31830506377926 151.66985277040411 152.69652070402518 153.95914903242863 152.22177234425897 149.97142889142489
