# Created by Octave 5.2.0, Fri Apr 02 16:07:41 2021 CEST <br1@br1>
# name: ptcls
# type: scalar struct
# ndims: 2
 1 1
# length: 2
# name: x
# type: matrix
# rows: 2
# columns: 320
 182.22976454302585 79.78952001902951 80.65571138482143 57.117664223167836 85.132347348565759 107.18006668922082 42.504566996010567 64.255666488129918 51.831431849344291 116.63219725464309 85.922310254097496 81.399065260859714 101.19285897268463 106.77518894563704 105.18838289753215 109.4099899328843 34.853700100530709 69.757017964925012 81.612446515951831 82.182047332758614 86.278872830843397 153.92178184577625 106.18402773765145 155.80913007008272 151.55002391180747 140.96451096328815 152.63820249862226 152.08359750847609 159.23093835462319 156.38671136323617 145.53093101041503 155.8503456183164 152.0279121945749 133.92827264584133 158.01156603471108 152.83331179871524 154.46721259385572 157.04760253409859 158.30429290444187 155.07549276537713 157.07200761873764 158.08911107059367 151.90773599080583 156.96721157879031 153.37765262441397 165.06341933810054 172.80991490359284 171.16155512987444 155.15203987612912 152.10808654094438 144.00284687847926 156.23446425427863 158.67653876210267 154.89036565771451 173.90756440137199 176.29457505192497 156.48583374116976 167.70848974714801 176.27007228770259 176.25889120968512 173.04101094473339 174.93496706802088 174.74528621367622 173.17418921796514 69.902954246330438 70.713042223327705 69.921853875376868 44.478463393259261 71.02032698418418 70.973002128007977 69.880707700170802 15.573873860817924 71.907840838369367 72.22956186095206 71.857064815468092 70.869968917333338 73.200356357246136 70.855426153417625 72.022018311450125 70.591510117262771 80.018702681683749 78.030895908331217 74.014248432594016 72.613817133858291 72.891174228413377 72.462937998621499 74.678325417407592 73.491311897168885 81.984411185239068 78.990837720583116 77.992500839078673 73.270681051128761 74.088138859067726 73.711019951898763 74.425147334567299 74.597830234432251 105.75011291118591 63.94395977216783 79.266529457335764 74.466286891189824 74.886268692440453 73.562516453656741 75.738485024858832 72.572411532182286 82.023225591206966 84.152358894829575 81.626031093426434 75.466156962806835 75.983048198343397 76.752135968615733 75.569773913076986 77.94903414261691 79.949109515769237 84.591647862815506 82.975452339373788 79.732117509430267 76.854923423172409 79.257766590702786 94.817515324208927 76.73732280157401 72.576963224103565 85.438118538450269 80.149533864529602 81.040303567070737 78.757421455365048 77.125063967291808 77.751868181557327 78.862893213847627 117.91107934414217 80.708103925421881 81.098517238777774 83.123029273366015 79.601259574017718 77.426605380289857 80.038061437496808 42.341414594120735 76.421079701509129 77.315013594180627 84.41849669140035 98.147412977816288 85.328927774535686 80.826049168312949 78.199032054733664 38.128968392513798 125.75483419882578 121.28255419315735 44.5069277437903 83.225621905869644 82.226894624517556 84.061606546332385 80.316902063359777 43.436495661568038 209.50697302762291 128.66940773052531 141.22656167206662 77.480268244604588 81.17626141433341 84.199537702596757 106.2152930722614 36.914078380173905 124.22833964957159 118.72445490491188 107.20207192171191 104.33449093438662 71.209078514154612 79.019439170844038 53.251486330350978 70.430610152285411 117.67193555665742 122.83027112898266 123.82569885805918 72.360084698378841 36.016138402333638 37.163314840665386 91.531975498624291 70.408404843930654 118.86443346592299 104.39024152772829 95.48517568975825 69.377291656986557 96.167208193018254 121.44392266762232 121.13329146575231 89.839265981881269 90.00712881290886 171.53325562760017 142.25560149584098 69.859389372823912 161.35918276606276 53.001249599199085 52.325694094980051 69.314119858197898 141.1817101476002 145.5332843105349 178.62144497908724 167.76832774799198 166.59202438415358 152.26185218716984 121.11744966778183 126.64816057710098 136.97474645214794 136.31997832774022 151.91488771270116 165.37942668407138 160.46605479885281 150.57607467684684 153.1634174505383 153.72251969107887 126.70858313401695 131.12503487215022 155.4114674490728 156.80820539034158 153.43167790538718 120.44547606446919 153.14795185658392 156.86380833818708 157.0313244292538 121.24338680162408 154.27617027810615 124.32369177097608 126.59360843219113 123.89572992527758 156.06641460763717 150.69179318615508 119.78224272228051 127.16419095010212 153.30765012393067 120.80646460050173 207.80328563438809 155.42874250773804 158.40668224215005 153.97843652868463 185.92863779428504 121.34307702427462 154.44732058404779 152.7222192776656 157.59040648953518 170.52800862199561 167.01177178246246 174.70984999156954 146.84729501207133 95.712536445638392 128.99942178952276 171.30933259606309 171.56120625152991 157.02312022861233 172.44497523936255 173.66778916884266 145.5778473922239 126.10939898705848 170.37043583557917 172.07186776982647 172.67506743503222 171.21122421237939 154.68443005381093 107.36244264393378 184.16589095688377 179.64348873551717 109.44652489446048 179.93107082899294 174.39368448564716 171.95446920113608 174.23170808381406 176.97220397076964 165.90954745361273 162.4924923633998 162.11413341071102 173.64634796371698 174.67638619338061 170.70713142225472 172.09714168738589 175.0439100780151 172.98354389863354 178.62138046861008 175.47179462521888 173.48481730398211 174.64570277709348 174.24427406960083 175.39175524144906 169.11906149833061 173.16422035214586 181.45069239695673 178.67627618107718 177.57486340784041 176.43924504613148 177.19472464747466 175.67262618489522 175.38337165684541 180.24702577802896 178.39836044993817 177.65115236548266 176.53375279057082 176.63651191340608 175.83986533947487 178.25804733589425 181.88221764641386 179.74710891022906 178.80141822934849 178.15568588017129 177.00306261074101 177.38557748422016 176.17603347982333 180.47971938228542 177.24307117111354 182.28590736427805 180.89330781880525 179.18833237337284 178.80688141237471 182.13538766016472 179.25588562331791 178.45038223339003 169.30469566073202 181.12369598005802 180.33067204421346 179.94361758411347 177.7472510895586 181.30112027977046 180.67657766384818 179.59024132230732 183.30671145343439
