# Created by Octave 5.2.0, Fri Apr 02 16:06:08 2021 CEST <br1@br1>
# name: ptcls
# type: scalar struct
# ndims: 2
 1 1
# length: 2
# name: x
# type: matrix
# rows: 2
# columns: 320
 147.61484645675091 92.337268742322578 91.497204138951119 76.247520100079797 94.581703876014103 108.65049301349244 65.367583054494261 81.953000298635345 93.855224474980091 109.51972014859793 98.474377146723086 92.462954495218838 107.19647495436413 108.24509939321334 108.09353477476579 109.29512648677884 87.833361513671079 100.61744890827592 94.402757684849391 96.587400278666138 97.628969384259392 146.69223888427069 107.56257032219196 148.62526112210696 143.02851026072358 126.34164618809035 144.90311002685604 142.9200381485187 151.06871347822258 150.17390524382751 141.14942281555906 149.79793659348269 140.68532804948924 119.78043747888566 148.58721905570249 145.51953435316733 146.65172147841102 149.92296466863803 148.85561703144589 150.922841217241 147.63614724380892 148.49736050162019 141.49644045491814 148.98167978522974 144.4910603279057 151.32485352163135 161.18573125502459 160.12472365695891 145.961242047447 144.10883887264217 139.55397855855043 147.65091020470106 147.91589412398704 145.63740232984901 160.78918664393206 162.13850811040419 146.75270966806079 154.65302549526936 162.54827299314809 160.90944668842818 159.50135450089229 160.64932151714228 161.93757765921782 160.06304725498609 81.01968037266596 81.980604707806989 81.587483512729449 65.178344798360598 82.782535860852676 80.52635829784532 80.267205330357342 23.373746336254765 84.029684971110029 85.429738715214626 83.1116577890825 82.162841878098646 84.281565677878177 83.33284553759664 83.834588394481784 79.40362136063014 90.776356676872084 88.447176688520287 87.535207695240103 84.097659203108449 85.159407179562905 84.329621544698455 85.039060476897617 83.226996630010348 90.635187796716664 89.683881913123159 88.509672621655056 86.451872422507776 86.353683664752637 85.253886991162489 85.311819186840765 84.28198061264348 107.84510185806153 93.453722802151532 89.523934482171171 87.497942664754817 86.020665395390054 85.405916459536684 86.063244045554697 89.161958671148668 93.963746089213487 93.952059340151436 92.361515096111717 87.07990406210412 87.865916779462566 87.30819705953644 86.36385116680556 90.231301472656611 91.50982017062384 93.320257814634644 96.27519521359406 90.506633601507104 88.238063561556459 91.424844530095498 102.77462654067241 87.617543218765277 91.648568838146005 94.857866065985931 94.696410402393496 91.613320089027113 89.355040567781487 89.410347521382974 90.812997938948087 92.575233210275087 112.7317292394915 95.315977347527593 91.610700535651574 93.406413233198265 90.283258263492968 89.270771050242587 92.482577086725712 66.78497402429322 88.938310482484127 89.795037170853249 92.864574930576879 101.64846683604488 95.836324748765989 91.51022861621432 90.417317759624737 63.579413293366258 131.13871293244728 107.7495502328528 71.279346662144235 93.81950351968699 93.175209212497151 97.352190672813677 91.502844782451064 66.631679416978358 126.24953080332045 114.04771669071991 117.04718429307036 88.762200929261894 93.522716421107461 94.056194205668518 103.95424538828748 88.548542321228524 111.71655804211352 112.94411617050558 125.34595402148688 109.43231664906374 101.62687072159207 92.743011606451191 93.566019224051473 97.523340631321233 112.50771946940914 110.57072458723151 109.70605532523106 100.5933706276421 87.515358253587806 88.483861840424524 101.36452213125972 96.416291723991364 117.61587446217811 110.44683518281873 105.06949668726469 99.498397853979114 103.84778132809134 107.19098127853053 112.59069799682196 106.07576942081116 111.43964562322496 155.45717134967987 135.23610541349271 98.351364735619526 138.69723696893212 94.59268367458003 92.714757559367882 98.541855046249879 138.27784466656934 137.48612842267272 150.28958500999488 140.25150770564036 138.15240633080447 139.21873018947053 131.16111532811016 120.89674466604305 137.26034145386527 139.60235578273841 138.21213038188964 140.21167655674265 137.844043077332 139.19323919484472 141.78534304373514 143.66996822918256 135.22676355995409 136.54646069950763 136.23415113152555 139.24567988236359 132.35033835787007 134.02245432049151 142.9301032315193 146.96418308197184 136.33785153486315 134.33094704176179 135.32981918302517 133.23453829837814 133.22148582390412 130.06000853993959 146.63082258248929 140.71786248334328 129.7735709664972 134.46588800344762 137.1176435054723 133.00986819296162 133.88485058147552 146.18471728118413 147.31242872512638 145.02061784677326 167.5188227397006 131.82659876407294 135.55037965511931 144.01500956987277 147.92148626804962 157.21455018610536 153.95046069726018 162.03598768271581 141.47692092062024 127.08737330010953 132.73256309319117 157.91576292968168 158.79521732202585 150.58805491311657 159.70332036270989 161.44079564842968 142.54651630285676 134.90654765286854 158.28788795021237 159.36894117071284 161.17583737992908 156.80260230586404 150.88827849031838 116.59326152749941 164.2721037996433 163.17754497733799 126.45722636390622 166.72184173295011 162.33941628635941 158.78568845067431 161.40031575404504 162.99387413136995 160.05547708393721 155.28505257301009 158.00590809613519 161.13080673181244 162.91403959831854 157.7019011173627 161.76090571042164 161.93872503598033 160.74476288490595 164.4592272213597 163.45883293983596 161.54859914275491 162.57685981348689 162.29616730406821 163.19298333626895 158.97116328616605 160.03924461313377 167.75870135091438 165.59780379494853 164.83297851285687 163.98669723288697 163.33868749279017 162.50760753365941 163.54082275826147 166.01562545270514 165.03261429431458 164.44347940053848 163.76621378714975 165.64047386288914 164.52661636460294 164.16930626803179 169.31170316743234 167.10682275760311 166.34868670055886 165.59274764771166 164.8814951531343 166.05307227815291 164.95952608814099 168.66687651113349 163.03438995372872 169.24548576129649 168.12766272931071 166.68114597175278 166.12679893817912 169.18388499465721 167.35848152897285 167.85929017989287 160.56009275756298 169.4722669163697 169.16611666668922 167.89325709852497 166.72651677063999 168.24686958645921 168.34374867781435 167.23587909548155 169.18817029615718
