# Created by Octave 5.2.0, Fri Apr 02 16:04:44 2021 CEST <br1@br1>
# name: ptcls
# type: scalar struct
# ndims: 2
 1 1
# length: 2
# name: x
# type: matrix
# rows: 2
# columns: 320
 129.96298564375718 102.7162707727008 100.57804873273936 92.070981134068703 104.56754880526739 112.14439300521713 85.118906372079806 96.591535672757118 110.93397570914372 113.70035505440855 104.41583573320331 101.43445023693219 112.17248410753089 111.72914014843042 111.16019202974383 111.05231126611909 110.44879788992672 112.01246553118247 105.95371333207912 105.29861886336982 106.00754955801132 138.25933758593612 112.40195560244658 138.63843132110424 138.61128168771302 125.07107199173174 138.53483202475292 135.34030386312185 140.41729147434069 141.75372252782537 137.37524954128159 141.93148968265947 135.8460084490643 120.6739655833381 139.6144148021686 137.22728142553274 138.36892940602087 139.29463991764695 141.7608562671017 143.47984892590648 139.40693337911839 140.71866230972896 135.33953621552629 139.5952344746004 137.10745037824123 142.89293702179936 152.26066510848634 150.28520628560355 139.57555060559724 137.41738673971102 137.93470103443309 138.44745184016409 141.87675278622015 139.56310623230345 151.2665607846225 153.49592667044553 140.5618257388185 141.43060191387556 152.59793353466029 150.22866801639921 150.0426158841189 151.68984447246137 151.21877251201178 151.41399119494761 91.497021114860047 93.354184988146571 92.317956778985888 82.300468923567877 90.979256638361676 91.232706568031077 89.029028212734659 55.589679091861555 96.01264059292447 95.087453155255872 93.122780284599926 92.05208154460037 93.422245492589497 92.364245823529103 92.516064889078081 90.215620675456023 98.221860303961094 97.289950083112331 96.424145483685308 94.169771690867947 94.513241169255366 93.699546099372682 94.018862178950826 92.952236133705952 96.81342857098528 98.397361131747758 97.894965462623048 95.403168544065423 95.542548075942534 94.754162581320941 94.838805265478939 93.86543208499495 101.611150485986 102.94162041093752 97.90121966161604 96.521852215266591 95.834782699652138 95.931605409271071 96.751607640577447 95.646599573319619 101.28104425092404 104.64721802413021 100.86191341417312 96.767310121279493 97.939248755442321 96.935727511486888 97.631673385498189 98.894849556207333 101.69567440513366 101.99692704820401 107.42237020651697 99.225737092395676 97.687335879116546 99.725786219151388 107.75618981299158 97.937730535930825 104.259361497304 104.34425584850689 102.68437307601867 99.793395539841526 98.69644323794283 98.897541451954027 100.41195749073651 100.78927091271763 108.4475754492249 103.52614323633526 102.24765973509052 105.78196412234934 99.436435726394777 98.648380706355994 101.15347481687333 85.462531270562806 98.727833435460028 98.97585433059389 102.70031352138132 107.2251646280002 102.43780105921277 100.21270532934433 99.716661993277526 84.631015865676318 117.40157269932439 109.38454916508483 93.42443391559749 103.61465904010113 108.5823869997692 103.38995811727223 99.942945635166268 86.51906884512924 110.92577813577745 110.05531193495679 111.98292728379566 99.800571086106359 107.66740097751571 104.57845891337681 110.08889145644666 109.00459479317621 108.80534020175884 111.20752048683865 112.15916264919191 112.49809992522425 111.81803889550356 103.63906984917942 111.81991068058294 113.20497657421917 109.64944266546516 110.82071990703621 111.21744019860819 110.62755744088624 112.1447647536752 112.83406133940112 108.81960471390957 112.77023738443536 118.96341307309787 110.08320758829801 108.75390546573936 110.90618565658811 109.58427514248427 109.81290378823958 112.93486916652505 110.65035258430632 119.45753941796693 142.68465680330763 138.55383294998609 109.35332124132871 133.34805752149921 109.92634020030324 111.53195585921645 111.66223095596543 138.36473489418211 136.41416127231048 135.3521719947486 134.22701988464726 135.18031071344117 133.44743143752328 131.44934197085274 121.79631833508272 136.08345293710218 137.31019609776743 135.11045628886387 134.62633490089604 134.26509021083334 133.69648510858724 136.19926626074337 138.66278587845704 135.27395065653468 137.15619158899591 135.48501172201514 133.97122264889614 130.00569570723937 131.09323833169944 137.45764647384996 139.43363421042073 134.15927538327512 135.50473303528844 133.15487002618121 130.50999076449233 128.26276945138886 127.12326298013042 136.92237429233214 136.78016800234613 135.94193991890646 132.29144634472317 134.29551699622357 129.04687457205688 127.99647733743917 138.03582003907371 139.87685794517895 140.53335975939223 152.29095102788384 132.19404003882013 133.32917805105632 138.95486577717224 140.38167241790495 148.03627739664395 140.64929909530215 152.07911799039721 139.08632442065769 128.03962957573702 131.71641922750953 148.26960263853309 149.02095824500034 145.26522310894106 150.73328742602661 151.19935934806537 138.25434297846991 129.41793321112232 149.3175134715282 148.50326105793965 150.10883737374593 148.94271058223896 142.44641947301639 124.22863023365863 152.48717999490987 152.19569585838039 140.52780659171935 154.66813299441182 150.71856705257619 148.58873513165844 152.41440032684667 153.51009752150657 152.28444736931647 149.3778373528649 150.68829475984828 151.00065999841186 151.87647429467657 150.04353524363222 149.77171261240679 152.33660213173405 151.66266002110183 152.59986514060466 151.1831630932887 152.29115369900475 152.3321211098895 151.89955328215626 153.22815879981377 149.84665592557593 149.55550704865982 155.82688942314192 153.52098404431987 153.37421074819181 153.12461992510492 153.06120105541234 152.8081848047392 153.91484046285288 155.29360262743734 153.98307268083397 154.25764755438144 154.26417136699101 154.63481179673633 153.58128406015257 155.03655959241664 154.95116103519192 156.36605556526305 154.50689820111046 155.37204924585353 155.37253616767262 155.38654805777227 154.26863160796964 156.06677923786125 154.52702825513293 157.4882483884592 155.63959767259942 156.21365352997262 156.20495597791691 159.16081408283006 156.71868903216296 157.80438044963876 153.29655562755116 156.88554073760727 156.3432868770044 157.19805925463604 157.1216287166616 158.15146547306793 158.83673141225887 157.64951393977114 156.98343920272163
