# Created by Octave 5.2.0, Fri Apr 02 16:04:50 2021 CEST <br1@br1>
# name: ptcls
# type: scalar struct
# ndims: 2
 1 1
# length: 2
# name: x
# type: matrix
# rows: 2
# columns: 320
 130.64197030796788 101.94171838237406 99.479830282718396 90.890125833024754 104.00584441878129 111.51591192308788 83.52599065842324 95.499107659762956 109.74928825033153 113.38836737487044 103.65062273171421 100.47229809564743 111.80140969781827 111.74752358783408 110.7690292749634 110.08790130640912 109.04748648462795 110.98475948850691 104.94746736166348 104.57803907281172 105.15791814926612 138.5460949784563 111.94422696021323 139.16423824348837 139.61701999181673 125.16589096160925 139.40244999472594 135.9059556754649 141.00820373824916 142.54655523572657 138.12709448786975 142.13999703054898 136.45066037927646 120.74109784958421 140.54076250315617 138.0795235586053 139.20455910534852 139.91067265370967 141.83116465841141 143.75025488206785 139.53774702482809 141.61552184112335 135.88300858450978 140.44146709877396 137.51175411583799 143.30731988474241 152.80142470773629 151.21036382167108 139.97442551601011 138.59410949081084 137.78420355532367 139.25934840587558 142.42528619181721 140.55437455406675 151.68630884340317 153.90335750963038 141.10609301439086 141.77447669611249 153.22277542479353 150.65364675807405 150.47209876064269 152.31696401273342 151.69852027782383 151.95891500903559 90.103222603942072 92.375139324962646 91.338767788397135 81.022698466462856 90.439554688369768 90.274832865042086 88.214839433850486 53.185505005622147 95.281803067580469 94.492783697801173 92.475996653326533 91.351702149669222 92.879877232343247 91.790501128565367 91.741827540800358 89.302984190595566 98.27953095769837 96.393734154457491 95.548506497324368 93.684456144524091 93.929252180285502 92.983897957228308 93.501023567648929 92.260900556281598 96.585811396153602 97.377948119604412 96.578859426895349 94.853184046761086 94.873570139542764 94.08552832829244 94.03116926875947 92.877051052754339 102.25729969772303 101.82928320671607 97.33646475912154 95.901295567937268 95.096095812428175 95.101094496997007 96.298256077319152 95.123570886161431 100.93621896262385 103.61253167841438 100.42147061161805 95.879491682064582 97.064967614626369 96.235114115416209 97.485170964336589 98.37022641199998 100.77449786855369 101.57506846897654 106.50144715944491 98.484935589442742 96.818390177395216 99.381503255976284 108.57283410665002 97.303904642953526 103.95480135422292 104.46338729769795 102.42000870997545 99.38079729721612 97.546919530130012 98.274564020198142 99.971245356043468 100.30330658166655 108.76728841864778 102.95116210216004 101.45732302396839 104.97056990768324 98.435523105418852 97.901677655924473 100.68638468957747 84.084876335751304 97.734436690010099 98.966163193416421 101.23596394235445 107.21617525960295 101.929324123784 99.527907847133505 99.188992996097184 83.060000748339746 118.42673241821416 109.2922640820123 91.771815463847247 102.75613598074135 107.41458252043527 102.37512086271816 99.535278954894821 85.137679046432666 110.5112813909995 110.01157129909603 112.3233048973251 98.56420297846806 106.17204795978878 103.96745441132308 109.63112198233937 107.81339134691378 108.94391003726849 111.22178052358956 111.70922960872433 111.98388491724357 111.71062141480601 103.05434774334636 110.30616450445295 111.64596776066745 109.35609788736558 110.70878224284012 110.80013375501478 110.29638449591926 112.50920883809015 112.01492302872656 107.74417693872623 111.14046061483927 118.47027520435513 109.8230092953588 108.47236721172779 110.76660467883758 109.2439844827438 109.55266350006261 112.76598585756877 110.19745283602417 119.58495076071709 143.63782953064884 138.30947844334963 108.91055330386462 133.85810633766536 108.82143748421989 110.31752410698178 111.27778769062969 138.42767143141839 136.36993912054652 135.96327873228739 134.93200263967194 135.317194684648 133.57758102358832 131.9123360630756 121.26218616354912 136.33605667425871 137.33229061546143 135.45949190081552 134.93842940025544 134.23341926657281 134.32208071758734 136.7795291687795 139.12770787371005 135.65444233783265 137.38692533836328 135.60299012979115 134.67922839094311 129.95148528196836 131.09883121283545 137.50267804967865 140.50012364902116 134.53838812784971 135.79626582642561 133.60804120045373 130.89594229427357 128.29075328822523 127.23826706310302 138.52798960523677 136.82518258272052 135.49425308827327 132.61219978596623 134.3231075618834 129.17953115927861 128.79211609163332 137.98912742346553 139.87848075859648 140.44176009323536 153.42735936458658 132.50963326020039 133.40563776381998 139.183181203667 140.75939754245292 148.92322625182865 141.71445584606531 152.73302672867516 139.17743401714176 127.99743556901254 131.37459482499398 148.99541526448539 150.12636743789463 145.66244936298401 151.18573296076144 152.05628505879409 138.66194754798204 129.34685355796518 150.0887761288017 148.79112584569324 151.28124487376212 149.83338014659677 143.12636439156563 123.65882659887063 153.64578227663219 152.7361064814113 139.47776329113628 155.42649640979445 151.7134743240909 149.91494094749541 153.01114685477165 154.21192097372543 153.25758320134969 149.81867430959215 150.96727750334898 151.78154565457604 152.80163370554016 150.90322809522371 150.51249817156582 153.02836747960987 152.75841501027318 153.75795117690066 152.0017462912528 152.85617667595437 153.09091943363143 152.42226611643233 153.88160442321282 151.05049238192254 149.79979929812299 156.61822657819388 154.39968718433315 153.82125924487201 154.07605074933539 153.58229071115062 153.64266597178539 154.69556918200226 155.85273133231698 154.78582568880782 155.33976635657501 154.62091190907611 155.54946709770155 154.31962204230371 155.84831073444715 155.50894424652043 156.95216754454623 154.87320770615011 156.42363176857612 155.63476404001867 156.32053674135565 155.01398014169698 157.04354885483497 155.12893191489968 158.47643855586384 156.2270482563672 157.32123303641049 156.51167548271602 160.139340717755 157.52958913450814 158.60287767112305 153.86669300452002 157.72989157725166 157.49342105496535 158.46525227501957 157.68373524900292 159.25142804816218 159.6350608834905 158.9173533499723 158.59139634626908
