# Created by Octave 5.2.0, Fri Apr 02 16:05:08 2021 CEST <br1@br1>
# name: ptcls
# type: scalar struct
# ndims: 2
 1 1
# length: 2
# name: x
# type: matrix
# rows: 2
# columns: 320
 132.61102583417892 99.695516450426538 97.928756893536658 87.465645459997305 102.43342860116788 110.57644464806451 79.234598997595597 92.331066422079886 107.02291208904452 112.48360310420993 102.86081828747822 98.61935722903587 110.71711395596631 111.7223824565574 109.45089186315734 110.13110571051837 107.18387601596579 108.21189807893137 101.88896775739805 103.14295091124265 104.37551084485457 141.04036739324573 110.66436005224098 140.74880456982544 140.46373708868035 125.44086597425402 141.01126228637176 137.54634593125974 142.94852562110199 143.9991644315206 139.71934400122421 144.74646072546594 138.21752672129139 120.93840049179781 142.52077771637704 139.65091315743081 140.4454413349512 142.05008752110342 143.02011689715255 144.90759675940768 141.62175845470927 144.12766222703036 136.14764524014055 142.89115616426818 139.99312995878867 144.11512088120148 153.43217608757502 152.80378525989374 141.21216539808819 139.79348566829577 138.13052350586977 141.56532259439743 143.96522828115732 141.67169368541028 154.01585273164085 154.84827486798278 142.8644251344495 144.34348480253269 155.94813070822454 153.41704726274079 152.33804823146929 154.66191318228391 154.51270845130384 153.73997453530134 87.55373134830252 89.623453074577682 88.505632707328303 77.317164140858296 89.087958661646923 88.049295121279556 87.036175807849915 46.213400155527864 92.001654662360792 90.998136461172024 89.922061382244465 88.687836229319814 90.863548249154618 90.064570933479956 89.856768175855308 86.891901340069182 96.548051536120838 94.324074989126359 93.410163430316317 91.050552572670412 91.861826274014703 90.787097510781877 91.943153708772755 89.824878630226564 96.325508744434629 95.520513328179646 94.900760978230338 92.848683743347081 92.744206464652407 91.877882760023169 92.015174568416796 90.424183464249737 102.54424043750943 99.869022360445058 95.540747400984756 93.971346273613847 92.926335062531734 93.086798326445461 94.195316473227621 93.696110876251709 99.687692989934604 100.83803480003562 98.342197362097352 94.00435214771322 95.165892877490663 94.131937373189416 95.113989393176553 96.497811160790505 99.36660137483544 99.544394747340959 103.09217412925491 96.90358171175275 95.112960967296118 97.555097579241789 107.44083373551211 95.305336862480274 101.07851683859538 101.93620856617196 100.9091069268986 97.29354114287473 96.009950238080776 96.241195797890981 98.226619568029378 98.862602036208685 109.69445602997413 100.16922717246248 100.03719706333573 103.86085557330851 97.029197646950095 96.119490008909381 98.958821088023555 79.8883972284397 96.877852083072881 95.776555722918374 98.679540356026536 106.12654635923414 100.52811571596555 97.612932776442833 97.165853451014769 78.504056908063689 121.39969560299448 108.90857966658646 86.979221953771543 99.333301252106665 102.63596813349453 101.72341001931974 97.991896624888682 81.00486451779463 111.05787062854887 110.09994660355881 112.22705655168093 96.115972684132743 101.75883874778104 102.12932459750053 108.30359050742821 105.43117672247962 109.09498896780342 111.01054364235675 111.47124562636395 110.16106092127887 110.66824228098407 101.26055711345073 106.04351838381736 108.27922979481558 110.06316358833948 110.02940877630121 110.40384874890981 109.19964751426407 110.075289079142 109.19540688100436 105.03705727900356 106.98818979446281 117.91692940690417 108.96107175708595 107.22634530172776 109.07378842714816 108.08768641969648 108.21692723474904 111.08124796669608 108.05353055194492 119.0776896327894 146.40203043993836 138.25919311690271 107.0540809709404 135.74805575047694 106.1498193597082 107.14588290675208 109.78579893127686 139.28908421046023 136.6181837668673 138.25885713233271 136.09454838166388 135.59156026214248 134.9674168758763 133.25501893052189 119.71058379600191 137.58737031406821 138.64232347433196 136.56880586814674 137.02938200878364 134.55850516862975 135.99603004307582 137.2920760583971 140.21672112201318 134.73204066297845 137.6347872571489 136.76021936004628 135.3197074537174 130.02927448097157 131.54264601676982 138.59772150950295 142.33736626524586 135.76731437869023 135.85863145615841 133.60479305552661 131.44436230518156 128.43136937813622 127.65049436711058 140.8865318302573 136.98972403523234 134.15625140297416 132.55521376969787 134.69004138307633 129.56052307808278 128.88855716350946 139.10146992509698 141.07256947117173 141.52110754651713 156.72294354102453 132.53203288219322 133.69583873285683 140.45932404753029 142.05182972683559 150.84313334720133 145.78512810247483 155.31227903659743 139.6599187964672 128.97149409254729 130.34770657167772 150.16875011750952 152.0452391137955 146.81440549970856 153.67327034155142 154.90924905792119 139.62573385004566 130.66449556759636 151.37215971899468 150.29648154309157 153.04800367501173 150.17310741763944 145.27237352364131 122.00639605798543 156.07413576010526 155.23489042172235 136.43263771944538 158.50695330723946 153.89677595783661 152.58878746715686 154.97751014824394 156.03437560300199 155.85111046957081 151.09710148410119 152.44932820542297 152.26398378636247 155.40329626919669 152.69406603511385 153.29623341589991 155.26144535851691 153.31578219303651 156.41460008700886 154.74896611969353 154.49712316968564 155.54769764018479 154.46872873265434 156.48625777237837 154.22153388187931 151.35181545129282 159.52132895815245 157.4051953666004 156.59284274052723 156.40046994857897 155.66270179577378 155.69523862098325 156.9660380374751 158.58176514615627 157.45310458974978 157.56320135546281 156.77561046719148 158.37519398089492 157.23934467616729 158.13034113195701 157.82411724861416 159.73696673645199 157.56402302920881 158.87628912057357 158.19253581228705 158.68378754621324 157.62468072085889 159.24602111824845 155.94036049520545 160.64574558558982 158.68294965064169 159.97809669162129 159.15664694321828 162.40596479218885 160.16365362237829 161.19100995272402 155.43208488224781 160.6563400220453 159.70940489557401 161.32895750237356 159.56577069730824 161.6813955792 161.74369795921544 160.48033299068069 162.28141316006659
