# Created by Octave 5.2.0, Fri Apr 02 16:05:10 2021 CEST <br1@br1>
# name: ptcls
# type: scalar struct
# ndims: 2
 1 1
# length: 2
# name: x
# type: matrix
# rows: 2
# columns: 320
 132.81472123344213 99.463150733328519 97.549101337190947 87.11138886968412 102.42142128034313 110.47538069110738 78.793687174241512 92.003338018181637 106.74738741470085 112.3900068003485 102.58689259335698 98.580023367724905 110.60593588223151 111.51913740915758 109.3639141576941 110.22525233222721 106.94112969899545 107.92942143574007 102.06258994129502 102.8770120715929 103.9712932524219 141.21096692262918 110.62668339085228 140.86024287685893 140.33733945130524 125.46931166521728 141.28002186151178 137.71604147496265 143.14772298253405 144.09714714797954 139.84265006003815 145.09178224452771 138.31411842533223 120.69291754027788 143.20155989169706 140.09970200790519 140.74483639561632 142.26211593699992 143.29673094023084 144.82136794257153 142.00977284727671 144.28855723323667 136.37463157409954 143.16940429869177 140.23927100725496 144.1589948584899 153.74040381550597 152.87900915862295 141.53465018626369 139.47520988062391 138.37149823814735 141.73558462304564 143.89681564347629 141.36944339793877 154.22966919169903 155.0740860592027 142.94717066912648 144.58998887591758 156.33604849873444 153.749031488318 152.40630641959805 154.83213835411212 154.79068664230371 154.14371971937385 87.571313907704422 89.370783720100334 88.432217540968708 76.933833003726789 88.792986824475037 87.605358623933071 86.738800650904679 45.492147929656042 91.755933474727087 90.905320046105587 89.541853709241352 88.587123963766587 90.695571831186243 89.772580500234099 89.697448104997704 86.724171496851653 96.393811581032793 94.420175707310264 93.002321666934307 90.566326900799481 91.568586952111829 90.715305940395766 91.940091315163485 89.372561829072396 96.278304200652414 95.45314081566049 94.764946004216753 92.726978473981504 92.759855307812558 91.804569375420542 91.829827382653974 90.34123494298052 102.70860984007653 99.624338367451969 95.321921550953078 93.81233048559308 92.813688255593135 92.896996360537301 93.900943973011337 93.790686782403029 99.487933785515807 100.52020248567354 98.146366907381648 93.844470846893969 94.937127354550185 93.968360290366547 94.798749660827824 96.166599918343678 99.145494815152702 99.278722633439884 102.96337716119513 96.350268751755877 94.606254869413391 97.33612521509788 107.29347982409612 95.180885551606622 100.94443264379112 101.65341331898229 100.58129760924632 97.216204404192268 95.582916074885006 96.113948981440601 97.832055809537493 98.608882496820343 109.790369920801 100.15304815558906 99.84925424538099 103.51298237749488 96.752098387428063 95.803973272947445 98.796302566078722 79.428915021957735 96.605762321649323 95.3710111640235 98.685686575914602 105.98692616078843 100.31087963047537 97.371657045604621 96.938288001612861 78.032752372862717 121.70724351866141 108.78335205204166 86.48343641824647 98.983229759483947 102.02226004661917 101.39544041904347 97.793946271411627 80.599670413481263 111.09402413471872 110.17948213757852 112.08455542695533 96.121770207371455 101.39569596998659 101.92274490040508 108.16625966519602 105.17011791909776 109.24507209110367 111.00837688319621 111.42139502779523 109.98278593483163 110.43596296948566 101.17971957301388 105.69275136726861 108.13884972318665 110.17491751910141 109.82952588508924 109.92952388552592 108.92585983192487 109.57401019329356 108.93099547896851 104.97841685371904 106.5194376045165 117.9191109303321 108.88008566929454 107.05038310056467 109.22947874872668 107.92204515623443 107.99129484354245 111.08659854264363 107.94274854571488 118.96579015156374 146.68798225814072 138.2375561333435 106.92962837984058 135.76825157350686 105.77125697530566 106.97240842722628 109.69594310964034 139.05246491291885 136.63786293603985 138.6387748547852 136.05499511055618 135.69238592754198 135.29127682749476 133.39391715818874 119.81596677593566 137.64124394025529 138.58576703297615 136.66034859570561 137.42629541986562 134.63494601278234 136.5601828764371 137.61372401655748 140.29389938510815 134.86147933757351 137.60896390232651 136.84743826813647 135.5091895571951 129.99620284737014 131.72064135073694 138.83838394352915 142.39751758465198 135.75155867741708 135.97750674583625 133.62708593591438 131.37080339306237 128.51948717148824 127.93639921920189 141.07678434439575 137.05083052926196 134.01785096813805 132.54833099456113 134.6143703591888 129.54729746733966 128.74406270318937 139.34735107774347 141.18916920502693 141.750887245173 157.06386604203536 132.62983942824275 133.59900972683582 140.42898639482416 142.25107500122186 151.20385565782232 145.95133250669045 155.56890033207625 139.70467813989208 128.99663783411168 130.21761999884518 150.18438348528321 152.1370420387602 146.93357337592144 154.03251644836217 155.10018213059445 139.73058875641971 130.68434525781547 151.29964407323263 150.49509459684336 153.30842124963758 150.14725999441089 145.49616681074289 121.83545496754903 156.19650120665577 155.62222884659772 136.11762472927046 158.95121953210034 154.05057681711071 152.9010069738182 155.30391892556645 156.37897270939018 155.61454475795489 151.22935257111936 152.63031268961433 152.45360761284704 155.69649433956417 153.10936759352185 153.7868384906395 155.71427058075238 153.55843076505602 156.74028010575384 154.95401617635122 154.69473462861254 155.65311883567455 154.78095709883428 156.76072173880053 154.28760362682323 151.57227434454074 159.89262349329996 157.82488411876901 156.5609991725467 156.75654274558093 155.89637099698606 156.07294468925477 157.11857612384892 158.7315146338706 157.57513905989074 157.81793301500483 157.04097174357665 158.76929601755654 157.45963097717288 158.1906573162936 158.30048183798863 159.68787381999195 157.74184557123957 159.03379658418802 158.24882301400183 158.97056759425536 157.9519651478044 159.47420543388344 156.25612051917332 160.8980526014696 158.82178496912832 160.24385472801026 159.53285531651028 162.69878348757968 160.49665064006248 161.4528984401897 155.59402197304723 160.79171989358949 159.93110715774799 161.24406824841736 159.85735784245739 162.03670173075949 162.06855206905678 160.61317312174077 162.43607685398572
