# Created by Octave 5.2.0, Fri Apr 02 16:06:22 2021 CEST <br1@br1>
# name: ptcls
# type: scalar struct
# ndims: 2
 1 1
# length: 2
# name: x
# type: matrix
# rows: 2
# columns: 320
 152.49753012664564 90.633253483603767 89.734694341999742 73.649638437783111 93.16956071080368 108.10532595076266 62.227270435219282 79.549658670048188 87.726934309568847 107.78487959208877 96.124944537040648 90.799760063381598 106.38116908030889 107.83861454616942 107.51844934627042 109.26931370124763 81.089600437181744 99.553535393594274 93.40162193472807 93.961655385820762 94.842544469158071 147.46928958285221 107.04512016873426 149.7154270871246 144.00112562865482 126.55024792182087 145.7824644728731 144.16447213567341 152.16660631133325 151.44459234862296 141.23367969763714 150.62197070986082 143.06821746570239 120.83085264154707 149.54508106834655 146.68286167335725 147.67617877002724 150.95147593690126 149.95657110813448 151.14974833932112 148.56538622972698 149.61987977478731 143.11859575438902 150.04408636851227 145.65720586791144 153.1905846818926 163.32184930850096 162.58764049479657 146.81800677662801 145.1034582558901 140.06761905532892 148.58751643900317 150.03568257692334 146.48744328789252 163.13949319523019 163.86610662319688 148.05288213474321 157.49189820616888 164.88310579490923 162.82167680245595 162.08024769099069 162.44919917968483 164.18613771306869 162.16413287684989 79.601398686359531 80.60726591387153 79.824106965698832 62.367249792729552 80.997647933981924 79.115118035729751 78.844609068058006 18.084563346528849 82.28539081905231 81.963843661748044 81.582703151347602 80.67846364140118 83.053074374208876 81.821075658469397 81.827015092383846 78.035126520450731 88.897085644999422 87.045372869016447 85.8870860688086 82.817602514952355 83.437049389562787 83.058359849800752 84.149478063058567 82.088803766857737 89.337038401714338 87.851319930151192 86.717918482726901 84.419709943218265 84.650983853070926 83.879110277316514 84.337073027235419 83.62395593475442 108.6651549244765 91.737279716111431 88.17480592450346 85.48638032602905 84.864265201541428 84.875509636357975 85.661003610959753 87.312277364572623 91.880193333321913 92.574592517146542 90.893946374286429 85.71106142546104 86.594191169609772 86.54334963408931 85.419257556011672 88.304608294013164 90.063925022012214 91.957641699892591 94.431681898529064 88.835011825429987 86.772858797610795 89.480925794209199 101.69403119028848 85.94451959856579 90.695324136623242 92.813365104759271 93.617827039222021 90.042928536816689 87.842520317447708 87.598209782160112 89.385463844157968 90.537041331568503 113.43509777222184 92.96534595182132 90.821566321843576 92.206865787729441 88.741692911040488 87.618601016404654 90.551696918473354 63.456714586880807 88.085315094862111 87.017587076514985 91.987564872564661 100.61100917143229 94.226174148187866 89.82428402966994 88.735676748121364 60.123180035225801 132.72490205760823 108.77724050170637 67.6435860682937 92.157483323154878 92.641124372794508 95.052365667734804 89.720101411524041 63.525938489903758 137.05149852244102 116.88632956129308 120.26914416107871 87.465843232637525 92.412345614734519 91.551417916127718 104.21671478410407 82.180171739196823 112.79697309038087 115.86376848577223 131.03044228284168 111.65842606999958 97.572989904472919 91.295445889978112 88.44856245980354 93.210306221663274 113.24857180537272 112.72500398886524 112.37536506640016 96.32338931823233 80.497660987605215 80.443656021011009 99.894783637900304 92.164688920183849 117.26485927835932 108.8063046761843 107.51038091243846 95.759085687954638 101.10094322384666 107.50877139758578 113.76140282173623 106.5055696554047 105.83920885591327 157.55415134983053 135.58844638152974 95.134095486380843 139.01105528249707 88.8313461991401 87.300150775631224 94.597751015732115 138.47907033904181 137.60121439559333 153.0756483079798 141.06277291750237 139.53676469092031 140.65088423028214 131.72118333190522 123.96578330569366 136.8453352689844 137.79846629786783 138.77948104399184 140.74537217701638 138.51771530922923 139.5378667784822 144.1501920430243 144.3087353140852 135.26685838223702 136.16797603280611 136.48198696940489 139.97318128986885 136.53982201704386 134.11260924608862 144.63186594829051 148.78504589912373 137.238412699126 134.83756434272004 136.12562060103767 133.18652847224567 134.44505390870572 130.97042601954607 147.53242747256647 142.40480967956435 128.7586344443657 134.75658812541917 138.2138070403054 132.15013685364627 136.34485492065514 147.69700655893649 148.4913706717455 146.42922971152507 170.01892108044663 133.49431409674546 137.39659402038561 145.73981191043754 149.08817648977708 158.67793142741067 155.71475345222464 163.92676218142034 142.04973241888837 122.88873414075556 132.83607065182582 160.14319544983715 160.42931113196238 151.46195267201105 161.28928982495623 162.70980496962085 143.0708759697805 135.54347865858017 159.70862890492546 160.82957942295766 161.43339518796941 158.95239594970465 150.84077877662727 115.3396935309658 165.89310520099363 165.2943719664442 124.14713110262346 168.6084221447102 163.50341888077233 160.31455558362489 163.21873578439047 164.64016389560459 160.84709570211541 156.25489387781005 158.57276205250324 163.20077598370295 163.92064094111745 159.32316496647726 162.58066893470266 164.14524861952137 161.95529656899873 165.78623922665224 164.67352525831444 162.27116824979228 164.59594157813137 164.470508589063 165.09563492940023 161.18566135755592 161.60955876702454 169.15046447000921 167.28701660785322 166.01310171261076 165.07738328115781 165.53124554780226 164.26488471274595 165.42351837356273 167.22694750987614 166.16866440528261 166.64296134830505 165.9833922147277 167.33590293196372 166.17254071846713 165.65077285282294 171.10747314570776 168.08803558061717 168.16682598363747 167.80387208392531 167.05038747130047 166.72105216967995 166.41934354864685 170.4752876962491 164.93087928137254 170.57618622154615 169.28729655323411 168.99872043078719 168.37350534592125 171.04188504581637 168.67967602220571 169.51218226085911 161.74763142342545 171.63532490070412 170.06615410672481 169.52844702876038 168.59068427994632 170.23545064571141 170.58349925191814 169.58341843103267 171.48742324932564
