# Created by Octave 5.2.0, Fri Apr 02 16:07:15 2021 CEST <br1@br1>
# name: ptcls
# type: scalar struct
# ndims: 2
 1 1
# length: 2
# name: x
# type: matrix
# rows: 2
# columns: 320
 172.1166963327808 83.662281970663173 83.366978776722249 63.021940728387577 86.874704888742841 105.98064758175282 49.072934352656063 69.717806553100729 66.346877502407082 115.06709889270739 89.520575555827776 84.142964665253501 103.04582686826473 107.30610038659874 106.61526958990395 109.39635143771552 52.688279497028205 80.961785150428796 85.454778329566622 86.646420447144664 88.490276306945304 152.71578560894488 106.49272091874356 154.12235768846608 148.76291323831921 136.50910102326276 150.57994901272181 149.25533844676085 155.81675512908967 154.70970825171409 141.57836694250202 153.28132257050677 149.22695027318687 125.12800557970738 154.20107886723551 151.41244193527379 152.0307995315269 155.17699069740632 155.40923819479312 153.60625834747103 153.40945604341601 156.20585066137431 148.44808643079261 154.41379973688032 150.74832841287017 160.82312124659771 170.10243239540213 168.1256295658668 152.25648832440314 150.22772043976252 142.59710117828246 153.091829656746 155.93696309472261 151.53228573100913 170.45593409427977 171.71826026826378 153.90490752043829 169.20447368331756 172.07227612132982 173.40120025144358 169.18538018354772 170.78416564615736 170.71344566327886 169.08601795256743 73.707490970025276 74.652735095767881 74.449079718736385 50.867315678784365 75.574370558924542 74.782853937228396 73.459414647364724 3.5530034296226605 76.306268945492548 75.116581389539618 75.877489535364631 74.205838496515526 77.17905093905884 75.481127011588015 76.043337789476894 75.190498907929509 82.887960604481194 80.678128291823541 77.935397605432868 76.747839637101052 77.009348537092578 76.766292551337088 78.306729513639155 76.181566025275146 83.361780289902867 81.735942881419362 79.068110064367886 77.633871737628837 78.17274990330499 77.869448176873433 77.929977271042262 78.107367116412888 107.53746831495062 79.446060214835043 82.182494846356548 78.740914791475561 78.993238117422777 79.010524416223916 79.740737521955197 78.737958363473254 86.162731022362166 87.374027109203055 84.435897405940054 79.308441509761991 80.043134711257949 80.286125049867067 79.174621546386533 81.528715773253992 83.521460326509327 85.229756526079754 86.419477244396191 82.544608250811422 80.358654647580934 82.669420940033206 97.273413847808769 79.69326144764031 82.3980339914756 88.401463803677757 84.773359300787675 84.660579376467169 81.51021409993983 80.829184757357766 80.761151698752442 82.226889018792434 116.31251449702776 84.834181980244495 84.389991700969802 85.900860143373421 82.234236571277208 81.172511998715237 84.117513739764718 50.239095110159198 80.282527501275396 81.472538154720866 86.972353964769013 98.807808557651725 87.824843463962168 83.595620589100477 81.910245937044465 45.984043979196656 129.64420615401218 118.00168199141135 52.770020002541514 86.351226139829592 85.073670956407469 88.02406466563319 83.071044110303177 50.730250024707132 183.6300178472008 126.32607645733668 133.77796216870399 80.658575835626735 86.011930405964932 86.881791187132848 105.49219442443228 53.126565967379847 118.90589001940778 120.67182697884036 116.94790644706723 112.81279816290856 79.835695508445895 83.646897239749535 64.203194804883182 78.752605727570284 117.07438941501512 120.43859974298751 123.09846170164089 80.554831327443907 51.812019726916688 51.343172768554254 94.518692691222867 78.276894953554688 116.12167630153459 106.5493686901216 100.64232738793635 79.113198193190343 98.06261444161855 115.12892712738947 118.64188456297389 95.356781698422068 88.6071379855712 166.35502819520468 137.00148438412529 79.59509548801833 154.32401741191475 65.358218301776162 65.179118361332868 78.187110662225379 137.14704099218622 142.00927007677353 168.65617092898449 156.84318707032139 155.70309954232573 147.58647993917421 120.45346291199698 127.41545900444933 135.72035680854071 135.8872665212289 147.60965928808082 154.57419428270893 153.35898691259226 147.9111014374935 149.30307765804091 151.26978458263784 131.44337391841688 130.99905903670532 149.17024826290506 147.47097139910363 148.17221557193074 126.20465628058913 148.20672534567993 155.15745265083513 148.37669121687085 126.73094305824696 148.83123394402651 128.28045706076603 131.06988531236124 119.94197124444568 152.64829316678438 149.21782001184314 123.98977235846431 132.48806885246822 147.08826136522856 125.70901598214141 183.32364760373275 153.05060483900601 154.18070109683228 150.5665716939757 180.24659611077132 125.98466333960862 147.80016183761711 149.39421077442566 154.73414889986705 165.3720659670166 162.96643593411636 170.64639361166192 145.04734323799062 105.39144955967963 129.04539192671652 166.65978230300067 167.28627703865217 155.03698895839759 168.48187092061531 169.62235641003358 144.59906239001967 133.36866955644089 166.09968241852906 167.71849420018683 167.28528547997129 165.99489823955452 152.28176336787845 110.21146081787379 173.83675453921339 172.64183877100206 114.69674139737583 174.74187224173477 169.93054470576462 168.35395702374046 169.81182615809035 172.99279787093261 164.80850921064527 160.22242648835532 160.89171005582708 169.91448827402041 170.92859708291562 166.42758575754698 167.95369527218855 171.70897015154898 168.95207594971313 173.56403322584799 171.33878446846319 169.18549686500552 170.30137661425604 170.5964847498044 171.56385354428102 167.43377713070944 168.92251191983794 177.6089129056146 174.59266521073621 173.64255312747571 172.55945128554671 173.21246709816748 171.57871485135055 171.65668899384417 175.67483849895791 174.33122595495152 174.07937231642592 172.85973645545482 173.38822905109032 172.51533874913517 174.13679848515616 178.20126755253608 175.43852392315733 175.16352288696311 174.77475977055985 173.70538868253007 173.64325699512895 172.40583025366979 176.44243672711727 172.66914556020629 178.75418709265836 176.4044996297113 176.04304027456436 175.53852840614562 179.14318797321755 175.37864204034753 174.69906764986339 166.60574414740825 177.77435328695941 177.3827022231925 176.62648954965562 174.41496358750831 177.47549776630575 177.19440492356901 175.76507726164994 178.69753488530236
