# Created by Octave 5.2.0, Fri Apr 02 16:06:25 2021 CEST <br1@br1>
# name: ptcls
# type: scalar struct
# ndims: 2
 1 1
# length: 2
# name: x
# type: matrix
# rows: 2
# columns: 320
 153.38529079389923 90.323432527473074 89.39285064770263 73.177296317365531 92.962501718429436 108.18924153088464 61.832791517586244 79.112687464850524 86.808596271014409 107.16293425616088 96.061630602959184 90.654697091851375 106.23293164866249 108.02940013640919 107.52851313852389 109.01526237762 79.884361613477679 99.198826103887882 93.111412994176035 93.563100607111352 94.17897391021954 147.66167721152729 106.750681383687 150.14857926429514 143.94784335904018 126.58817550977187 145.81636110702456 144.39073286061063 152.1692693134446 151.34643845951598 141.24899913074225 150.92982867677009 143.48168895996761 121.02183721657642 149.80861792584713 146.65034658249189 147.8137912571772 151.11720475922607 150.61815614070241 151.07078476612116 148.78623182188235 150.0962209829319 143.64644743675623 150.27899421550154 145.41715925833134 153.52980852921283 163.69915075913903 162.95422619943349 147.23510592558458 145.20452230924079 140.17921857394396 148.81594161722001 150.42230219475692 146.51554194797686 163.26370557778725 163.92922745193724 148.53671475856893 158.00805688087789 165.37380270121542 163.42646500933176 162.13237225366814 162.61664274322496 164.46822017687654 162.53549636422028 79.282451218291669 80.151668657086134 79.55826146482174 61.856141609887544 80.705105196292806 78.811687426687399 78.4767899308317 17.122893712033228 82.084330412932928 81.384172829997851 81.395489430073837 80.363521878008044 82.999086670543178 81.503798714427731 81.61597514322257 77.950231893903847 88.619671550636866 86.726126784072292 85.656130489378441 82.357047511367924 83.220602688085876 82.918394777960955 84.125257820553742 82.269552562134677 88.801127673256914 87.407379225629711 86.326813445405534 83.835452247656463 84.309805447336714 83.545170856550371 83.967622180988315 83.320214584411517 108.70161694129187 91.584743144674761 87.725346204755766 85.114659529004626 84.637718264099234 84.429872387287944 85.22355916768322 86.911819182149685 91.466834036688681 92.354031151415512 90.878697810036684 85.602831938855502 86.277863489100227 86.092430223174802 85.140004668442515 88.179942060098909 89.817760571950117 91.955130072967506 94.358007833297819 88.679584305918311 86.680046753310918 89.191759824955938 101.4975593084005 85.862217963615947 90.38723843827475 92.200999953185814 93.464900192829887 89.768456952419044 87.734167351760462 87.20493780437431 88.886293627626443 90.231562777584699 113.56298295999099 92.506862301722734 90.028424095213708 92.034884056936804 88.392979744442954 87.296145224790109 90.441676048824831 62.936510840012033 87.625726120022279 86.533058823516967 91.794751061056189 100.42238050513909 94.033499538960371 89.793455699236461 88.270330272696143 59.494773988291172 132.90673937370093 109.27102158134811 66.982538687593603 91.858768122658148 91.943063892000268 94.919960102069794 89.239442819144799 62.699836975539725 139.12165493687479 117.51124827351029 120.86749234810551 87.514178064369133 92.461840519014515 91.143227639824488 104.27331721706868 81.16440129027626 112.94013584266898 116.28140764809065 130.93985142001989 111.93224383769603 96.762363177714619 91.444670803345872 87.506866011394081 92.532639927908178 113.41141145440221 113.1599047582373 112.93637450434602 95.64008515368765 79.109915361785724 78.930586420561127 99.655846262492418 91.688487729019457 117.20103833584682 108.84088753586934 107.95066595816836 94.923558757340913 100.56434958414681 107.78079531586489 113.97865767642855 106.07688620848324 104.82094762549296 157.93542044076702 135.49511678933968 94.450293808843682 140.0735531369682 87.610873883324558 86.326453810688761 93.851102059480723 138.73798895161926 137.87506293444906 153.58220527124979 141.18083556023612 139.9359342338598 141.10423219278132 131.56030469308223 124.52379033108468 136.64864982231072 137.50941333149689 139.12537708565287 141.12590806952474 138.61944727302125 140.0826225264189 144.58499507029606 144.60220747918964 135.41931932191261 135.80884352404789 136.31204966404187 140.10351517329934 137.71786317752247 134.21839710459636 144.71989686994249 149.07302768682254 137.18890410025497 134.3061961380881 136.17580094452353 133.08840793043328 134.80565166385406 130.13760376530212 147.79302123410318 142.98603151783968 128.57410053125088 135.09345281730145 138.37072927487301 132.08877856811964 138.28135140074789 147.89015581336332 148.79049862755508 146.30035138504132 170.47348441512773 133.65804858901038 137.27962607606656 145.80301477722858 149.5211385884314 158.86665346873949 156.03553395312727 164.40929776213082 142.07259451374401 122.11320632373658 132.61235640254958 160.3953521726429 160.724340190937 151.62084317362823 161.54983669986632 162.85707940657736 143.24749954132335 135.25263446589773 159.94013475777189 161.1617389758803 161.60475702613977 159.29351279320983 150.76939327665198 115.1117720770506 166.14566865301393 165.72141367632503 123.72711378239023 168.77974250938504 163.68361980474307 160.46567905990491 163.40592131707706 164.75219811785095 161.04080644258693 156.43122866050095 158.67582640820652 163.2837695674402 164.33633908469531 159.63555129808006 162.74075394972829 164.48450890720346 162.24255266104154 166.17112097028365 165.21305180996947 162.62992069152466 164.97927400963198 164.62344310338162 165.50588508357268 161.61686373635507 161.83524876967041 169.67087713823727 167.17290627071441 166.34722749194958 165.45853229112444 166.05864617097475 164.5791330129471 165.7820951618109 167.41675254090251 166.56439661447882 167.15623301473767 166.47184870450837 167.77857794226469 166.81299235508124 165.82246147987135 171.79514737867677 168.55715932261558 168.29434598355357 168.22273888266594 167.48621531165816 166.60003576258094 166.80147622832231 170.77367832530027 165.14573251505729 171.23239098315372 169.4701967773199 169.31704022879009 168.65826449340599 171.50315325528553 168.76913839473471 169.71689785653243 161.96354754449135 172.19647003153983 170.60965943579555 170.13987896866351 168.8650944750558 170.437256283083 170.84354661925576 169.60006282860471 171.81262787971229
