# Created by Octave 5.2.0, Fri Apr 02 16:04:41 2021 CEST <br1@br1>
# name: ptcls
# type: scalar struct
# ndims: 2
 1 1
# length: 2
# name: x
# type: matrix
# rows: 2
# columns: 320
 129.55559484523076 103.18100220689684 101.32651490451494 92.779494314695071 105.11644250714795 112.46467314333368 86.253864520548021 97.246992480553615 111.4596291919748 113.88754766213141 104.95576410676823 102.26411044863892 112.35089157169411 111.62253455367947 111.46176663000583 111.57819553728825 111.4466058347011 112.47246043361909 106.29050835294025 105.43217316004224 106.27704434408655 138.04725648282741 112.85168066992634 138.46945022006943 138.11659450009938 125.01418060980524 138.06623541102311 135.00091277571602 139.89119826334667 141.47885773728987 137.19567962864514 141.22508009554784 135.47538296945075 120.72966200086057 138.24706323758582 136.69031338290768 137.82073744409874 139.10876056268114 141.71454931896756 143.52821701089863 138.91125592410179 140.31847742127724 134.71020533983099 138.82707084956809 137.05403861085333 142.57561598566275 151.76917187139563 149.87438663923317 139.3188622184438 137.13211892839553 137.87248623181438 137.83505344318155 141.19765492882721 139.37859132281577 150.77218627805351 152.91942243024684 140.3356967135766 141.41392559169122 151.87904557192135 149.74717323582308 149.62107321761894 151.32995727129418 150.56513068094392 150.90292268072133 92.317561167606897 94.129848115823961 92.918866643433404 83.067131197830889 91.677828325909729 91.612918730729334 89.918657443850762 57.0321835436052 96.572440237782516 95.377479340847586 93.858280814548422 92.754204462548628 93.823344592176241 92.64605733762582 92.825811869505259 90.404495786265684 98.816663001476087 97.762818283141073 96.970794060299497 94.864160413856155 94.945060915587575 93.891696198869113 94.100944686690084 93.012274482972899 97.129336920925695 98.825281474655625 97.900067342471459 96.012283125897369 96.028484684705035 94.994599171097107 95.351187205976885 94.753332555898908 101.53346486484087 103.41927782401181 98.357498923185801 96.97845678989907 96.247297118543869 96.284721556143822 97.181471241540308 95.691680161496706 102.1235030336431 105.46070860011933 101.21264599172223 97.195025796099401 98.191742728622188 97.247844382942844 97.918760845483277 98.994355487245116 102.29404670674161 102.4312009600328 107.41405739286907 99.409945161375703 98.053784084317812 99.826162777235879 107.27362133585399 98.162310309072794 104.21753226866342 104.35075717550839 102.97488038560967 100.08724242423155 99.012104497045897 99.238830661499279 100.27686665934631 101.11612961517059 108.25574766757117 103.7367899909307 102.96435484708176 106.04370406710943 99.960155367025976 99.068705005644304 101.25455278466804 86.194908224371105 99.483998157897972 99.100791341188923 103.39537779581023 107.4209600372516 102.99145268235613 100.81025669007445 100.31281200250612 85.573624936078261 116.78647686799053 109.46238660152375 94.416004986647636 103.62998128380593 109.54722268350744 104.05170571832414 100.32599824786485 87.26291001115149 110.83496871369979 110.46208980972233 111.94577476689764 100.26314294723285 108.37797364390723 105.2012764807229 110.36355314091104 110.12967482509283 109.27723668885677 111.56818638872041 112.07047990201497 112.58746028320014 111.79306622903307 104.17965725328587 113.32980199365933 113.47589257098295 109.60559057705957 110.88367829870805 111.47373743812594 110.6490489968978 112.15719893115961 113.20067456878469 109.23146633073851 113.50157174216021 119.21501487626914 110.39682053901566 108.85574472116811 111.06928349306173 109.58518458861944 109.91001605742794 113.00337011263235 110.98982781076934 119.42537353039121 142.11275316690291 138.32171959032965 109.7428089359952 133.05357641015277 110.31124711520238 112.22705168771634 112.25701872143351 137.95982493604666 136.00387652299469 135.28714820524803 133.94001940265346 134.98571550532105 133.16266841792353 131.17154551551903 122.02082186073275 135.80014706325264 136.84062196981913 134.78399370642049 134.45694073277363 134.34718574920657 133.83294754993338 135.77542559999367 138.63221357668047 135.17376444947092 137.15117962119803 135.45467841504319 133.70082832070162 129.99787098056061 130.92610017489991 137.46076467178602 138.83244301240097 134.61437378597986 135.22293414305548 133.34109197550353 130.27933352963066 128.31456503768149 127.09729698579454 135.96125749033527 136.54824143785331 136.43689301008305 132.26793708819153 134.07881459856702 129.08855404271947 127.65164103344465 138.00369462806097 140.09145975013331 139.90652975806569 151.60910602586219 132.21217051705653 133.22815786431755 139.00925575421667 140.56426963776141 147.77299850532916 140.22340148625247 151.5665249419211 138.9471978732771 127.99115418724556 131.47655159899378 147.62075350806396 148.56377579721382 145.02688735651529 150.23316490782929 150.40823419027186 138.09424102625269 129.14440244324607 148.76833766857308 148.00478151328124 149.59093377500409 148.7366188659874 142.47345859366783 124.57051241453144 151.79400703458393 151.86946107585462 141.1578325720692 154.34552854193748 150.60535119305854 148.2960129626494 152.08685196352917 153.1772004028565 152.09829352986188 149.11333517882855 150.20537100171356 150.5193955250013 151.64056516644555 149.66099104843047 149.80203893681215 151.99062182645034 151.15810217318477 152.266586962796 150.66013480773006 151.43148842768861 151.68327896431185 151.30002285111115 152.72602110842996 149.10370514442039 149.07572712690995 155.45889004627139 153.14436882076728 152.69548358823917 152.66071738612379 152.40403098735391 152.41962585935147 153.52807076116289 154.72104233152353 153.56370746783853 153.54801283220041 153.59941045352909 154.00872862655143 152.99273668630047 154.65757571530202 154.6912084280026 155.8266919970128 154.02668229203729 154.66489716733378 154.94803108215197 154.88413558548851 153.87971174937107 155.66484361341529 154.18914179987564 156.57882977080618 155.24926036879492 155.96160421883454 155.7555425935474 158.74860381966656 156.52190478936757 157.12460666743746 152.81373822918599 156.61302732817308 155.77862366569443 156.9169128631008 156.81368736046304 157.78030154350549 158.16177009221232 157.60278349295351 156.62408800891467
