# Created by Octave 5.2.0, Fri Apr 02 16:05:20 2021 CEST <br1@br1>
# name: ptcls
# type: scalar struct
# ndims: 2
 1 1
# length: 2
# name: x
# type: matrix
# rows: 2
# columns: 320
 133.90109669617925 98.223866908805746 96.380808360045592 85.222020388013803 101.02465941761511 110.39679512938562 76.515637320391122 90.255453197390977 104.87983764571104 111.89082651308753 101.87568432543337 97.584131027723927 110.01298615564588 111.05289205275648 109.17159532535445 110.179324444134 105.50735312030768 107.14136149993406 100.82151313104112 102.38402878294555 102.98761309513942 142.29772708494565 109.62407169874108 141.21580498515226 139.98400371741019 125.62102201702129 141.75666805952366 138.62108437471153 144.78042395969888 145.08530385485443 140.23946469092448 147.50802762618105 139.21560329036973 119.69862001296929 143.81509662061771 141.11462282760542 142.07746514742723 143.28949192824797 144.25715309754779 145.67506684376363 143.05664970422794 146.01325874262304 138.30239664181224 144.07457424016877 141.36021345211103 146.04598244993602 155.26793633254596 154.3585818659173 142.46941187998974 140.51253224130073 139.71350928120148 143.05369034648538 143.57225292623167 141.58470103538522 155.49752773144559 156.36385246157275 142.68149699530611 145.10851406845964 157.57819752562813 154.41603296475799 153.45324774030527 156.20998987060224 156.42110648914678 155.47436988636917 85.737645875855904 87.990623113223975 86.767892776914167 74.889400272358756 87.712455311962557 86.572046046124825 85.647222237398594 41.645469391672989 90.312640246403859 89.279883506854006 88.780897021075106 87.754973946295678 89.648894477105358 88.635657495660382 88.797418253691561 85.849329306155454 95.508567588593337 92.945466551375162 92.219363408961442 89.760021461257963 90.694655382643504 89.693268462711757 90.769764173153362 88.688821954351042 94.979339925492795 94.346844194168028 93.295956653413199 91.283155217270817 91.71438777564677 90.706341782242447 90.554013432364584 89.598340876806759 103.58524665376775 98.673358472395577 93.930676930267396 92.439308932388215 91.732056527912121 91.775134513440634 92.015457193402881 92.718257128918154 98.586091443193226 99.071265945450264 97.698990244013487 92.660000175670945 93.821915731772009 92.894150371671685 93.151169317895466 94.891834214582829 97.864290586425852 98.637030940395263 101.66440372766442 95.399956814163843 93.526128101944892 96.042745301496993 106.50759229654417 93.986023556491602 99.14408621569261 99.43178653266871 99.955776842029394 95.988332642244998 94.364065092998018 94.90156154318943 97.099299648940104 97.649557957687378 110.30191067187761 98.939545097881592 98.829426064932946 101.14872264383359 95.672578489714624 94.819786475684467 97.656202841028886 77.069065825593796 94.315210395279919 94.684373511450573 98.202106467411824 105.23241149561564 99.803974728642345 96.579041295008267 96.287531588725486 75.519128185124202 123.34749906888504 108.41972763316454 83.839246895446081 98.343760608393339 100.52399799583691 100.91531947506522 96.732002788928014 78.274432748232243 111.61021038991584 109.88956771998902 111.88582317141181 95.515830201888633 99.615596498788946 100.1472515556043 107.43382850662435 102.93304929452108 109.51609942192427 110.52979190025862 110.34256953369373 109.15383607229879 109.55250503746164 100.15503418030012 104.4316577979786 106.64222226566933 110.78669974394568 109.50410814199505 109.2896623620812 108.25181917997834 107.30311081756453 107.78379387470758 103.63099659282884 105.75671673908379 117.8857203989302 108.4316636709962 106.36556428330159 108.2470862832061 107.38402545897885 107.20749991214004 110.29063758601681 107.23922089003217 118.41401824137753 148.21305862188666 137.69254126502952 106.17475522606694 136.64327986456482 104.25306203953495 105.33024935002001 108.13032766658199 138.25824011545589 136.89752845027425 140.66500270786514 136.51713517240987 136.09587992613379 135.39713413939151 134.13470770574531 120.06306445478438 138.09685239718425 139.25067664013261 137.30490366487143 138.5652309586095 135.06364260667854 137.19232636600555 138.49079035368246 141.27640514512078 134.66097144180102 137.84563289777185 136.77439151153027 135.99561915776019 130.29951155329897 132.94017361892304 139.45617664881649 142.84975222159042 135.8099870896956 135.77778909156356 133.77563102809344 131.67736209509479 129.02515002829105 128.00387556363663 142.30973997309979 137.2145695875256 133.27971531567877 132.94806846665622 135.00311508388657 130.00760821786395 129.21579667744814 140.61814988392902 141.8323878752596 142.17161656753507 158.88211938075975 132.60020180389222 133.95158488159746 140.81010321167807 143.5414485217058 151.5404609803891 146.89442071259433 156.97663111945627 139.93269538161454 129.14656875037022 130.33599217902619 150.93869912547765 152.78819735901538 147.56913538239016 155.15095187414599 156.45781428347968 140.3005141802912 131.02061714801013 152.00690328982799 151.77884357655165 154.667197251907 150.41918470890556 146.13425845539618 120.92376915188822 157.06819741958842 157.46895328126971 134.43755544833755 160.7254583192906 155.47304645010576 154.26684281925026 156.6816060208954 157.79470718312669 156.19780603241227 151.93469170188297 154.61253272450543 153.68697452111343 156.54289672241944 153.48668620391922 154.63981504932585 156.88608053986007 154.02360258523555 157.44686219184638 156.44232679223941 155.55967210115051 156.47511044427435 155.73956496384574 158.03199553254987 155.7840500233163 152.76752926780949 161.02315846003881 159.77919658414154 157.95659189510653 157.9410966169917 156.88355362648244 157.27945015373828 158.56558130565986 159.98967521119562 158.67521577200779 159.17524368253066 158.53446457283655 159.86657097549244 158.66518325523566 159.74286825006359 161.03653662136813 161.10847099420263 159.16436056778159 160.26851922595608 159.60124411903905 160.53657920277681 159.47746452008863 162.08747823809037 157.48794754000363 162.25727803328681 160.25794483874233 161.33914010569762 160.66526640511557 163.43773049224023 161.91614743143208 162.50659552933126 156.45768645731084 162.11617206997715 161.21068449382713 162.85477698202746 161.21750403339979 162.7635667156992 163.22681746129433 161.87502284983429 163.24347121238
