# Created by Octave 5.2.0, Fri Apr 02 16:03:28 2021 CEST <br1@br1>
# name: ptcls
# type: scalar struct
# ndims: 2
 1 1
# length: 2
# name: x
# type: matrix
# rows: 2
# columns: 320
 121.30212778944846 112.24403052475269 109.79340311852937 107.06784345732684 115.04438919114517 117.35078384444881 104.42683103547563 110.46537143778298 121.09645724589369 117.61306521134216 116.21533112196917 110.7491949236278 116.14061838177628 118.13131354808438 118.99818696600586 118.53865304981822 122.27536307979285 120.93749973496267 113.31783765110896 113.15022533256901 114.37190085785055 131.96710038781717 116.83371623565994 132.35294027624349 128.23555576785287 123.86687107428739 130.30253647299955 128.15652584636513 131.76981282068087 133.97098508284526 131.96159006161903 133.20070810286336 127.10086536468692 124.71109906069235 129.75111070412669 130.81155106713027 129.79548390949344 134.97125118036536 134.12957833678448 132.83474267179659 129.27514437031522 130.96378415847104 131.62616542577771 130.05568091715347 130.86355101134956 134.16556483926988 140.95895470919388 138.71535314059781 132.84678241941714 130.47053740534858 132.09643360242171 132.28843351792548 133.54680850392859 133.00328579250856 139.78615508400927 143.06647694330405 134.23206565324034 133.55603100103338 141.95974876394561 139.57324898722678 142.00702075394582 140.9764369823686 141.93174935809421 142.07055770800935 103.30962843198844 104.40414648395736 101.95123011091644 98.528153728801641 100.82967315656249 99.863238041848803 99.787206407697198 86.122689987095498 105.37611961282673 104.35376031468495 103.11356676466882 101.79161380908587 101.89415456900576 100.8566176662243 100.8397926495422 98.699045056639747 107.39623000227148 104.95147615883165 103.98044513133118 103.01096710508045 102.85244673343789 101.78966836545453 101.88815431016748 100.86805324437005 106.30812991292277 105.94264330901036 104.99620038230573 103.91953140679294 103.86784861307599 102.89802777525249 102.87177944129537 101.89029326293961 109.81693286713627 111.06879413130561 107.0621139745915 104.95699943792843 104.94780332744213 103.90113427682391 104.97001639994517 103.03688619055214 109.95555540784432 110.23891512884262 109.51939496959849 105.94955598767615 107.09943956479218 106.23842624094924 105.95419945059828 106.27301993495506 111.29544005910932 110.89180640861312 112.68044768429242 108.1964082845649 105.89281406743635 107.24588464476429 108.21831126771511 107.02606638736184 110.41376828122057 112.7491956110665 112.06663759829425 109.13789335196361 107.12135629521491 107.79406368878624 108.55650543236223 109.38035241734278 110.48877352476261 111.26796886372632 110.93099061844028 113.45357032664489 108.10886741407222 108.16977406311945 109.80427181918569 103.39731372017427 109.24501444844918 110.14338619656679 111.5324706934193 114.6072230744833 114.85145064909948 110.22235285477907 108.77857837024172 104.57259354671397 114.2733797238585 112.66505900372744 109.7815651290952 111.46146983694794 114.56271816354183 111.55446592420269 109.21910080548449 104.55657372024962 114.68834528171324 113.73306949926385 115.41921235818715 110.28778317984309 112.30396711848631 113.09454104885529 115.9520971508111 121.27340786082965 112.90246446635187 113.75771655831856 114.85742703676559 115.79933847066656 116.8870101016154 112.07462527039065 122.27961068504322 122.41247958095526 113.11201972166504 114.01063712355283 115.10649807250196 116.27391824893768 117.33785054077936 118.39918007674278 120.59826015711073 120.38547820309066 121.5400690559465 114.29087570288989 115.47972897744677 116.61306870546008 116.30858247596115 118.80265725530334 117.89586706890312 119.56077259020427 121.52561031522389 130.57936316607424 131.11011934358783 117.69956919647409 128.37398073349661 120.31915396931402 121.53802502985141 119.07848598180055 131.83468491736008 130.66501239950318 129.64806201803245 128.48281730262138 129.70300677445925 127.38815533844644 126.13654795671211 123.6900836548788 129.47633582837318 132.82821088308262 129.45013023610795 128.43384714035406 130.2288709946699 129.18026348996867 128.1857953864143 129.23650299100345 132.26874190158614 130.48913966339862 131.44998177731699 131.12480317480504 129.76522889213581 129.90719729622305 130.33124758134144 133.17514411493588 132.45046295590467 131.82662590509074 132.9490023145965 130.67124639763603 129.20753605222694 131.42063088540061 131.49052307719907 132.06510771306961 130.71710568777027 132.58896815646855 132.74628960313183 130.39975852129294 131.47117214878202 133.83276544598067 134.62997729725933 134.04924936332796 137.858565151759 132.7631007238725 131.83779212879173 134.88175510926843 136.11508697236985 138.84188467692201 135.89264187091302 142.65214917114992 135.68118172475195 132.69784724458756 131.68773670123218 139.76624303257751 140.63068689396479 138.53088168202839 140.88680153771304 141.19088948327351 135.32581576622331 132.64064470676445 140.17082345054362 140.30136851361013 141.47957527368155 139.84700015477802 137.61966321597896 131.46513639545762 141.30187909041868 141.80353287250796 139.05078076058433 140.80689241458549 142.57564121211811 139.92027455825635 142.19857101760147 143.22804393873682 141.56006874660656 142.71251861667361 141.38738015798145 141.86174508193119 142.34891932387544 141.52409990216714 141.09627403312092 144.15046188025255 141.91571634733128 142.74772636757601 142.75409040210795 143.58140572339269 143.56482607948712 141.98238012210004 142.96064368103274 141.63783772698775 140.63825420919909 143.7326294482605 143.95541681761517 144.42018900009813 144.48784893086622 143.14750657474687 143.72627030605327 143.35275536488624 145.16237591962485 144.90355234566997 145.57071507656343 145.53116948719037 145.35376167694812 144.14297333526073 144.50630301390365 144.52990795337155 147.03695660361387 145.80227733556509 146.80187782961679 146.40441010007183 146.0798562846625 145.07623707744401 145.65058807518037 145.83871543651952 147.88643672089191 146.71159015303166 147.5664979063601 147.3066512512446 148.11609168654519 147.08946770781588 146.7821743939447 146.07422081185871 148.18351723249205 147.97909196768916 148.79374268376182 148.36014699152295 149.22669088263029 149.11023554931384 147.95374591312455 147.37788257776765
