# Created by Octave 5.2.0, Fri Apr 02 16:05:19 2021 CEST <br1@br1>
# name: ptcls
# type: scalar struct
# ndims: 2
 1 1
# length: 2
# name: x
# type: matrix
# rows: 2
# columns: 320
 133.76529976333711 98.378777386871093 96.773756625159038 85.458191448222593 101.21171331703309 110.35342683496923 76.774223160363263 90.47393879998981 104.96478025560017 111.95322404899515 102.07845205691814 97.595406855822674 110.08710487146908 110.96511769997866 109.35661745633102 110.21544499631847 105.65426960081838 107.27235213214122 100.81552281127466 102.49302097748914 103.24150672744658 142.1033557973573 109.75728282910761 141.13421437539319 140.13934544951874 125.60205822304579 141.61968008117083 138.50795401224292 144.5302375012366 144.87654707291981 140.31469862472727 147.2678657743964 139.39335013323148 119.85667813746082 143.87242157336232 141.09460005250861 141.96764292667999 143.05208611639216 144.35988814934353 145.34564967028268 142.91120408692282 145.8742151022465 138.00582350207335 143.80374158299986 141.28764207663633 145.87483856106684 155.11850185914662 154.23221196101841 142.25071442235782 140.43884381375881 139.61808082473684 142.89006192091497 143.39812003495234 141.50008811626654 155.62072787348799 156.28653961655527 142.66573421477025 145.03848069302097 157.47755061754776 154.20636084838412 153.30523672768157 155.9754595690768 156.19502579078139 155.5221545304293 85.835391820296906 88.158906909770096 87.01013268318917 75.14495436377976 87.693972321020411 86.685106670600831 85.808546460515245 42.126304208920871 90.537160392180482 89.508384916499139 88.998385950858477 87.940659573731168 89.856989262098708 88.860711411312067 88.751039027311975 85.823764072907565 95.469468640447175 93.180425517916191 92.341825521378766 89.860385390654955 90.67659067939654 89.796972142601234 91.038716325543277 88.680030557968237 95.083709413965039 94.325642361465299 93.333857130825933 91.549855618304392 91.798581529103103 90.776351873397729 90.712960896724866 89.691787128060071 103.47566705205635 98.899805542070638 94.054493350058337 92.527406865705544 91.915422445573469 91.837702080079751 92.344032549925458 92.951134677035199 98.590356465699557 99.327036284548754 97.838557857246528 92.945659159342597 93.923168594137096 92.986612371015838 93.345396876305287 94.925117613707116 97.919242848344055 98.736366604615696 101.70774932118792 95.508474762312787 93.719399313028362 96.350879943143497 106.60582823748817 93.980375280103814 99.32180451363773 99.616711800749982 99.98692640263792 96.267546578077855 94.5448156586491 95.142713581113142 97.216682890077251 97.901281740795582 110.23796807799303 99.228699969512917 98.933060595382855 101.51262369461672 95.76491115781154 94.961217060949522 97.788524972157504 77.466145099490134 94.670967384578262 94.663060622009326 98.483802222119891 105.32672582876224 99.955110146639981 96.664478232176748 96.401095590397503 75.833331208591517 123.14246712510709 108.65477959027587 84.16977058579613 98.207506269496236 100.69484837618789 101.07766028550851 96.842328135724657 78.489159723796718 111.52520882598243 109.81396975163254 111.94498978494008 95.629277300084709 99.854931714200802 100.3517950039721 107.52538240144581 103.0899845827567 109.38018859829361 110.67486235432639 110.34477968287983 109.36581495957378 109.59173190633801 100.22464946363273 104.5414690057098 106.70464887043421 110.81160847823566 109.59267548096197 109.32824229421246 108.39812600723197 107.66774729830402 108.03459191094116 103.74069825940649 105.73504842705678 117.84452922017901 108.30646717585255 106.48031118535035 108.42090256636902 107.36005504624823 107.39414287029958 110.4382527711379 107.35046572820069 118.52835472532719 148.02242407641842 137.64825088750226 106.29965080816471 136.50086656231474 104.51830437112264 105.67824716359806 108.39132090943704 138.15586242129314 136.9824686255532 140.41172422623015 136.52729850010815 136.03552055619133 135.38404960581221 134.04210888730074 119.99840631135027 137.99159472285771 139.28295422670942 137.15637423124429 138.31274988504285 135.19436443066775 137.24581901116292 138.29845174378548 141.17127961452996 134.84660881871517 137.84590140361738 136.87378983371204 135.97011418590427 130.2355688154162 132.63054457666522 139.3235948213038 142.76929957830706 135.95447673279472 135.92568617159685 133.58843504902725 131.73437761063465 128.81539097284383 127.94591714930191 142.26328814059249 137.20384753819579 133.37198227223618 132.83152837609592 134.95089080777552 129.95010499784252 129.14028553305286 140.38041274483234 141.65810578162058 142.10262509109299 158.6548377134192 132.42807273587289 133.80063448424681 140.91362692499985 143.38455559271324 151.55611380977689 146.84758502963649 156.76294579842431 139.90314686572987 129.04848927247187 130.4481243911134 150.87473446033212 152.61407129348916 147.48969013158157 155.00028386026241 156.30370424458479 140.23031986297661 131.12800772064909 151.9827249133786 151.45099974834187 154.58358893113086 150.24818259688976 145.88939199068878 121.03772987884582 156.97210913064089 157.22523898926664 134.64756410845416 160.47346575664127 155.33498439582013 154.16799141075529 156.49307188358148 157.61158671964853 156.0862532107131 151.84652431053752 154.52758999195547 153.46040439952628 156.24851072014897 153.25860776568814 154.61029282454834 156.61202147520848 153.81063445529227 157.37628831245462 156.31834791632778 155.4048403306837 156.38773593864414 155.55522998742777 157.82313978952183 155.70310426873652 152.65633317285278 160.99454527194672 159.52286015185109 157.61281991076797 157.87281991458283 156.77326135997305 157.20990927254681 158.24231922673334 159.83869582445416 158.49339314462676 159.16503753363193 158.33126350214664 159.62710954062396 158.55123459714977 159.64575362288508 160.59897308988815 161.02155745771256 158.8894592388842 160.17067671598414 159.36087758470205 160.48871753851037 159.31899765111089 161.79107268287305 157.33345351242642 162.0475220707454 159.98184428688185 161.28601849300134 160.56637088264378 163.12606148694184 161.99875789056583 162.25743387782617 156.34972839677789 161.97188082604106 161.03592342042506 162.46672529203209 161.25498104210379 162.77558576728691 163.11853187034671 161.6659967112403 162.99241761176833
