# Created by Octave 5.2.0, Fri Apr 02 16:06:23 2021 CEST <br1@br1>
# name: ptcls
# type: scalar struct
# ndims: 2
 1 1
# length: 2
# name: x
# type: matrix
# rows: 2
# columns: 320
 152.94141046027244 90.47834300553842 89.51891776325246 73.413467377574321 93.016368866830007 108.21716561399568 62.105900480643186 79.331173067449356 87.274739994633933 107.47370375301196 96.122547187896402 90.688843036315717 106.30705036448569 107.89888217013736 107.56396136815462 109.13742297281684 80.585558294538473 99.377740883811896 93.269483164417395 93.910540367830052 94.484401621639634 147.56011008394341 106.86214076813916 149.91988528906512 144.02894609586684 126.56921171579637 145.75744551384037 144.27760249814202 152.2131755098284 151.39190071812803 141.2413394141897 150.77292225173855 143.27981143545466 120.92634492906174 149.6900395192512 146.61404619225652 147.71807930687328 150.98631936758167 150.34355652351368 151.13793508807262 148.69072370960492 149.87142997783826 143.39037559702064 150.22283311638634 145.57468803004858 153.36019660555272 163.58219485921424 162.83873659461287 147.14622819146223 145.2732887770791 140.12298874593608 148.72806991925805 150.26505832262487 146.40929517872084 163.26676586441835 163.9184629811445 148.21207665926403 157.74997754352339 164.97673303466971 163.15330055877129 162.17602600961061 162.51720381253884 164.28625073970935 162.41346480379826 79.419133349735716 80.429119691951712 79.814009557768046 62.111695701308548 80.8694912718788 78.954221667026658 78.590320572270272 17.603728529281039 82.204109176519765 81.651811147961709 81.44080875517146 80.490292937211166 83.015772175653453 81.549475029921879 81.709018064198418 77.945960941249453 88.723605037074094 86.868783505892608 85.758616276897754 82.619200461752342 83.361871400515113 83.017643982120831 84.104751324835021 82.114087733865929 89.044341070910207 87.705559981048566 86.680677456715273 84.10733706604033 84.484203548954 83.716601061190403 84.219201237966374 83.43752066856355 108.64877417979511 91.510214996260572 87.946428469501555 85.279112995266431 84.857252213967499 84.625110013828447 85.433959621850448 87.052637582103927 91.635996495483781 92.470645250239244 90.849385566687261 85.612164659467027 86.471935589466369 86.397787197441801 85.29445874173895 88.322221727849808 89.940144395322648 92.039390451148179 94.458359093916528 88.773205947314239 86.754160077174788 89.356708255831833 101.59579524934449 85.965618520923329 90.545921324690596 92.496353051653898 93.618628682624689 89.753907184674048 87.837274597477332 87.402796322138002 89.147174280684439 90.366074896249131 113.49904036610641 92.712240284886903 90.386288345935483 92.065101511229514 88.573168781901117 87.43550422742679 90.491376583681998 63.096527390524663 87.886047864119902 86.72330286742411 91.885566405249619 100.51669483828569 94.06870601316308 89.889333727593794 88.453727470333888 59.808977011758486 132.81582071565458 109.02413104152724 67.313062377943652 92.007383868509095 92.219838798930738 95.016682596469636 89.502860601169019 63.137103551403086 138.08657672965791 117.24596036087283 120.56301757409345 87.511503474417495 92.382393067832581 91.378025435464366 104.24501600058638 81.618766426287522 112.85260069241632 116.0254166234603 130.96479893773977 111.80532696587989 97.167883449031223 91.404524219373016 87.957429494428666 92.893387505898886 113.34637136992286 112.95592863004633 112.63197755091913 95.951743086401976 79.767504159907986 79.678348054813767 99.775314950196361 91.888537386828645 117.23294880710307 108.88959339088652 107.72406205992912 95.331527422314736 100.83264640399673 107.61333332804767 113.87003024908239 106.26334522224911 105.33007824070312 157.74478589529878 135.481461912886 94.865013572462416 139.53773089010562 88.166801079249183 86.880921291971006 94.205766026298903 138.7617777138953 137.77996973937951 153.3289267896148 141.10365727045024 139.73910574310912 140.96147896480281 131.5816397092542 124.24478681838917 136.73121658658039 137.54674458050638 138.88080643719923 140.86613605653153 138.49194871621611 139.77636232130095 144.39227011124947 144.33304756519871 135.52380508028082 136.05037536033544 136.38647028957149 140.00532458859971 137.12664333292949 134.13943555967961 144.69979616476525 148.93576519145279 137.21820939239029 134.52510267954534 136.29234224100205 133.13245819395982 134.68782157187812 130.76582089676481 147.60484495393447 142.64288864730142 128.66636748780829 134.95330803126086 138.17662273062501 131.94000452970417 137.3631765330926 147.72439167482315 148.61249713608819 146.4045686728081 170.24620274778718 133.50854367305334 137.35600816502043 145.75696892869138 149.30110486328564 158.71110097973076 155.87514370267596 164.28757671291865 142.01114746823686 122.50627091274474 132.75445038051123 160.28896547293377 160.59672305258326 151.54139792281964 161.45460987546645 162.77479827597892 143.20920375363124 135.35013278948972 159.93031440755362 160.97879251525944 161.34773482326887 159.18796231344948 150.78939929617505 115.2257328040082 166.04499873685751 165.48228101153094 123.93712244250685 168.70986826868707 163.67105283067619 160.4398627221247 163.23239005828344 164.50334246125269 160.93139345083844 156.3430612691555 158.62429423035488 163.26446642993926 164.17984506607954 159.49787912704363 162.64629071301493 164.28782621597347 162.07755812195467 166.04390951502518 164.79644413888749 162.47154356105943 164.76148285161585 164.64229900694872 165.38648706483022 161.36315209277583 161.66454259839492 169.4285922687211 167.20418393701829 166.17770995305673 165.27386906307575 165.82355289312889 164.45135043067208 165.4961048192599 167.29179706009501 166.2963441271506 166.92710846151112 166.15587961720993 167.59702264536415 166.50978530693135 165.62307400961467 171.4741831808951 168.21902020387805 168.30638970089595 168.03163152804933 167.36679189081963 166.68701318737035 166.60065705799349 170.6041828943666 164.9249973413111 170.88527263968007 169.36422203859604 169.16322246567103 168.42846817045111 171.27914701127025 168.70164222334827 169.697844106665 161.8555894839584 171.98125797821271 170.32634160124593 169.8066539153686 168.75238390107296 170.36294782195759 170.76737670134466 169.61585827103571 171.6304002480345
