# Created by Octave 5.2.0, Fri Apr 02 16:04:30 2021 CEST <br1@br1>
# name: ptcls
# type: scalar struct
# ndims: 2
 1 1
# length: 2
# name: x
# type: matrix
# rows: 2
# columns: 320
 128.26552398323042 104.65616021995483 103.11443131102334 95.023119386678573 106.40589938839116 114.1004344804105 89.318443109279372 99.322605705242523 113.22135835915404 114.48032425325381 106.90470313851762 103.87732403568782 112.61048417774863 112.03892441372277 112.5445276461485 113.08683132234481 113.53192652013919 114.35962406206816 107.13187287911705 107.01449577525564 107.4584353171918 137.38991080027353 113.23454889594458 138.40382192407378 136.41671022109534 124.83402456703797 137.06978301744329 133.92617433226422 140.39412694583336 141.43357720155902 136.64799450901617 139.0929905465332 132.98090542104936 121.87163344383464 135.86647354913879 135.68738826249319 136.46213060381464 138.28031654404319 140.81353493214453 142.45654476637193 136.93902393192371 138.57656109170753 133.80795030407117 137.91805965915279 136.27149180249549 142.13364897831443 150.83839710221071 148.67582486293477 138.00396065635925 136.00257837376998 137.03584522447952 137.09704043300857 139.3894662538151 137.82288090933935 149.69278218861012 151.67853616221612 138.85262031228882 139.86271949336728 150.3054788911372 148.53255894951349 147.22505214720647 150.01745445561031 149.43026948867637 149.71060073703092 94.821279299407792 95.595981124620963 94.58056619195024 85.494895066330429 93.36866607695886 93.836492775935142 92.21741742818368 61.600114307460075 97.749600627949917 96.650475265240075 95.532882736489555 94.136926558515768 95.444015533476716 94.341231740486009 93.960321730094464 92.172096967754499 100.08173220098566 98.501574468257502 97.457149043858536 96.44820332066304 96.29687656167971 95.292333105229304 95.07706644023699 94.275945743268849 98.839332367667438 99.756116892068675 98.346166125694339 97.401312011502128 97.254046435244817 96.105451513342118 96.041880281976617 95.017469568801587 101.83316196145857 104.96219851567629 99.556656270290347 98.392148678154129 97.086178540695371 97.330809698217124 98.35785853731204 96.151757750745006 103.86830234445185 106.77806522525717 102.39742139460513 98.089960497933149 99.153847046870837 98.755748620910921 99.282481512045649 100.53273881742747 103.67008441617691 104.11483861339875 108.36533785469891 100.61948425266918 99.291140465628075 100.93054009312598 105.74548782491829 99.608957064002539 104.65528652367422 105.56814823977135 105.25367643862521 101.26330918387717 100.55886576705265 100.07271393224633 101.1460540837281 102.44563440803783 107.6482930256677 105.94929010104654 104.21172415072135 108.07051167420508 100.69531897241835 100.21486779046153 103.63976788488613 88.383032417480649 101.60542604364888 100.9519319983601 104.77807695477007 109.17054141650915 104.79078893452466 101.65147413550127 101.40964866195873 88.558553659017747 114.83867340209997 109.97486195180129 97.555980044973097 103.99092095866621 110.31414918249902 105.51568188140133 102.02765169589382 90.278932078923205 111.29148330413513 110.34906346218882 112.39275627731054 100.54554078581567 110.13015158594203 106.27483272668044 111.2333151417149 112.47076610418635 109.28737211370083 111.65508927690136 112.21927487577422 112.71427661591841 112.39101979305264 105.35793301067498 116.37612710640489 115.56695707984848 109.86944625104795 111.1542639032478 111.70087933259236 111.29838933022457 113.12946071136335 114.17453632216062 110.84856592817542 116.38736138504457 120.09179394638709 110.63103843300355 109.06596936947825 111.8729605575233 109.80499608455816 110.23990487008093 113.49001570909651 112.68467506041061 119.24347485965927 140.3017249849546 137.39662653845414 111.64010904186986 131.63009817752331 112.12668644921062 114.60297625212495 113.7465881466477 136.63719740228854 135.58107975108121 133.99880266466025 133.04694137816497 134.45665306473148 132.50092735153282 130.2918567402956 121.76615023780496 135.09565360403838 136.29906681111513 134.17815733820163 133.68325549079017 133.798989866694 133.11785943894466 134.71184555508677 137.09594569202778 135.64354451558469 136.16466935508373 135.03140327950098 133.36057567730793 129.5336069616057 131.50147347556162 135.98844988316802 138.06726912763332 134.47381990627636 134.96875412679734 133.54655781901764 130.03227465833666 128.36956629688171 127.27576227568076 135.07349558815753 135.72062419025539 136.44677854646929 132.17199459013307 133.52601606534915 129.54439161540847 127.7210905149885 137.11279084949859 140.15434934767657 139.0200987237792 149.44993018612698 132.30719543606969 132.7894681442697 139.23964616012145 139.73942240753183 146.44237640406149 139.10842260525135 149.98587665703437 138.57582748305779 128.28846882455079 130.9730329551478 146.26727479647158 147.354689317713 144.27215747383369 148.1799597674453 149.20166139994393 137.51805450107895 128.84629896113108 147.98894028774703 146.92678842714275 148.45280450235646 146.6211832967474 141.35237286148509 125.65313932062864 149.73702243824252 150.69832115316507 143.15291484317703 152.52645446784774 148.66217744260402 147.32338630287967 150.56143540479144 152.01742246833479 149.86097950033079 148.27574496104677 148.70249140878786 149.12010252701441 149.20934483128045 147.43791348404386 147.99615922233991 150.40104217120523 149.87063915710257 150.49950306741982 149.5151321097695 150.60502407333067 149.94416468033802 149.41554572511612 151.11013310770406 147.00642365568376 147.49143845787589 154.32214084053356 151.39200409854388 151.68960751695838 151.46076868599803 150.7821846324434 151.07272967117257 152.05995357298667 153.29010697797349 152.19279142243997 152.89914768530102 152.50487775007522 152.60900104245283 151.51529314464781 153.09837891394176 152.96438175845549 154.66104161711934 152.76872008331236 153.76283157141617 153.42373798404347 153.46340908487238 152.24363730829435 154.24754810823021 152.89098963581623 155.35772732812327 154.1803659963505 154.54385188772991 154.32518139059027 156.18962894823591 155.17056976735006 155.19459657202847 151.84881241339161 155.44921983841098 154.704398903087 155.67889527001344 155.40900011766172 156.43632261535564 156.37559320385424 156.14251916119963 154.34295357904887
