# Created by Octave 5.2.0, Fri Apr 02 16:05:21 2021 CEST <br1@br1>
# name: ptcls
# type: scalar struct
# ndims: 2
 1 1
# length: 2
# name: x
# type: matrix
# rows: 2
# columns: 320
 134.03689362902139 98.0689564307404 96.344467360961943 84.985849327805013 100.89092698597493 110.36748000137608 76.199041869129772 90.036967594792145 104.80024016921088 111.82842897717991 101.57960126755674 97.56872401113381 109.93886743982267 111.06075242438871 109.20738872063131 110.06033985496472 105.47737613753566 107.07227728893939 100.70962993903665 102.20148506057875 102.69682411069904 142.29534002655271 109.50550648267746 141.259774616442 140.19318717325288 125.63998581099679 141.71760247719078 138.73421473718014 145.11815558505293 145.28226635526059 140.32199285478762 147.74842662392606 138.92970273804551 119.53803473246624 144.11141996678273 141.29332242591809 142.07117462306627 143.53493168991673 144.35451337258755 145.79915344653989 142.98466782238546 146.13395338682741 138.38301684613756 144.3610412188747 141.40738716292759 146.199137741291 155.26693240138829 154.47946655255566 142.55748119440761 140.65622002667416 139.7621788859677 143.24957856226743 143.62493923044542 141.55060224530774 155.60255574729186 156.53781316046815 142.82048274337509 145.35192458964718 157.71049900596452 154.65332239814325 153.60659335459161 156.3761306929751 156.52227433395896 155.56382800690608 85.694268014694487 87.713300242569858 86.62824518823362 74.633846180937752 87.670016584739372 86.504712855654319 85.640641731866225 41.164634574425108 90.031162098411656 89.062820737796102 88.521782416475531 87.653713718637235 89.551743036014273 88.418308900523527 88.687528457704289 85.598992714883636 95.514148343045889 92.818054425254275 92.104983133351098 89.407634985771992 90.370411362914211 89.686672893822831 90.479456299028556 88.731571853093527 94.690849430223324 94.205696286247715 93.19741259827498 91.262330805858142 91.532869610463337 90.630896009944749 90.537710961159746 89.573233799057178 103.69482625547916 98.462045285998613 93.730029995435274 92.373978227234801 91.80085713817823 91.519130905051 91.558262808030406 92.63054794243304 98.719880230659911 98.815765795664092 97.448934818699314 92.662593421814535 93.741295691892589 92.802435279723753 92.912095865591837 94.878048579556506 97.592812636867194 98.479168726945304 101.49482756568173 95.243713150145155 93.433626173198746 95.738809561365173 106.40935635560018 93.876524879943418 99.151645859325427 99.450181185775477 99.795907933627149 95.975378376314211 94.332745570628973 94.812052057877722 96.899816550960352 97.506908143770005 110.36585326576218 98.8288139747077 98.744654704212607 100.85492989565201 95.491145188552153 94.537391303864425 97.410986170935388 76.812161101099093 94.093725523802163 94.647455572968212 97.946975303308761 105.13809716246904 99.709899091716636 96.540210089958038 96.074472491072967 75.204925161656888 123.552531012663 108.20606352493058 83.508723205096032 98.254249792513804 100.3892889690372 100.94486854704732 96.561322924487698 77.977540834555427 111.53141674025859 109.79346870380047 111.76865029424707 95.326341813795651 99.462666992000806 99.919110064795788 107.34227461180289 102.7685150816007 109.6932367513684 110.73507515636577 110.38964077955633 109.10142199237906 109.37773338241379 99.882193549302443 104.34533808085716 106.44767563865743 110.71955691461244 109.41984668552557 109.30144519436513 108.1307154165406 106.86724109095978 107.60093540945492 103.74145299620815 105.79519826489347 117.83289933967647 108.4026215680292 106.10420104632671 107.94518271527571 107.34981973948824 107.0627679569851 110.18943215926713 107.09196659770468 118.39369399543271 148.4036931673549 137.63468338511228 106.03385307125366 136.77805960201727 103.81550533136756 104.91506990013384 108.12759421225392 138.25822637986835 136.83047055734406 140.91828118950014 136.55819977235075 135.96852952402872 135.452578547439 134.22730652418988 120.13024975423001 138.21045233341346 139.34488358959146 137.34502844056783 138.73224673872366 135.15656620879133 137.10725374275509 138.75979137152322 141.37369995416373 134.57121711132464 137.88571615609112 136.71726798891402 136.15722153857476 130.42004858956201 133.14519666849216 139.56340280124834 142.89327090112718 135.70733540478 135.46889357412277 133.84838311964117 131.61489846194721 129.01580550265757 128.14700682074769 142.28665971668886 137.40385575814381 133.18744835912136 133.07116568478497 134.97907379045287 130.02398944179822 129.18464687605672 140.8839573962936 141.94448999356223 142.16901521856772 159.1094010481003 132.82600272303841 134.12664732739387 140.94297479154562 143.65230876508673 151.62251075508689 146.88619337463021 157.1411534535732 139.99309673846477 129.27460588888059 130.2546498294104 150.99901197644988 152.94366859846892 147.64858063319875 155.35886726491847 156.60241771104461 140.33985565664025 131.25396507942105 152.11429047497077 151.82238430932483 154.86706908304137 150.6044558474386 146.25342127690166 120.80980842493062 157.20102622084721 157.67592706096153 134.22754678822093 160.91358975243045 155.53922381136272 154.56219422610562 156.8563765803201 157.97739594636343 156.24307651407139 152.02285909322842 154.77665904576898 154.06586413249664 156.79320152058051 153.73503661946052 154.69329850770063 157.01857597022519 154.14865370379701 157.59846684365758 156.66182303446274 155.5675503020471 156.64263901085621 155.94668237427157 158.27910938534757 155.89086734034959 152.96887866925499 161.01077167348049 160.05418303118654 158.31394443938743 158.07112915576877 157.03439388620674 157.51068196966722 158.75600605050826 160.15803793210597 158.89885796420683 159.35260587516825 158.51272538661442 160.07924550651356 158.95622068468802 159.80072632200825 161.38270383748235 161.18645045099771 159.28300678640804 160.47066714347159 159.68513562019587 160.62188563014917 159.52023687288869 162.50184762016832 157.66619368523632 162.42332274480324 160.30726916714679 161.54312384812454 160.88102697530917 163.57565509671869 161.77479604896632 162.53696563969027 156.56564451784379 162.2582190941981 161.38779912874961 163.19295397847981 161.20615429922367 162.72795076614668 163.40194901281461 162.07626428027811 163.49699626469638
