# Created by Octave 5.2.0, Fri Apr 02 16:05:43 2021 CEST <br1@br1>
# name: ptcls
# type: scalar struct
# ndims: 2
 1 1
# length: 2
# name: x
# type: matrix
# rows: 2
# columns: 320
 138.7177297793944 95.435478303629509 94.286617714409431 80.970941304255589 98.710385156995329 109.83438601843582 71.484521157493504 86.322712350611994 103.31105509413378 110.76767086675035 99.947607592385992 95.199469537078627 108.67884927082821 109.28236834486161 108.83476887429185 109.55155845327276 100.85409301396146 105.21155931133629 98.196993289341265 99.245828277461825 99.638368342048068 144.692775640668 108.90379596550869 144.20200064842066 141.00002510529686 125.96237030858032 142.96988026940369 140.6574308991465 147.01452071409494 147.10129770309757 140.99622848450801 148.05018604049312 139.37288294767134 119.07350189387631 146.7010171491832 143.64471291785952 143.950317995543 145.73723590257976 147.25847937330653 148.1011253330833 145.99414959743893 146.06531180059375 140.69524818325169 146.88144015035718 142.66807409448259 148.02179739116721 157.63605772816379 156.56397695181417 143.93823365272448 141.70544297715864 139.09734077627985 145.35093846936911 145.1784552952214 143.28937542240004 157.90546118358077 158.95107632407618 144.60349226860686 149.14961931024862 159.73719293955673 157.48977643311164 156.41370552548531 158.33872909318248 158.49376777958119 157.46893935385816 84.398790411887703 85.467361319593394 83.858904928566943 70.289426626780681 85.102209394317214 83.67969608095035 82.663923370633668 32.990442681211121 86.832949335090888 87.131172690863096 86.073890677188331 84.928548599027565 86.989859138198085 86.125287228351624 85.924169663967646 82.581765891767461 93.109013096794513 91.044029744065128 90.1926062254323 87.000762571618253 87.95549567395426 87.221419322577589 88.051858531310472 86.147993862953115 93.53761357683041 92.020093791617569 91.164195949308933 89.063222295981859 88.907003112915334 87.916704541665936 88.233136595789887 87.430518686614434 105.557679484573 96.402730472336458 92.309831907743856 90.011040129220717 89.170417233272772 89.184069977486544 89.086872438891632 91.072112971476145 96.460272640818147 96.121762490642652 95.31157235276298 90.072190288091832 91.137374376214893 89.989325874258896 90.169317439428895 91.927480887895328 94.603199778727586 96.342294468896739 99.13586373663486 93.327458361901364 91.207721632652124 93.030052398929428 104.73934535955229 91.085321744898948 95.90711801983656 96.540876957683423 97.591480211598054 94.340882005079294 92.444699584630868 92.044481582184829 92.909820161804618 95.491861005607362 111.45287736179998 97.364930950291821 95.634063762203922 98.065289766318401 93.373455480040235 92.245089367991298 95.331764918706313 71.813822254058024 92.800852377144835 91.88264244358831 95.199421925359573 103.53475349897685 98.549252562733741 94.338761626388788 93.210135952130528 69.863473762712545 127.03807405688821 107.60229750402306 77.889820469145207 96.511658602660788 97.18157485126676 98.839263473349376 94.396861681631393 72.893734872872869 110.80425846230604 108.87111120898894 110.1117655569897 91.769877722929152 96.387298590550898 97.439681786732237 105.78585839983809 101.00925719557202 109.60803250650095 109.69524913061872 109.11449371959725 107.55259944098189 106.50084940470097 96.985416283884959 101.78163825618984 103.45157142099103 110.2988555516396 108.29719440808059 108.02436163769877 106.93986007052803 100.77943300663448 101.78116892767353 103.52482414824311 103.85379015234612 117.84175474702045 107.24575974419078 104.78624910086273 106.48539719591332 105.87516283512733 105.92579808415361 108.45853239377176 104.88358347097311 117.14136839971368 151.64448044031502 135.93830504644305 104.43798581354935 138.16487106619672 102.51096625798509 102.47874835833814 105.59573598909479 138.58980189574481 136.69538715073975 145.22401537729502 138.52965978077728 136.61203222095327 136.58887916958295 133.42919814569052 119.00698291484287 137.85574121283881 139.72255177921451 137.56000832698251 139.54501883607935 135.64657500020883 138.41512745730461 140.50858526230584 142.21438500089249 134.57996873326675 136.91736109438722 135.77241576152608 137.69956893886174 130.10449101688241 134.29626868463754 141.71379265708157 145.07289896782692 135.54079152390312 134.68547400998955 134.50580730796977 133.20609462665581 130.64153139097991 129.57128665606936 144.69791233026686 139.62653558117742 131.6189100976454 133.46411665329003 136.36448986733765 131.63737514512982 131.68128220492767 143.33322116481625 144.55946780784203 143.75926405316272 162.97318939288962 132.23347802471073 135.48760514559388 142.62093985196839 145.69003118884382 154.48211618387504 150.74231214887541 158.75854041944493 140.50058671685977 130.38282306421414 131.43857140326219 154.11377822554374 155.71267848820398 148.99914989694477 157.74976523935504 158.80132616131348 141.52799384263261 132.75439750485566 154.72547965238104 155.1065320635922 158.07980746374699 153.59831940177119 148.75239623804958 118.87247606665142 159.91043012320156 160.74316703476782 130.6573995662385 162.98204568224645 159.10073699906522 156.69969403692019 158.66846200647205 159.75588056718917 156.24026270934993 153.52170474610108 157.22402774543286 156.71370069548584 160.03201065981409 155.2898570955937 158.01085513754811 158.93559704665094 156.96553941779808 161.225951994962 160.19176154783878 158.14600957847327 159.1695624319855 158.94293191385614 160.22062481066143 157.72455904743217 155.74390502634301 164.04961320835835 162.88910561547462 161.23520982557915 160.78227802810761 159.74531533151077 159.39736418738906 161.01153542627458 163.43590858802051 162.24065992392434 161.95430124593383 160.67611348935532 162.82181497606393 161.36272004420707 160.77293074778956 165.44364333884573 164.52579319695022 162.86097825256527 162.94872226386391 162.13380666802283 163.03568436885161 162.00536043683655 165.84259454938427 159.90192300983833 166.2814319194284 163.94059589307216 164.1003483038341 163.35756424851044 166.08226879757967 164.64509815992116 164.82589613052158 158.40093154690396 167.00084515095398 165.14192528805589 165.22814666688646 163.81707641871623 165.59884976335024 165.48442311061359 164.40153939939157 165.9619619635998
