# Created by Octave 5.2.0, Fri Apr 02 16:07:33 2021 CEST <br1@br1>
# name: ptcls
# type: scalar struct
# ndims: 2
 1 1
# length: 2
# name: x
# type: matrix
# rows: 2
# columns: 320
 178.99358271574744 81.028803843552282 81.578908156355169 59.007032704838153 85.801970948817967 106.69297492073777 44.650195267012975 66.003551308920578 56.557774225789061 117.113002529101 86.820964600887862 81.968906504855852 101.78580869927026 107.33048687355142 105.31157836229492 109.40562561443029 40.808587726218057 73.342543464286223 82.15113336547212 83.593628695417053 87.057184588841039 153.83999022307589 106.25112191602291 155.10345488470375 151.3171947364186 140.68427499700442 152.4090905359262 151.17855460872721 157.74663281629179 155.86863521124107 143.12061529415877 154.94212459425691 150.60716342471724 129.73339773101719 156.88655590019292 152.39283927333184 154.3052715560282 156.20087467418051 157.10955741577152 154.72080945413555 155.83547681833784 157.91898287900526 150.51169296456544 156.05311918474683 152.74592764611853 163.70652394881964 172.12675237415542 170.87551358622244 154.89918215037591 151.60847922747584 143.55300825441628 155.683402496995 157.94263516891326 153.50919216897955 173.13349735906027 174.4951074000769 155.68635562979122 169.32697239248802 174.40425902390604 174.67177644588486 172.03730140663785 173.37107790525351 173.39966094066185 172.21247922986245 71.014472419120168 72.742496976925977 71.596957262735401 46.522896124627295 72.683863698523453 72.079747034178496 70.980025130639262 11.72719532283544 73.896031368795803 73.201461347397597 73.189341095883535 72.071462923838155 74.444572178171995 72.684265003156895 73.115809903337976 72.009453452862687 81.438590873529535 79.435669917183304 75.482619912247102 73.778820918866131 74.29456388861405 73.901723328930913 75.833774995147635 74.917838848438265 82.746157438431666 80.170405014972843 78.462941238174096 74.9847141686935 75.386143460249414 74.833422417927622 75.429740978258749 76.245456246021462 106.4050339440515 68.904631913821348 80.458166327957969 76.114128058111376 76.318009564577309 75.286372335327869 77.111848132319892 74.192208033984272 83.304718686260955 85.351638457796255 82.870963341411425 76.36920418265484 77.351587269314834 77.833602680262089 76.597803321423584 78.862728374886856 80.576765738735233 83.633254245658335 84.554859570415388 81.112796667172873 77.132595592193269 79.782242541349518 95.603402851760876 77.308153025708023 76.34404747419967 86.19212103987303 81.292553031588483 82.2748094008913 79.223069528784094 78.11801001689544 78.533930585751563 79.597068332491915 117.39953859306556 81.158950323015461 82.34184710699914 84.732841722793765 80.365227201383533 78.136500224879754 80.58766645641019 44.716236319225459 78.473512905372033 77.656498625213231 85.094434923341893 98.358739563363628 86.877499754440265 82.401973849561017 79.155484941425257 40.642592580252312 126.04609406272124 120.41748575044274 47.151117266590688 84.198765621906077 83.344992958013805 85.814255503443647 80.882860126961972 45.87918238092432 201.22634736988783 128.51135578050955 138.84300983099058 78.669479594134273 82.387070346418142 85.758746149822883 105.98403090973264 41.934626748224503 122.52515576791917 119.34761396856899 110.32042467070031 107.04754924751364 74.429231272263124 79.418599159959712 56.692414150924733 73.638517721808682 118.23364380352932 121.56352582856944 124.59985192491149 75.39074547309724 40.957455393117463 41.733859851719707 92.487725000255836 72.498399305144517 117.23382816112131 105.08116221969415 97.135464233175242 71.98185856880356 96.773738192570349 119.38921387746343 120.33635555598855 91.604871011174325 89.559131748160809 169.87622284923361 139.73361107188032 73.276278189259585 159.09284353404428 57.290377969853587 56.086110598195013 71.378013450762282 140.81552120014459 144.40559975573126 176.03295731119346 164.32446072049257 163.04487765344101 150.62196386484521 119.95724631994803 126.89369607385245 136.9606152738329 135.71000480795198 150.66513089967597 161.93581114212645 158.20333335942226 149.59536695740042 151.66709352711734 153.19368748303961 127.83950896052822 131.27722570533265 153.71156732877381 153.82556446652922 151.83700137350982 121.90068455161027 151.28369749022659 156.75813688828757 154.66876835139988 123.31997902497088 152.76835211306212 126.54320326000636 129.24843560912808 122.72722594728043 154.98076860259573 150.07518582295202 120.86227259729544 128.14884083347434 150.828267043214 122.44438538500719 199.96980146457838 153.92881278284972 156.26600673126276 152.79469187908967 184.11038445556065 123.09281592514503 151.92077426663135 151.66316867649473 156.85734411586864 168.63596094892935 165.71726431099171 173.26785829949509 146.26683896557284 98.809659237355021 129.01413223342476 169.53244163073597 169.95993839141741 156.38755822214361 171.3863949723609 172.29734480396598 145.26910767031112 128.12064216333425 168.64732933583812 170.56562963649637 170.89003501559563 169.74493022318026 153.47940741534515 108.27412845959458 179.4984803278663 177.02487990833015 111.12659417539339 178.31465489646067 172.6270571656276 171.21748871311624 173.21286831665782 175.34339467427711 165.51877742913007 161.72167133372449 161.76735788680887 172.07052366029694 173.23080802225962 169.89309469904555 170.83551102037359 173.5949694739615 171.23987927231778 177.56845340366129 173.77236028276931 171.96749055941268 173.13667295227671 172.72681678941782 174.17431716168272 168.89403662739232 171.62644869389783 180.4637171215459 177.46490441974652 176.38029147588583 174.77472597515379 175.82924214704218 174.2642641643663 174.32192366117846 178.83098455645526 177.1048916332459 176.53047300792676 175.31275556628933 175.53407563162395 174.73268936182166 177.30333912000529 181.07601889831977 178.32685553010293 177.94394563737231 177.26517270214831 175.82403508831953 176.15724309145264 174.81186300998226 179.78246001150632 175.42801087164312 181.01018261148101 178.97237136014994 178.31227532187489 177.6500837276416 181.30268729231474 178.54199824861936 177.29878355388962 168.44103117646841 180.15702511594344 179.70091765719209 178.95517107157974 176.58865934139135 179.96616463808732 179.72650252455972 178.58887039176074 182.24369193895893
