# Created by Octave 5.2.0, Fri Apr 02 16:02:43 2021 CEST <br1@br1>
# name: ptcls
# type: scalar struct
# ndims: 2
 1 1
# length: 2
# name: x
# type: matrix
# rows: 2
# columns: 320
 121.55979874167258 116.52341112667804 115.33353766134999 115.81282379852045 118.26247569880219 120.26122226072869 115.88112637609291 118.62399904218142 122.07545204766419 119.56686916855371 120.02219815806723 117.44697993016369 119.8253539104137 121.34380410143906 120.89272644878795 121.83101936385063 123.78125952593848 122.61791844256028 120.82992484927138 118.79886790830437 119.88866086396858 124.92384532782523 122.34971268884618 125.58657999946603 125.1120921784278 123.56397269303113 124.72970562759507 123.29414855682776 124.6716349266196 127.57198893931546 126.11546232119743 126.7367495928456 125.78858616777653 124.72842714879189 126.10005875049437 124.84641410232967 125.70357542191559 128.63089057992451 127.88728717163144 128.04214167005927 126.89879118177438 126.70786444689698 127.67523298921357 127.10858808152186 126.78067534682641 128.60570852377774 129.74313115106941 130.94433475614639 130.15467522158343 128.69171173888904 128.63804559905898 127.98837172218182 130.63779507941288 129.1055949800847 130.88543153016812 132.73470205817668 131.23642642528705 131.63244793771389 133.71929236149424 132.417280009655 131.64362271546804 132.65893894342588 131.98974069173238 133.62677304025999 107.84242755712957 107.6591667496178 107.42328713783276 105.87134710953239 106.22997562738034 105.57338182619154 106.07196774028094 103.91357822526186 108.66574954983712 108.60813003948927 108.35959821118072 107.20797722304366 107.4356691037373 106.75208081856127 107.28336389247566 106.56387464959676 109.43757579195103 109.56376436067399 109.61612194075344 108.32357359469515 108.5814508367955 108.00083099183314 108.4630550942228 107.81273622495452 110.34313967273286 110.56007460693138 110.49076217518559 109.29989688994709 109.66041207190716 109.11862646942878 109.60586271171388 108.974997853921 111.72978141112452 112.75512403027194 111.42234637588044 110.20613623530224 110.88666884900628 110.21677857542542 110.72319957676523 110.06150757411484 112.72126263831622 112.81151867698328 113.25136483120765 111.35242817168482 112.36108494337037 111.40258477568433 111.82632262399912 111.14150942981151 114.01198098977858 113.79050413751526 114.34857304293708 113.1376681612939 113.39081826084671 112.47612773442039 112.89030243234006 112.12184368433677 115.30937443290408 114.85119819207175 115.40691577903149 114.03396277799455 114.30589846628098 113.94547839586841 114.3313496309237 113.19344059274238 114.75593946531981 115.85262947899616 116.51796417748986 115.10346239926984 115.58706729029615 114.62652624729097 115.02038076856522 114.87771800654397 114.45444594779417 115.31224333888818 115.7602697451365 116.75534256704459 117.79889660494958 115.72576322072028 115.58462628685653 115.68248180644807 116.53821138564371 115.77702575381677 116.4400259315555 116.83545308814129 117.60532466955732 116.85644640306131 116.03039305122657 114.33569546707541 117.80347012836445 117.21268145571396 118.49200146691007 117.16070336470969 116.93344599865124 118.66309639638592 119.60995291223107 120.46098664749572 118.80461962853705 118.75731996827332 119.52553781529683 119.24304904625842 120.28049526034738 118.36844065090565 119.99045371482633 120.9699626155741 119.59320503265435 119.73771277639423 120.6137446028561 120.38406159039383 121.40306857118111 120.97210591761545 121.92097005570332 121.24099028232835 122.48641077292919 121.00625366161532 121.84334186620332 121.43243641024577 123.60624547474013 122.16733993225458 123.7651070976969 122.27060134013774 123.55964322465698 124.42485136248199 125.3454359830111 122.59120319916383 125.49760420534022 123.57598737015095 125.01443218277355 124.21136934039681 126.26404122806794 126.40075353334227 126.51655686931959 125.10919414421298 127.30946981874891 126.02742801725613 126.56810096298439 126.27753260680636 128.4418929505739 127.32701379732796 127.33753829419577 126.29036096610493 128.13617888982299 127.09630445206109 127.28511024578408 127.36866705121534 129.56915004095302 128.379707429478 128.44566728513183 129.49741235785297 128.83890546803616 128.8833233860303 128.45429694497469 128.59928834783827 130.7270748217037 129.57544792838266 130.44969067402488 130.73510914478371 130.14741120335333 130.2494235965992 129.43836362695771 129.53483623566277 129.78650528466954 130.57599425240554 131.83189715938502 131.45799584134988 131.38597513243482 131.26101698552682 132.09155771018249 130.93703774330771 131.5770339518624 132.50498229513047 131.9512935230766 132.30015492099085 132.42510462726611 133.91738683615034 132.34523511699072 134.20645050430977 133.40485402221449 134.38825030973101 132.98353650009022 133.31117577665725 134.17888973920932 133.40173795048526 134.70319400822865 134.31538512444524 133.67047604859494 134.04313472401773 133.93851056296396 135.20655072179287 135.31662301478994 134.80672243001695 133.92690643745416 135.4829469377199 136.15622704638588 135.12447966398958 135.14200695489876 136.09326202773897 136.24019873134731 135.55492075617161 135.90858632289707 135.57227210875052 137.00655482449145 136.85933825436319 136.63493440832934 136.26559410131225 137.45542887697573 135.85871820208379 136.6426994173292 138.06631438052244 137.8762465695176 137.60706152190014 137.19376055595384 137.43736388873631 138.47167228746017 137.88712445271869 138.49530305382544 137.48904444166408 138.96090997173712 138.64288047157336 138.29946982915422 139.12679547023185 139.78622912251512 139.09871150402961 139.73529686215673 138.98059465685756 139.80319537803527 139.32608154229712 139.94328364093926 140.30441151010416 140.92871004981683 140.41225536813477 140.9671538161017 140.00664280904951 140.89715349081973 140.52728592207762 141.01551603571781 141.52644783339468 142.00993896821069 141.50634682911328 142.12530196471732 141.08187446699353 141.94438229112703 141.72349528525552 142.10134977173621 142.5355750746034 143.09383184128299 142.61112512279121 143.32837261843105 142.12466463723533 142.92198920178777 142.78837592190055 143.12571591499517 143.61713515820671 144.20997136473062 143.76332365891358 144.64878870655062 143.36985416837862
