# Created by Octave 5.2.0, Fri Apr 02 16:07:39 2021 CEST <br1@br1>
# name: ptcls
# type: scalar struct
# ndims: 2
 1 1
# length: 2
# name: x
# type: matrix
# rows: 2
# columns: 320
 181.82524181461605 79.944430497094856 80.812643637992906 57.353835283376625 85.278816828389324 107.18323678856534 43.035935767793745 64.474152090728751 52.499691459622234 116.69229791395033 85.894333942566007 81.525485538653498 101.26697768850784 106.87866213919777 105.10544375361276 109.40944439307755 35.565005706848297 70.205208652345164 81.704829944566285 82.359414604107386 86.449109038919914 153.89198631026315 106.17310220979103 155.74551098941996 151.65517253025746 140.92948146750268 152.45352525348321 151.97046714600748 159.05218485351648 156.37168182247794 145.229641545883 155.71335112639485 151.89001228716745 133.40391328148831 157.78421723511642 152.64907429373091 154.42267232998756 156.90291025125325 158.3412957395629 155.00922613462711 156.99122201062301 157.98298966938515 151.78254065372408 156.90347536054068 153.33545922436394 164.89380741444043 172.66675781466705 171.09092820668542 154.99718626265647 152.28247370511031 143.94661705047139 156.14429614232208 158.5166102777965 154.76807504469824 173.73079729139505 176.05666574411043 156.34065516304793 167.91080007781551 175.9939739810016 176.10056313918074 172.99472952783259 174.79502189854995 174.66271572975808 173.11162096842509 70.008567390059028 70.913479335995873 70.181380641332098 44.734017484680265 71.18123293695848 71.063457952055487 69.948598665681061 15.093039043570114 72.009412299751972 72.498702746560994 72.14972507877718 71.096904028043028 73.377101827416169 71.257392437082956 72.169815681713914 70.649239113917972 80.280354894718954 78.349580545487328 74.044154510932472 72.904397864289237 73.331835657104662 72.638001685523776 74.774617167068868 73.643921854936551 82.024488377972261 79.088685621523979 77.9763120519127 73.436891936207758 74.263345463862251 73.98094491558922 74.578311824621238 74.685869476487071 105.85151139448941 64.564043789874532 79.375943151385698 74.751430353299028 74.946902219502931 73.806263155981313 75.862104696860754 72.734095519830788 82.304294347295141 84.344366464695369 81.93260489296064 75.776254797936971 76.190298245537505 76.696131733555617 75.733108930175931 78.060747846187013 80.025518676733228 84.508012198404884 83.248952231112582 79.913391230415897 76.80496740690397 79.298830627883277 94.91575126515292 76.847040131669146 73.047848755365578 85.588427329978714 80.189120462360975 81.123808903404722 78.788493259085897 77.145780327284868 77.746487273657053 78.879151368122947 117.84713675025759 80.665341834583074 81.301679234047967 83.297582155688374 79.670355179549389 77.380853598744864 80.127258820980472 42.581989465677601 76.668162326260912 77.260329409408428 84.442151339405669 98.173828801009705 85.472183720708045 81.002339817067849 78.283514562818795 38.443171415981112 125.82611255892557 121.07533904414473 44.837451434140348 83.366004876866654 82.425943930821362 84.355518047345583 80.488324449798853 43.534944107660934 208.47189482040602 128.64965123677334 140.92861769193212 77.735761002678132 81.322752360998763 84.330560283514643 106.18638530194531 37.609733967073502 124.01544166436504 118.80234978786902 107.59186601533546 104.6736232235275 71.549520439910623 78.963268014653039 53.843954536949035 70.949427102323014 117.64101480875539 122.62341677414091 123.9375703191989 72.738917295218641 36.666411566464298 37.666992732764562 91.651444186328234 70.611270891548017 118.76174208158379 104.47660661422402 95.691461757685374 69.782190902927198 96.243024442962266 121.18724935718805 121.03367447703184 90.059966610542901 89.951129179815354 171.32612653030435 142.05382201657869 70.293854792467855 161.10413093884441 53.501962612570843 52.591355148593287 69.488055782910195 141.02246720543545 145.39232374118444 178.16701202878613 167.40582376068258 166.04963873944894 152.05686614687926 120.97225760601607 126.67885251419492 137.0399158630093 136.17679582961594 151.72294220392735 164.97998765356573 160.15497404214008 150.48921211906173 152.95546358891519 153.65009135376087 126.83683807265795 131.14405872629803 155.25421985162723 156.42831926820813 153.14961280990715 120.50425087235783 153.01537219568485 156.90718757541714 156.68903755860399 121.51498737460692 154.13118877915798 124.56626939648702 127.00557993942773 123.88214781971321 155.83183773871863 150.64348453548172 119.86061192949032 127.3546428654725 153.00503371170052 121.10477920577877 206.82410011316188 155.31519911437792 158.1419835306819 153.72300075052419 185.70135612694449 121.63595546972709 154.16221402880754 152.59041978378221 157.45562946303275 170.24450570936602 166.84995834852862 174.76206559626411 146.67417516758462 96.099676794602971 129.00126059501051 171.19146467338089 171.37422977317604 156.94367497780374 172.37230259853939 173.41629419924783 145.63981776565907 126.22642638369756 170.04446177977891 171.84849783756056 172.36385602080077 171.01621645041558 154.45120113390757 107.47640337089138 183.58246462825659 179.44703462393312 109.65653355457709 179.78331246521844 174.08174003069729 171.68814414960008 174.19274890401891 176.82027421013586 165.8607012005524 162.36081711341561 162.1061090914981 173.53887409025629 174.73432420978082 170.61750482634994 171.84297365376719 174.7915048257357 172.79128141242185 178.53803723263147 175.23609217704268 173.23754407930647 174.47420986868613 174.12014674863465 175.29715311325768 168.93776692995812 173.03678263546439 181.259865373471 178.39229362493987 177.40627750279347 176.31602032422043 177.11904816968061 175.61620281542488 175.28369115736149 179.99035921229711 178.15311304904355 177.43947118686694 176.27636179208434 176.42142476964597 175.84875407581319 178.16834052379528 181.9503401493771 179.51964734096941 178.58128264753495 177.93882204385434 176.88967784427641 177.16306323320086 175.87028644997267 180.24638739351442 177.05907443813621 182.20088223084113 180.60899188497766 179.1373669406118 178.71240070125899 181.66813870288652 179.17258788339572 178.36436580613338 169.19673760019907 181.02811400139359 180.25896656142424 179.8217467570652 177.52085727552782 181.21436623521754 180.63700219309226 179.64059570355457 183.27382650613956
