# Created by Octave 5.2.0, Fri Apr 02 16:04:40 2021 CEST <br1@br1>
# name: ptcls
# type: scalar struct
# ndims: 2
 1 1
# length: 2
# name: x
# type: matrix
# rows: 2
# columns: 320
 129.48769637880969 103.25845744592951 101.45623223127517 92.897579844799466 105.12150670241988 112.46519339555741 86.352646494626867 97.356235281853031 111.48202370233498 113.91874643008522 105.12733982166432 102.44245644710657 112.3732438113518 111.63633518418497 111.56570572421371 111.6608910010477 111.70473188035986 112.52416926745389 106.27690566130941 105.52783571890195 106.24969296577068 138.08906788425304 112.90658398064539 138.45672423109318 138.05541654714887 125.00469871281749 138.02049187380769 134.94434759448171 139.91005342452485 141.51748232147651 137.09711510281861 141.04025328984159 135.42669582256354 120.78814574195711 138.07721157638122 136.61462536941679 137.75014714555678 139.07172714730649 141.59262914093853 143.47660282353237 138.84130679766133 140.18789210608682 134.60608689564705 138.73189213306719 137.01921105399325 142.59489058205489 151.67334401863172 149.82387393746026 139.18155569667414 137.00188745802851 137.80929646121376 137.74114780629679 141.10292593120374 139.43499923450324 150.74963765389546 152.85570824778364 140.32835092457563 141.33870693866697 151.71267312736538 149.65591001020928 149.41617315593714 151.23081366217747 150.50946858156487 150.82608655271713 92.453953059605851 94.192702914884393 93.000856955868414 83.194908243541391 91.733736917489693 91.716397617341713 90.073645220608881 57.272600952229141 96.553610769900715 95.408998715103607 94.010528436321351 92.897685061193329 93.914919658620391 92.767572281822055 92.850697064389323 90.574832411353043 98.940879560483268 97.778018868697373 96.929178205522831 94.936586342916385 95.00825286290484 93.938755139236832 94.186205855870014 93.127957893762769 97.281835878302431 98.970043871502881 98.013454800165633 96.090554760545302 96.100931869819831 95.004344933915959 95.400429703163809 94.78789166773268 101.55990170573088 103.56909511983788 98.380955131638927 97.036327626461343 96.268861764191527 96.379372505720767 97.22029625858606 95.761402091087945 102.14708414796624 105.48407018706482 101.22539288112404 97.278094011600814 98.200015674992727 97.201125002360271 97.995987109274935 99.035388683432089 102.46096571088484 102.45382904870488 107.40217374655074 99.564576273138272 98.087178933402654 99.888847555307891 107.19319325633106 98.267144788334363 104.26202917133965 104.50967246747216 103.06484714773194 100.24534635364384 98.960992217655544 99.270277376580552 100.29157400324662 101.20696692170125 108.22377637062888 103.84768514194134 103.12129805992167 106.05018584481299 100.0010709786859 99.131372137873953 101.29478769196533 86.328446084481399 99.6175253288785 99.188442016071065 103.44651809477379 107.47354739952723 103.14363093033735 100.74804432442124 100.32494554616309 85.730726447811918 116.68396089610155 109.53074315929661 94.58126683182266 103.59145422094639 109.66335876706202 104.19566239783624 100.38364545429305 87.465786221678812 110.86799913849761 110.43981690692439 111.88386617183569 100.26591070039673 108.54771135957516 105.23651589997 110.40933008832177 110.33595900783894 109.29942260585852 111.66010343967403 112.03619955173113 112.5460188430517 111.83868563340091 104.24273807214958 113.54065831787447 113.5523783811263 109.62824103166791 110.91583227738596 111.49059688868539 110.76366338066191 112.1461875915422 113.17393966781435 109.30223320141873 113.68055439708016 119.27119978338226 110.40231716078469 108.87874350968571 111.07392976640705 109.52408891570857 109.98168216414133 113.08517672480498 110.96665585260737 119.40576127587741 142.01743589416878 138.30155285849759 109.86380390491449 132.91326800878639 110.41375544726385 112.29566697943261 112.37424819637593 137.84489258472678 136.14608909589285 135.23523115012532 133.95780332542958 134.96971353647587 133.17919252107953 131.12524610629674 122.00903811016495 135.73844411696919 136.79242193927854 134.65640548548578 134.39933568144704 134.29594427235577 133.88083315251143 135.78669606985119 138.55718186233017 135.21903114167156 137.10808636317333 135.46438768120171 133.66574389493837 130.03654735054485 130.92778431198568 137.4101505522446 138.88734250432421 134.63146530700683 135.13839914166999 133.34000657604165 130.21031511587003 128.28145702618963 127.11794568351981 135.84756961825369 136.48830659980894 136.48502578248912 132.26487099111847 134.026305784729 129.10093115191205 127.70883802287916 137.88270882254989 140.12959444411788 139.87014564909427 151.49546519219192 132.26708913058761 133.1243325624821 138.98893522729151 140.49195361796467 147.71805179178028 140.22069099874454 151.48376155125166 138.96268664305617 127.94853785581627 131.42290019508624 147.48820794688245 148.43080830148358 144.98716473111099 150.14850059231205 150.23705199677116 138.02888083987398 129.10509672937582 148.73356653884753 148.01398083438497 149.5269182620105 148.66227103665148 142.44833045882899 124.62749277801024 151.66999095494705 151.82357586501615 141.2628369021275 154.24999363302771 150.60446699421078 148.35318467261283 152.03309772389801 153.19149682650428 152.03109000472685 149.06925148315582 150.10731918322378 150.36518063488967 151.53861781372615 149.58307603824559 149.63908274744696 151.9871909324861 151.10744178391113 152.24039533004989 150.49162808869997 151.46325198663769 151.5842796963093 151.17021180195093 152.57459557038976 148.97200117486688 149.05807271691313 155.33434457589635 153.12670500718153 152.72886726297463 152.62409367649499 152.32869653973083 152.24659620424003 153.50302789796712 154.6188015121399 153.48689874366397 153.46439765445174 153.64621100559472 153.95268770421254 153.00249466041541 154.61352827719659 154.57483920917488 155.77031900558413 153.91893722083879 154.53245230381947 154.83946322642791 154.74698856683261 153.77218111085369 155.65439347920017 154.08581070939027 156.43100433238433 155.18865036071634 155.88692147290286 155.64903711756074 158.63151072259498 156.5321633187107 156.93364347153343 152.7092109647306 156.45562772701078 155.62076214641857 156.83566885506602 156.76948029006192 157.78247879296831 158.11160273471296 157.64862355650035 156.58380504350504
