# Created by Octave 5.2.0, Fri Apr 02 16:02:52 2021 CEST <br1@br1>
# name: ptcls
# type: scalar struct
# ndims: 2
 1 1
# length: 2
# name: x
# type: matrix
# rows: 2
# columns: 320
 121.77308114616999 114.80407259086894 113.69914189842613 113.91849933300468 118.12938784384204 119.37580456244307 113.77673833895936 116.80145391314912 122.20862052215028 118.99372231918004 118.60690841952618 116.06924618133819 119.31347010589784 120.28251351896255 119.95921651991594 121.84887717169126 124.01850723850146 122.77987421072864 119.44521505996724 118.62250372008226 119.2187121455305 126.60944174524077 121.34962762913256 127.39394444316329 125.93143909061595 123.31698507375366 126.42996711912464 124.57108765236181 125.84500810012311 129.36606554417523 127.45162095954579 128.50192349151231 126.59176855409119 125.38128682638013 126.51696361637603 125.69530904583115 126.68126370786976 130.34022003057959 129.78852767022437 129.3184558535259 127.76373481769124 126.82565216484826 127.72828034410887 127.67198299712241 127.75281812508096 129.89173588022646 132.2365951021589 132.1085316271863 130.46949674023188 129.07913129548177 128.68643034094583 128.78134824315435 131.06843017640981 129.79946862137174 133.07508531681589 135.09296479885694 131.86016746099224 132.25118225175879 136.40793389910553 133.58056838886677 133.56240925767599 134.49136623502588 134.0606594483634 134.83805906179123 108.19058855859707 107.30925148583385 106.31908065975438 104.42604435580786 105.30140933182787 104.29567956296572 104.7296996746027 100.06689968727994 108.32153497855671 107.42310163724763 106.34811883533027 105.58726663829471 106.31323685589142 105.60463594173665 105.83099278632083 105.07934894376912 109.33296229098222 108.55860759413935 107.86254203694685 106.88141794398275 107.46959548737991 106.67761583928512 106.90374177326268 106.15562329039741 109.50606334593687 109.61782069849187 109.01146374000113 108.20485326958266 108.48532740792692 107.73527818184104 108.12095426663781 107.19316792129077 111.01261411390675 112.10955046754509 110.8095045302544 109.23419625074757 109.56649030317152 109.05190376340703 109.13601867622438 108.25797104371655 112.23256010746766 112.49576147399253 112.24735261276338 110.53337509551734 111.38270746405452 110.33325486598893 110.34017223960254 109.72260755833982 113.60897070570128 113.25980580023798 113.35657143257623 112.01308152171269 111.65311477435652 111.28385394531742 111.36729218057212 110.76680204149045 114.86093088131034 114.83243870730792 114.28252142817924 113.03091288930956 112.49654004639842 112.38868341455925 112.74351063501661 112.37000401069905 113.71962439652322 114.86303208163891 115.90072296880663 114.37818602790361 114.00925567873685 113.23339450995441 113.11329209847808 112.58861857988245 113.37031615913057 114.22903904195501 115.441770538075 115.92708735759132 117.45496527576047 114.22163988449736 113.80920838073725 114.04057720907487 116.35737516521318 115.19293849901604 114.46011024216138 115.67110737137396 116.6342243723393 115.21891562715395 114.26037308690226 110.89894103918277 116.1818791911613 116.07323324491878 117.35355544732631 115.4431707213279 116.62826348790392 117.79907100446243 119.76415374498721 120.60872601917205 117.16147758062496 117.21214440612263 118.15410990008475 118.6268309834185 119.72004136068601 117.26044153336899 120.50898062766169 121.57215372811491 117.90281143269706 118.15367596889473 119.20503910273639 119.4665113046662 120.50570522248526 121.03107262601549 122.5384063626273 120.93155337945153 122.61421291849278 118.95104632545539 120.06500791145405 120.29694040551949 122.31098936889535 122.06950863251988 122.83239838689656 122.15852665430685 122.57268030343482 125.29416989561436 126.40196117608851 121.44942385243201 125.4686079111066 123.21428268739439 124.00209902729203 123.26569548322959 127.50985061800125 126.86254858402725 127.55591239975159 126.15934693822645 127.79059116588901 125.83032490431827 126.65910090543649 126.30800400387963 128.89570897896195 127.63868425591983 127.8824932833743 126.70601905560488 129.12365428224305 127.957626974389 127.65906427882167 127.24941431788746 129.76896181207039 128.7617026834682 128.89027129149054 130.12587165612933 129.46093141276359 128.76924538612033 128.42117736434136 130.16015298646323 130.67652100388548 129.93542828350257 131.05216539525091 130.81452005767605 130.20687202768178 131.30169400669425 128.87871941869039 129.58348299722368 129.60639869117816 131.23184139393703 131.7624406176129 131.13974633594756 132.75935867979874 131.03760709015714 132.25456713646773 131.17559447132018 132.03164563590386 133.43503290177313 131.98619311163725 132.02660320287532 132.17787764513633 135.04237342985533 133.28772292255391 137.41135459739311 133.79281045618185 134.92354552184398 132.28280684541312 133.99806683604325 135.77905389818375 134.33745122050459 136.18055988657275 135.72787048022681 134.10724480621749 133.35210049810746 135.34209591818009 135.53167796844858 136.8951055887334 136.22415250463129 135.4339071127057 134.76999747721979 137.06439575779575 136.3587728715116 136.30899729166208 136.64347826648813 137.97987513015062 136.68291822000859 138.17816761130618 139.26053121229344 138.31046621548879 138.40607428043035 137.50647369846834 136.49191177217756 138.68766944895623 137.32952775969483 137.80834033310293 140.707492063953 138.89408520092493 138.21953821841225 137.76018764075116 138.75587224105581 139.8124245912397 138.83176201513211 139.15508298443291 138.58063824058999 140.12538051619094 139.51605704193244 139.16123628832636 140.69555625924704 140.89430393047223 140.10026497633515 140.54820368291468 139.78645928641305 140.60104818734189 140.21846279678647 141.12969558903416 141.77939839414526 142.04812365532834 141.16262076244752 141.52020947877691 140.87566088481071 141.77325202467316 141.21893449506359 142.19297327053081 142.8819784452252 143.11697323771611 142.31415862559118 142.77051363950531 141.98934837277659 142.94691675008198 142.29323079755949 143.25934371219176 143.92795640621395 144.28935563247072 143.51971561054594 143.79678758772573 142.98652151195543 144.05954929916336 143.45744887367911 144.17298176396937 145.20668540541001 145.78526591607744 144.67205425410924 145.35784615723122 144.92613769357038
