# Created by Octave 5.2.0, Fri Apr 02 16:05:37 2021 CEST <br1@br1>
# name: ptcls
# type: scalar struct
# ndims: 2
 1 1
# length: 2
# name: x
# type: matrix
# rows: 2
# columns: 320
 136.70931896297827 96.132575454923568 94.853272453026278 82.033711075195143 98.966013234724457 110.03187794521355 72.949987117749245 87.30589756230674 104.01109556569349 111.04845977833465 100.04228043707258 95.73374339626109 109.01238349203263 109.72778013430327 108.93125566678069 109.71248067273254 102.57961097204343 104.99727365228179 98.936154285568421 99.800257294670757 100.80159555161367 143.59596598342821 109.00793348584087 143.59824394882293 140.61798876810045 125.87703323569056 142.56783497876711 140.14834426803776 146.27844151252665 146.8215756347966 140.96175976002152 148.48058114816166 138.6162725748226 118.88347174460398 145.95760337728072 142.81430265918615 143.84295113569416 144.59621099499333 146.78487455322391 147.04486972459196 145.25809593289762 145.98867235380399 140.24616367614075 146.07568348425357 142.75810865895224 147.4685318588871 157.21590196912607 156.04014200137027 143.53586955316709 141.42315505635079 139.61777669501959 144.75268934596474 145.1145763674364 142.68555666182993 157.57347342457828 158.30182768778363 144.1608826072837 147.70321640268773 159.33823965396613 156.74742837476262 155.62134011699646 157.55725163980833 158.03296502007345 156.69750934467675 85.104782142522154 86.653485437779878 84.430536006168836 71.4394200381752 85.612804805803847 84.234389323573168 83.364094975370548 35.154199358826588 87.663376270655434 87.539318587147662 86.646461939360961 85.40479419510622 87.845728160819846 86.712062057314455 85.656245213747866 83.152406207945006 93.724844329209617 91.827469485041561 90.619920167216975 87.523663673148064 88.49096554558038 87.924535829154408 88.850290738976454 86.930378441074367 93.861463474489213 92.595021802823993 91.592182298328638 89.535426780820757 89.747702794561519 88.528896907296684 88.954308481466114 87.897763199018499 105.06457127687169 96.767403209365341 92.7553082016085 90.659146575774301 89.837790113634398 90.000780198146899 89.877040026080877 91.549282948243615 97.6044538041604 96.598068904630722 95.861765432239238 90.779046808260503 91.854489721524047 90.869299359068705 91.065171876804541 93.105492465299406 95.464999849338767 96.781360765972025 99.536033763060658 93.771312531692487 91.819510997324841 93.985410913284809 105.18140709380026 92.083159804918566 96.565485272414307 97.269714209904265 98.40667220255601 94.889785411463919 92.759379886157618 93.020914798205879 94.106514393751738 95.795033128627651 111.16513568931938 97.80210423492656 96.535986361787835 98.762496727708367 93.753928864831678 92.841813415789517 95.99441339697988 73.045609295254494 93.183575865156683 93.119503252128737 95.667413162073032 103.95916799813655 98.642994635281752 94.840936715611676 93.945997986805395 71.277387368315459 126.11543030988742 108.01541786996802 79.377177075720425 97.256250600109198 97.949062274893322 99.479908569682763 94.808882013608411 74.113246273868782 110.98425488489436 109.11622620988203 110.73146857963526 92.165803817616066 97.600438413981834 97.992662459034889 106.19785092653466 101.4623690405714 109.79678650344714 109.9514421776951 109.42143059987106 107.85299451859883 107.57867290104666 97.871144378447767 102.20427610057325 103.87078995868211 110.23364402009568 108.44224253274423 108.37514522019673 107.15472292081989 102.60895163194084 103.91661292349002 103.76300385468147 104.89146598647081 117.84155873156459 107.27614061831878 104.91610455178906 106.75865990275065 106.26362253987064 106.11278998534158 109.07025510869323 105.19352729401109 117.47071828856295 150.78662498570793 136.52308683498492 104.53459296382417 137.91728319244768 102.87605743751907 103.35064939994473 105.88428343371062 138.50324103228613 136.81736574793288 144.08426220993755 137.97909480282206 136.18894361810783 136.34791558982766 134.40982808131645 119.61731297887385 137.63845350036465 139.10672483144469 137.28220542084642 139.66128359662486 135.39845640321434 137.96071144287833 140.16032567316211 141.75583064830707 134.52688839892602 137.27678488224961 136.15681303772016 136.94025096766097 130.42500307794012 133.98652289928384 141.27717787471963 144.48212488493809 135.56784077027146 134.93532260635479 134.69426132974644 132.88074193153236 130.04652818116867 129.06116234234287 144.21081604421457 139.28991600527485 132.03411140215374 133.59877009518789 135.96885506846246 131.02087663459017 131.0918735773123 142.41021876079603 143.83244555825041 143.49201572147246 161.95042188985715 133.15102563320733 135.22528025015777 142.33613127845803 145.20334752425254 154.0036522501423 149.90683942721714 158.23259061136383 140.35455804540678 130.00535917003435 131.0508654919511 152.94109030431989 154.99618876232475 148.64164626830612 156.99263474122961 158.29947429556756 141.2251797646889 132.13383087949302 154.08003280342936 154.43845964378423 157.0976745573337 153.0323091132957 148.18209781491848 119.38529933796062 158.94034943359833 160.18413611009308 131.60243853676326 162.58440774536157 158.15467916182516 156.07246296889909 157.86253026122307 158.98998164381604 156.74931698498253 153.12495148504655 156.37017059898221 156.05678046498596 159.23593347057414 154.9639846943785 157.3939617295774 158.69490528171451 156.28594969804706 160.22164464490717 159.45895004924452 157.25357174307595 158.08152440014021 158.36391248058123 159.6964977887757 157.21679988657087 155.04308587408065 163.01637173830017 161.5615605338501 160.51854931887101 160.14914816583496 159.35903002942979 158.73378549504201 159.8608771668269 162.4418220612591 161.29295140123108 161.38859025206949 160.32489524752302 162.02558135994906 160.66250101804022 160.29194269696686 164.46833536981086 163.60683241502844 161.58773778358392 162.48015091679881 161.5887873365981 162.22309649103411 161.01353367174136 165.43377854926288 159.34684663891369 165.20421276318834 162.76926958276832 163.60633772828106 162.82629254288219 165.66433609646677 164.33036243905758 164.25631287652371 157.91512027450568 165.67552928029335 163.99736255162824 164.69697635586027 163.11282413846519 164.74394990095425 164.95560918421313 163.86396572953174 165.40934405226085
