# Created by Octave 5.2.0, Fri Apr 02 16:08:11 2021 CEST <br1@br1>
# name: ptcls
# type: scalar struct
# ndims: 2
 1 1
# length: 2
# name: x
# type: matrix
# rows: 2
# columns: 320
 194.76996912372971 74.987295199003768 76.003023247184942 49.796361356695357 80.073575537171493 106.45540817141224 23.043484199762723 57.482612807570355 37.650100834493522 114.7690768161187 79.638161955770968 76.663032783149617 98.895178782165317 105.38669798385803 104.77438428246444 109.42690166689358 14.933138344125384 55.863106654900321 76.948064901122763 78.896591563302806 78.477321180349279 156.60493881157248 105.8593410579106 158.69072986229824 155.04346364919411 142.05042533263759 155.79459433404858 155.59063874500299 164.77229688893127 159.66115238390103 154.87090441090805 158.17935046418745 156.56544603577063 150.18341294078488 161.93429671928783 156.47682974214555 157.98359708698214 161.00088627702345 160.28589517436794 157.57041597415764 159.97931224113728 161.72829498831621 154.824108898166 165.27133927931641 156.9816694102702 170.32138897156406 177.89537270144569 177.3203487324873 158.94180286647853 154.7090899593797 145.7459715467233 159.7910261489678 161.27735652007655 158.39934665262118 179.05708173580521 181.79176342596423 159.41932043738331 165.60174361465576 181.93929761325879 184.26395512658044 178.46696778175317 180.27131864174882 179.70520043787823 178.20429834775732 66.120893500923415 67.081646108348934 67.131469691099838 36.556286559208132 66.372371227641651 65.821067654438721 68.39859487072053 30.479753195500052 67.599781575537421 68.183856050300776 67.447674624896521 66.676024892713883 68.964637824721592 66.25810528509723 67.145099704604419 67.378867839969047 75.992553931866183 73.623816140988794 69.056055729227779 68.255228240820315 68.473653799717212 66.864389221081154 70.066786758744783 67.903851556135834 77.074873486927629 74.341580495989916 73.164819900264931 68.697663769486041 69.687256048207928 69.31667413965539 69.717654729142055 70.383071939350984 105.06245744828628 44.721355223256097 74.86758617672794 69.675660955435077 70.427632325022458 68.710924967235883 71.186448434962841 67.388617276374589 77.713305173351273 79.995593093125137 76.722814617066888 71.296906242051392 71.616471758995516 71.959297214563279 70.756406270243019 73.412807839211709 77.530664699260825 87.184353459544781 78.390200442137825 75.178113386455422 70.765890721808319 74.5478369236546 91.772201154945122 71.59098521055526 57.979511754981161 81.296760082065418 75.871464693651873 77.146180129262575 74.013651553530323 72.425617843239678 72.972244808849283 74.230747186210223 116.4795819126377 76.339949316006937 76.65827683876357 79.487878761898529 74.755340285131595 72.819225143066163 75.609766936561968 39.603461192372563 71.831608365867922 72.922797201305784 81.000971368884805 97.328522458820345 78.635387681737015 76.316426793171544 73.599419397370738 28.388674665026237 120.69525833162855 124.50165307463548 34.260693342938794 79.762512175178571 77.862101003888711 78.995872400552798 75.706641906083888 38.653377087142935 241.59439745134631 129.28185903683638 150.46282505623628 72.577328833472933 77.124187139495575 80.621765975938388 107.11143395206037 17.050178665935274 129.51679420567223 116.30971353324057 95.093573466084166 93.821389971019414 58.301143143390583 82.317431223777106 36.179559525274684 58.739147293649722 124.02898205793421 127.75892293223306 118.47218160722618 60.616274196345046 16.289758916246271 17.285876064539412 87.828446179802057 59.188409247161147 119.54367285285853 101.7129238463606 89.09030758401741 60.53377241977789 93.841785998051733 127.39233866611499 124.22141811608688 82.997546493370677 91.743117438807559 178.40079652875562 146.77064975354557 59.418056696372503 170.02240159298816 36.348303854472711 37.391739259942725 60.08017467308354 147.85835695413331 149.90306196039899 189.29439031099147 180.66970409590976 180.21349175959139 158.61641943617775 126.98406605220909 125.69671052718903 137.58746286287061 138.12566762216747 155.05141806279573 179.29077149882426 169.35294607379265 156.1330763506717 156.31700992141907 157.998279029234 119.70802965337107 131.84667837886965 160.57480781668934 168.28722307214912 160.72294632171531 115.09601770975186 155.82140023988345 158.49112097506568 167.65100467692668 114.2736409687175 161.54566896381235 121.9536785598326 121.58856556612274 129.11014266563612 159.20098146441046 155.11697271284629 115.20871217314711 119.2459499677156 162.05809576776784 116.27599537394249 238.15803679240071 157.47849526630722 160.86079820136433 157.24415958210233 192.97436948184205 111.77519449196463 162.59396425703503 156.32470157211799 160.56316580404899 174.53497215005581 172.02798823441162 179.3375526844932 148.15948214725208 83.710186090107896 128.94241881940249 176.2166189474581 175.32799191034988 159.48592300367861 177.03975055698061 178.82361760874042 147.7112938596365 120.39017166943756 174.97430097160054 177.4876087820773 176.89119001312844 175.54961940216569 156.41355583235753 103.82966010824816 202.25210714432646 189.14804232205111 102.93625643084545 186.07546004909372 177.62162556573094 176.58578978112754 179.38236323473555 181.78744004267563 167.42378129848305 169.00256127818921 155.76987702283878 179.35132452768056 180.32479091080381 175.60310413409655 176.01216843982286 179.32592537729693 176.54527583952583 182.2259674974182 181.35063409352239 177.0335523152842 178.31175795982119 178.82876269595175 180.90478573853966 175.40554009536416 178.10760286260734 186.47883867440342 187.3554312861871 184.04552195198065 182.78909337238744 183.01498150255861 180.72565909253663 180.34854889441692 184.76836285888763 184.08050146037414 183.09977495361355 182.05613558921181 180.35190260372556 179.91420569593421 182.60541417665866 184.49215079049117 185.11419732276505 184.13006504371219 182.20184854421962 181.0932037100597 181.4885384455589 180.8414675491253 183.81385745670119 182.78669241823607 187.73928445410763 185.22921666789975 183.10442553701714 183.44353010251294 186.24298342250572 183.63840418050111 182.10769960451722 172.65139553725351 185.42681031061434 185.21680094928445 184.3966181119973 182.19702581482954 186.36375083872204 184.63644865850353 183.58716213374279 187.36577560280068
