# Created by Octave 5.2.0, Fri Apr 02 16:03:32 2021 CEST <br1@br1>
# name: ptcls
# type: scalar struct
# ndims: 2
 1 1
# length: 2
# name: x
# type: matrix
# rows: 2
# columns: 320
 121.81505981141987 111.46175820608291 109.39721405471414 106.24124474659608 114.56455654164088 116.8664380558705 103.4549582113729 109.70067182868706 120.87448724469667 117.43004009947967 115.8900522658755 110.44904423322568 115.90522731560014 117.82308721975645 118.87444983283213 117.90297170305433 122.10358924927945 121.05239056280666 112.51795879761542 112.85301448023543 113.85727161158563 133.16781111849687 116.67362096116717 132.45124885775061 128.6074772154881 123.93324435320164 131.01798408534188 128.55248211500526 132.7884634597678 134.08601469509398 132.03888249518664 133.24434034000615 127.73037550983332 124.608622728027 129.79292764128786 130.93204968871765 129.84261226833434 135.19810705501675 135.05130417011651 133.91746057291948 129.83891429515151 131.64141888959847 132.09522605757729 130.2257488811639 130.98978314558352 134.68026309573563 141.9847677032096 139.8567538744467 133.24004919367781 130.43405655831771 132.59538107643331 132.08419289304396 133.72979946301999 133.12303719026812 140.91545043459013 143.6699441472314 134.55667851390012 134.1111087297341 142.26981541900315 141.04497132986234 142.65975162691288 141.81159977362003 142.51651384490395 142.8777304449325 102.00441020784555 103.89122568778987 101.03633858595562 97.633714408828126 100.19431783772872 99.359942776075471 99.42420650372037 84.43976812672841 104.59569886735261 103.40436527941581 102.35298174349208 101.15571980615016 101.46299292584949 100.43878541218977 100.55470611988099 98.086878603480585 107.24401903285383 104.82249106363814 103.60953842201788 102.264681670781 102.44244956793989 101.43974375811901 101.51265510682856 100.5811485521883 105.89094166073664 105.65381936484526 104.46565506402384 103.15287688512359 103.38641074182942 102.41634642931854 102.38180796754035 101.42554401689411 109.27426633767747 110.47318740393995 106.85255021656275 104.43446788253078 104.25900315843812 103.46165826878364 104.50675441457808 102.61933696399524 109.48444195250873 110.00740020677962 109.28411089770691 105.37289988009091 106.43870735077361 106.00977476462306 105.22564037354597 105.87259862172051 110.82257516829502 109.95614506699377 112.54534174940022 108.00551721711432 105.4958656305573 107.02379689640473 107.33917895410146 106.31305287052201 109.52343933660573 111.76803141231291 111.81957341631885 108.9334685167503 106.72867419221423 107.04322091743275 108.03717629005823 108.47886876718265 110.0727893210822 111.20801976274355 110.5709398407478 112.88239259981876 107.78857923093702 107.57828356156956 109.50419409917446 102.3949713064914 109.16926751938496 109.72866286656256 110.90438296196388 114.72981999567823 114.44937290880763 109.8001551319327 108.36669344803975 103.48318800904343 114.12610562805746 112.06950829876099 109.3983830440194 111.31326032125973 113.94406591406238 111.42105270823991 108.83146057404444 103.47411160055468 114.02354891313404 112.82671843230621 114.97149716600205 109.38796829518095 112.00553761372075 113.00100682292027 115.59629225512116 121.18985438937261 112.51484838607006 113.21717303478617 114.50385071437557 115.51405333363662 116.49370839399182 111.85495453683934 122.17390059505578 122.34270213856621 112.07750234793718 113.58611235665745 114.71492006470278 115.83027039287239 116.97904944756091 118.07280412274856 120.31337963786581 120.00075680071733 121.21107598984027 113.91455369295088 115.16870400174693 116.39452649648094 115.5978594199989 118.71055557630062 117.66439619489083 119.15900302762097 121.59859481313532 131.24658407521309 131.83999369983144 117.5422636960318 128.19138905231443 119.90262165163652 121.33757317571444 118.92438308993175 132.24552765908771 131.70907883051458 130.05767953566956 128.97155293175345 130.27715495497068 128.00586185292443 126.07808691804567 123.46566005384302 129.66683330200885 133.27378061641159 129.6520080074512 128.59379163403958 130.87993017740092 129.73836571565801 128.87909197787189 129.58972293669109 132.27006641618325 130.67142987411387 131.73986889019156 131.09952567449488 130.04850318728469 130.01852372670692 130.57013784662146 133.93710314123814 132.80048710992958 131.86740518228635 132.93159341437828 130.22756204696316 129.65588862097255 130.77490475105125 131.55255924739348 132.63243616294088 131.11912550920599 132.35611275632334 132.51400166488662 130.57544091388337 131.48542563957074 134.56237437943452 135.18902018966531 134.46227553959528 138.65405098745092 133.01765060618891 131.99382930189029 135.00734712798527 136.35814076329865 139.1426114965293 136.25028571742584 143.30098300804869 135.91043278536165 131.86926145181164 131.19393310444809 139.992838328727 140.56985508921838 139.49529396327446 141.4910861494225 142.03015867701964 135.44566462181106 131.97675758226887 140.85681179104134 141.24173031805384 142.3841843525214 140.2288811909566 138.06400117896425 131.06627385110701 142.11082633817981 142.18389465807377 139.19420918518369 141.44464169199017 143.07069454000444 140.66843304205611 143.04585099288605 144.0184336077053 142.11426632479368 143.20634191818507 141.93186353090724 142.13145215459696 142.67796814214071 141.6105860513162 141.61439143741794 144.71998400796312 142.4950703860512 143.52000360268175 143.46873446275194 144.11963463934634 144.06286531512768 142.43181042469675 143.16488148652112 141.3453726410597 140.965029551432 144.26425360136349 144.54379421141144 144.90133309834781 144.86571789730249 143.45045431209255 144.37841314640838 144.17282357220887 145.61791886848917 145.14369780939145 145.99808413743952 145.9124159929294 145.51139075949047 144.27892908694054 145.17325170321138 145.23311019738694 147.5135321778865 146.38929160530688 146.96200591769193 146.90379061476187 146.41382403996502 145.40418066756052 146.38844616917024 146.50475600839337 148.46369804307596 147.28956169623771 147.82582767563969 147.83723604037692 148.52470982893863 147.33770602312455 147.37222494051687 145.96474314058867 148.82879346742453 147.95313854145499 148.85246391865076 148.90660391750455 149.74599811262726 149.51315571650008 148.43510588773896 147.38878493298589
