# Created by Octave 5.2.0, Fri Apr 02 16:05:01 2021 CEST <br1@br1>
# name: ptcls
# type: scalar struct
# ndims: 2
 1 1
# length: 2
# name: x
# type: matrix
# rows: 2
# columns: 320
 131.86414270354715 100.54752407978594 98.615115337724205 88.764586291145648 102.86968614949645 110.91563533806476 80.781670813234498 93.532737236373464 108.0989726579233 112.82678955170185 102.74740454529294 99.633896681373344 111.12476689299393 111.78866746392205 109.93958219658964 110.07484347726466 108.02743541447855 109.16736598367683 102.894548532534 103.97722519223643 104.5739831637986 140.10541800099 111.05411766953094 140.31032377752743 140.53546845589253 125.33656510738876 140.4075991111724 136.92412893768238 142.28850889998699 143.18679333586536 139.01752775698392 143.46446459629769 137.55591191844297 121.0426241875422 141.93657641676847 138.5008057125909 139.67894159910443 141.31765018049452 142.58526147054047 144.3401292474631 140.80897397828357 143.15275549571098 135.75979732693895 142.08028012072157 139.29720441814678 143.45967167901836 153.22791237657361 152.20082266430109 141.12312857416239 139.57480340223279 137.70986669113415 140.35161050560617 143.89245896915449 141.55069051933492 153.16888108576279 154.36461634394641 142.12759181942226 143.27140790352249 155.02632244192685 152.28145278513315 151.41613175000404 153.55762102432629 153.42396384833464 152.65208090051038 88.1110667587553 90.833109507775859 89.322656822343163 78.722711643673819 89.431188082100306 88.76324676292117 87.538476145123511 48.857991650391213 93.062797165241847 91.860657491699698 90.913568961181639 89.87376279910653 91.367578442058061 90.483975813847479 90.782767825652812 88.072354521092976 97.167527112023606 95.272465600281251 94.147612837218105 91.880208135631491 92.605982434996506 91.9097901030175 92.517458770306618 91.097727074954292 97.249041490293067 96.361638989960454 95.352650853432209 93.357973999843082 93.676098852187863 92.858938121968549 92.695565889096301 91.455886369803579 101.74425916275231 100.74192906706382 96.128841034911261 94.492101558103045 93.879244587968287 93.653820019465698 95.017688094717997 93.938257252314671 100.86266062502521 101.78957450913207 99.44861517196253 94.636516350978212 95.738500898255069 94.906237994911933 96.152865452094559 96.989170991061101 99.870834700105647 100.41069645506475 104.47635722340974 97.625938787775382 95.568329197144791 98.185170751493501 107.98113141070408 96.045613394000441 102.1200808756406 102.8252633644624 101.73679223617509 98.350921338692842 96.446364781210178 97.169255169789508 98.564691313350252 99.634120674373236 109.34277176360897 100.71988278871923 100.66709322066328 103.94351839657992 97.751807599347032 96.712007963651871 99.706993447108161 81.494891021690677 97.549763567864474 97.288225616862292 99.434991859189466 106.57854344481109 100.97733055982781 98.565763577685203 97.839342479124795 80.232173537133917 120.27201991221574 109.16134165856394 88.79710225069681 100.62687848134242 104.58180822290927 101.90178674413885 98.870102311330257 82.638455400785887 110.87830364168417 109.96276990571212 112.22766190490952 96.395792894689549 103.35256392974733 103.58033186098221 108.80713692894624 106.88131707931282 108.95266297083302 111.15235883758075 111.43506306132942 110.51584279958918 111.13107063605294 101.95585982230469 107.47647052278666 109.11399511936938 109.7131077907119 110.3443927767519 110.35863092925807 109.49911168034379 111.24327072144006 110.30752638296782 106.17804990481048 108.65101131048108 118.10175503757037 109.34747140487352 107.33215772539174 109.94806469337773 108.4700658811738 108.67596276677719 112.30898763731311 109.00873561093088 119.29516318071509 145.35354043986302 137.90469022091264 107.71204467278856 135.68763651717967 107.23897638103062 108.18460427932402 110.20295253775546 139.39520438194083 136.64570949974137 136.72931436329671 135.6376283935933 135.48743525366183 134.5600742930468 132.74572542907674 120.12005999607379 136.18392534409051 138.237364503778 136.19043843129384 136.30280587931122 134.35520594626206 135.19711626732018 136.76293049867627 140.26630972003233 134.76543665882716 137.72077373604623 136.79402736450461 135.13124684839678 130.05434927712602 131.47034943501089 138.3963629678403 141.68917055323061 135.73878510263842 135.93986573204677 133.73867927304775 131.39009417340608 128.32006321802172 127.227157873268 140.0773371667897 136.74288353512046 134.66371966403992 132.77679638052351 134.71762838346723 129.15473112910067 129.0692037957869 138.56423593054748 140.99386194345675 141.11510346530636 155.47289437065152 132.49078943411311 133.49253886613675 139.9502444280956 141.24327608230521 150.38806907551788 144.6090231602725 154.57459042934647 139.51166067168924 128.11897838797216 130.79611716775068 149.95843709050314 151.46607027835483 146.37745662026131 152.80238348168163 153.97278283072052 139.22540639222785 130.0362355965369 150.96619595655093 149.54934252542932 152.46857963991266 150.60318759966387 144.27321475377906 122.63318005625223 155.22927227168654 154.21083971491245 137.58768535008676 157.29173424628092 153.22369935660072 151.72668899864794 153.83838272803206 155.06736715229255 155.37117249583449 150.61218083170121 151.92931765028811 151.77060077488352 154.21672968588325 152.37381254088174 151.83152908692171 154.20540651270045 152.96170224751557 155.21354296740301 153.42794361020503 153.65255792363089 154.44959707391138 153.75382104702712 155.81903383931734 153.4513336532163 150.78288101689986 158.44794850303748 156.20691807418405 155.62411210422701 155.28201809111985 154.8463676713271 154.83186698123373 156.00991052045143 157.62054094417428 156.38299873465371 156.70252746969246 155.91940283791996 157.11750145862624 156.11639363021945 157.15728524618635 156.22034722979916 158.94003534611585 156.86801915143698 157.82372811420788 156.93916031313734 157.87034809108022 156.73644099165421 158.55201998996236 155.37533615219945 160.1488454207138 158.09234903524856 158.98537157301942 157.97629456645549 161.56036332973699 159.40623099691493 159.96869630223463 154.83831554931658 159.7864589312002 159.07386280302268 160.34973414229904 158.76908541667427 161.15683929862709 160.99123167751122 159.67940522162451 160.89542809784555
