# Created by Octave 5.2.0, Fri Apr 02 16:03:09 2021 CEST <br1@br1>
# name: ptcls
# type: scalar struct
# ndims: 2
 1 1
# length: 2
# name: x
# type: matrix
# rows: 2
# columns: 320
 120.53937006342449 113.68881610793477 111.68901795443742 110.72849489056308 116.35033340335166 118.68414372180395 109.31250662315405 113.85189827806488 121.33674080920608 118.24137184222694 117.91122558568024 113.8357767364576 117.6771820488614 118.70047182506296 119.39923176751319 120.18141179652682 123.38951612506001 121.3752246491014 116.66471449911826 115.7191416830894 117.29615995910682 129.10808225082991 119.97537158929653 130.28958817358199 126.59547588404911 123.57293226766711 128.40481831735764 127.18719925042291 128.19524334798692 130.93587678384597 128.95605071311499 131.61814368677048 126.48461714834282 124.37683332731847 128.29782183110493 127.75593943575615 128.8737977270244 132.55582048685281 130.93483184950128 129.5613465448393 128.31216250606781 129.20284044945197 129.39698772780994 129.47174127365176 129.95293499505607 131.71883178149321 136.46344672024679 134.06410920849078 130.65242064663715 129.62731536817628 130.23689649921386 130.60443963900494 132.21493987472786 131.31044367891641 135.16516329907483 139.074891163503 133.36539956050737 132.59116516840288 139.32629371259907 135.15784232308289 137.3723967076987 137.21022859286515 137.96629748455595 138.41901223207532 106.26365943110061 106.17197885060398 105.16016790546531 103.09214205448772 102.92392160818927 102.04431435670963 102.15652319094416 93.57562965443546 107.1796765553908 106.19624601613121 105.07298387041276 104.04724835796959 104.14549652345862 103.11575082597601 103.16852518752012 102.14480692647872 108.36580013095711 107.27995403699191 106.17559855450928 105.01734721954125 105.17937958567717 104.26922801700245 104.28014438543067 102.97622076760287 108.2148998346423 108.37396043489217 107.17108271457491 106.08237662214573 106.21172994656425 105.35452391415171 105.14692787656153 103.97022288297278 109.70170030087644 111.82210681105768 109.38982412989631 107.03055378488642 107.47089887192845 106.59519018747703 107.73078382667937 104.93371869465359 111.64970621281218 112.12364665222842 110.35576767370503 108.18281440075258 109.47089266007696 108.48449265570899 108.68715374664127 107.76241119988239 112.91443204593807 112.18951284481194 112.9043312721526 110.53688051379223 109.02382917261984 109.52053185914973 109.76337464025131 108.95566784751864 113.49349739356323 114.07927260094142 113.47290769002127 111.94375455466309 109.8753000535508 110.35459277816656 110.68602021250896 110.74750707995126 111.6290446986269 112.88565300537704 113.1952247610742 114.25163033546404 111.16254227232096 110.15077851424849 111.0864073901743 107.99405067588513 110.63646920879889 112.6539697530518 113.9659123472421 114.31555117768687 116.73728880190278 112.27601238660019 111.69502686162541 110.10342213431196 115.43227905299463 114.16922130394732 111.85313929565748 114.58956296533661 115.32669807361057 113.07711534897635 112.11943418715475 107.90455683921694 115.25327713950205 114.26062077006671 116.38641437868441 113.11996131637676 115.41698255483826 115.89243116497323 117.62373455700038 121.63405855431792 115.15176112581359 115.64225324966309 116.6856110443813 117.17235656060924 118.46580720459121 114.52803106236895 122.42274629079374 121.90073359593758 115.38815280518263 116.25719169157493 117.3179105403064 117.79648452325002 118.92719708912819 120.38780073567374 121.44331751142016 120.67360774618683 122.62878048084097 116.63850420194653 117.78526512430824 118.46072981012148 119.06340597624163 121.18782627661281 121.14866578156828 120.77337213879359 121.57065112090648 127.62452771131649 128.77761532770501 119.55374306818446 126.07026882966605 121.88840786498062 122.70681241804863 122.41954588942511 129.84863604999899 128.25694477197484 128.95765879571661 127.15383774674628 128.4646630911362 126.52720939465648 126.67330411346799 125.59929804627723 128.41944235723065 129.68059131045607 128.87863250146515 127.6045400398547 129.55582906935109 128.40340298245874 127.69066573664786 127.48641789145631 130.84548723185654 129.35123235906229 130.01403528707036 130.5977327557955 129.15390486933796 129.02458688335489 128.95641031926334 131.58213449177148 131.10707349698822 130.71330400804942 131.50011059291691 130.82277857577336 130.07218082150487 131.66971337042796 130.83694384432562 130.73706203345665 129.99830771138392 133.86809383761147 131.77607814013732 131.44063996261482 132.72379909658306 131.78429379913493 133.986659621847 132.8125052929164 134.32955259184536 132.66534833493807 131.58490563851899 132.85902190175582 133.78389891092101 137.01029088058652 133.98624461139283 140.36877019250247 134.30659897682338 134.11473937945979 132.3555168053758 135.97239417502726 137.99352624939448 135.9309655454681 137.63506705359001 139.94866033135986 134.96962105863986 133.77046610690516 137.14645712821419 138.17379763073296 138.97618757832103 138.02758088577966 136.80763393993502 133.23152766329602 138.42970969846007 139.40876225973196 137.89553048606436 138.61645736181435 140.38925354114909 138.07691764331153 140.19890980636683 141.62233411744572 139.79397432447738 140.94986643031984 138.89750452657162 139.30367051868279 140.292523868513 139.33869306890443 139.15804137503505 141.8330381309105 139.63573384721352 140.36341749499081 140.39303813394417 141.31835139092411 141.52485991786909 140.33046022599385 141.41348750946395 139.3979286855174 139.46921497383372 141.40539355671126 141.37692705445727 142.39018069594863 142.44838771759248 141.46486531834694 142.50993161589415 141.14796745373863 142.31831395232931 142.38876339049452 143.29125234710361 143.46668570329706 143.58904066391219 142.42009874687 143.55014023389441 142.76952595003462 144.64113832289163 143.4806100628268 144.34782677359865 144.39710465725824 144.77370610021822 143.5041357230009 144.55353098926341 143.86594937415998 145.55530964007221 144.59497774751492 145.41110844128644 145.4096562413371 146.13914106801329 145.43918523334639 145.57876822370443 145.02726876960264 146.54785711123981 145.66136735605622 146.60065038135849 146.37679530924319 147.23851416405577 146.62275415608624 146.77194191100057 146.10823871298345
