# Created by Octave 5.2.0, Fri Apr 02 16:05:35 2021 CEST <br1@br1>
# name: ptcls
# type: scalar struct
# ndims: 2
 1 1
# length: 2
# name: x
# type: matrix
# rows: 2
# columns: 320
 136.26300544821913 96.287485932988915 94.908544460558858 82.269882135403932 98.963552244058462 110.00197239269677 73.215481655161824 87.524383164905572 104.1135027600407 111.11085731424227 99.930937267350217 95.932708298114832 109.08650220785583 109.81411361482678 109.02033383550176 109.72032498785094 102.90939727493803 104.94253796416726 99.062309196481138 100.04516278196056 100.92122244326313 143.58239236929958 109.07779424032805 143.35627134047036 140.72060965746587 125.85806944171506 142.42213516392613 140.03521390556915 146.13659321653458 146.73423978717494 140.95417874279269 148.48077509172435 138.52359597050165 118.81252025921616 145.76718908456951 142.77022241362232 143.72346482640447 144.46396027536841 146.51310018308703 146.89175668700989 145.27109072436738 145.94957561872636 140.07094965019911 145.84748108593462 142.57192286345767 147.19803592867555 156.95604769948073 155.87533976266693 143.560331083378 141.29817018924751 139.7028945937918 144.69358179986065 144.99916830527104 142.62933559794934 157.37500384317795 158.08524029081494 144.06613040875246 147.44028145207429 159.40040909459006 156.63018609124791 155.53547933635659 157.37624771311005 157.82555099896064 156.54636757711506 85.143330160515404 86.877099498168491 84.642978613974748 71.694974129596204 85.666671164739753 84.308424024549154 83.54042967225547 35.63503417607447 87.754561938477337 87.817202536536598 86.724936634819954 85.580125006306858 87.839739278642853 86.744800198831399 86.014826929712953 83.130314108447621 93.72400203915339 91.808657581323345 90.660177162653426 87.751748514112279 88.699414222762812 88.160230192960398 89.087002089923203 87.101665273548463 93.849348629820966 92.834037623956647 91.870597362685118 89.604671043051255 89.724900627764541 88.852831289731881 89.104205930343568 88.0179528631691 104.95499167516029 97.054457997276344 92.864466337140442 90.729681802658504 89.894840337431944 90.173424510006726 90.110855804472095 91.71698892953313 97.78090705353857 96.722999288741661 96.127521072668657 90.796845057059286 92.167956808179284 90.957953777411078 91.172383190995959 93.29708599242376 95.582263201555975 97.016748817146365 99.580453445921293 93.906342555270896 91.990296846297611 94.055293554812962 105.27964303474425 92.335782447220438 96.831099430108054 97.414769448020962 98.643832785939097 95.011535307009595 92.887658165757955 93.116428356649351 94.405144180121709 95.91568541201562 111.10119309543481 97.979676926759666 96.681217044357567 99.077050174898758 93.932415037814081 92.969217774640796 95.989599107228159 73.284669153382353 93.130147573545116 93.401962680867754 95.897172091674335 104.05348233128315 98.868829387420277 94.942790359817451 93.939933709132561 71.591590391782773 125.91039836610946 108.11061586409124 79.707700766070474 97.315232931354302 98.196404984999788 99.811154252111294 94.921333350528371 74.479083967761269 111.01020689396674 109.20063013087805 110.71908758564194 92.384663878541829 97.499228006148527 98.122991532022525 106.28940482135611 101.59986524814093 109.77463438776373 109.94169111697651 109.52884844612478 108.00019701485088 107.74358618951136 98.022520615204158 102.24527296072118 103.90121548228913 110.38820833237392 108.49248966016297 108.42861523128106 107.31330614127761 103.06931634878187 104.17843660420267 103.80039725122187 105.08456939302589 117.87165131513774 107.43721515598915 104.9715786600688 106.77702530383353 106.31791747608692 106.11694636070489 109.18434552988809 105.40350903908359 117.51377101018828 150.59599044023969 136.6836310761023 104.62792172042182 137.78892299009806 102.97012972894525 103.35523189539943 106.21220903877908 138.42105780665798 136.86027067973535 143.83098372830256 137.81046092323817 136.23022923224411 136.21098152130932 134.62774584478888 119.78166444531911 137.58455282733138 139.19585402142437 137.3405417304175 139.70025541976162 135.49858677051199 137.97936943909812 140.05980697370921 141.72315515286621 134.55270349677841 137.41571776448387 136.09526955129019 136.9175353212664 130.49308947441088 133.96426730391613 141.1607531697293 144.46623783210427 135.73671659902027 135.0327441115017 134.63077735947101 132.80151935519009 129.92696864770068 128.88233020982895 144.21384158283573 139.13405854778685 132.12637835871115 133.45966753281394 135.70158158323642 131.00011671438236 130.87922272950303 142.14082714083014 143.68687583982333 143.27142767822792 161.72314022251661 132.91930703745942 135.12890189145153 142.21928742171067 145.24339377446137 153.72421804583868 149.6318034893595 158.41376545933883 140.39616109598015 130.05361264119225 130.899682775445 152.86475196603999 154.6938333463697 148.56220101749753 156.98540359042354 158.07575563804116 141.08383388091625 131.99328015396085 153.80215955674333 154.31801048260414 156.91374508657688 152.72353494628007 147.99114985609401 119.49926006491822 158.80300721671546 159.9816757460253 131.81244719687987 162.46606577533441 158.03903099205107 155.98798896236238 157.77889154491211 158.86952762031513 156.82953319870185 153.0367840937011 156.33882033539814 155.70795428072441 159.09163352285546 154.94448301523565 157.22664342389965 158.57615899034045 156.23175030651251 159.96438186838427 159.17526843387822 157.29611125046188 158.14351193076533 158.22928824706855 159.63174395958421 157.2161868549814 154.85258057514244 162.76449247403846 161.39914105728221 160.18856727230599 160.1111102194958 159.24079680512548 158.46751428779297 159.77168739408174 162.14044926076335 160.93424531718401 161.10902763426691 160.27739538364878 161.82896017508281 160.61880902648841 160.34832013136267 164.31739911351039 163.3999290451178 161.37536509538299 162.2372462378174 161.47774461158656 162.02800617352875 160.86455358443652 165.25716501468312 159.33515216652142 164.84077856633226 162.68594130203508 163.33333218006379 162.58362597163344 165.52574928041068 164.27960416658476 164.01513496724121 157.80716221397273 165.35033716831711 163.78750743661718 164.45277599288826 162.91602023469846 164.54441539769098 164.96889165594882 163.79777474387291 165.06000728919733
