# Created by Octave 5.2.0, Fri Apr 02 16:07:19 2021 CEST <br1@br1>
# name: ptcls
# type: scalar struct
# ndims: 2
 1 1
# length: 2
# name: x
# type: matrix
# rows: 2
# columns: 320
 173.73478724642001 83.042640058401787 83.105899268437753 62.077256487552418 86.630811433395721 105.7716940988789 48.022601307635682 68.843864142705399 64.161118154672096 115.78308761757718 88.717575700496525 83.659782688227878 102.74935200497191 107.59314771532688 106.27301665859163 109.39853359694253 49.960885091138366 79.16902240074819 84.6278979248697 85.99081159248766 87.769714587634937 152.97744066054145 106.42331721373858 153.9552985207018 149.6387911954601 137.82373799832254 150.80082551721929 149.70785989663528 155.91685283441805 154.84770438025058 141.60900580871223 153.54211289635887 149.40580454578247 125.50997472976607 154.95148660444167 151.94618160225309 152.57829110222113 155.26141265766361 156.21824584523748 153.70170584925597 154.12425814513853 156.70896401387259 148.85249650832537 154.92085393063752 151.01902729764092 161.50156894123816 170.76052729170664 168.28730517805596 152.88936654460676 150.46577544566054 142.82202049031395 153.66729743711235 156.36674727018138 152.06196930887955 171.04272449657478 172.05455241497739 154.49375379857699 170.32255051236538 172.7403627269446 173.36299809906114 169.90030198736994 171.31614076686293 171.19479383334439 169.30815212028085 73.465503264032805 73.865752756632588 73.726938855893778 49.845099313100349 75.150857933508064 74.499426628192523 72.562094557182945 5.4763426986139025 75.712284410233551 74.774888493077256 74.903792151852926 73.611736908237887 76.706669810121014 74.848168508973302 75.689201254009149 74.6472031120217 82.654264219120989 80.554042947342921 77.204120867086388 75.872161089520048 76.302976913943269 76.272395890678055 77.796993880745418 76.806063655037846 82.993893230739587 81.63071963178281 78.278605735411773 76.82162427425871 77.663505899601986 77.0697092020756 77.345483895274953 77.76387841502887 107.41432268769812 76.965724144008291 81.924198753236738 78.154239991852762 78.364917543354451 78.436815363025985 78.930853577520097 77.714506704402467 85.69415166613642 86.931645337674212 84.350622890699881 78.778141598730642 79.390328795727086 79.477597118749102 78.461704540708268 80.556398312337322 82.719521448466779 84.720308259105295 86.118211280341939 82.331738355682688 79.926538794275871 81.734905781692333 96.880470084032794 79.021326564280017 81.764179650507515 87.79608068054192 83.608993476691552 84.07272145881501 81.01831830512333 80.001029178801033 80.167905348044386 81.288103372223688 116.56828487256607 84.098870418075819 83.542409313948667 85.735935518318669 81.612242509521323 80.491936637813239 82.842881185418051 48.746624753367783 80.193025311611905 80.81136099833877 86.478492253946996 98.702145264878055 87.881427538965113 83.4735606564482 81.033244640737323 44.727231885327399 128.64025968153774 118.48303762360153 51.44792524114132 85.863288866708146 84.677816868738574 87.026199133697858 82.462405852561261 49.791485068787296 187.77033067606834 127.03290923595813 134.96973808924201 79.617690389459739 85.12858670044497 86.770016352423681 105.6082298956234 51.045650319856527 119.75748196023399 120.3602474470118 115.38774788780646 111.45626900634505 78.359972786011113 82.78129880517011 62.199549885189924 77.299241168125633 116.59809291131813 120.34664086635729 123.96226600128922 80.029758530570106 48.863743366407192 48.856110184688802 94.040817940407095 77.047922335940186 117.13242133419649 106.20390834413867 99.817183116227852 77.405413867576257 97.759349441842502 116.16177406813185 119.04133470262244 94.47397918377554 88.831136517945225 167.18354458438796 138.43724704497447 78.120668267470222 155.50142776378829 63.427455393325111 63.190878001768155 76.235422462564671 137.37770364613107 142.57311235417535 170.30689601551333 157.97455030317911 157.66496085389906 148.17054454465364 120.07167990389539 127.2926912560736 135.99682785055336 135.70051219918187 148.32028062360519 156.70923680793132 154.43515447686849 148.315712368205 149.90327885046975 151.68338011823406 130.22438797172381 131.1932595349856 150.16199159655815 149.16523356038186 148.88581579177279 125.13720336169283 148.71938429083204 155.71172077226618 150.1990338104431 126.19227300769964 149.82033724910852 128.02902332334619 130.91224686775786 121.03950855354559 153.27976632971468 148.97489774649941 123.39755414094569 131.41670992450776 147.89554535355484 124.67170984834196 187.24038968863761 153.49219734513576 154.61249561661265 151.677070409387 181.15572278013352 125.22056629918899 148.5944664000566 149.99031457125415 155.32735484228888 165.98089504059507 163.61368966985174 171.79851406919914 145.36987743269691 103.84248377389454 129.03803670476552 167.1124401394942 167.93916558443527 155.35476996163194 169.23626471402946 170.37721031056896 144.721126079519 132.15553392927754 166.95882162950676 168.33561781801248 168.50093295620101 166.85280341268421 152.44977067323353 109.75561791004338 174.49751002475722 173.34029360926067 113.85670675690938 175.44816563118556 170.59597966457952 168.86783280173972 170.27226958159034 173.52727449281846 164.90167037654226 160.57509605373713 161.09783876723364 170.44155893514338 171.48373279106474 167.00963127558532 168.72147154409555 172.21257494575261 169.53657030316373 174.2787895354522 172.02310355650883 169.8752151955353 171.35625263828715 171.10781842136819 172.29806255620946 167.74267509879255 169.391238449572 178.02824065713156 175.23074678024349 174.29879163647601 173.17770938918599 173.93500614182847 172.46494990216542 172.49718737870418 176.72299678884255 175.09809181319628 174.73280795309429 173.49880387737053 173.92763774275042 173.11220219665677 174.71821804835173 179.07330176782631 176.43157886875289 175.74534834861544 175.44927387651686 174.23885762492887 174.13429320963576 172.97235478178754 177.03932532179707 173.19654186368848 178.94779885432419 176.88877440567472 176.49385304288927 176.20634784800328 179.72198340041396 175.82715121983955 175.27879758412027 167.03757638954005 178.49610385405742 177.66707122082053 177.36486314651034 175.07469147604451 177.64850761907883 178.00111493487316 176.80676290743068 179.81795752808225
