# Created by Octave 5.2.0, Fri Apr 02 16:04:09 2021 CEST <br1@br1>
# name: ptcls
# type: scalar struct
# ndims: 2
 1 1
# length: 2
# name: x
# type: matrix
# rows: 2
# columns: 320
 125.9569761249183 107.51535473617665 105.22805543263232 99.038027410227997 109.87157318873925 115.93700235326818 94.210062804338065 103.03686094942267 116.5192511098298 115.54108236368337 109.52172073400821 105.00038661861292 113.50864760016044 113.66152678122333 115.2133728100178 114.85774018094922 117.55771354269716 117.5351916213652 108.53159690739649 107.63379428003395 111.1588008790863 136.42882307801742 113.89663490719171 135.40873686407161 132.29521183575727 124.51164006945444 135.13921247482926 132.00295817029786 138.04587530455058 139.41567999556989 135.39398751357345 137.41171932346279 132.5127839868295 122.8197733696293 133.44080449709938 133.28760301855914 134.47706782590637 136.29207451524201 140.40634080853152 140.6097992350463 134.64136761497164 135.91105978775849 133.62609819365119 135.45506067997337 134.33386152558546 139.45780952140723 148.20243720541703 146.3558802536183 136.39526751127033 134.24494652296463 135.30026672912027 135.22688388986435 136.71966430155763 136.92135270597254 148.0467175711309 148.14564057652811 138.65751696151807 137.06167722867787 146.43290726955422 147.30996142550751 145.74202984928391 146.98791846347063 147.42388518366431 146.95954608432911 98.047781478240509 99.009967265244285 96.969554980983176 89.839314620487499 96.020115086822344 94.608614996227018 95.352798706060796 69.774306200672356 100.21868495231141 99.058692500537077 98.173778579697213 97.203770460594043 97.427367011076655 96.48888968245916 96.245176357093911 94.044685124608122 102.93142460596913 100.43847471307654 99.294283038443638 98.495784794776512 98.283462518902454 97.302882705906924 97.018571802057025 95.824301483977962 101.6846767454512 101.51669637558143 100.5311384548111 99.53393895267871 99.371602687128401 98.04822374947436 97.932273363787814 96.660148971023773 106.02983876143958 105.24073210952035 102.71442117416042 100.76767786308372 99.059090282082408 99.146916075177543 100.33059450455862 98.238549146367944 106.41641848912926 108.64252426529114 105.15191056271648 100.42881034338791 101.53860332674319 101.36461602501211 100.75308853555524 101.69005939327313 106.86015508580383 106.30628366833275 112.93858115615166 103.89758924338962 101.67858778942366 102.97891713462379 104.09565905343216 101.90282733919732 107.17465780067072 108.32855394137637 107.85320155441903 103.99585927549126 102.73137353081788 102.42225273805624 103.6078773502861 104.8734434928698 107.49043992844385 107.60171837937958 106.17443521656762 110.5766385465061 103.67878157995877 102.58414099226711 106.02333499185332 93.348785789921365 103.05567557889722 103.20059582523052 106.28419371036405 112.00012787141009 107.68031052700287 105.01911253289857 103.95263225301488 93.90000505796209 112.9187426001799 110.21077912949103 103.4949244856672 106.25468190718075 112.38666322799604 108.71298171136206 104.59117000201462 95.218224531783562 111.70666893803477 110.2578007396808 112.84715179657161 104.14073608585781 111.26603183876746 108.59337655009065 112.7897313536797 116.37082676901697 109.05180345987692 111.14050350877415 112.19191416736582 113.46692463737412 113.77042849808119 107.21049029168705 119.75518889444118 118.56215492802669 109.31970681644363 111.26760307154207 112.64808392250556 113.03701230857872 114.07650054639872 115.51525075681893 114.32968849003785 118.42556886577739 120.58712791246566 112.03030148619433 111.50218397061217 113.56670466023019 112.49687782715435 113.59431944848063 115.00587652621176 115.66988447859237 119.99161108195538 137.06093771199448 136.50798177267285 114.59399680813061 129.81215243739118 115.4714347969619 117.05236888637201 116.61680000954294 135.55393190374537 134.41204325802022 133.01054449753875 131.25433363456659 133.41875126350362 130.46357589381651 128.71767682673789 122.40580998998742 132.7401409692456 135.42797923661453 132.49389860829112 131.60258424811647 133.27826012217798 132.28223536875362 133.00381767803609 133.14546489727937 136.1430695393282 135.3944526483476 134.26057395054545 132.11522746929964 130.24149169951025 131.36211443216857 133.20281353503827 136.30934562748203 134.66595026638933 134.0238493848808 133.64856433089332 130.43533463847984 127.36341472971624 128.11124912652005 133.94466861961104 134.73056724616728 135.03667680449797 131.47818099432658 132.95196061396345 128.72754147107509 128.21129771498852 135.9241286705103 138.41016956674932 137.46720767578211 145.58614184133765 132.37520946777096 131.48116809454575 137.45711786765375 137.95843936832571 144.08281732363386 137.44955925212372 146.90993445393735 137.85747716591382 129.36388552065193 130.40041093894823 144.19016734263911 145.43329812874862 142.98261067292933 145.6688339782703 145.48833794462814 136.54077665383559 129.39257860033771 145.16444955701601 145.51428570569928 146.27968894419817 145.27161891344639 139.33620528827296 127.59047167890785 147.24590966856397 147.41279004668343 142.8575625073035 147.81771061257993 147.65690039340288 144.62896156373162 148.05854089491524 149.0548506074758 145.93053567049998 146.77689930817411 145.23210432494963 146.57594544772817 147.19720479513424 146.38054682846843 146.151335757022 149.33328079780796 146.51681979363562 147.85942243434164 147.30251541995037 148.65721709192064 148.3636026509362 146.82175458827601 147.81458757035881 144.47388199054822 144.66783718467806 149.68112941293697 148.60742413011786 149.51470327987496 149.18804093411262 147.88578095608781 147.91404406158409 149.04172193276085 149.80638093061245 149.74074692040554 150.51145222430404 150.29217005336648 150.17597514114939 148.55852239744985 149.81173869738657 150.1074834834838 151.93123526998602 150.73003423864017 151.36343041718709 151.26242792640807 150.46297692218081 149.35135775039905 151.39174033925599 150.36535889678203 152.76421861660583 151.58107457188851 152.3589675255526 151.92061348457827 153.76472295452083 152.64466278481405 151.87494561970573 150.73305217281001 152.98114556140334 152.43186312843383 153.49103380446707 153.07289942170246 154.11646547102424 153.89362713354419 153.00422407695885 150.84438962447334
