# Created by Octave 5.2.0, Fri Apr 02 16:07:47 2021 CEST <br1@br1>
# name: ptcls
# type: scalar struct
# ndims: 2
 1 1
# length: 2
# name: x
# type: matrix
# rows: 2
# columns: 320
 184.65690091348466 78.860057150637431 79.708921514383249 55.700637861915098 84.232351550081503 107.43430553118519 38.57000782691096 62.944752872537613 48.434151194073948 116.27159329879966 85.303351856451286 80.209548872791913 100.74814667774541 106.39936594614045 105.08415396653893 109.41326317172481 30.751318735481849 67.067873840404104 80.724750057969388 81.529216590088964 84.840728541639848 154.19189272387524 105.61531167964925 156.11026346788765 152.19156515927048 141.17468793800094 152.9094337879136 152.76237968328775 160.30345936126346 156.42339828339212 147.33866779760723 155.67690546784178 153.15485667754439 137.07442883195944 158.6583428742822 153.19345982717124 155.0465942762024 157.24933014639043 158.79228956174867 155.30121848951961 157.76830492699943 159.02589772737124 152.57518807817451 159.64742153723921 153.92243873090234 166.08109088006123 173.11438453534984 171.98420898995874 155.84073161515667 152.09687081104701 144.34022584652649 156.89230246451211 159.50702947089161 155.53921729564104 174.63884967309176 177.31024196208753 157.37362973848514 166.494627763143 177.21168279194231 178.1716559114019 174.10682933184165 175.7710098362171 175.27482108807177 174.09120672694388 68.875855261799231 69.441636778398603 69.413672794599805 42.945138844733236 70.407469792582049 69.8743579392535 69.680355041076012 18.458882764304789 71.0050465075022 70.712320868595455 70.828801668152209 69.621084821274337 72.465757364718456 69.795141754295415 70.815965511421126 69.828478723278536 79.24763641303602 77.277021952144594 72.626627487722985 71.959072923964726 71.857023879537195 71.466205808193124 73.900834076265085 72.704567150226012 80.739499062788681 77.997991778298143 76.890797878023861 72.214889551314215 73.099513828310805 73.152886838699061 74.115896253617407 73.540829477412458 105.85957943114015 60.223455665926849 78.330313699953351 73.37155634469265 74.439146692229656 72.287911488064424 75.46604702869557 71.373881941971504 81.111178099130882 83.305892582278062 80.642457909507087 74.268387649977726 75.534338334301054 76.083644953056819 74.973957834818307 77.367419287117983 79.167406989542428 85.093461849279237 81.987053056362384 78.912395953692837 75.852273316870594 78.364493624207597 94.228099678544964 76.002262964212619 69.751650036531487 84.311657829437976 79.562189555465977 80.155960693791229 77.776777067448535 76.551770357262427 77.060986634852483 78.130285700292006 118.29473676236678 79.857833657193055 80.408966492401504 82.289354735436575 78.67307560211097 76.626086558782433 79.123701895803976 41.763012455372738 75.829658387511259 76.888067503415456 83.777126482458485 97.988918038655783 83.815717713153376 80.289469749005619 77.566766598322033 36.243750251709912 124.00881031886081 122.90933450400941 42.523785601690008 82.577187294154484 81.653056593467866 83.035750658565632 79.431531952263796 42.727104432818088 215.71744227092421 128.78794669303713 143.01422555287365 75.81128846104869 80.242544432900843 83.319907779478726 106.38873969415798 32.588529230338715 125.50572756081091 118.25708560716905 104.86330735997061 102.29969719954136 68.69356142354907 79.781574496796736 50.651630888076433 68.199558226681205 119.1624691920416 123.84032729986747 122.97863746565235 70.087089117340042 32.639129615692468 33.602780645508531 90.815163372400633 69.128824045243192 118.17557076906895 103.8720510087539 94.247459282195507 66.891413987371507 95.712310693354183 122.93760814001973 121.73099339807513 88.515062209911477 90.343126611469899 172.77603021137509 142.8123048806813 67.177242748384529 163.01932554815272 49.727473454486216 49.433995034071806 68.055740884902278 142.79114129132205 146.37904772663762 180.46398485440335 170.44584179194132 169.07629600013945 153.4917684289133 122.03393544550859 126.46400895453738 136.89211410781755 136.870689195648 152.58943219485934 168.04361299925367 162.20270752034969 151.57437859404246 153.60831633232806 154.66216814632753 126.03860976983134 131.0108917472634 156.40730043054666 159.03695862009801 154.55408637778046 119.77640328519081 154.42420952746474 157.0880467470684 159.08326175939717 119.80395117659263 155.81624340490569 124.31466364643877 124.69784518683569 123.8725518164601 156.63583407575106 151.78796397143626 118.42905954606675 125.86926353755614 154.9804112548928 120.11000045930514 213.67839876174537 156.13505845003422 159.96876850101458 154.51235640034341 187.29232779832833 119.50262789620605 156.20069522528462 153.43094664291863 158.20935150846134 171.28555202059917 167.98265238606552 175.6894755845407 147.06447038743696 93.38969435185092 128.98838895659625 172.44512929425764 173.0152329406819 157.49979173346387 173.54741902546104 174.65246871124225 146.02756884316668 124.88382846182334 171.8352382730979 173.46032361607121 172.79772664795638 172.00073941122798 154.56964561704754 106.67867828218817 187.66644892864687 181.70627123151164 108.1864729337608 180.26386728215135 175.22151133541001 172.48807146453464 175.19688599226671 177.6162921720551 166.20262497197473 163.14827961930962 162.29654356998432 175.06328036581172 176.07888636156443 171.15290745457833 173.31383175788804 175.93680788657477 174.0945399575856 179.44604617546497 176.51169566778881 174.35879867117342 175.35877364002943 175.49601369044959 176.34029836107212 170.09913495217191 174.44324508015166 182.45362562334194 180.01232356493895 178.81125268614934 177.74936566002509 178.37962234941077 176.58238660126784 176.38863058215586 181.28649606973406 179.57057370097232 178.47834473326864 177.37960080447459 177.30801420852362 176.47691466751337 178.59806818732466 182.8118271257643 180.84318754988732 179.84066322938881 179.17092889710261 177.99886809666737 178.20659848094914 177.09283154036049 180.88235762848345 178.5037372549408 183.07074298328394 181.91104259575479 180.25918470269607 179.62812685777155 183.14526723818324 179.68634114768719 179.23425272811653 169.95244402392973 181.92496970628713 181.33310256226278 180.84448458851702 178.44129204818404 182.62734595278192 181.53795316699885 180.2989340524712 184.30045100216134
