# Created by Octave 5.2.0, Fri Apr 02 16:06:13 2021 CEST <br1@br1>
# name: ptcls
# type: scalar struct
# ndims: 2
 1 1
# length: 2
# name: x
# type: matrix
# rows: 2
# columns: 320
 149.16842762444469 91.795082069093866 91.220718260391166 75.420921389349033 94.18842431572979 108.58753981800545 64.470220059247453 81.188300689539432 91.976682224121063 109.30132877292125 97.822955308807835 92.2731055454841 106.93705944898292 107.77283889490784 107.82574896875742 109.08773350492999 85.338385673205167 100.39943960006593 94.227923144325587 95.935568661804382 96.790530008247075 147.11477233671988 107.47229872006811 149.15463613456527 143.23214800761852 126.40801946700461 145.33583236003932 143.31599441715883 151.64613805110002 150.68778978124581 141.176231823493 149.7456802703291 141.18909342002644 120.11466048518702 148.96510934202365 145.87008272765846 146.73174219407261 150.30749696138577 149.36039593348377 150.85378183055479 147.81046309600745 148.66960786971649 142.07269638940872 149.38799865201901 144.97534251222197 151.91849525444175 161.59641793674143 160.45093390822603 146.30950328945636 144.32799744533878 140.04637568203839 148.09212667194271 148.37621708767367 146.28860775282246 161.65184623727424 162.60744867098899 147.30742791085902 155.55630317601012 163.09574870432505 161.81263047362705 160.46991439648218 161.21448929763935 162.77494987003206 160.8780983186802 80.630682823252826 81.273882179933452 80.779664713758066 64.283905478387084 81.920794839181923 80.062101665030937 79.616538582429769 21.690824475887428 83.734459540702971 84.392879280588176 82.671314889856447 81.887586396785053 84.066663248596541 82.960247629641572 83.161776285423301 78.959909129606658 90.051337763304247 88.153184125773763 87.12680085529901 83.706927438819903 84.844699589176443 83.575858136962097 84.692229520908867 82.394077978159558 90.248522210350217 89.090992286449321 88.035091404576278 85.995507018267091 85.778403814692126 84.741904602138675 84.76018938163395 84.198892476177704 108.5480554656578 93.528713884904704 89.264501749862248 86.824418159387278 85.63726541539846 85.34099654698241 85.708209751653385 88.770099903699702 93.465449885860068 93.523894412054858 91.886209472007693 86.752442618121719 87.54098772371924 87.017320197209884 86.176507744182274 89.601785313058059 90.884409471385652 92.976994469995034 94.85015421794985 89.890505916728458 87.611625351402154 90.683082217621688 102.43080074736844 87.348797080480878 91.745795371410281 94.293842633702369 94.144663341405675 91.128028134179246 88.768982505413547 88.585047999595957 89.756757614910143 91.833145122961298 112.95552831808752 94.617007891301853 91.193391213267532 92.68642203057216 90.030567268783187 88.45687215297643 92.095871347943884 65.632924012586358 88.875766320709772 89.173132431866023 92.415210465565679 101.31836667003178 95.614465015965749 90.891389900759734 89.651707075947058 62.479702711230658 131.85632473567011 107.74293924427532 70.122513745919065 93.450874751756402 93.457411967756173 96.870619068167898 91.016285152140966 65.63472011091693 129.4750993549068 114.98029283358477 118.07235334198211 87.879030636837456 92.900253881254656 93.041406494676352 104.00445566048678 86.564365065095643 111.9248105588798 113.85998597535634 128.93758703522573 109.92554285913677 100.71669917532003 92.265231699729696 91.908108834954362 96.069030969433143 112.90787227262862 111.50760900121649 110.6051917616639 99.222215226194749 85.438806391663178 86.076373925883487 100.85600662164788 94.781034928404353 117.50418781278123 109.82545496435921 105.8373604846134 98.272332144253582 103.04796154675326 107.29897012673707 112.94692432525557 106.19875234692537 109.65768846998942 156.12439225881872 135.29449894272193 97.26189548942655 138.79899548255716 92.891281308877168 90.751020839857574 97.33317869414897 138.35709481765653 137.43198015928294 151.17605969571736 140.94973068495213 138.57119553448948 139.76203537615183 131.67059435746188 121.87325696047733 137.37207799273733 138.78530089013248 138.57295458928451 140.48009948851882 138.08956830030027 139.46493131066245 141.92254681727363 143.89479708652763 134.74582576812878 136.57201966000218 135.8986101279767 139.35223731478982 132.70811387691091 133.84048488845198 143.35946777645421 147.51440790310284 136.40368504399001 134.49304839886088 135.40118370077968 133.22814207613862 133.28015116612156 130.6680337529053 146.96971736136553 141.02770475019474 129.45063661854627 134.48118406566476 137.39594343519738 132.41564956424816 134.30848472824695 146.51533533339082 147.56202241808515 145.50002047379454 168.31430857539252 132.23828903849815 136.32624618937302 144.86597372157016 148.25532732880393 157.87568459925023 154.51182657383978 162.80595534231432 141.6679061702585 125.74994857232215 133.19011440159059 158.71918210103027 159.51024146595543 150.86611329094663 160.26807669670896 161.94211702156787 142.70463096941583 134.95483898927696 158.94549398939125 160.1129165767228 161.3205361019763 157.66376180154137 151.01782262555963 116.19439898314781 164.85498466896775 163.78397314134074 125.72219605349807 167.24094101914787 162.88565706291521 159.26275767658817 161.9346987030664 163.69198051653194 160.34962240325967 155.59363844271917 158.18627071861593 161.91316334620811 163.31480036193051 158.37801158380762 162.27861197551906 162.69313194774102 161.14634591684572 164.72295335364538 163.93898127768148 161.28714026376966 163.63669706621911 162.97731024106966 163.91474715423556 159.97508346564925 160.7132536916838 168.19647041350697 165.73280787486055 164.96981350362839 164.35065730697167 163.98738418653122 163.36076929148152 164.62541060185529 166.07758648737612 165.47392420352014 165.01983132293606 164.33970932108815 165.99398235280086 164.9803723746746 164.60377179452288 169.87950915693938 167.32196292589524 166.8489553688905 166.13739477569592 165.46722108354217 166.84338537869385 165.69877439606083 169.20897293711957 163.60553268709188 169.69502888454744 168.25593751043169 167.31292545415391 166.51480102886137 169.29444838025412 167.88953701090622 168.20485579728529 160.93794596942831 169.98446373905887 169.2769210252859 168.42476059673965 167.07891199155392 168.94751211567674 168.77189008443582 167.64377720371337 169.85943585504461
