# Created by Octave 5.2.0, Fri Apr 02 16:03:04 2021 CEST <br1@br1>
# name: ptcls
# type: scalar struct
# ndims: 2
 1 1
# length: 2
# name: x
# type: matrix
# rows: 2
# columns: 320
 121.0756418547403 113.90227445787852 112.33773559910986 111.55509360129385 116.82591769120724 119.1265328363299 110.19986982056666 114.61659788716079 121.30832809496536 118.46648981109206 118.12162866682749 114.73590927185739 117.9194926863202 119.37069808679706 119.35958922267237 120.31316193462443 123.45812181777245 122.26178256198268 117.33119639625491 116.45195642045834 117.94519974762012 128.54049652168354 120.47581491983377 129.62963841256965 126.67515208380537 123.50655898875286 127.87774489305407 126.18907270337877 127.26048435222006 130.30475277278774 129.0598149248116 130.58901546145623 126.30900689210669 124.66338439158311 127.95726944115567 127.02158212364422 128.52233316849802 131.72507668451635 130.81540903424127 129.56844656448862 128.09919262140207 128.42047907438121 128.89979676326882 129.10498690751541 129.59847845587831 131.62927120913596 135.88891087225707 133.15555829743846 130.25011783482972 129.17757404816808 129.57415468687535 130.28431363333277 132.03894551527745 130.99501668345732 134.42345155304889 137.8765615527706 133.16156389044173 132.49621324661049 138.90222100369311 134.88738753487121 136.22502399632225 136.56961801833421 136.93649138851487 137.71703941143002 107.74842669239663 106.68383115354978 105.23646558768178 103.49332156489898 103.52530611696396 102.38827797684459 102.59152979526188 95.258551514802548 107.66543888757298 106.43718720631414 105.4726434909505 104.51856227445137 104.5220745747153 103.6362146666724 103.72724458617111 102.85479449511628 108.85931928992072 107.36272943757041 106.58011927812453 105.46048303545258 105.65550404298304 104.79626480807134 104.86241199672271 103.69159998253676 108.81179958092248 108.43560445425513 107.70920330545853 106.58613579065265 106.68294329571998 105.81256596722582 106.02190588574685 104.9403816522599 109.88748758283266 111.90694722781537 109.56465778666914 107.6336192960684 107.76359160697315 106.94827694235018 108.1523935219501 105.9526165742586 112.19895798416472 112.17480895526955 110.61962656982793 108.79069697194147 109.81630555118859 109.09921786893796 109.19895766786681 108.29613072514289 113.18363050399994 112.90373930023681 113.05580930850817 110.72171462550371 109.82293185680921 110.07499858139059 110.29185034460444 109.45193713559708 113.94976958462357 114.22237496083105 113.91774840827684 112.25500082997267 110.55848832134134 110.90181804715951 111.25242652158401 111.32386292209456 111.91240546326891 113.3159354641956 113.531812781638 114.26660895554387 111.82202830510923 110.87683030427978 112.04626714336158 109.42579877972214 111.2752026565895 113.02132574492491 114.70387260760251 114.87340712272312 117.02664349689235 112.75937537661267 111.88651761771179 111.34579022246824 115.39335928213387 114.1392671484214 112.06656230477702 114.92757912147698 115.29074433195738 113.37809261373444 113.05144374359911 108.4891603449622 115.44077306415265 114.39497840009292 116.39404220564607 114.01089129091618 116.00290633857615 115.95338511878475 118.04780073507837 120.88040838646586 115.29159300873015 115.96911587215246 117.06891769461265 117.56326985532904 119.08855975827518 115.01924152153946 122.18052258456652 121.64210839212474 116.22957244802032 116.72371518385091 117.91842436495556 118.39189500006503 119.40448578189098 120.48815083749939 121.70718974403144 120.77628486707418 122.76231961219226 117.52444508027691 118.57122111965627 119.05094340736318 119.74093329904886 121.20652288636424 122.00149888829159 121.07579079536232 121.69312055775006 126.96075724241732 128.11558107613868 120.08164845868347 125.58856379905413 122.63688999392694 123.09149423960193 122.5304028216199 129.18005193608573 127.63237917985644 128.59890070133901 127.32883833994136 128.33936579814539 125.70084018232221 126.6980622505239 125.84710594336342 128.67991530314791 129.20394649007093 128.47669176609574 127.45736596566771 129.36168884071091 128.36327808213514 127.64011156927435 127.54998894172022 130.36076593481977 129.19518026318082 129.31098170207648 130.79164897847747 129.44522800825612 128.97458723004985 128.77807426471463 131.30487244488901 131.22056738398024 130.43984279474222 131.51072144524875 130.80363056357001 130.287370858695 131.75983220638827 130.04142523624222 130.26632175503087 129.99269388326135 134.08284675911261 131.8425555941545 131.35399687986762 132.80824144183279 131.33327053213992 134.13972608896239 132.35161312931058 133.36370696996966 132.89217974900876 131.95466783618926 132.46972837372559 133.36478999292848 136.67499103652185 133.58002013378984 139.8996288824118 133.93812902113672 133.93899003932552 132.47675678977285 135.52046153969172 137.46186244903288 135.66033538384409 137.14660151697873 138.82802803724795 134.55947367114138 133.50300824991265 136.50963062582662 137.58819470417868 138.71616703747327 137.73124287781388 136.73212626733633 133.63039020764663 137.99887820031364 138.6502847245514 137.03296229841186 137.95354518432785 139.88853007250893 137.81398823451048 140.02896943131373 141.14338556610758 139.256277420266 140.67519774021193 138.473397193577 138.68180707146604 139.73687558558609 138.68364326199932 138.83640881654316 141.96076528971179 139.14388899695226 139.71557417723142 139.71202179598467 140.90484915033289 141.00508957295395 140.01530585247139 140.93777465234942 139.08761478085856 139.54433758694211 140.47036810146892 140.80760770001757 141.94719749433148 142.08608531492101 140.93534746582753 141.95257133443755 140.86635766845049 141.5200705134624 141.88177376019001 142.87412088103304 142.99438995598359 143.0083151752402 141.81944791813163 142.97631704493475 142.16415688294217 143.5686513371914 142.67605560228503 143.91896500978009 144.03229937669192 144.13770844623582 143.42028388207783 144.21043188176 143.53542286897334 144.70410476588845 143.77198808220538 144.89947453444617 145.00665453555467 145.57139738027848 144.77813278642901 145.33296574366349 144.7005273744538 145.86388579503154 144.95048432610363 145.9152068346223 146.17517605416941 146.74335401308633 146.16537476652422 146.92650280901645 145.86892988737748
