# Created by Octave 5.2.0, Fri Apr 02 16:05:38 2021 CEST <br1@br1>
# name: ptcls
# type: scalar struct
# ndims: 2
 1 1
# length: 2
# name: x
# type: matrix
# rows: 2
# columns: 320
 137.37878923511698 95.900209737825548 94.658787786496447 81.679454484881958 98.800724764629209 109.87487206265166 72.660418716409396 86.978169158408491 103.81477179661563 110.95486347447321 100.1750873967389 95.617472763329999 108.90120541829782 109.60177553938263 109.0396516598817 109.59626023647424 102.3337337060553 105.07580742258149 98.635910495594871 99.52793480609381 100.45656827184884 143.85233156586787 108.9639516569806 143.69363829022251 140.59342008851317 125.90547892665381 142.60763476432516 140.31803981174068 146.39501185631113 146.87400459811676 140.97324933485035 148.42663592950777 138.93597174456849 118.93532359006466 146.26351661491466 143.22217005925057 143.90444470437785 145.11603219263881 147.058535820261 147.32566306250331 145.39354558681458 145.82538839289955 140.59746804797084 146.44378227212411 142.64766859628688 147.67968763969102 157.31017711646459 156.28508399769271 143.71535456958304 141.61967614823268 139.45319976707927 144.86942348965937 145.319936593714 142.87355673246165 157.77933641725775 158.35794499784777 144.22668753515271 148.16612228217454 159.42128777315045 157.12125318085467 155.69015359545233 157.73832961467312 158.15982050950717 157.04230595927936 85.117150922662589 86.129672554624676 84.399973395122316 71.056088901043694 85.360720150614071 84.38357980630235 83.105236048922421 34.432947132954766 87.349923039911857 87.271386151674065 86.398083433197783 85.337866583948554 87.666936940124145 86.421600815965036 85.282744304093924 82.964160389483268 93.623961896827751 91.743810453559064 90.660635425591721 87.24374194898293 88.419810238580141 87.724038434756238 88.667776261180578 86.618097149204317 93.605717248672818 92.673332719320314 91.455769153497343 89.366291362601501 89.28504396919071 88.470748444161387 88.797186447777321 87.682819248737417 105.22894067943879 96.893769644833853 92.594596244210678 90.447959062399136 89.442455599567793 90.02738026131712 89.647999306807264 91.198026372522605 97.16200499018791 96.469713517762813 95.496100129062555 90.35996981204724 91.627720663063215 90.59639766217424 90.643254630908757 92.828083560896857 95.256652247272896 96.695712249478291 99.474572331210936 93.653149128594535 91.439049611931821 93.909504480101489 105.03405318238427 91.691800268955888 96.404262947175198 97.068536933157844 98.11937453741325 94.659557336545276 92.541771011866075 92.760247172110098 93.606703373111486 95.469094804784106 111.26104958014625 97.450602712467656 96.416184426180692 98.523020540147257 93.557895779007495 92.70282926577913 95.839943590446509 72.556533561062935 93.0930495655751 92.742822260776236 95.426657613334015 103.81769649841665 98.604342017716618 94.617359164541497 93.678093905993123 70.806082833114488 126.42297822555435 107.80930806871964 78.881391540195352 97.041296307009844 97.647209707845533 99.385249279364544 94.533065767043709 73.586302275250787 111.07086209377746 108.94462696099677 110.47351776197686 91.961174311470387 97.178716665377053 97.763327232130848 106.06052008430247 101.48765339758559 109.71240473527739 109.86551822962973 109.35374722140109 107.68603939435093 107.22215161569783 97.466047027609818 102.15517565127986 103.79647628498888 110.26313463895659 108.52357152429525 108.19166621300491 107.01106507031773 102.12345362909967 103.4074722798801 103.63123064721121 104.54855718239149 117.87776850082707 107.09888558882294 104.82304578992967 106.62640407786709 106.31220143554573 105.78251944273386 108.83898361018701 104.94883325800917 117.32479056150268 151.07257680391029 136.24713986395508 104.33200533303925 138.0568871638298 102.79077342283033 103.18900997103979 105.44085990920058 138.32803771526059 136.64844701113563 144.46417993239004 138.10469096470646 136.18127049454407 136.49992701675018 134.08295143610781 119.425361161827 137.96502883570548 139.12544547042268 137.25930337797496 139.50422075683775 135.51792535929692 138.16211500700103 140.43736580666294 141.75589582767137 134.54497161685353 136.97080569005215 136.00542349199466 137.16454813786595 130.39986107392647 134.16659157803181 141.42803759986623 144.78812795138245 135.57908030742325 134.94429125107501 134.74234432788523 133.17794732591452 130.19678784022247 129.2155773536214 144.40800728173289 139.42140197368511 131.89571096731763 133.69752640284113 136.39527217710955 131.25616659224895 131.15584364399302 142.84071360732824 143.84666895887716 143.45220993392016 162.29134439086798 132.76401520745344 135.26239991212086 142.40920434206714 145.33615333533209 154.28594247273679 150.22995250772519 158.51715698784218 140.42367509710169 130.24793752459453 131.23771338219993 153.22068356791064 155.24188686639627 148.760814144519 157.04315842968063 158.38767140170151 141.30567696279283 132.26392418524148 154.49387025258466 154.7102219386569 157.37238159235852 153.44095826283166 148.41878029959832 119.21435824752422 159.33304808670982 160.3011413284076 131.28742554658834 162.67972744015401 158.29824361638876 156.18523634669157 158.16826392815872 159.25393104965676 156.57350187346765 153.25720257206473 156.52809768837878 156.32059539057076 159.43112625561068 155.27023069212669 157.29330417849687 158.79137110328418 156.29009298003058 160.56103818206645 159.74189886854467 157.36781694240958 158.49589265385993 158.37230889284646 159.9621015893072 157.18840998186033 155.36940789327673 163.22659247477156 162.04006701600161 160.8214873156746 160.60122383975497 159.47223960598038 158.9313089008408 160.26318796893628 162.84093088615566 161.68699969685761 161.71122740208199 160.6590716520592 162.16195214688284 160.87433637418926 160.49919012165068 164.80264623703596 163.99683071418485 162.04784120134494 162.75693239521516 161.69871421130182 162.48220343133158 161.26607783880874 165.53759546131832 159.44094821080319 165.57273207124962 163.2452693785263 163.83361772121052 162.79045119302788 165.80044125687689 164.45627314699971 164.66063710064998 158.07705736530511 166.16910304897473 164.26955950049731 164.95128589525058 163.41922046606598 165.10002256064993 165.16153235307604 163.91918385946349 165.74004560769026
