# Created by Octave 5.2.0, Fri Apr 02 16:05:06 2021 CEST <br1@br1>
# name: ptcls
# type: scalar struct
# ndims: 2
 1 1
# length: 2
# name: x
# type: matrix
# rows: 2
# columns: 320
 132.47522890133678 99.850426928491885 98.072549185170288 87.701816520206094 102.53172531944419 110.65571673362973 79.503200898240308 92.549552024678718 107.13963094515807 112.54600064011755 102.87339306016273 98.843514069864696 110.79123267178952 111.75573503172765 109.54437587044225 110.0450018514241 107.33278638516569 108.24204646949269 102.18761616287401 103.42999533891903 104.49492431169494 140.81073513201281 110.76756640964821 140.77009746322523 140.61507026310952 125.42190218027852 140.93021206736591 137.43321556879113 142.89759076797185 143.90924116132123 139.62715810523463 144.56205687426106 138.06634209258084 120.9810748427721 142.45580428149063 139.44441003387382 140.2972828726578 141.70867911735564 142.86707501220661 144.92428442975785 141.55621160709902 143.88886212604737 136.0941466089258 142.85735710976596 139.83897904889227 144.03745035244413 153.40729987785139 152.84871198444816 141.29339195046057 139.59185729469198 138.08630180143581 141.13723729151209 143.8962448653605 141.81693227083991 153.85157620317858 154.62677431127756 142.90920409122464 144.14122600734072 155.93401573980861 153.23855153323572 152.18685392237393 154.41937112679128 154.38049335888044 153.51054669886474 87.577469316439561 89.960695974889234 88.629346215857623 77.5727182322793 89.115877610976426 88.073189704867588 87.020006120332312 46.694234972775746 92.095164312341197 91.004612414827704 90.086495670229567 88.974436143989138 91.034502891800585 90.292698739971883 90.044584292644331 87.107646951479737 96.661706974432434 94.577761679771655 93.434267959428595 91.232248381254465 91.974953258309242 91.061328622818522 92.045141926080348 90.040693629393417 96.388130808030908 95.673463251896237 94.891673864724709 92.818062664079164 93.124997201552176 91.950946074546664 92.035649297451357 90.590077028596028 102.43466083579803 99.876486818733511 95.527160375583819 94.083426273520729 92.961930895963363 93.407132083560626 94.399296457501165 93.636682531461688 99.945632897790034 100.98026717802834 98.691252337526606 94.209085849312729 95.224371472343947 94.279769043504402 95.36568227171189 96.43612646179109 99.589649287855508 99.735107244954349 102.96595782542605 97.042045544614354 95.177413833597384 97.641417267919962 107.53906967645611 95.331476395654619 101.09225154715662 102.10683748117222 100.95482759107088 97.420511891566932 96.104442268270674 96.431937059543841 98.483709787229202 98.986457463355762 109.63051343608956 100.21075264026163 100.16676697909405 104.05325111646836 97.178907443858975 96.335117511090004 99.141240791677717 80.105038390667801 97.154088288536897 95.920583604676324 98.720224391377187 106.21592834884071 100.59923012963942 97.76482004778795 97.365969713210376 78.818259931531003 121.19466365921653 109.13132552490632 87.309745644121591 99.589827794821687 103.09527045545276 101.72449070501999 98.386105429711989 81.39001354435473 111.09393731969304 109.99900464851123 112.13354505951219 96.143599794963876 102.03499793312061 102.40862296705527 108.39514440224967 105.76117004687653 108.93318250371722 111.08014513134945 111.52880683413186 110.16747993375419 110.79405243854622 101.37356290850255 106.33352994047218 108.40214109465197 109.98449049815889 110.0713269147484 110.42540771059085 109.25741336587352 110.51641930991543 109.35282215802852 105.18406554243666 107.24850701430093 118.03636936910384 109.3144294368433 107.20413520041487 109.127190546303 108.27118650339324 108.27377214991856 111.28248138145152 108.14970647985504 119.03139497578826 146.21139589447012 138.27865655403744 107.1641331059428 135.69445581020486 106.24759082955674 107.42915319306942 109.79739817716269 139.45305926241215 136.61513767653574 138.00505762239786 136.08193878700988 135.53853689258005 134.80526490427835 133.16242011207731 119.76130942608516 137.46685919841988 138.62050024303409 136.57937816356781 136.75909576930812 134.32978511664945 135.78355990627023 137.11063682714632 140.07872666372481 134.70424084644924 137.69003299261635 136.77596597680639 135.36462433789904 129.95454491421623 131.32408918483819 138.3149108729815 142.07330020304869 135.71741410948917 135.7613356472213 133.74118522566985 131.58546720112247 128.4042517106862 127.55655323221826 140.5350528905912 136.84602217521348 134.24851835953157 132.6985237733108 134.73589728152064 129.44790052711699 129.11921263295633 139.24597291157679 141.039454462089 141.58740777416162 156.49566187368399 132.52149146810467 133.57637819989884 140.35297860267275 142.03532926621369 150.84746613022085 145.52494407119127 155.20478007180904 139.63732422954942 128.92537517981427 130.31381135614916 150.00511045327411 151.89885823477957 146.73496024889997 153.59710540371665 154.66901606794201 139.54858558376424 130.42810305384486 151.13219207374553 150.1767196185537 152.95235697097749 150.182400488437 145.11500251042995 122.12035678494303 155.94667611285107 155.02254748802585 136.642646379562 158.36211492121541 153.66807803109305 152.38577883200182 154.68716420060085 155.8979259416821 155.80925534539165 151.00893409275574 152.34464776043907 152.21051258052239 155.17737260269973 152.69474594018408 152.98515496236314 154.86297035470309 153.26116264189628 156.39078983385556 154.37359333594483 154.40096624782981 155.42544878842511 154.16750859374625 156.20741113203007 154.13232315868717 151.30855613864964 159.34782191526585 157.22449979849205 156.4564074404617 156.3310336694955 155.35080215295031 155.55945374482195 156.74374856719524 158.38598011340494 157.43019212395581 157.38132184984801 156.6761304109622 158.45318256124355 156.92189955034007 158.06064975101651 157.48437721726529 159.57126175940414 157.47920901111308 158.5862551996488 157.87345498939362 158.60748307612283 157.28251764885795 159.23094891461025 155.73231744007552 160.61358392651545 158.61199206666276 159.98100696999734 159.18126121796081 162.1801731900928 159.87568608696847 160.91717626275826 155.32412682171486 160.52619302639278 159.50391147150498 160.94439066315817 159.50693567680287 161.71414851249176 161.4256203033529 160.28433792964884 162.17039730459024
