# Created by Octave 5.2.0, Fri Apr 02 16:07:43 2021 CEST <br1@br1>
# name: ptcls
# type: scalar struct
# ndims: 2
 1 1
# length: 2
# name: x
# type: matrix
# rows: 2
# columns: 320
 183.44333272825526 79.32478858483347 80.314334625739562 56.409151042541467 84.476457720360756 107.62592109506612 40.442756363458834 63.600209680333684 50.170041227959459 116.45189527672137 85.832911006044966 80.810805264369705 100.97050282521502 106.51922818020478 105.02086159314301 109.41162655230455 32.759552265761215 68.412445902664558 81.035527045087989 81.912666697870264 85.550610552970284 154.02612013250675 105.85041868574693 155.93031296335977 151.89745189258761 141.06959945064455 152.76924259667328 152.42298859588192 159.76719885794333 156.53546605193932 146.43479940401113 155.7118388678156 152.65570352971744 135.50135073890038 158.41394337031139 152.88964887950897 154.729725538428 157.34509811122149 158.54540580490101 155.12312675171188 157.41023504116365 158.81635204172102 152.27321386874016 158.11646108687725 153.45984593940045 165.57225510908088 173.05087097288586 171.54737978708778 155.55798576741881 152.25273539436216 144.17153636250288 156.7517671903683 159.17939108354162 155.11984319609024 174.15053930373608 176.88864992405061 156.74390944480021 167.1015587551455 176.72030710866855 177.11712360956938 173.57749902986561 175.25915348651387 175.11765644886106 173.30097140842548 69.403981643059254 70.183815451004776 69.397548610441319 43.711801118996249 70.933573134792809 70.324021397062396 69.759507607651159 17.016378312561358 71.294092487620318 71.640726077810029 71.22634013787885 69.935576092843675 72.615452821585393 70.462095566149557 71.376113108874904 70.330980900233357 79.561898463330166 77.706023351690291 73.411258269314828 72.260603298174843 72.357068228112254 71.979219923433803 74.360498770852985 72.980474618262576 81.602260625734274 78.465863386054352 77.423557765547329 72.821091767723559 73.432278569263943 73.529211623107827 74.326949098288338 73.909672432536922 105.71881831377983 62.083707719047339 78.801434217008634 73.945270171832277 74.502925942076345 72.950928433889928 75.820825587902675 71.933239761679616 81.489445351786216 83.744018888704488 81.101008196486703 74.658406153958509 75.759615899931944 76.654435152541097 75.329388426951141 77.741331475592617 79.836510422395023 84.842554856047371 82.442037152017107 79.48392864355796 76.308772318804188 78.838118880792237 94.522807501376946 76.097950726991414 71.164306630317526 84.95313764858679 79.737226205858065 80.689037992933322 78.264533173859661 76.839567749228095 77.160438287650706 78.45606779984422 118.10290712579589 80.305627572995959 80.717361605269872 82.566909917996625 78.98805366700428 77.168111662575456 79.82364792290403 42.081246993614805 76.059917940623137 77.198963317664379 84.178496959943828 98.068165508236035 84.580983305364271 80.55009299577074 77.962875318123963 37.186359322111855 125.09993229093878 121.99129602463525 43.515356672740154 82.805826076846955 82.042267358550703 83.516150670490092 79.913734408766587 43.147297626326917 212.61220764927356 128.72867721178122 142.12039361247014 76.613806687847273 80.809332580592027 83.664595508317518 106.30201638320969 34.763913547337502 124.86703360519125 118.49077025604046 106.03268964084126 103.31709406696399 69.658825658730152 79.420427921364166 52.010252741916837 69.280889808377324 118.2837679880049 123.37748559343962 123.48070941036258 71.223586907859442 34.329549171788983 35.411479990474909 91.173569435512462 69.864083763986628 118.65343743129922 104.1311462682411 94.866317485976879 68.200298474067552 95.939759443186219 122.20449344878936 121.43214243191372 89.177164095896373 90.175127712189379 172.15464291948763 142.7274339271477 68.624813938566575 162.18890719177918 51.305345007292203 50.842917245122919 68.743706213527062 141.79294498057456 145.95616601858626 179.48735115966133 169.15201083404219 167.88306385744897 152.87681030804157 121.56216913907026 126.55608476581918 136.94787705715765 136.58088698451917 152.29680531361609 166.61769011228444 161.33472812492988 151.03058127560882 153.40755271768703 154.3716240959526 126.39323378314084 131.06796330970681 155.90719954420953 157.9235064567404 154.06438583224497 120.1564573949278 153.71787944824979 157.0533449854853 158.05855303840497 120.37613686343309 155.16499362779129 124.0258762672086 125.6234944228863 123.94325297669893 156.28325759213521 151.18300975465272 119.32150357594962 126.69714049147441 154.09568237482259 120.3370558886357 210.74084219806673 155.6835382805223 159.21956763416367 154.09727145478254 186.61048279630668 120.42998643791609 155.18206574230877 153.08023045722041 157.7465914443535 170.85192738368983 167.49721208426399 175.03972786386402 146.9518105283048 94.551115398744656 128.9939053730595 171.97615075241825 172.26538083955472 157.2614559810381 173.02012778214998 173.98371010333241 145.80678028914463 125.31879553220607 171.08088380354752 172.5299381184773 172.68775342081133 171.52529837306409 154.63766015898719 107.02056046306097 185.91616994276532 180.73024374059838 108.81649891411064 180.2078882809474 174.85476097094875 172.29059276613026 174.35303342424501 177.26393207205604 166.05608621279373 162.83342046008596 162.19230402161637 174.5200667491805 175.54884079828926 171.07316262362212 172.86859871746736 175.69845203789691 173.62055103918615 179.07139605763436 175.85735007710937 173.93696577591035 175.04259467500501 174.97090346624188 175.93136446543932 169.72941096778084 173.73360110137338 181.78186212577134 179.32092752466286 178.31943799114077 176.9835068457534 177.95837089493619 176.17752761012719 175.9191337234723 180.39727058603881 179.03301398918148 178.28583461806429 176.97575307125393 177.04567435401142 176.25835199197104 178.39831095195208 182.17278080592089 180.38090262616672 179.49252992916055 178.77408532348753 177.48413183545196 177.74914178749671 176.61609714824584 180.71915560392395 177.92249025235466 182.58108064741535 181.47002224099447 179.85161060245963 179.13236998559233 182.64508979485313 179.59506156476311 178.81669703203184 169.62856984233088 181.40436313021851 180.73082832449532 180.29961402944542 178.109850632498 182.28387774834866 181.07612316740884 179.86139447116281 183.58599200515101
