# Created by Octave 5.2.0, Fri Apr 02 16:05:26 2021 CEST <br1@br1>
# name: ptcls
# type: scalar struct
# ndims: 2
 1 1
# length: 2
# name: x
# type: matrix
# rows: 2
# columns: 320
 134.51218289396888 97.526769757511687 95.990715813667805 84.15925061707425 100.45020966722132 110.31407194899525 75.292120447719569 89.272267985696232 104.45266734776799 111.61003760150324 100.98661333568404 96.926565729573213 109.67945193444146 110.49016682673602 109.14233798960788 109.99174167554953 104.61910332939927 106.60731268843278 100.15606982191176 101.43067525778888 101.62405302914324 142.84931298315055 109.48190996098262 141.70445922456025 140.39091121796704 125.70635908991105 142.098628226866 139.13017100582027 145.44460243550523 145.90181795807243 140.32471875024012 148.24789378288801 138.48568200664994 119.11479642684853 144.74908295529318 141.3131335911371 142.67219844192246 143.96628747941023 144.77990274015906 146.01509363529752 143.82123511890543 146.32506960311309 139.04070345802705 144.87867955791904 141.56529242113294 146.78797289694475 156.00499630595095 154.79495752218276 142.64196585856675 140.89288592356803 139.78895605782489 143.7746671823524 143.946277176807 142.01214555699204 156.19949834978848 157.0560382539627 143.47067553629813 145.88352696903692 158.33396294823373 155.37252498902726 154.17875194250016 156.66435622679751 156.78461375588597 155.85132014595303 85.106859837535808 87.188070813631555 86.083211096353352 73.739406860964237 86.952278725940019 85.774457292745183 85.030506486155161 39.481712714057522 89.571757529629025 88.80804210185822 88.298485057927337 87.230637201919265 88.737469422256467 87.927335839807398 87.820210566538293 84.528415713607529 95.027447362132833 92.545442200585072 91.629075087328047 88.96714004122839 90.06842180378996 88.926948465230353 89.989141706086073 88.099410204189454 94.288134207283733 93.794095320720643 92.710249821828498 90.953439164305962 91.243930642782786 89.760966251248149 90.344260027536876 89.321974213454681 104.07835486146907 97.860657123071576 93.354816397415561 91.986161346099991 90.838164672725384 91.519629424197831 91.329540318886842 92.471383629335875 98.726794515221641 98.046564064959341 96.907379849372646 92.175574780186963 93.23288298433792 92.200422918206669 92.501656309890038 94.480423923531603 97.254538415086969 98.361080415847752 100.70227307761566 94.876530941529751 93.007822062038613 95.482600430713347 106.0655305622962 93.327008714500153 98.328834854697334 99.185481553757981 99.572532733877622 95.709156457890245 93.87135896338242 94.543013803611586 95.760827606614413 96.91689154646491 110.5896523443582 98.27455944926453 98.053787418285822 100.28780657669498 94.955900240909529 94.117072409788491 97.01114793967416 75.771239988271518 93.505438049248895 94.564296911996976 97.11588035307679 104.80799699645594 99.862178852550301 96.061458389627035 95.245225808780461 74.105214579521288 124.27014281588583 108.02517638023292 82.351890288870862 97.894719068592522 99.623379122978477 100.81758354828467 96.016672320398726 76.879011055777838 112.13082294000351 109.61375056357946 111.17329352259678 94.430168756134094 99.093584181513407 99.341895730270181 107.02183597992779 102.37958236855515 109.66009678665691 110.3076493715383 110.12390636156182 108.69631348379525 108.75848735266273 99.311339155396695 103.53875688684869 105.53364434186841 110.8223989683384 109.16056603905785 108.94495220411534 107.90135875612614 105.61260014036502 106.62705122558111 103.84129143603222 106.02133074053729 117.84108978963765 108.20855726091055 105.47316755655831 107.62171857556228 107.04015512409708 106.58223053958145 109.80807579293021 106.78246732247516 118.12949497727665 149.07091407649375 137.30235690218848 105.58564472976211 137.13254623371901 103.39257409631048 104.54308248350475 107.67348211855384 138.03357025671679 136.89494331252072 141.80475587522261 136.93014508415328 136.03172604981114 135.88150552986738 134.55140238874588 120.22658812614657 137.97657506958248 139.14148993770704 137.07126098355116 138.93216410058469 135.44497276591827 137.93021921765148 139.06947629809636 141.50406047290076 134.70356430500667 137.70977812856304 136.57181392546642 136.51514328953996 130.7452902557867 133.26352501203795 140.17912233845234 143.51530251359276 135.8181438104985 135.58527828164185 133.80263650614467 131.64773063685504 129.1046088386739 128.33089063044605 142.88064677192517 137.89003822352382 132.86451401117043 133.55505573510237 134.87652854961217 130.30286904339323 129.71628864509043 141.05024304274193 142.47713071197194 142.54031139122836 159.90488688379222 132.74910306564388 134.37040353478508 141.36494826262205 144.16749633924795 152.26908292450844 147.09460662064205 157.64134777157349 140.09916604458286 129.53935006002021 130.67429394418593 151.38915804304287 153.32927242049163 147.92663901102881 156.2281003560548 157.26167430901526 140.58288626671953 131.26478267262848 152.50092025248364 152.92460926012362 155.50565422315486 151.30905791708898 146.76937040643361 120.41094588057902 157.62405404666765 158.44220826846842 133.49251647781279 161.65921101120199 156.46638322867688 155.61892813467068 156.89144291518761 158.14458210024912 156.64026143846687 152.3314449629375 155.2253098049938 154.67102325868356 157.58404123505574 154.39378063511364 155.52875986415174 157.24845672465011 154.70959713326607 158.39454861210086 157.54215366090853 156.08181475910519 156.53432625710343 156.72900581305325 158.75389470160218 156.55511545295602 153.66113060017474 161.53646228030584 160.59526042845673 158.55149508990374 158.58667302390413 157.77940623066107 158.03885521329178 159.08492301943588 160.6396264942482 159.66909185825818 159.80734407129665 159.01518126437082 160.74096960058529 159.60598559751244 160.29367421933284 162.44272405993425 161.74838557932259 159.66996423061855 160.95016518298965 160.21143505824509 161.08411571310523 160.00687576918509 163.02463566442981 158.24174958182095 163.06838331388496 160.77261747838668 162.14852325871718 161.46530385789131 163.85114713372283 162.0127731973804 162.89801540885637 156.94349772970912 162.55784974114491 161.78493833661716 163.76044712065402 161.93772271354246 162.82366813888527 163.53151857011437 162.67421176964979 164.09140037351938
