# Created by Octave 5.2.0, Fri Apr 02 16:04:05 2021 CEST <br1@br1>
# name: ptcls
# type: scalar struct
# ndims: 2
 1 1
# length: 2
# name: x
# type: matrix
# rows: 2
# columns: 320
 125.54958532639273 107.7885778151001 105.26406984251339 99.746540590854366 110.13499140413481 115.83765955574827 94.923389056478186 103.69231775721917 116.57098402920629 115.72827497140624 110.13447577135932 105.41695061849391 114.13205328778339 114.09794295917254 115.84034328318432 114.775731063984 118.21786875496895 117.76089359080602 108.94352100495581 107.7689677572352 111.44161550495762 135.89277419645211 114.06046042937778 134.92883448522588 131.46832495753597 124.45474868752794 134.66842183978551 131.66356708289203 137.90255903699429 139.10142248539026 134.78410318572551 137.21664952281435 131.9804678149566 122.67439364407029 132.62142620551185 133.06488546855095 133.86100431172858 135.97845311118456 140.12025226678861 139.89423507335354 133.93326088486603 135.49766791870607 133.85412736369292 134.99252988572641 134.11184855208433 138.72638954855256 148.14410119017592 146.36902260202072 136.33899515559872 133.993387480298 135.08191060666965 135.11438538911452 136.37057303989482 136.49932501905096 147.98225950043178 147.74008847759012 138.28033832804024 136.47686891367636 146.2395843531809 146.96036154967777 145.41182129462717 146.02180267168995 147.08457516524109 146.68396238137925 98.604212433786628 99.425889903694653 97.719357735924817 90.605976894750512 96.251125829185497 94.889105203826546 95.582996715781135 71.216810652415575 100.53754219369515 99.740618235055081 98.720753218975673 97.67612780828739 97.930032271734419 96.84997247726163 96.575872287949323 94.900717188466203 103.61640385147237 100.8417539431734 99.880857005379539 98.674759376412737 98.65901280492352 97.659618699509949 97.419642888851598 96.56237543114392 102.40903087773754 101.80896908957851 100.86453847739693 99.511680453621537 99.770621517952719 98.563928168536208 98.343543422642895 97.502714817324872 106.50035296425015 105.48578751116492 103.16066874150012 100.55176708068527 99.608613692662658 99.904164380347382 100.72479081933238 98.486881226343925 107.08475854790836 108.99545277208674 105.50861803465112 100.8239337160729 101.85994897064651 101.70495389448129 101.1011048098765 102.00244314040025 107.39161075408174 106.51698004052861 113.18293833547277 104.52073819307427 101.86116804905411 103.20943535649639 103.98967292443263 102.09534173121082 107.45925962321758 108.84321232553974 108.02720382493989 104.58917309624658 102.80081374632205 103.12795485296975 104.0696743774311 105.56310076059343 107.58520483227609 108.18623151837706 106.68852110379908 111.18343295277529 104.0357372128109 102.85665879350942 106.43669608059288 94.434248443666149 103.64249234033961 103.44156645286469 106.60086076406479 112.82924509819716 108.31396297372284 105.53721091648804 104.33789534821454 94.842614128364033 112.86075816827814 110.33235447370393 104.68455430196533 106.48925876286641 112.75307664401154 109.01976275618122 105.0761012150011 96.030611894197435 111.68092729655537 110.62476044191268 112.70583125761058 104.45856354569287 111.40080311817647 108.61791506446892 113.06439303814408 116.56800476969791 109.090716885508 111.27238236213205 112.29960394911319 113.43778232211915 114.23618064781684 107.75115104850218 120.37980780606753 119.32873802239897 109.54379717494405 111.31197621404223 112.82035769771561 113.60066008782951 114.67626315688653 115.7280353854736 114.90424001723578 119.09088527799841 120.47669608822812 111.8678521814588 112.31396682654284 113.59675167777314 113.50719232905624 114.71354454450925 115.48430516649731 115.61890121847979 120.32147882178846 136.48903407558976 136.35027221701498 114.6526164882773 129.8168039642799 115.60377445326455 117.43952631660629 116.64810018517372 135.24626481755129 134.1485734181299 132.67481841580306 130.82035265793769 133.16447047513955 129.98211273272307 128.43988037140417 122.83138965871879 132.36680226668386 135.36801364618987 131.8239358333482 131.15138574281065 132.94439135035225 132.12270820459912 133.02605882086129 132.42588383411146 136.49772146159623 135.66574965131633 134.07918088177337 131.77773297308605 130.14739394316891 131.11947384685007 132.88757591959882 136.33288000196882 134.48635261723533 133.84682839335289 133.4878093106511 130.84234824609771 127.44623655316154 128.31958273885442 133.47277781489998 134.79873507473931 135.25339678815033 131.42635167949678 132.8142259374192 128.52929448250305 128.28921457836904 135.48780845926956 138.17724953738502 137.36429686312124 144.904296839316 132.46821681769023 131.65342103592445 137.4169433455194 138.12791889560415 143.50394014096315 137.27168918739767 146.6342113010879 137.67393947637689 129.32589823545328 130.33979817986631 143.38561680962761 144.62696115121497 142.95414254902869 145.237773404319 145.23774099746396 136.42508584377478 129.32275734040076 144.77487512813326 145.23209003892757 145.98245314276511 144.63421193414717 139.43574878022881 127.93235385978065 146.90746294500161 146.73182902739387 142.62967957053678 146.86436779449545 146.78982243294985 144.48384505950253 147.44564788617873 148.77854888319385 145.1787706565448 146.51239713413776 144.51299680883611 146.40691343003337 146.60212551688161 145.53703006181345 145.57994103837387 148.82908793557235 145.8233962620204 147.60189588617285 147.06804930513434 147.99494230403135 147.5755253403475 146.47841439641866 147.28583629671488 143.74419517100122 144.01301448832103 149.08098176977154 148.37791411214434 148.78703049418445 148.57252651334875 147.44376022223094 147.71507454395802 148.49525118500722 149.68710927499905 149.20804619801302 150.06272118908248 149.66252005703578 149.38488932831345 148.37484455622297 149.41186759409393 149.5046198579696 151.69170681197789 150.35804346801024 150.82488376951662 150.49306640052322 150.21693134996045 149.12362557578007 151.11737959007348 149.82983602789082 152.55683983886416 151.18722061293289 151.65816992735293 151.37590221068572 153.37263480724258 152.13888222559575 151.54842878591683 150.3007718466489 152.67275068290573 151.99450634165692 152.7476288514743 152.74629699137279 153.83217233271856 153.96857269027453 152.69528389350086 150.52020189569714
