# Created by Octave 5.2.0, Fri Apr 02 16:04:25 2021 CEST <br1@br1>
# name: ptcls
# type: scalar struct
# ndims: 2
 1 1
# length: 2
# name: x
# type: matrix
# rows: 2
# columns: 320
 127.79023471828336 105.23077393495251 104.14416985656581 95.849718097409337 107.00689896661103 114.99622861244075 90.488601719706935 100.08730531433844 113.70635658279323 114.69871562893049 107.40424729885076 103.98971971145025 112.70596924108044 112.18339858732092 112.57862738593666 113.78029301596104 114.53003168492386 115.00570609892029 107.42147628801722 107.31903701381809 108.25299597870409 137.30739880597892 113.31871103109287 137.91525073125442 135.26425722105861 124.76765128812372 136.80856939613045 133.53021806362409 139.95455849824378 140.9673817889194 136.42569909224548 139.02337086024198 132.47371575641679 122.3259885861617 135.33286513765245 134.74632833152782 136.13388047319182 138.02285453472447 141.19677548985044 142.35318909851625 136.42894389796635 137.56118199042601 133.62495531621795 137.22322335383515 135.88811253503482 141.48568987326715 150.35633991759002 148.4201853914341 137.62348905282315 135.87881787865638 136.76077227290162 136.80070382449077 138.51301562130959 137.49881481450029 149.37284284179387 151.08274893774288 138.67997207883641 139.59583644271382 149.68000124682914 148.26661031114608 146.6243499231814 148.75842103374336 149.30762168997185 149.32899683627772 95.377271478970599 96.5086787472205 95.029519558590522 86.389334386303943 94.143114463247926 93.989671991401366 93.313673961821678 63.28303616782766 98.149851914596795 96.984732401561615 95.931849811592016 95.135375505519377 95.801190314930608 94.612296749538373 94.553999869760887 92.973514941785439 100.36745274395322 99.017651505362053 97.89164657365211 96.753042252928083 96.727130331309922 95.545009407316243 95.409828190987128 94.357391357289757 99.23419605645168 99.91691798039416 98.83361581195642 97.620496907056491 97.702973968842059 96.418570939727459 96.343651850926435 95.272588137587562 103.00666659297437 105.03705085080162 100.1136641869856 98.764721808781573 97.42777486718667 97.694989148286425 98.776858103775567 96.464109806641019 104.23050331385014 107.69965246725646 102.59054360632584 98.609668262871992 99.733092350900606 99.477234498837774 99.95220411146741 101.12670286894209 104.07850756095738 104.70941733962663 108.8476615471578 101.20670210736704 99.675960448418508 101.41413606714107 105.18059040358781 100.41387607960615 105.00600325011962 106.36204320653218 106.46478425988252 101.37308336610457 100.78643333619122 100.58066488077243 101.6517030111372 103.09228200977316 107.39729409944712 106.30022192760016 104.98711384325028 108.31326639363378 101.41205278957585 100.74407651794068 103.79545205020081 89.418849164046819 101.82304882359006 101.98110748475654 105.16160535502354 109.76004512609215 105.30887555665053 102.31955551574148 101.7270999123031 89.658264241153347 114.12042313518252 110.1642104934093 98.712812961198267 103.87167624161566 110.55872613031249 105.94264328206522 102.76231164225977 91.119329034944784 111.13200908645645 110.35399513509607 112.39363967497599 100.86636171266412 110.47424185367801 106.99466028453114 111.55375377359 113.27010707373341 109.25226480435377 111.63481957844618 112.42194519391148 113.32625399919154 112.73756335469822 106.077101482788 117.24986279055862 116.0693330123427 109.85616953067648 111.27826297536093 112.22194840618279 111.51844059883827 113.24147648806499 114.48427474524952 111.42118947352736 117.47327030839017 120.28446960236424 110.64919827461561 109.32873645512078 112.17230632074981 109.89067355149564 110.45217148319824 113.82134617589622 113.2367381184221 119.30680777187682 139.63450407581576 137.36046889094334 112.21974825643922 131.55417151857046 112.59210487175282 115.69445891881112 114.33007214440451 136.6107527302359 135.2024571014372 133.50578094014503 132.64081922317732 133.92398830789753 132.23232178467177 129.9677608757396 121.63869502917908 134.66397326295629 135.60039685458869 134.16038539408962 133.25258449948188 133.76629020173405 133.02973189032315 133.76303013545427 136.37034334233621 136.18989430272816 135.87040022341893 134.83533822198174 132.76309979116749 129.22827567485905 131.51684393910068 135.70060437465312 137.75142014558588 134.44502976703927 134.60620427653461 133.14968034004821 130.15290468681857 128.33684237851415 127.28661424138551 134.77989103681873 135.90135272343016 135.78933811017558 132.23479943592847 133.58527047098647 129.65748326781465 128.12372153177515 136.85018421806041 139.79623341408191 138.62824700007479 148.65444435043506 132.2786453495857 132.78890342462608 138.98114887425888 139.23078058496515 145.75095784228236 138.86448279629965 149.34022320995612 138.44375744385962 128.69852655389303 130.92584719871778 145.60920224496815 146.76049619419229 143.99409909600362 147.77812088688785 148.56704923550802 137.3010246240797 128.9270888392534 147.70176474090604 146.48358642000031 147.69111922612936 146.4285533986268 141.19753165705251 126.05200186498024 149.09791852285809 150.14811603522219 143.89307395967094 151.75355451986218 148.46021249313191 146.68134793083161 150.13456351054737 151.00214638530414 149.19656271252435 147.96715909133769 148.38478328704423 148.81262357013634 148.84603827230288 147.48023611696863 147.57630306395509 150.18758803844614 149.49135978916809 149.842689345803 148.91551105339224 150.52973133345466 149.58630183173005 148.83092901994527 150.55136301160101 146.94395370848065 146.91615543569884 153.4995330530798 150.82979942931414 151.49556270552159 151.01419152466428 149.74895282770262 149.90955113823856 151.21999023476937 152.5300410126585 151.52243134735613 152.5278528767204 152.15923281395931 151.93126968710121 150.53476976782616 152.55469954242974 152.10792994960744 153.77223898310999 152.59994028562829 153.4035793725767 153.07482904926925 152.75909195339577 151.50812856420941 153.59847350084647 152.03511959069255 154.75420777966761 153.57643891519379 154.14401408923842 153.90661725449402 155.71785680626604 154.65448708470677 154.40252589472556 151.22017058559851 154.57700969332771 154.40517048223322 155.40790316956881 154.94749030252487 156.19017203743419 156.08546747243494 155.49680380649053 153.38599803101283
