# Created by Octave 5.2.0, Fri Apr 02 16:02:30 2021 CEST <br1@br1>
# name: ptcls
# type: scalar struct
# ndims: 2
 1 1
# length: 2
# name: x
# type: matrix
# rows: 2
# columns: 320
 121.15818381589077 121.231746805939 121.47568888676852 120.48848236610364 121.28481556627719 121.18560277100381 120.72352774215059 121.3186804896207 122.26376905564 122.20922743330253 122.76059180007344 121.80688387472063 122.39074101447608 122.46657186884457 121.87236785948905 122.44835755132497 123.48980237776188 123.2361697404622 123.76145740129377 122.86887942420637 123.51050962644176 123.69834516339468 123.06226542203521 123.53755916120873 124.59438494099599 124.27813622770972 124.79915273662951 123.93838452576031 124.58453827474709 124.72054776689703 124.14547990706885 124.65011172215151 125.78510354527438 125.20531315134518 125.81126735334186 125.03871419359135 125.62703382999437 125.89885105106399 125.28519360970688 125.74015790913765 126.90429286522537 126.36431584375933 127.02798830026508 126.21995142783587 126.65895064486334 126.94431563804729 126.35580746275205 126.86902028831788 128.01884777680235 127.37539126942821 127.99455851115383 127.28581453734816 127.83428190735707 128.10916363563996 127.44203919415001 127.93896228617179 129.19266281572538 128.4699719768561 129.36071650259467 128.63251357286319 128.91248444520951 129.25718686007295 128.54866451961036 129.2178189053684 107.748868445638 107.92438131766679 107.89621214700227 107.74736703861994 108.1696061286256 107.33741539366237 108.10655056177936 107.56871078542596 108.87365121734773 109.01713052699299 109.02468644920502 108.83136770820782 109.27955410842124 108.61472443314761 109.21283322815479 108.64245383186832 109.99539351451904 110.08775117276764 110.14825566820443 109.93230781258285 110.31588695239546 109.72399370324801 110.37572581747762 109.75560294391394 111.0978985772432 111.1047177269139 111.24654897794524 110.97661806716002 111.52444653547974 110.82933548029801 111.43873511545284 110.85968972140761 112.30212390211342 112.20932004106224 112.3754096245512 112.03786689168248 112.58725985464839 111.92775812186872 112.52862286747812 112.01279460106709 113.38428840894635 113.19867793443201 113.46903691645177 113.12479511510475 113.61849633691124 113.05512746864956 113.74592983819214 113.08211426938702 114.47982068915853 114.22561863156992 114.62228767746821 114.12960638497438 114.82045156409687 114.11795892353925 114.7844736197427 114.19456636032712 115.64081276469244 115.26209981115203 115.82064572942816 115.22880876392921 115.91551480793822 115.15032001972227 115.90032537485661 115.32172109040046 116.78194741861094 116.35130430919531 116.94443963396249 116.28425342278589 117.04797675861026 116.24050402302154 116.86634636533739 116.41964886143373 117.91835168317897 117.4336640417396 118.05306288514727 117.37249638639511 118.09462202080368 117.27285705567255 117.92560082680497 117.5572082387467 119.05303413738321 118.51790128622376 119.15392943266977 118.44691814216516 119.08362100870974 118.28707634256686 119.05842977147194 118.70269628601737 120.18312698802909 119.63052136318277 120.22115455610231 119.48282126148915 120.08062912857012 119.27876661229622 120.02933662335795 119.89595818456593 121.30686259296212 120.75142827944349 121.35658058176729 120.80326989147221 121.15656816213554 120.32129424055786 121.17900236973801 120.76427969926969 122.3665030633675 121.91720564039061 122.48979606638289 121.8432356233412 122.4372398804543 121.87057563967453 122.43942757064792 121.7910289474905 123.5445194759308 123.05599975884849 123.5647318406502 123.10504864946722 123.61515900417891 122.96338840017694 123.47532049973913 122.9776393688059 124.6283726019674 124.1682266434694 124.70635920492754 124.11590948033941 124.80810460102524 124.20361652765872 124.61957946020989 124.07341706911851 125.78614055264276 125.29022110588923 125.78233477042249 125.33497510124188 125.8763259256306 125.23266947139507 125.77492191144165 125.24625010557628 126.84299031945845 126.40921834985137 126.96944005673275 126.33411236240171 127.14821457764168 126.49059738273293 126.81890514390881 126.34850919670886 128.00353963820749 127.55331486407485 127.95289982320691 127.61929852943295 128.29027204053068 127.5212358198511 128.12943270644544 127.42375276446566 129.14137646986657 128.62647082515934 128.99918796766391 128.87006485601634 129.65069471055421 128.81847722771542 129.54994252865623 128.63077049490943 130.2815287501063 129.77993953926494 130.10225606689036 129.87717509956195 130.69875769576888 129.79820495048867 130.58930275047578 129.97107042762855 131.40423783947165 130.94231972935899 131.1482218533381 131.25902788744611 131.6199887058639 130.90513845973462 131.62711752917247 131.1044239446218 132.51419720893131 132.06593776121485 132.20984258909945 132.3615216382577 132.61476934361622 131.99459824966851 132.74299693324829 132.17570027914431 133.56541666587069 133.12078263331139 133.21754894785093 133.43642124100975 133.59998314554809 132.95815936735428 133.77519939500201 133.15525483637427 134.7122017449804 134.22075203581207 134.29338290508954 134.56098082844042 134.65737014603218 134.103880505885 134.8812298024572 134.27352688041222 135.84863794931212 135.30033788955447 135.40355175105114 135.68132873954855 135.75222373041868 135.15750248622743 136.00595591383626 135.35532995632357 136.96158586590323 136.38335515293372 136.50225536522925 136.77352579273264 136.83697478339286 136.21969873013734 137.09654993120685 136.47564302972975 138.10598903751313 137.47927462430218 137.61599669820424 137.86658516296606 137.93745073091549 137.32796267578075 138.19209022462843 137.60939348409616 139.21926378874406 138.56196127236498 138.72772544375317 138.95633777072933 139.05122432127445 138.41976249482039 139.27529411921134 138.72485447119644 140.30953244650652 139.66771064689354 139.83303531368495 140.04117591772882 140.1510119978021 139.52543555816129 140.35828223872821 139.8625262498299 141.38089596079152 140.78060215969163 140.93946374228119 141.1283722076341 141.24457523950048 140.63358322887458 141.43124495927614 140.99470355873029 142.50220273746243 141.93837970805109 142.03333435403144 142.21618104448606 142.33462706106124 141.76076676277816 142.53635018679748 142.12821548210493
