# Created by Octave 5.2.0, Fri Apr 02 16:03:54 2021 CEST <br1@br1>
# name: ptcls
# type: scalar struct
# ndims: 2
 1 1
# length: 2
# name: x
# type: matrix
# rows: 2
# columns: 320
 124.19161599797417 108.91296955433263 106.38392369431143 102.10825119294226 112.06409855290042 116.11921381945874 97.845064172289398 105.8771737832075 118.15442580114625 116.35225033048245 111.37693525428472 107.70966133571275 115.12825703913997 115.73406889274706 116.70160816527439 115.75271485284905 120.59379230842721 118.93931480160546 109.88660250543101 109.31070357351499 111.56350922028685 135.56802745613635 114.87254763124679 133.90935544081793 130.77371582818509 124.26511074777292 133.27375705502865 130.53226345820593 136.44591015399374 137.83849232604192 133.7211898438066 136.18571383522593 130.86494737911869 122.58518830538958 131.23910437669133 131.76540450327286 132.09668186196674 135.13353631503523 138.38485182354268 137.51187383690444 132.10732734326973 134.28730169646303 133.65170550338422 133.29781742273377 132.89785449461223 137.03926805832992 145.60136322449634 143.94234691542016 134.84867690962804 132.85456862004509 134.12492916393168 134.06744006444546 135.14400837538511 135.14601657777033 146.29961503360599 146.38341877110992 136.39017778183998 135.1029833766039 144.380929889013 145.19642056971912 144.45181395964309 145.0453250872103 145.07155941411307 145.05184118882951 99.956680560462999 101.2122599587517 98.225010008991731 93.161517808960554 98.01759700028839 96.741081775806848 97.364491958157686 76.025158824892969 102.04766026181272 100.99255795664955 99.418133978778613 98.838878811306145 99.244397809292408 98.434060764724137 97.907853111351102 96.892855189803271 104.22715258651932 102.12127082049524 101.12315998651334 99.889664184566641 100.03122298480653 99.181010530515564 98.988105390185964 98.00463981562369 103.25981233989228 102.98861764579412 101.87584188233626 101.00575040673664 101.16978870609726 100.16881836194403 100.20313581537947 99.135657451188777 106.78823622509402 108.10404958306633 104.18625406176844 102.01933241850682 101.20816077168314 101.3037514317307 102.20589960980867 100.13872760540953 108.7353881940152 108.70612325363959 107.03984301876781 102.12688294977879 103.73811898557845 103.22182701947085 102.31502457565939 103.86304186035208 109.55498722211972 107.98801259719912 113.77556219348543 105.2583343868168 103.03407602145742 104.19738048984614 104.9654089058229 103.16903337856249 108.03164960987493 109.14820595662459 108.8028427227224 106.35433616063571 104.00204668223377 104.67090214178583 105.30517905614846 107.35367302920184 109.35787989752286 109.69257442409327 108.30048574567718 112.73402542609105 105.01177011033384 104.7397796774688 108.21103264736833 97.187643069850012 106.86897932781615 104.8036440121772 108.05224563277446 113.82310465419867 110.67325652454288 107.20485997720367 105.62628175112316 97.984644363037177 112.70831593809773 110.53115102811297 106.48511968667844 108.3288603715152 112.68924077768419 109.91448653128542 106.06051003555302 99.059463046531533 112.12131695150704 110.92204855119995 113.36400618417326 105.85358249822319 111.85441677464225 110.31741975676665 113.97993198635866 119.35813797436087 110.09378663008306 111.6671312017088 112.70682710447129 114.08862980755121 115.27970856021163 109.05646247848171 121.68758398293008 121.25240341073096 109.40266600886856 111.9344942956767 113.2928091969121 114.54302067308706 115.49834954337148 116.63527514187756 116.79748624094445 120.36616552788125 120.25636612595837 112.36405386913879 113.5095642787805 114.53568045675951 113.4144218374627 115.88995135742628 116.16690671518474 116.96588479387799 121.2732618360433 134.58268862090733 134.76980748935793 115.56568093626069 129.77207254421296 117.94672110457074 119.01187962652975 117.87119320428931 134.06551963444761 133.02656828135397 131.67669776285803 130.64926087601532 131.8361932386965 129.39703188171481 127.51389218695846 123.85459480797435 131.37933684016031 135.11044040647332 130.80872321230859 130.19252588841522 132.19237578079458 131.29439048261941 131.23189131770479 131.71433606026437 135.45956273173965 134.25533273057869 132.79560674282024 131.34961672761045 129.67610642894968 130.54372886171348 132.05818750807313 135.461365483485 134.56394753508962 133.20696685454001 133.70899292604869 130.03408353863657 128.06605785453945 129.12786953752766 133.34740870846105 134.32157446553836 133.70136794470682 131.78457923047648 132.44610483605376 128.83046705042622 129.44252361216704 136.11803740918907 137.07511593975863 135.96498377320654 142.63148016591052 132.73133938870293 131.62769746732135 136.51367440924327 137.45581540121185 141.67283423726809 136.1248564772599 145.25328260494553 137.00590444179059 130.28480619766353 131.09432864304722 142.33103354207066 143.02840149937043 141.04492402568061 143.71143409783826 144.2113991589745 136.09569254636907 129.80877955299559 143.16643755178072 143.97668588996953 144.89759365796996 142.91998243425118 139.66637202479532 129.07196112935398 145.64289512020068 144.59837104268877 142.08367017753326 144.4995029820343 145.79390031229255 142.79270452986086 145.90700637457826 146.79059515542713 143.96954034258275 145.63072322068325 143.16745855632792 144.96825253492705 145.0878960145819 144.12781987787881 143.90911228307451 147.4807696898209 144.67965940278481 145.96079711115379 145.95701081882774 146.87536037542566 146.34217459622158 144.71888171984077 145.42955628719079 142.68900900292988 142.9394796474073 146.94409491913026 146.98017332897444 147.54224074050222 146.93380756793582 145.75368402282677 146.31535725110015 146.90686537225974 148.26134079296386 147.70506729136468 148.65902125105956 148.26377296169153 147.85977362831869 146.77824330961477 148.3267772458544 147.78445441759615 150.08866950528972 148.9081764432668 149.27431492817075 149.06893170488854 148.71567215399094 147.50768931062493 149.42483446840356 149.14871621128063 150.96569249760947 149.78016143648196 150.10747124267994 149.93699206675092 151.80540716427075 150.52591825629489 150.30729584548152 148.50418755728347 151.84056428959968 150.51471404232086 151.33085660789533 151.12164657758922 152.32813509748166 153.18441053820467 151.60398469495547 148.9420107918306
