# Created by Octave 5.2.0, Fri Apr 02 16:05:27 2021 CEST <br1@br1>
# name: ptcls
# type: scalar struct
# ndims: 2
 1 1
# length: 2
# name: x
# type: matrix
# rows: 2
# columns: 320
 134.71587829323209 97.294404040413667 95.574450712978148 83.804994026761065 100.00114484143521 110.20555846190874 74.967011187991346 88.944539581797983 104.55328252184555 111.5164412976418 100.67577133548014 96.739015155639393 109.56827386070665 110.55695413182087 109.04671719979225 110.03058285528594 104.05582242659865 106.28410312735598 100.04832475576401 101.04766460034683 101.70732520187887 143.04099526780541 109.24559900356347 141.96563466483553 140.52056693134929 125.7348047808743 142.02560374757221 139.29986654952319 145.56321423645718 146.06908919721934 140.56353797107644 148.40518248176485 138.47091803891314 119.03482115173264 145.02284612301591 141.60076545672399 142.9104473922647 143.95970867549639 144.78440508354589 146.02393224453539 143.93790587285272 146.36201686773524 139.44185006264459 144.98995081788979 141.94390528695394 146.77775555686878 156.01639167130097 155.39246412135466 142.80423705892616 140.8340925989001 139.92605558756694 144.05808718871305 143.79728611089118 142.42049571359118 156.42057887041122 157.28137326919372 143.75208653153516 146.05694510867281 158.58596173765517 155.50511465804942 154.40314771303736 157.02617902085805 156.66767333635326 156.02487588545532 85.028093489882977 87.094161699285848 85.928499083786093 73.356075723832731 86.75808991501583 85.266259683966098 84.829162085914618 38.7604604881857 89.468929243815026 88.681665495164324 88.117674214922616 87.000814218918592 88.309372511574566 87.760817962545431 87.470359344926067 84.133397726165128 94.681101648584487 92.517934435562097 91.698525201655556 88.856815651975808 89.854076577630124 88.704526972025263 89.788865221120844 87.920708096713795 94.440863255814605 93.60196460328082 92.746971641295616 90.488905713088855 90.835885974858527 89.472536683717422 90.347643228892693 88.988369957045066 104.24272426403617 97.723917920956552 93.110818651246746 91.786991661435479 90.60388039409375 91.431954172999582 91.21745938094557 92.27957349863533 98.549057731143918 97.820572080089903 96.578831300203476 91.727195231971777 92.981625930499703 92.10569327437932 92.416726604087557 94.13049836818783 97.029076849394414 98.330536331315244 100.43822115155781 94.564843006037947 92.914601362508463 95.355623454595644 105.91817665088021 93.212301184742046 98.082395275704371 98.903398416504317 99.621872047612626 95.847722649303975 93.76165684719416 93.963707086600238 95.330662881490881 96.690807227226358 110.68556623518506 98.115731921253158 97.788830147990765 99.98499137194635 94.747633912498287 93.95800925053959 96.834404634350065 75.243540064502511 93.38292442703704 94.54980098136501 96.708734712424686 104.66652549673604 99.598529198361689 95.634110343892246 94.897315013262684 73.633910044320317 124.57769073155276 108.10006386436878 81.85610475334579 97.851631598987609 99.233196135726516 100.7336996282427 95.792856762274511 76.426232105125663 112.04633202553951 109.60231428230628 111.03571448275693 93.895341511898224 98.913545133131208 99.067300124384403 106.8845051376956 102.19992591055251 109.75442036227979 110.18741608397303 109.94489077378246 108.53164802613625 108.49426416616858 99.12214566514065 103.16111232049697 105.32192377427852 110.81454098081321 109.12802461438342 108.84821551150611 107.53265515009839 105.13102646689629 106.23723229621501 104.0290557217436 106.06729897861297 117.84209917965607 108.03291610491259 105.25067859099224 107.55312613945411 106.83553395548823 106.51044537982327 109.64540619099066 106.38504763377369 118.01876762946044 149.35686589469611 137.23372368135378 105.31171225505777 137.21434293540074 103.57591568108053 104.38189728388308 107.2081912559342 138.24770152109684 136.85268174959478 142.1846735976751 137.07126963493027 135.99344541887433 136.01069502996785 134.69030061641274 120.16646342967618 137.74645363686946 138.87738597466799 137.00763905893902 139.286841203406 135.53216427791887 137.89515290769501 139.2904594062326 141.65746901851642 134.60604635142769 137.783120765961 136.64661259183077 136.66683469351079 130.8117563320277 133.4387420416503 140.37965624115733 143.66280772453604 135.84803836274196 135.5585773733134 133.98690370953068 131.88378899375579 129.14363366127066 128.43125107351872 143.34906688883029 138.21899793308708 132.72611357633431 133.56226186267216 135.01912076449887 130.25322292118676 129.91343247381226 141.22745320164285 142.3726090917053 142.67920668800454 160.24580938480304 132.92041304490238 134.48672053056595 141.58340498937258 144.47457912683996 152.57331723318271 147.24462667490067 157.73841258622971 140.1208623724859 129.60364990944024 130.7413358767615 151.93287353826923 153.70189702934232 148.0458068872417 156.34893765942468 157.45829741129415 140.71080418861536 131.19543877071379 152.70634547201178 153.04036532348269 155.78898473787191 151.71976054178214 147.04521235969116 120.24000479014262 157.77704202148624 158.7989241650757 133.17750348763786 161.81757544309693 156.81349222082778 155.65520277002352 157.06862638798145 158.02515466715562 156.79187277529959 152.46369604995567 155.57794947430756 154.82258869079195 157.98362863604018 154.7191403572632 155.69737953090277 157.74611821472615 154.9625553449558 158.72057649520201 157.87703617412581 156.28577970967092 156.79910185208402 157.24919379175901 158.76391479782629 156.51920786018869 153.74874964027737 161.92541624720062 160.79946396517721 159.00996920165051 159.09313432372451 158.31535378783033 158.0126160333071 159.35170345700828 160.82383725576031 159.87985087683765 160.12382005867943 159.36289577188293 160.94815293199852 159.61490997037649 160.32612932422288 162.81843371015356 161.69424538200349 159.97865104752577 161.13018045273378 160.34283288435603 161.22575673416887 160.10462276157858 163.47850675996668 158.58800586761356 163.30668293239069 160.98235223727758 162.46594201060537 161.66531422557722 164.01659591913801 162.44417330812226 163.11521968239364 157.10543482050855 163.06484990616673 162.04959649045963 163.58243961033958 162.12117696663972 162.75879613439963 163.96846720634824 162.93915570842893 164.12071108570279
