# Created by Octave 5.2.0, Fri Apr 02 16:02:37 2021 CEST <br1@br1>
# name: ptcls
# type: scalar struct
# ndims: 2
 1 1
# length: 2
# name: x
# type: matrix
# rows: 2
# columns: 320
 121.34598261970847 118.14592378100079 117.70338607308882 117.05429825546162 119.03405503539186 120.70367879685823 119.06296318022531 119.75789122661909 121.87639779104575 119.42823260590878 120.68339836063814 119.3549621549152 120.37851294771831 122.26152676151439 121.56357963826007 122.18297674873217 123.32274684122999 122.4962869626082 121.78753208334548 120.349455053401 121.38133254339206 123.28766181084755 122.67085820442014 124.38316889622115 124.16782466739897 123.41038818846404 123.95205413564157 123.51093486704313 124.73995179933458 126.20529088772967 125.3477653732886 125.49626433055538 125.8978106167925 124.84399813487991 125.56704473303959 124.61877992264688 125.60585139761552 127.22319099535302 126.34197411758049 126.94165450880831 127.22231929969647 126.65461045412312 127.6770664518645 126.60233264388837 126.82574878478829 127.89951473970515 128.17982563660888 129.23856283797332 129.57512584327048 128.35515502464716 129.08510291151831 127.69289617173588 130.36893790821938 129.14808795587922 129.37237797304553 131.13187175315699 130.37206212160538 130.81103797491949 132.20932816079934 131.38716429586842 130.32328871167283 131.74531241432021 130.59719894420314 132.06303998256737 108.0171140657218 108.09078421008287 107.94508406367605 106.92493234368601 107.37530456005183 106.71987915802336 107.17773159012557 106.76329387406118 109.08478084122545 109.16216684867358 109.02422746411334 108.12410437876342 108.51637547347374 107.80809177812854 108.32444466017063 107.7853781095358 110.0155118464716 110.17934659024353 110.15361000822234 109.11029683167268 109.52708029512497 108.89392244134176 109.44298467928576 108.89868137142076 110.99348638005469 111.23434716426237 111.16374423845765 110.14797891865874 110.63686846178948 110.03700981500242 110.63253904371592 109.98792252648168 112.15290976923617 112.49933537705726 112.25276959968237 111.20872584896939 111.94571005075554 111.28561790411811 111.73626655344688 111.11227889969686 112.85583539089937 113.23906974925239 113.34648558225823 112.26421682649176 113.12194398407568 112.41617519012652 112.81071945530829 112.31780369465135 114.32310105298772 113.7354143068797 114.50380525764112 113.66059075360282 114.15949975056573 113.52629603868375 113.87611770893216 113.56163875720101 115.55031858832791 114.98997227881883 115.53954710813956 114.60114477876729 115.18455917320669 114.71982874580077 114.92783928017789 114.56346502118252 115.02952157346216 116.33505100426824 116.69757659587931 115.73823905362821 116.26055888294042 115.7725398245864 115.89384093049163 115.85974085376053 115.9860217047114 116.02177643015283 116.6401647203669 116.91591464787807 117.59856896915676 116.88497827381369 116.88062973910286 116.14677075795348 117.30636589166555 116.92891359274118 117.43534435534714 117.80830697735261 118.12019028058273 118.15125685853957 118.02776895118184 116.42418252504733 118.68019182549224 118.05832710486617 119.02131766536282 118.15014264350152 118.7496741201707 118.93535451117084 119.03855729290183 120.24906226100364 119.72371168638989 119.54685838900109 120.40131086515728 119.7985194606938 120.73261346518808 119.08018594786532 120.05097276349069 120.72346049478959 120.90255883571669 120.70870757231597 121.51468559123489 121.27548657283295 121.81406960255219 121.07162864915506 121.95789222445646 121.18774541186764 123.11887430903307 121.9508941650905 122.76551828504337 122.47970148404478 123.68998986454785 122.78455985938776 123.57085012389038 122.80309772460564 124.4149432531615 124.56247996508679 124.7185762317911 123.55294341301652 125.12976593461637 123.99297683030328 124.96233007849875 124.06107732186643 126.31331694974131 125.60039191751295 125.86291745521082 125.00115602107749 126.55490062183527 125.89514078059138 126.25245607111465 125.8027445198765 128.01286948206769 126.76452357013149 127.0766968068147 126.27801337508112 128.00280711832076 127.73439264948638 127.63933500909651 126.84691938356637 129.16857416792297 128.07839785532906 128.04359617519498 129.16715382815403 128.87663478724545 128.44582750356048 128.6925803110216 128.22112913712635 130.14749280219399 129.29474927680047 129.91150096194096 130.18871635030749 129.96181920948209 129.50991290029089 129.71068536773612 129.3470084059239 129.8911890884996 130.5469409608819 130.99431833909441 130.98033079575708 131.20451353746225 131.50907884318678 131.71753849428018 130.47750689140395 131.03390960220986 131.66611983481158 132.0824517021239 132.01642991788705 132.24506646830966 132.82614393855965 131.48857100141194 132.63049372180635 132.91266505626405 133.09388735907589 132.98649986282803 133.08624611248058 133.24635623317397 132.49720517840458 133.45894958568206 133.28049174239115 133.97921735577404 134.04734037476189 133.96627780508945 134.0866723939433 134.46141789520553 133.84643298876199 133.5147826155436 134.07644422490023 134.87119259326926 134.86190971851752 135.10879529760939 135.05933141503601 135.51350615805231 134.82071904430157 134.76426878659132 134.5315578748752 136.0902803502193 135.89170000994656 135.95588647465485 136.06074165367841 136.57070435370349 135.80711751667343 136.01448702235601 135.55730003338158 137.12026872847946 136.8913893341032 136.92491980140164 137.06209847155947 137.59105749825935 136.84104868817056 137.3853308475183 136.59784104794463 138.08586306161803 137.96625167259717 137.87924423706937 138.10392931861085 138.71847007537997 138.16819358048866 138.47999202108883 137.87214841424421 138.95035278120798 138.83079432860103 138.86870139765807 139.39039287013358 139.85034195178048 139.31949805194472 139.84212161422732 139.04838664441462 140.31413651505264 139.84627221209479 140.07440687284773 140.59344818742588 141.13567060082599 140.48962631687166 141.07096208796909 140.38976327558856 141.38107679661437 140.99082033418756 141.19984743726107 141.79534208327132 142.35533732684669 141.65064720800933 142.27985773625068 141.64246828605928 142.44096207480985 142.27437298374483 142.24265509965983 142.89134169856379 143.49542913133806 142.97530150588105 143.76015832881816 142.69512843936428
