# Created by Octave 5.2.0, Fri Apr 02 16:02:28 2021 CEST <br1@br1>
# name: ptcls
# type: scalar struct
# ndims: 2
 1 1
# length: 2
# name: x
# type: matrix
# rows: 2
# columns: 320
 121.11985494801297 121.22824543050432 121.26007321820541 121.18757934772475 121.24656770314141 121.33607992583396 121.07673271455729 121.23203544237352 122.21542672331664 122.30860726844671 122.33915048396187 122.26129894949172 122.32878108439863 122.4145563416015 122.12745010292146 122.33715594315493 123.31992057057938 123.38189686321155 123.41980721765731 123.33856016906458 123.40199199050312 123.48107414473469 123.18739364922178 123.44127157726663 124.42914398879722 124.45792863795236 124.49613772750588 124.41977362563354 124.48883859690494 124.57198107487694 124.26405727703657 124.55225819288282 125.54299857740786 125.53060224947399 125.56978618393869 125.50544724296701 125.5721742457534 125.65094296496387 125.33714908054426 125.66579751374914 126.64849468306703 126.60856909989808 126.64552191454865 126.59092518236294 126.65477269989921 126.72668622156188 126.41686760115107 126.77458268369146 127.75543051786816 127.67308244187863 127.71266619620042 127.66227864763599 127.72442345465349 127.79597199375189 127.48937077136422 127.86777737027057 128.85269929872959 128.73110011437115 128.77174507098664 128.74127793946445 128.79829098065107 128.86374484479893 128.58684183937689 128.96473056709814 107.71323030410134 107.77493981420743 107.76557681218362 107.79962155184765 107.87090212785832 107.58140682065991 107.93990311986273 107.59863639064328 108.82235740201334 108.87280832472919 108.86465834156928 108.88911700460011 108.98082237492342 108.66143585212767 109.04766493914617 108.69210987043034 109.93397556121899 109.97025272541396 109.96496196062149 109.97216823251186 110.08823353994327 109.75559224723048 110.14347160841665 109.81265294468504 111.03958710705366 111.06324839057909 111.06672531761184 111.04714003350148 111.19125545484931 110.85125743325284 111.23736736478548 110.9314611059025 112.1638421096101 112.15950848845623 112.18093910436268 112.12975742762603 112.29847009653207 111.95391218007704 112.32801307960872 112.04733453307722 113.28474160915162 113.24562835155405 113.29389970944432 113.20702387941958 113.40111229992364 113.06301104652904 113.41226263161334 113.16264857554687 114.39441398595787 114.32627583491106 114.3993900525938 114.27816740150784 114.49196640280771 114.17710789995347 114.48944462867932 114.27997295831535 115.51151313277886 115.42219013032592 115.51972815175809 115.36747814449923 115.5939602207763 115.31782696782817 115.56357567773485 115.41210064491078 116.63975882426043 116.52805508163935 116.6557308996033 116.47087977158195 116.71820865139782 116.45417385018374 116.66109731290521 116.54189931969344 117.76675956225935 117.64489769727321 117.80105878103153 117.57800420111001 117.83909809239424 117.58320556958769 117.76940014639176 117.66714167954693 118.89199597634615 118.76178727956032 118.92262812693679 118.69078201702924 118.97255607410416 118.70742306567195 118.8804063331834 118.79572536313825 120.01603367613997 119.88077865803646 120.04581829519185 119.81453411550032 120.09560623710145 119.8319431350226 120.01035374946082 119.92718751697629 121.14701854491344 120.99280461328465 121.16067846978977 120.93966867804251 121.22529385181063 120.94214470473662 121.13769746345717 121.05022977177178 122.27525994938306 122.11183989599645 122.27653730035652 122.0737984666512 122.34382007487638 122.05670655932705 122.27739236929621 122.16439059286688 123.38803761320143 123.23220778051407 123.38316154475473 123.21099071887053 123.45509390959278 123.16027253310853 123.41534143323402 123.28063779984649 124.51541975199564 124.3495136488843 124.49016274622689 124.35127875740314 124.57531064702101 124.26194948420377 124.5646084377271 124.40036277641615 125.62765891551838 125.47215340716642 125.60121405184545 125.48950757427554 125.69059180838281 125.3817832739329 125.70981362306716 125.51788173323452 126.75105593962932 126.60689359326011 126.70088982293174 126.62890400951757 126.80301190903066 126.50092165859665 126.83917306135243 126.63988258347224 127.86148650816092 127.73964058581358 127.80185435605884 127.77023011870789 127.9032393863986 127.62869392984798 127.9680285208523 127.75214526643157 128.98524207482768 128.8787131621232 128.91388287892994 128.90907701419775 129.01835156357282 128.7551916102617 129.09370897245228 128.86663426295561 130.10660979490072 130.01407530338341 130.02986842524874 130.04901752336019 130.12417061891557 129.89583227973432 130.21737404324912 129.97529561384647 131.22729161789556 131.13894388655888 131.14301153531639 131.18688227343358 131.22321952102683 131.04799367460842 131.33974662759513 131.10349522380133 132.35100300421075 132.26035284552421 132.25943201115194 132.31889374964123 132.32318658961373 132.19574852880874 132.45981314706751 132.22436788289912 133.47259711708887 133.37546824323201 133.38014952876102 133.44971040642565 133.42897579262311 133.32745753099948 133.57559834802962 133.34439486779985 134.59674236678603 134.49363728376872 134.49813514768468 134.57393295115222 134.54546546033072 134.44602321082345 134.67813846274001 134.46395552783329 135.70984621323208 135.59905801179383 135.60172416229642 135.67330353630174 135.65805753274441 135.5503934478015 135.76928777708198 135.5776491034068 136.81911217226448 136.68785909542643 136.6923709132673 136.76436413099577 136.76225974149699 136.64107075534972 136.85348576849285 136.69554167681756 137.92915442595483 137.7850961309602 137.79584546148556 137.86682995677833 137.87490564629894 137.743416652359 137.94498273157626 137.81565571334346 139.04369198758343 138.87876705439419 138.89649469636382 138.96482890687165 138.97698448035982 138.83875440041589 139.04094699727969 138.92955204148225 140.15833819389655 139.97086307305358 139.99619438972826 140.05579753880374 140.0755720678448 139.93499778656482 140.12768771146611 140.04341146540747 141.2749524291859 141.0709199163451 141.1007099534084 141.14962226633727 141.17738900776567 141.03458466109879 141.22311610622057 141.15228909254176 142.37864681900828 142.1715046544908 142.20009422800152 142.24535166261376 142.27764672912454 142.13677420089286 142.3062252257597 142.26101089479613
