# Created by Octave 5.2.0, Fri Apr 02 16:05:29 2021 CEST <br1@br1>
# name: ptcls
# type: scalar struct
# ndims: 2
 1 1
# length: 2
# name: x
# type: matrix
# rows: 2
# columns: 320
 134.85167522607424 97.139493562348321 95.56597163387967 83.568822966552275 100.05894273329322 109.93897803934198 74.738428753211352 88.72605397919915 104.43034281035274 111.45404376173418 100.54094868298957 96.411677894410275 109.49415514488345 110.60039935065676 108.95281157526374 110.14536133527196 103.79320950553526 106.11622362730353 99.854620435440694 100.84785419404535 101.64526013605573 143.03679182697081 109.22465018550346 142.14717167446281 140.71070860698993 125.7537685748498 142.09498333546011 139.4129969119918 145.74175840070174 146.12758678708585 140.85702666508439 148.4629551917773 138.57523648022999 119.02303701596273 145.07092861002161 141.90910050971686 143.0637793072039 144.00088095721398 144.89345647411119 146.10240780676091 144.00099709008882 146.37242599050657 139.81072087875816 145.12538785648007 142.19637268428613 146.80703987761959 156.16732937349164 155.51175665525949 142.85675310519636 140.81343561124203 140.06622017171279 144.00965118001949 143.92395330371556 142.49015491763416 156.64130657391206 157.4110586438841 143.76433930861609 146.34660337927139 158.67078908259518 155.70300058013362 154.62716263325345 156.9970542043863 156.78613969243895 156.11667900796442 85.110993611285949 87.162191860924906 85.694026417172651 73.100521632411727 86.477005845638459 85.112179118960441 84.47258925509901 38.279625670937818 89.155282166373695 88.707386866185814 87.884517040360649 86.789161749568535 88.187473176135484 87.516826024987566 87.350635638079538 83.900466653934188 94.420901129468277 92.43728275554426 91.68051119060307 88.625858981054762 89.731704228287725 88.5929022395527 89.720561508494015 87.690508980285514 94.507242948469454 93.447410159070316 92.649829891364206 90.492298416921741 90.776003326555326 89.314871394232156 90.223751046822485 88.868159211402627 104.35230386574757 97.654194742562964 93.073112271649819 91.727645094782758 90.6210715679358 91.222642775181981 91.069706170400124 92.238504781644821 98.278337612508665 97.605617590561138 96.398645223019827 91.635484836680135 92.675259006903971 91.859203889652377 92.175964615964205 94.153235703588606 96.773328717101492 98.15779650396766 100.34218204489073 94.520754182737704 92.662161597156825 95.193052097771314 105.81994070993622 92.961107931403006 97.911835453350633 98.768731424418192 99.560632294620532 95.7904264994405 93.623465886658806 93.889443755350285 95.174927820953783 96.559047053653188 110.74950882906964 97.980358335454383 97.693056456295977 99.818986761135577 94.595959829582839 93.617923275259514 96.759923721001286 74.996785107016819 93.369858928020875 94.434540364163098 96.483335892292772 104.57221116358944 99.37194051862231 95.439733876646869 94.791137365190181 73.319707020853002 124.78272267533072 108.19548039291075 81.525581062995741 97.789242167797539 99.072627606259985 100.64879701037313 95.63260681892406 76.03117740795841 111.84357302118843 109.54825811844536 110.94480206611254 93.575776430063129 98.74868597329278 98.846645303674833 106.79295124287414 102.21725221973865 109.86717970335408 110.2511192419052 109.8815156964926 108.44883257220266 108.34195769237532 99.002396673779131 103.14733733864811 105.01550639957463 110.7755211769626 109.06986012184996 108.66451610241111 107.52553964769393 104.85387989068536 105.93025023170017 104.16937098741562 106.02032407942281 117.85714655348035 107.76633580759939 105.28173615156562 107.45482716029976 106.80711100094615 106.27704119495688 109.47401029141614 106.17279681228682 117.93057495043757 149.54750044016436 137.26684678787853 105.17038940606447 137.21850247267204 103.35536154119929 104.1486678263451 107.11794817260436 138.45843889476421 136.91425864940004 142.43795207931009 137.21907508940166 136.04679877160194 136.07027048550086 134.78289943485731 120.08484758438863 137.67968821564324 138.70844278881657 137.219233021462 139.43100005206051 135.57983408995699 137.86211757273026 139.52253715919505 141.80135592125174 134.67596318356479 137.78295656552206 136.55314736788236 136.74727162606953 130.72942090790426 133.48824822643482 140.57379432232051 143.68883177739031 135.74404242635413 135.40272675724702 134.00785037009805 131.96803346125009 129.32351389215441 128.43912081629281 143.41242141848272 138.21841250316965 132.6338466197769 133.48573969274017 135.1278049251188 130.39777796174752 130.20892688509124 141.22786760889824 142.38705694075131 142.7394557327446 160.47309105214359 132.86122130199513 134.6585795409807 141.63560746806266 144.57077189516221 152.72376075450089 147.31489980026311 157.77699607917322 140.13551434969267 129.58893547468497 130.6987337388899 152.0543484240541 153.71194664731792 148.12525213805029 156.60286396165588 157.6872314157612 140.79589504460782 131.18577366903887 152.8764943881061 153.29821199281818 155.95216129083926 151.81920709144478 147.36891673810223 120.12604406318502 157.89667752548277 159.01909124202979 132.96749482752125 161.82812297042491 157.17799609721109 155.75485114077014 157.23680194487025 158.11784996613983 156.77748269497215 152.55186344130112 155.75075943806272 154.88481172956392 158.2454284311199 154.8168416932497 155.95945036746622 157.7531693565667 155.28039834203821 158.84458167989882 158.05615080383265 156.4802607345724 157.24146048638926 157.44840391368365 158.83175421711258 156.64999956831227 153.96340514660892 162.03202576844703 160.92722020483782 159.019909960608 159.30032333715241 158.47407270805664 158.11372306142573 159.24283007284106 160.90381000688663 159.87709513278077 160.28043991649005 159.56104166652574 161.02407637058778 159.81983377034297 160.41438980830213 163.04076863973651 161.9433698211775 160.14399056301991 161.5240955612804 160.65777469392251 161.36734029507878 160.24948649297852 163.88358269374646 158.73271304850249 163.30958007616144 161.11489253397619 162.61934152495704 161.86075485846985 164.05820737843436 162.74924976606647 163.09244328249034 157.2133928810415 163.44351615195745 162.29824338721056 163.73286703059853 162.12267393830399 163.01604140875492 164.13429562318578 163.07763093291254 164.25567749504344
