# Created by Octave 5.2.0, Fri Apr 02 16:05:42 2021 CEST <br1@br1>
# name: ptcls
# type: scalar struct
# ndims: 2
 1 1
# length: 2
# name: x
# type: matrix
# rows: 2
# columns: 320
 138.49457302201483 95.512933542662182 94.361382472135375 81.089026834359984 98.634945315165425 109.91256681966679 71.680232844541749 86.43195515191141 103.46146677065275 110.79886963470416 100.05307217476479 95.331002306861137 108.71590862873981 109.29828151584711 108.83390290924406 109.53844055833788 101.28409227326483 104.92852506266459 98.227739900650349 99.309402314539582 99.81526429712649 144.55162213319102 108.9352914364416 144.09439286266854 141.06647230414529 125.95288841159257 142.88065725658419 140.6008657179122 146.91631558978636 147.10290152721953 140.99239862623173 147.99058463951044 139.34046035389886 119.04190539798701 146.67445889489659 143.60751038616115 143.84415724119447 145.60403154119641 147.24035359122561 148.04286471499836 145.81421204966227 146.05085034011407 140.67178883412265 146.84369149230952 142.68154750286052 147.92039333522249 157.57775313108286 156.50119055580456 144.00231875685012 141.77730272891327 139.15349748911601 145.29003694882471 145.05137341382439 143.12347701964282 157.88330533328235 158.91435964908425 144.52190799645703 148.99452520986492 159.57110290802993 157.36383795351 156.27021923372294 158.225511896158 158.47631039578704 157.37036111885621 84.515488310696085 85.647198462837579 83.961050038217252 70.417203672491183 85.032916101699414 83.823448056307157 82.763976503476641 33.230860089835062 86.868787856510508 87.130339766582736 86.04376270550253 85.04648984178047 87.034478083131063 86.204488215687178 85.881575844361237 82.682373713961326 93.110191306354309 91.203521438375603 90.237862009967813 87.063665299226599 88.026953499815875 87.34826912635188 88.140624027958651 86.18583260965616 93.530563677016374 92.167081030784402 91.218548394613762 89.19541905215705 88.974190878379432 88.026216380647256 88.344454870645592 87.491286937279924 105.5028896837173 96.553399832884381 92.33138729441643 90.00665179748782 89.108685921906854 89.431730988248276 89.115751524210339 91.05109598682003 96.64560790514119 96.187148244847066 95.433126350550552 90.189489933804708 91.131207993275424 90.214956052711713 90.177707256813889 92.067501385933795 94.720253408797049 96.364012239298248 99.154696520116246 93.364177245789534 91.191464688545963 93.171989537443622 104.78846333002429 91.139394225512902 95.975302520146172 96.64882074988455 97.734911388783843 94.40058469241508 92.484191774030322 92.207240976711248 93.007512111770566 95.497062539769701 111.42090606485769 97.384360270753888 95.778060861340506 98.116456730471924 93.372009632889927 92.314896745952367 95.442237226689457 71.950847840104856 92.856033884785163 92.015420898471106 95.194402141492674 103.58191066555015 98.50003256417871 94.403672294834465 93.250224282738017 70.020575274446202 126.93555808499923 107.65635503285537 78.055082314320231 96.63412434510046 97.286173508619584 98.844633457614805 94.43152777566641 72.996193644494213 110.81569896387869 108.84951330829284 110.20772371853739 91.805863359432607 96.53063258048077 97.515292035620675 105.83163534724882 101.20900867974052 109.64480400300184 109.74749064929013 108.94125137270132 107.46626308738759 106.60870534296518 97.065673767013536 101.81245893648202 103.6474338670228 110.32053904759222 108.29384291426453 107.86391296306127 106.98173769847482 101.13948642216938 102.16485285395098 103.53311973273968 103.97289374413684 117.80936312700531 107.22155011353803 104.77009537603246 106.51705835615599 105.91643143199424 105.94695407841795 108.56247181039049 104.95174879659577 117.21033267232809 151.5491631675809 136.03407666507829 104.40831905130385 138.16829792058331 102.4943174502109 102.70988456309419 105.4502690661016 138.55644260530403 136.63442664573114 145.09737613647752 138.46130362885808 136.57699894261708 136.55312175626838 133.53815702742673 119.08527940126093 137.87116414076803 139.68130344100589 137.47479220080186 139.46925792494423 135.63786071158668 138.34873386451645 140.49991754439012 142.08177294201039 134.63198356768376 136.88730708629308 135.6994050567838 137.59144888125144 130.1145082245292 134.32057227951302 141.57170042511171 145.00444287260117 135.5192804607199 134.7103776203009 134.51806158285314 133.22254532113766 130.63851054886712 129.49498000310626 144.77871377866211 139.64971640953078 131.6650435759241 133.54418041557437 136.45137687053955 131.56061302454438 131.58173079479647 143.14876723988624 144.49823765848555 143.75739633221676 162.85954855921935 132.29704143996923 135.40991285139972 142.55166857906832 145.64875014733971 154.46882526877511 150.66122749581069 158.71242794351105 140.48193246852043 130.46282413596063 131.38396698271009 153.97848025456074 155.64909514819456 148.95942727154048 157.57705870262811 158.67675885675399 141.49677667437237 132.68080183134899 154.69080977157225 154.99529238426859 158.06390520456819 153.47299313437497 148.71208663486269 118.92945643013022 159.76355463591625 160.72014123157788 130.7624038962968 162.91785137662046 159.01885316599689 156.75350289178095 158.63705700513134 159.6681183795817 156.25977234196284 153.47762105042835 157.15128475445766 156.65646944673432 159.85742201806912 155.27119019667376 157.96154612963929 158.8524152211462 156.77643416285935 161.03734371354176 160.12541663441201 158.0752384549146 158.97498525883609 158.88092779311108 160.23738188266393 157.60019296285427 155.64173791456582 163.98468626592009 162.73142964609642 161.20083137499478 160.70382928695997 159.68254579732857 159.3676520880924 160.94971895433258 163.32722900510484 162.19760610543415 161.82255492410712 160.68581856612454 162.70893326472816 161.22287805550772 160.73213345343837 165.35618346441973 164.40143313331964 162.80223161476562 162.97208720560235 161.99131904612878 162.92567072833268 161.94468102858022 165.78165502022367 159.905667233765 166.2171205327179 163.89965311951687 164.07527181440017 163.25429693938321 166.05338845761983 164.65588305045762 164.84653888065941 158.34695251663749 166.85649568345963 165.02604806765513 165.1742908071638 163.71997498568061 165.42678253446218 165.4059551082899 164.31764063658406 165.86596960975641
