# Created by Octave 5.2.0, Fri Apr 02 16:05:06 2021 CEST <br1@br1>
# name: ptcls
# type: scalar struct
# ndims: 2
 1 1
# length: 2
# name: x
# type: matrix
# rows: 2
# columns: 320
 132.40733043491571 99.927882167524558 98.187709739953604 87.819902050310489 102.56867454096519 110.72296968096742 79.643103833655914 92.658794825978134 107.23956967984937 112.57719940807137 102.84686641890193 98.906360458993916 110.82829202970112 111.7380436704222 109.52293841081642 110.0525712877071 107.50073024705409 108.32737424704169 102.14252182244091 103.55388989771642 104.52246235487772 140.64050279368445 110.84347843012551 140.74285143932647 140.60976842828427 125.41242028329077 140.88740875587297 137.37665038755682 142.9131606968881 143.89227628237342 139.64185242789529 144.49484173432086 138.01231237773615 120.96075639671091 142.45803976749158 139.39342762946194 140.15207325359268 141.67418258492864 142.827969052035 144.87825680991179 141.5047209824842 143.7797815668805 136.02681098510141 142.84808788823693 139.68215976725884 143.95826283601167 153.44067622402483 152.71360685396368 141.25701448535855 139.56175021897391 138.02305444412488 141.01298339698886 143.8734553608885 141.88111454965539 153.81804086517164 154.47387984257227 142.88020401774676 144.04888457626615 155.86441587772129 153.15104177262086 152.07492433231116 154.31826274696311 154.29891370989591 153.4421301439836 87.583513449519643 90.144951233747122 88.74360170488572 77.700495277989802 89.137981076206458 88.080811953738092 86.992990072124343 46.934652381399687 92.189199430778828 91.096945459124115 90.036049212514513 89.129197866601373 91.040650181302723 90.320104525820142 90.121845258378173 87.246009343399905 96.721201667631973 94.70909517533282 93.471508554314056 91.334899469721634 92.016558114622086 91.102533906468494 92.186280879176678 90.185175274312641 96.429448869021471 95.732108523936958 94.944464594050203 92.797273681801727 93.326795009144263 92.11407617747146 92.053199623267517 90.682803770491788 102.37984061772195 100.02198940462304 95.514392191407509 94.090351872160028 93.062838338794464 93.452188143917311 94.51381579965863 93.626350729469891 100.04828315780006 100.99988142072185 98.908526923456634 94.376788140714808 95.307946288447937 94.297228098589287 95.515186551654324 96.362615456392362 99.635971137518581 99.840584655681084 103.13086355892355 97.084009693232417 95.175812380796174 97.685416217880132 107.58818764692811 95.423090217928348 101.15866920664537 102.21805793645561 101.1360266321218 97.498707404961564 96.06700550450077 96.483430592819659 98.564396678250262 99.076934456497995 109.59854213914727 100.28980409075547 100.168095329593 104.09894295151534 97.295387442502445 96.426696452806411 99.191862098880165 80.251051905833322 97.234316501529193 96.03249513578551 98.750016293038598 106.25910016210189 100.71489794053949 97.818111120255097 97.507648388565372 78.97536144326466 121.09214768732755 109.07985843408015 87.475007489296615 99.739828827103722 103.28982731693856 101.68817774159835 98.347396963352708 81.539293138490066 111.06673465412779 110.0575568592475 112.12180112536659 96.175405649888972 102.14734543159123 102.524926369474 108.4409213496604 105.9789532642334 108.91223896808064 111.03626430411467 111.58470648185715 110.15774843166783 110.83071954564039 101.45942895160738 106.40129196158948 108.46885691294662 109.94159748583883 110.13363730088604 110.46739898941128 109.32286133905269 110.70983940651725 109.42834409837678 105.29296049758742 107.35689149832351 118.04324418638679 109.4382419797757 107.252183649774 109.21619039344475 108.32013419442431 108.1690855469467 111.32923617471656 108.23097035734905 119.06109281110459 146.11607862173599 138.2581438072778 107.21110965051255 135.66689258234524 106.28962960865505 107.46992697665519 109.86680769402497 139.50256187287334 136.55134598919341 137.87668725996102 136.03269493396084 135.52972899809569 134.72508135420674 133.11612070285503 119.82832786267505 137.40640401253685 138.62515817262855 136.5369861629934 136.78876281838552 134.236770865918 135.6182862528988 137.09753216804015 140.01451389425216 134.68468742427532 137.7291013890752 136.80618098570702 135.39206123668751 129.9052574301715 131.26686081963791 138.15543358101181 142.09930471705911 135.67137119064409 135.75516969095722 133.81310674888954 131.65448366712945 128.30982717999595 127.46487162913691 140.38617229341526 136.85543737509502 134.29465183781028 132.75702784723873 134.72040646695172 129.47391337786067 129.23551878546544 139.23055418824799 141.02342639487864 141.62512396304902 156.38202104001371 132.5828492752768 133.45315716066915 140.28700231169179 141.94078588689837 150.80308018441184 145.33403195805082 155.07377675830412 139.62400757671654 128.86855233869377 130.27719811173031 149.96229076644582 151.94506559874918 146.69523762349567 153.54270326195581 154.62055943430002 139.51203081999745 130.41398940479706 150.98030870621625 150.1848804694458 152.8942041514926 150.18920933647141 144.97180846308777 122.17733714842183 155.85090501504149 154.94841729536006 136.7476507096203 158.225593838983 153.65699492669401 152.28333600861097 154.56995972196299 155.80915034083969 155.81129128896646 150.96485039708301 152.2736856001325 152.17003817078611 155.12846519251514 152.569052115902 152.92665027860059 154.84321867251521 153.27380571090691 156.24835129958078 154.11258323541344 154.35240706741797 155.34150615022088 154.00438897271337 156.15010761293306 154.0003338587878 151.26387850100176 159.30231284825899 157.12211179553981 156.40661479232108 156.21464472849843 155.17404685804951 155.41797142646084 156.6273412369481 158.45772881461829 157.38523681766682 157.37030860303017 156.63153298847553 158.42980615492496 156.90003540967007 158.01174779037663 157.30552230131724 159.4921785428339 157.41912011098364 158.39817100792257 157.7161021826189 158.52805901694876 157.25175555532462 159.18083283430491 155.61222144833371 160.54431552511352 158.54846827089344 159.81196001298019 159.10062429335545 162.02114889971787 159.77761940186008 160.75629279716983 155.27014779144838 160.3986112054796 159.43247891928738 160.94191694568215 159.48338351400369 161.77879877558172 161.30510594043474 160.24081346973142 162.0642096306
