# Created by Octave 5.2.0, Fri Apr 02 16:08:06 2021 CEST <br1@br1>
# name: ptcls
# type: scalar struct
# ndims: 2
 1 1
# length: 2
# name: x
# type: matrix
# rows: 2
# columns: 320
 192.5450941174758 75.839302828363174 76.755580169299421 51.0953021878437 81.014085610700974 107.0541863263708 26.459319397735335 58.684283621863152 39.993193752058815 115.09963044230851 80.914663657294369 77.223813957708714 99.302831719192937 106.0176091086115 104.88649467050776 109.42390119795645 18.473947072685853 58.328155435711153 77.800939501940604 79.424000961895345 79.627359181338093 155.94179450776684 106.05387930976997 157.86130690330322 154.5478769877777 141.85776310581753 155.34605945831038 154.96842175142564 163.78915263284435 158.22675137273004 153.21381235598187 157.16446053217803 155.7468131026005 147.29943643684328 161.60950087557754 155.11174678821754 157.17488567434569 160.73318095880495 159.99755810411844 156.7019444389708 159.36834455334247 160.40869389567482 154.66127657248501 163.99258287180811 156.43621726994155 169.38852339143344 176.7857061012873 176.22717715816583 158.36496855649435 154.70816185192143 145.43670749268 159.00363559354943 160.8207494656331 157.8693374413229 177.89386806527745 181.15808990045142 158.9070326003428 164.87059810345775 180.80292060507523 183.0650346022818 177.29866273926228 179.05931539067956 178.40436149486541 177.25972592262391 66.932241000711016 67.455028619776215 66.822483783847005 37.961834062023655 67.429107658325435 66.616665736327818 69.605388287695391 27.835161700637094 68.476280046441389 68.725313720761392 68.366002786004543 67.312343957491933 69.771044956181314 67.124769935787555 68.092580207174223 67.861039621828652 76.433694074606549 74.081104563466695 69.728768934057058 69.128744806437723 69.426568655690303 67.672517700380283 70.863859049652092 68.965956873590784 78.03856965027029 74.785504080972729 73.726917152756158 69.615217472905357 70.736849385667085 70.259306115134521 70.394615181466037 70.851604313121527 104.15409360303066 48.131817320643663 75.389826548787184 71.033512989829319 71.562393901918682 69.627547570396146 72.104894667387541 68.573176810633697 78.482033797316419 80.814764708987013 77.757344795730958 71.832718206797665 72.689546051558807 73.069642221803406 71.457139683675933 74.119988868016691 78.680855608712676 86.724357305286361 78.962835937270526 76.029083318367327 72.208876967063688 75.345049653002846 92.312498830137088 72.06590410516911 60.569382176922232 82.193107618987511 76.516501054984445 77.566474150237951 74.886415220723393 73.117224375171659 74.087281328331017 75.034525537487696 116.98504245459405 77.140451125379542 77.27156927198611 79.930293113475244 75.65424934737328 73.806578583146759 76.160965295794696 40.092878874140091 72.761227814676189 72.995312287465183 81.918221297210053 97.473809486384141 79.739248352617025 77.205882243977925 74.470437229659566 30.116791294096856 121.20700364502432 124.11055165237654 36.078573639864061 79.984339169766017 78.483713826556297 80.06159394073795 76.634288857957927 39.535280699283938 235.90146731165345 129.17319832120054 148.82413316549651 74.03859588779757 77.844331385841329 81.176746505135213 106.95244121532184 19.927681361917838 129.49474833963663 116.73813538950483 97.26232253431138 95.686617561294241 60.033317865657786 81.75888910409401 39.571137828943563 61.108913707048906 122.90982693601195 126.64390257403294 119.09965874721065 62.699853478963945 19.922974985950493 21.31936594225067 88.485523962173744 61.554184128963314 119.59021853124113 102.18793182208712 90.224880957616591 61.818787670139301 94.233893819445953 126.555875985046 123.67352467812429 84.211399951009653 91.435119456793274 176.59185591715917 146.54231296642445 60.873893535557862 168.48309024616725 39.098192887447858 40.056239366968839 62.286446891461388 146.10107042340582 149.12777882897149 187.33210799175433 178.33444459809908 177.88675072243842 157.48899621457957 125.843513066556 125.86551618120566 137.18098368470646 138.10307482038579 154.69473926129029 176.77896438992963 167.77852820899233 154.91139399175205 156.02068320208485 157.48654636360851 121.15970016509597 130.80241652408333 159.65795619173795 166.26467694232983 159.24665686471721 116.31293023361832 156.54408468938135 158.16239358688276 165.75358918543822 115.3973906837236 160.17768736218079 122.64779893299323 121.44963729698883 128.25293663276855 158.54776760264781 154.40923371575153 115.50088576072424 120.81928975543332 160.53293191680973 117.44147016064402 232.77251642565653 157.06423811391747 161.3258989014484 156.62147090329663 191.72432031146903 113.47522984089774 161.3821665761802 155.45658373649169 159.72760700906341 173.32102379977931 171.13801434777548 178.70544308883558 147.99853987128532 85.840457547041638 128.95253224958512 175.376094149815 174.97977203415789 159.04897412423136 176.10035198945846 177.74088543412194 147.2609140448204 121.93453847850382 174.33183960905097 176.51748763386803 176.05543240670929 175.13496959993407 156.04612287855477 104.45644410651497 199.04326233687695 187.53044580092015 104.09130406148682 184.61119815764863 176.83713680442472 175.46720392692734 178.41910066951402 180.94060090115542 167.15512690665122 167.4459653123921 158.40197768791802 178.79669901870938 179.47059975858474 174.77470356593906 175.03619477694954 178.64196387344447 175.80058952269073 181.46881117896072 179.72935618224207 176.41106234010837 177.88192522604555 178.26256282955819 179.95166767532677 174.26662541064869 177.27741111741827 185.40511758597106 185.87719521063093 182.75136430883001 181.69625134576668 182.08822430441683 180.05915989997561 179.40831481129612 184.51484458013994 183.34398581411583 182.35404869623491 181.20907372827341 179.9021484151061 179.30737344507457 182.17329645967044 183.79985050682333 184.34770095992184 183.52545461183513 181.48654808687095 180.40156136014272 180.2097937867228 179.84208712596384 183.05480825517492 182.13919037881453 186.58589572451515 184.55622866247188 182.71495440012563 182.15977694521334 185.76261129720743 183.35265526071339 181.52862101393424 172.05762620432228 184.42726590268447 184.38531491655255 183.31272534770721 181.07699184065137 185.44063062973871 184.6076724524994 182.7088405641602 186.9169159140541
