# Created by Octave 5.2.0, Fri Apr 02 16:05:05 2021 CEST <br1@br1>
# name: ptcls
# type: scalar struct
# ndims: 2
 1 1
# length: 2
# name: x
# type: matrix
# rows: 2
# columns: 320
 132.27153350207357 100.0827926455899 98.242206787303218 88.056073110519279 102.6642608474076 110.74225142224878 79.955108855459628 92.877280428576967 107.50799710929782 112.63959694397899 102.72031559055317 99.177521442230542 110.90241074552432 111.74582591084169 109.59893154588885 110.08600484231744 107.77824477917335 108.56791769483669 102.44137703764373 103.67586766520263 104.64744634946824 140.54225970257201 110.93019892507526 140.6424589982856 140.61932733051435 125.39345648931527 140.74010462262592 137.26352002508821 142.73869118647934 143.81105065173537 139.57822853705136 144.23704811611057 137.94317094667699 121.00087121453916 142.41602403643472 139.04741817209646 139.93980859978666 141.55270378474336 142.68219302625468 144.71213800717902 141.34842792201164 143.71620162625103 135.89941150329943 142.87016199706173 139.43408456922938 143.90389464760528 153.25024773807846 152.45919800655213 141.07626208926357 139.56288440396284 137.91452407402218 140.85023184973636 143.81695642767113 141.9165412868914 153.66733724499437 154.41043451712122 142.89616214027257 143.82008766016341 155.61350489754173 152.98944511939411 151.86480905433592 154.1433199130868 154.08677876417337 153.3647524542256 87.703265244676928 90.344948008971471 88.930182544706938 77.956049369410806 89.070846312175149 88.111881225690809 87.043039732424461 47.415487198647568 92.352235359226171 91.284602369937886 90.353812975690388 89.377381302035403 91.259493045709647 90.306513042493748 90.170620392356753 87.39679225026525 96.819347258748437 94.755158241053934 93.596501187569444 91.472496833962708 92.248525376009155 91.234059783445005 92.392302614414263 90.540887661636972 96.533632119867065 96.046603668574377 94.920923064952405 92.88934874630597 93.494017259497511 92.270903326032553 92.074004455694165 90.913534981225652 102.26747267346379 100.30349833178002 95.724275171370422 94.046489805471978 93.451384444928365 93.442913884207513 94.708584579956593 93.674535451129458 100.30842159286362 101.07022412811966 99.152147835200921 94.582267369279975 95.648024082235921 94.393698029730473 95.785593831360941 96.537411776520528 99.616634901743325 100.07991847741231 103.43780433460755 97.117303269808573 95.201006374076727 97.732356619126932 107.6864235878721 95.385544037992545 101.37031252752732 102.27301273702275 101.14039483674394 97.680848502735557 96.040235895634936 96.691786256235815 98.611242977766295 99.241134833935106 109.53459954526269 100.6320586256751 100.17817179831574 104.10780996808704 97.371700244234646 96.492729944089447 99.287564928449115 80.597808769488807 97.332253114925976 96.310216781359159 98.868075281777905 106.34232098113173 100.76036865887382 98.003325533661226 97.579273964044717 79.289564466731974 120.8871157435496 109.01167473551439 87.805531179646664 100.03698317288244 103.64084149309886 101.78684711708073 98.496550229783509 81.750923342463807 110.93183654784409 110.18402642723802 112.2133634891164 96.247638588971753 102.39809379682004 102.70516971918157 108.53247524448186 106.50900885771183 108.94700907856343 111.12550471141151 111.52529004831464 110.29543592205596 110.86992007336356 101.76285656851206 106.6415203283165 108.58112722739838 109.88923018663269 110.11247953482749 110.56680105821523 109.29661977180764 110.98372746201905 109.60757457672261 105.56256242808622 107.52092183825604 117.96893169743538 109.32485094727929 107.29602061224833 109.27346217880131 108.44142534998818 108.31650438913462 111.54836223185119 108.33962323609865 119.20855060525454 145.92544407626775 138.26233302597322 107.26442190485884 135.63789659868993 106.46622990856655 107.35726542536575 110.02756821878731 139.53345153850077 136.57789243767726 137.61387278793106 135.91377486566523 135.4624200043632 134.50517578015749 133.02352188441046 119.8816130259043 137.20652507490595 138.59557316193479 136.36260807457904 136.76212033762488 134.16483289551704 135.55922056129262 136.94486174731497 140.0132283904253 134.83463035841194 137.74497561270007 136.71329125002663 135.36499164146926 129.9726360869499 131.31259488773566 138.13496484807945 142.04311699703379 135.70289241015738 135.81519902890236 133.67518954757369 131.63378155574151 128.27588209927455 127.34928384575494 140.32403137184892 136.8532162039981 134.38691879436769 132.87203993136185 134.57477952735439 129.30271673961855 129.29692356258957 138.97078198162944 140.98765472735909 141.56682251372533 156.15473937267316 132.68142462875673 133.40869281530505 140.38084209227026 141.7801497137676 150.701535425435 144.99798405851513 154.91091912814679 139.59008496494295 128.61686934490496 130.43098744218622 149.90483551877912 151.86306969588247 146.61579237268708 153.33656785770012 154.54036761136294 139.44621059857181 130.32044275390155 150.97466035459576 150.01440437825789 152.72663701925973 150.2244524766682 144.72653368870354 122.29129787537943 155.69048732907467 154.76903240037629 136.95765936973692 158.04353027149926 153.68603612546119 152.18960794803132 154.42785067199787 155.50691444096466 155.81361982411707 150.87668300573756 152.12767306888639 152.18352653202743 154.95012185481534 152.46038137035916 152.66411549466369 154.82685102058082 153.27327471262834 156.0687194223282 153.69469483972759 154.24822975254588 155.13437658537526 153.83116950695492 156.09607221884033 153.70689866028525 151.14054741719136 159.20635619780779 156.864054618479 156.20218897099335 156.04578437123268 154.9049502223092 155.20674753236378 156.34912861364671 158.37570002033596 157.09695897080982 157.07832940516343 156.39335143029706 158.14842701474174 156.8684339907453 157.90681938900639 156.91448976109029 159.42335641554189 157.27835201764807 158.36231522336308 157.5989254761887 158.37593574468147 157.31874270091453 159.01348827038464 155.4973418195751 160.42891747508563 158.28303369883542 159.65373348490783 158.74543653414648 161.88896490413225 159.50517914507557 160.44121270064429 155.16218973091543 160.21101457777442 159.36210921205409 160.73024709671026 159.40047218438067 161.79927638905028 161.26214126562144 160.22751674649703 161.74994864442186
