# Created by Octave 5.2.0, Fri Apr 02 16:05:28 2021 CEST <br1@br1>
# name: ptcls
# type: scalar struct
# ndims: 2
 1 1
# length: 2
# name: x
# type: matrix
# rows: 2
# columns: 320
 134.78377675965316 97.216948801380994 95.569456312726842 83.68690849665667 100.01626463925859 110.07967488360947 74.852309183982044 88.835296780498567 104.51998101328263 111.48524252968799 100.62621098586156 96.582200666445004 109.53121450279505 110.59440203997757 108.97406195587114 110.09940987623476 103.91075814230386 106.10465639783388 99.92115233179058 100.89935994328593 101.68922992391062 143.06221019419894 109.22625731351164 142.06682630763621 140.61462653751315 125.74428667786205 142.07123465406835 139.35643173075749 145.64698973286718 146.10484194414258 140.69681256016102 148.45419143449766 138.54511924694359 119.05432795326146 144.95335458910492 141.75625849793758 142.92466320767687 143.9808388382946 144.8007258077991 146.1023150583159 144.03659728175046 146.36886365775379 139.62896511525477 145.06616071402831 142.12910100226182 146.77417890569183 156.07200631074113 155.51622983191871 142.86504372201438 140.78745063064886 139.98841239512316 143.96446697834151 143.80021732823255 142.51268339173421 156.56104292940532 157.31325621705255 143.80483676756617 146.23601300735496 158.66603192481406 155.64935046816274 154.49103274191106 157.026201436197 156.67373593107581 156.07861765011234 85.058500972010336 87.116114788761735 85.79221447423626 73.228298678122229 86.652879332303598 85.199339760468405 84.667824928089857 38.520043079561759 89.31863961517 88.700061985356683 88.018520866989803 86.913312590796906 88.207278549796285 87.665529246267255 87.431341522483166 83.994801971833752 94.566319636599729 92.474910033531501 91.727760632869305 88.687488882877517 89.779080428092882 88.653961529664457 89.730751863743635 87.773687900465646 94.474774093232483 93.532191111481026 92.669837739089402 90.47596690864431 90.836614706985102 89.387594572152281 90.303148098243526 88.943477327685869 104.29751406489187 97.678772427054355 93.073573116848408 91.777831616101366 90.616202526666115 91.348273830381146 91.134596064625853 92.258188793112055 98.404284374299763 97.70794965035023 96.510074902018218 91.633572847586379 92.812916240299586 92.120502139823401 92.290790845662912 94.106503678655173 96.953255012067729 98.259490163433313 100.40805693789218 94.589554934543756 92.799886230439753 95.286184201988078 105.86905868040822 93.027846027146666 97.986121356219044 98.839424999297435 99.594927844572666 95.827935300762846 93.747284080919783 93.88295311890603 95.262071640083619 96.632303888043424 110.71753753212735 97.977674855328104 97.718920617488294 99.949661901058008 94.660239782767533 93.756179734873797 96.824001430657916 75.130862028709174 93.386760061300023 94.489779787852228 96.585581089095257 104.61936833016274 99.493940768885167 95.465318494974525 94.846211076413852 73.476808532586659 124.68020670344174 108.13092068595213 81.690842908170765 97.83030236373645 99.121065825906143 100.69538278873473 95.66052631712958 76.21841610021184 111.9563337299695 109.57426614982157 110.95495069622002 93.727581472121443 98.887609875934388 98.956983054310996 106.83872819028487 102.1930026014555 109.80582566622024 110.23931344573143 109.93665932926854 108.51234989658472 108.41143300522904 99.080400832094398 103.14180441969195 105.20559096552189 110.81577756582693 109.10352875590694 108.75155297761816 107.46953016986646 104.98278669284871 106.08642507003198 104.11009821980133 106.05557304024344 117.85138839136305 107.90112642632253 105.26627258288072 107.52492913474472 106.8155269349006 106.42322605600931 109.5536368522899 106.2794969441812 117.97290576515418 149.45218316743023 137.24973997891115 105.25214926497135 137.22109850899488 103.48212399436066 104.2673585459947 107.17615080094576 138.37670920815313 136.86207596755972 142.3113128384926 137.11992679764737 135.98018576280279 136.05469887272616 134.73660002563503 120.10025663761864 137.68115466862594 138.79989856815149 137.08969259642598 139.36570535668034 135.55783043341933 137.89068884948767 139.41028291241696 141.72141812214909 134.61617081390287 137.81200598535747 136.61070733772848 136.72582595639827 130.75951246081993 133.45985667729164 140.43672625086003 143.67056408177243 135.76667695942825 135.47441409171793 133.95756097330371 131.92309414199786 129.19794296945307 128.42862202184082 143.34791509432603 138.20890500682771 132.67998009805561 133.54185451178242 135.16489230381424 130.37393602646341 130.0669902277005 141.31857884365729 142.30901974257296 142.72233979846786 160.35945021847331 132.91758540217418 134.57300815848302 141.63159605883749 144.54903639663851 152.64108458329076 147.23904570347136 157.74415982127854 140.1214939745131 129.60303256034021 130.7259744385893 152.08853558834409 153.75597960627664 148.08552951264599 156.4432206557631 157.58383958349964 140.7600440031878 131.16127782120569 152.81392854847235 153.0675558997961 155.86131697453439 151.81858466076346 147.21848472687148 120.18302442666382 157.82420696030007 158.92166051673721 133.07249915757956 161.82854506245886 157.03354607635026 155.67452397333531 157.15966585470974 158.02055470149656 156.7740515601985 152.5077797456284 155.69895155331361 154.8729150226948 158.10319978973587 154.74749735370773 155.79949754635666 157.76705586895733 155.09862161959379 158.77551064122005 157.9233391381311 156.37189074320503 157.03659209979742 157.39124349589741 158.76646207997285 156.56098051871933 153.79034825847424 161.98562910784244 160.85512905653809 159.07277206337542 159.23249827070927 158.46270702718661 158.04299754443448 159.30864852069743 160.82847548922061 159.89185929676901 160.25987321255587 159.39311091644743 161.00586166227478 159.69053498099072 160.36010352044809 162.9431015389363 161.83663135129311 160.0301749817877 161.28394770144348 160.48743701907475 161.2878900914103 160.18621234436719 163.65928659597796 158.68544705159741 163.35137573124641 161.07117948142059 162.57922272495404 161.74887277798106 164.008002339961 162.6268135479738 163.11278178410387 157.15941385077502 163.25378448035508 162.15836601325006 163.61632776804984 162.10384709272401 162.85989548858879 164.07527716830754 163.00617979091399 164.1683236830161
