# Created by Octave 5.2.0, Fri Apr 02 16:02:41 2021 CEST <br1@br1>
# name: ptcls
# type: scalar struct
# ndims: 2
 1 1
# length: 2
# name: x
# type: matrix
# rows: 2
# columns: 320
 121.50567808728468 116.84643922935673 116.58167434390921 116.27213329640558 118.05900275587346 120.28781622800531 116.68300504108215 119.20074619074167 122.01088961517861 119.7491757357792 120.18388165565902 117.73370840119394 119.94313241981607 121.35659697913202 121.21506702451174 122.03622992684197 123.67475864100329 122.71701736822494 121.22410255612395 119.14089941269022 120.37557086227228 124.57958344212791 122.63939086073292 125.22125729538753 124.75844162032975 123.34304342170388 124.37340129960731 123.26431868444553 124.63020577815576 127.12470612737444 125.78106492141077 126.43272111174338 125.97406515846649 124.71963150369074 125.88973434907712 124.82440312307907 125.69515965836273 128.24692192147603 127.24266392332292 127.34556786738445 127.31941214904056 126.56138067741384 127.70200394824562 126.89342751959957 126.69996939638814 128.03035731352233 129.357026913293 130.72173509816426 129.97103403506938 128.47059397089609 128.80725524556499 127.79302581610668 130.61387510793895 129.35512223183963 130.44457039507779 132.39856538236987 130.7207595757076 131.57710065717518 132.97986570154237 132.20508546315821 131.18762786012414 132.29114895109302 131.40496449638732 133.01124899230803 107.73817673102687 107.82214945854466 107.76745975105311 106.27813294605861 106.59490196372717 106.16757481543291 106.4864142415048 104.87667271272436 108.82289512030312 108.93395374677725 108.65216327491787 107.35226567679707 107.61295641151189 107.22960658310986 107.64478191920286 106.97728887740976 109.73564448438474 109.89065564896083 109.86170226882217 108.57129254972951 108.74500474659555 108.25769731421502 108.76384944600068 108.19454613386137 110.68506660840596 110.91082752306635 110.71873585897046 109.55457190073862 109.8078604056998 109.27180546432224 109.94378433506037 109.18565166278222 111.77199775920586 112.83845151310446 111.75420289346859 110.4074436960979 111.31447392196826 110.64864382363758 111.11618436309703 110.35544961768129 112.63265924343149 112.88471807264072 113.19785241258582 111.45966391790989 112.72473097395613 111.85991446713084 112.29195828939376 111.53709125297793 114.1178251070429 113.89137629619736 114.36770266101625 113.56548077240566 113.8215337421404 113.03344811968007 113.36122354263847 112.57614873044533 115.23746076468179 114.95152773802083 115.4275806501486 114.1962157614017 114.70340073296549 114.12455972565151 114.91197398941627 113.85604713231177 114.48117971222891 116.00265167425339 116.51717861215138 115.32353801318179 115.81408289467916 115.10028861157204 115.20671825446 115.33984901990958 115.00572436849951 115.64569296313505 116.14103311228166 116.6531063362269 117.89384175779648 116.1044804633228 115.91070348605601 115.86084787799994 116.73225435119271 116.11504241698067 116.7599322259134 117.16321482081291 117.85239045659436 117.4418854750252 116.86802884616267 115.36515688360187 118.12785282618695 117.54556334642804 118.76208682400224 117.38707412378281 117.83266828973983 118.8909461580631 119.2842451363794 120.37618956765503 118.97941141089572 119.04227135432174 119.92761241592997 119.69853375654245 120.4499891414689 118.77931514974115 119.87380311179052 120.88739438406554 120.00258916225189 120.16295677222038 120.97560980741019 120.73682229243411 121.54298054782714 121.16045797584628 121.77591783462823 121.18490282039039 122.59736530812162 121.56197612157382 122.11874650010354 121.81222113885904 123.73766287334902 122.38123119370469 123.78365835880173 122.17243198810495 123.95101450512409 124.41077397067386 125.01495389541371 122.95402000331032 125.37134240049221 123.79616659870487 124.79539204319954 124.10279108003421 126.1825751209212 126.11940583903086 126.17672960995959 125.09310183494075 126.82276334262696 126.2253040309234 126.43382219819517 126.25270014661831 128.48428311449032 127.2177651815657 127.12894587247639 126.14170055292054 128.08797418994857 127.27406179313412 127.38180114629537 127.26224821155371 129.55811560267236 128.60783718394629 128.13656749515638 129.31486840847623 129.00324651717452 128.87802771041061 128.40674180353344 128.17068099347648 130.55537149343951 129.26741131415233 130.41852761646817 130.73029304946689 130.21917248113331 129.9279980519309 129.51306466688931 129.2993100250242 129.75059165877366 130.58944798626783 131.49788980471911 131.37476324442332 130.98705946564226 131.3490953804025 131.89653858051855 130.8105041081443 131.30483910866548 132.04205256316203 131.92185993767461 132.37371850982791 132.36451326750387 133.72734184005463 131.94246101587893 133.15875338705868 133.41120930948398 133.96992344498526 133.16998739719568 133.31564266327419 133.9260290166479 133.2767073034727 134.11267002285891 134.09011063509249 133.91962753718875 134.17810317073406 133.82078690533069 134.71598744998863 134.76041606009358 134.39089060549281 133.79583169906766 135.12816225248073 135.76648547065733 134.88459962302892 135.14377347527994 135.58205253718091 135.79536635173719 135.18275776484339 135.34361003831606 135.28884852305578 136.60887804391066 136.44980351592756 136.22282523823452 136.20270377202667 136.94569493282393 135.82504558176063 136.60875451697339 136.75294401720075 137.61129810446013 137.35948572578445 136.95371824862121 137.29306845963865 138.32430949822313 137.5925684270629 138.17678266354864 137.03933008441786 138.82651238434511 138.44804189579261 138.15733375909156 138.77160686082141 139.42846212172043 138.76623666997907 139.36723469079547 138.68205523549366 139.52792018571597 139.26413196641522 139.55755156239803 139.93456616973833 140.5197991626674 140.05839692162181 140.63202104568251 139.83946155753461 140.67511453649894 140.26029621484608 140.52421547756708 141.21606777386484 141.63139917860875 141.24832559016514 141.7397319666326 141.08047707860075 141.72910933425396 141.35828977497999 141.75222725814618 142.26731202733833 142.81347745731705 142.33150722951925 142.87393220764878 142.06654971088108 142.82730405098843 142.40233894627283 142.83501943434578 143.483182983407 144.02081946549905 143.44934541261057 144.55229863170118 143.15642216636613
