# Created by Octave 5.2.0, Fri Apr 02 16:06:12 2021 CEST <br1@br1>
# name: ptcls
# type: scalar struct
# ndims: 2
 1 1
# length: 2
# name: x
# type: matrix
# rows: 2
# columns: 320
 148.94648745763129 91.872537308126539 91.269337711940807 75.539006919453428 94.304708476819457 108.61197733005578 64.718287556736925 81.297543490838848 92.309833657077007 109.33252754087506 97.880839670515471 92.291578500906581 106.97411880689452 107.83426634182084 107.93216639605242 109.04115541717303 85.662963911797249 100.39082933716098 94.31051207713584 96.033939771833474 96.960732735546344 146.97522114151639 107.50908761568802 149.0716315680084 143.18494445271486 126.39853757001686 145.27066955350426 143.25942923592453 151.56094672591763 150.68730260289774 141.17240196521672 149.76698450478048 141.15129322746455 120.06691434142968 148.96775276274334 145.7911420949001 146.69282352624251 150.28543239706826 149.30300659129801 150.81183377565574 147.80309802266638 148.59066497124257 141.97132861598874 149.27610674595354 145.03477157411129 151.83368929261169 161.49588237314106 160.37465060443239 146.42711618452736 144.22539197400673 139.92918155353559 148.08226858251609 148.27463056099589 146.14458813883809 161.51769082150028 162.47949444118092 147.24860696323043 155.42726350733287 162.998841263613 161.69688522039945 160.3010766085055 161.13197265774292 162.64358116158036 160.77552759544878 80.654541918923996 81.345311850197191 80.854548886386283 64.411682524097586 82.029712162198791 80.112876516002501 79.701654040257381 21.931241884511333 83.797654823130358 84.537390381115586 82.707454436479011 81.925133475094 84.131473167202344 83.09278019794931 83.140088043377645 79.010534266818865 90.245081679990562 88.229406737422494 87.166142647520502 83.784677299686294 84.966122622383651 83.641276524624971 84.686332824988639 82.47064337724143 90.295016298553492 89.138799875974726 88.086067239547887 85.943192563126672 85.865273405017589 84.823941545687873 84.850123663403494 84.274716330279063 108.42237805384759 93.558063027715932 89.266077711150984 87.000672219442691 85.725095717129761 85.397109157690679 85.700359514390982 88.786120093083511 93.563565077841162 93.578635803052748 91.919213633476659 86.792538771079293 87.588283809508653 87.050320905548148 86.25371499903747 89.759989612436115 90.93652150498427 93.027116789362225 95.043760869878994 89.917052094995285 87.754264253259578 90.783952136824425 102.47991871784043 87.367184439894629 91.669651287260052 94.375962293314217 94.162898236667672 91.216171312760309 88.824223656349574 88.62296621852029 89.959219794528011 91.890884274738227 112.92355702114523 94.722285073098973 91.352584886659599 92.765987181156845 90.188804007481394 88.462576535932826 92.153380329701207 65.739949885607686 88.872968903264919 89.292189733092087 92.453903476387609 101.36552383660508 95.584016133540203 90.980536592679016 89.802027908759726 62.636804222964315 131.75380876378114 107.74388367121496 70.287775591094089 93.53546294437065 93.37102808872153 96.972525400359444 91.208304118694599 65.714822785122593 129.01461689416445 114.88282821175819 117.925900620709 87.986716352082809 93.070591256997034 93.171594525231143 103.99030505224563 86.933226803589719 111.8601188429075 113.69625034340496 128.42380869663194 109.81682388248258 100.8952073073461 92.263596434448928 92.159413833426129 96.351508637623795 112.88731707000861 111.37252075050769 110.53254636381062 99.448677211534346 85.664931240318936 86.437265224865101 100.92865169444957 94.989798148986139 117.52014304840935 109.89671945178726 105.70545112604815 98.450362015190905 103.1691992277285 107.28205750965004 112.89317139672647 106.20442255986012 109.9122537775945 156.02907498608459 135.26666456208753 97.374158040724254 138.7844585520393 93.101265532920948 90.979348657628748 97.463189304951442 138.38486550195898 137.45558586998948 151.04942045489986 140.87252059052574 138.4778942880144 139.72116352726812 131.58673218589709 121.73375520412958 137.38153056299595 138.88079054744244 138.46318166875335 140.4007511811084 138.04499575451916 139.48540920467835 141.79119348353788 143.8634022087486 134.79528270978969 136.51391160340114 136.0086332473719 139.38104379267179 132.70476361648372 133.8969657543584 143.27186202957489 147.42172275415902 136.4684126342452 134.43020050756587 135.26241734514639 133.17010187861868 133.23083231405181 130.58150498887784 146.9569131967674 141.07449484592527 129.49677009682497 134.51415811650338 137.34783263105723 132.50318504229989 134.31882800336496 146.43011830696446 147.56012471347975 145.40357062725386 168.20066774172224 132.1509843968787 136.23456707647091 144.78935570248316 148.1490923018809 157.79905996818673 154.43163144861413 162.70602264865465 141.61366782233421 125.94069620109326 133.08937585313777 158.65369015041648 159.45920876182768 150.82639066554233 160.24991023689816 161.91862341684535 142.70899790074048 134.97110868129622 158.86798685065713 159.96045811650743 161.3310308613346 157.52917387802421 151.00864391041108 116.25137934662661 164.82942770887902 163.63962881095415 125.82720038355637 167.20309521757457 162.73258265477259 159.1369949174975 161.92953718471571 163.53056623852234 160.33630210588294 155.54955474704644 158.16050462969011 161.79473667148577 163.24408744903201 158.28945028436652 162.11408547449517 162.68041748832078 161.14189874438438 164.57604722812016 163.91790120826064 161.27478100847114 163.59922240541252 162.94762938176208 163.81772779562974 159.71691834355872 160.60657410312783 168.14149113385596 165.78293289004478 164.91143630730144 164.33070356046986 163.89157365382022 163.21014401763054 164.47108309654109 166.0184774790292 165.48063804132488 164.94078328266585 164.33255103480238 165.93074827926455 164.87363983274966 164.60760866505186 169.81819272058999 167.41000000948299 166.75724411637873 166.02170044726464 165.39646287248496 166.77733493480358 165.57748052464225 169.08581260565219 163.54177423208054 169.69770292437761 168.24982362171392 167.06787475245483 166.45819859900109 169.26778897254152 167.92054337541097 168.16761057780812 160.88396693916184 169.87757751529392 169.29114726280545 168.17952569205326 167.02706741901414 168.8557412003621 168.66787733825382 167.59415484981503 169.70020901027453
