# Created by Octave 5.2.0, Fri Apr 02 16:03:58 2021 CEST <br1@br1>
# name: ptcls
# type: scalar struct
# ndims: 2
 1 1
# length: 2
# name: x
# type: matrix
# rows: 2
# columns: 320
 124.66690526292066 108.25441727623408 105.70761413897598 101.2816524822115 111.30299528621566 115.8848083823204 96.768861022219497 105.11247417411158 117.77549118700698 116.13385895480577 110.82017566946006 107.10373322453503 115.05732264231197 115.51232383709706 116.46580790455593 115.10283377824692 119.53230372119219 118.46680221124787 109.62321257124731 108.55171102965191 111.58700110934765 135.31017385406111 114.33783691867077 134.67970930460339 130.99378278297058 124.33148402668718 133.66956363594497 130.92821972684607 137.03480220846836 138.44647358132022 134.31366748467215 136.33503990802595 131.30559957726226 122.45288032637752 131.27479430061064 132.20270145871746 132.80894308246576 135.47431418752637 138.53223813055126 138.41083843784943 132.41246064589652 134.71754755434259 133.6062053253624 133.86452089260101 133.4137114504237 137.47067826821578 146.6983872899992 145.16267508569004 135.03604259682433 133.30602639557156 134.43244265108251 134.44346776589114 135.52228929299608 136.33845530887336 147.17473837007401 146.77939800118955 137.04594694691409 135.31247118850405 144.71623327416583 145.97224184767103 144.68769894981367 145.49917413044426 145.55645333718192 145.83629452493312 99.815234708564461 100.70285609680791 98.391166004013087 92.267078488987039 97.619131885745787 95.685074860444118 96.611785092043263 74.342236964525881 101.78139750624588 100.79018701249909 99.401206235950454 98.408163999434649 98.637114969745014 97.61432053968916 97.823214853292313 96.667458181156121 103.95169276000489 101.88416574181666 100.41686326635195 99.531757687486561 99.689388065357591 98.699822766641731 98.820281500118114 97.641739430667386 102.9488894654358 102.61312135754878 101.41258855781508 100.55435936320359 100.6693938966561 99.765919913245696 99.806211706489009 98.701715390175352 106.90170860880873 107.28102806154929 103.68808519102816 101.44110255131437 100.69657342754836 100.76247970989927 101.63218409065863 99.824394280058314 108.28570204023792 108.68864625606568 106.14412725644712 101.69912099241964 102.8220804289559 102.64695849915202 101.7262754344074 102.80341767728027 108.89762333308043 107.64198359808546 113.35452831125561 104.78528414591484 102.39719654992952 103.69898666396269 104.6218418904171 102.69710429605502 107.88469634559286 109.06751399528655 108.34940383385101 105.71201070135461 103.36221483721522 103.76630876311729 104.72985997097425 106.69745610777996 108.71329219798608 109.43483576284876 107.55225998938876 112.45607430249055 104.49278657758454 103.87867885867868 107.71048246238543 96.344260777388286 105.69252757661005 104.6554107574588 107.2636328219759 113.93258870275848 109.97308085682529 106.66999693350608 105.18384743133863 96.884933780901576 112.73617928398281 110.4304949636303 105.96924954715567 107.63540769560545 112.68188696588035 109.73415622258007 105.56144590963322 97.932676176047906 111.94750654740699 110.88996876546798 113.03343629389747 104.96968553425913 111.69866097955881 109.65734928962222 113.65949335448356 118.38232391208956 109.63393584914107 111.60106029957613 112.62222002063804 113.97409018861583 114.66399628365534 108.59203314864912 121.595305385568 120.59311519782864 109.29102889768144 111.724208020128 112.9346963295167 113.97804910370348 115.23586230095512 116.31309277009653 115.87629544874399 119.90289782206501 120.33381715080483 112.08657403115012 113.28450641718102 114.34393176328825 114.27896137405064 115.15966744338151 115.64089000854513 116.42854370112826 120.93980224300201 135.24990953004618 135.50116585065084 115.42045566371155 130.08892498184838 117.33417348611125 118.52683264522526 117.40023235396467 134.4452709907963 133.24043083024048 131.87205131210499 130.54888483736599 132.3584492574208 129.42815448348108 127.83798805151446 123.66000285328519 131.4879004983232 135.49639033463447 131.52482607365874 130.20742585338169 132.39190674009711 131.37384597868655 132.27893047413448 132.05618951154204 136.05314511581986 135.14262139723331 133.49820402896873 131.46223695883501 129.81891235066635 130.66724223628523 132.53666960488786 135.83542297893698 134.55571690273686 133.48300154222451 133.35521315995848 130.4797285368366 127.83664146896248 128.97218441142385 133.37229245065532 134.42257242799371 134.4404269529889 131.76615199117305 132.44071139050436 128.38844771317352 128.90246824027645 135.93329255867349 137.50675151144657 136.31379240506155 143.42696600160244 132.45904014931051 131.49730531364423 137.14213680496064 137.50600365293045 142.52353379181261 136.63907191437113 145.57060718181847 137.22607509152135 130.10490428657954 130.98393304650727 142.54781685985483 143.48512675470445 142.20347367574746 144.45807388901392 144.34426041499873 136.22462181283547 129.48012374875341 143.61896338636419 144.33936304893808 145.25824383793406 143.36897208637524 139.65596871819085 128.67309858500337 146.14995101674845 145.28062417946802 142.49505073335149 144.93752717254665 146.18092481523109 143.28335681882339 146.66969926540668 147.40435995387259 143.9995623119334 145.93930909039233 143.22426299196761 145.55638953959678 145.54675367643114 144.34170875367204 144.2594434975322 148.17715487407449 145.40217942370211 146.60515790164675 146.41535805702927 147.186979838529 146.72897632471225 145.54020331500016 145.91451887181341 142.99610520639996 142.90688762099288 147.55603309120445 147.56566990993898 147.81075683826779 147.65621872871529 146.59594131703238 146.71985729386603 147.85289752744109 148.73433777156384 148.25974192098951 149.15717601573868 148.74935244338678 148.39956535053534 147.36317567072138 148.84393968466796 148.65339381333305 150.72517940922219 149.49577918059796 149.96321751312968 149.59075391417883 149.16048069582519 148.16893300786649 150.02598721976108 149.54710963043729 151.27550875529306 150.1358884255572 150.67863058341464 150.41653958461634 152.33157811281785 151.28402604827755 150.81826629968597 148.69572550634516 152.0018637973495 150.98106367896568 152.0248027536762 151.4722991159081 152.34581824267488 153.83327401835606 151.91425080610921 149.74832595139074
