# Created by Octave 5.2.0, Fri Apr 02 16:04:15 2021 CEST <br1@br1>
# name: ptcls
# type: scalar struct
# ndims: 2
 1 1
# length: 2
# name: x
# type: matrix
# rows: 2
# columns: 320
 126.63596078912758 106.61824543457718 105.17766448869438 97.857172109184049 109.11722200347091 115.16257120978378 93.055531836720107 101.94443293642851 115.42629891804788 115.22909468414527 108.28404033022275 104.21199530516701 112.69977673517569 113.28854701624377 114.0941621656777 114.97989587042763 116.32695487715611 116.7874084881134 108.15575586208166 107.29593125458642 110.16161155522417 137.15524414296189 114.06786172476961 136.52233932630747 133.13198559239376 124.60645903933195 135.38121433089549 132.56860998264091 139.22033895069214 140.24335630679519 136.03190905638419 138.13133756468949 131.76022420182343 122.97414622821211 134.23156129539024 133.80618548484856 134.93938745713339 137.12388163798965 140.61080082396194 141.38639515158656 135.30138748492618 136.46842940498536 133.45563225800748 136.02297088826745 134.83853451489188 139.6582408449398 148.62685867652621 146.68443307028258 136.87977383672833 134.45698908339955 136.04185309928474 135.83222306736869 137.37968556500024 137.4456691351501 149.04095410865594 149.29729064525088 138.61012450299162 138.06296051013189 147.6106013975778 147.5724249429517 146.52318066094958 147.48392431728146 147.7572083445755 147.82395485961729 97.298295832496095 98.197650319933643 96.195063103027081 88.561544163382479 95.123506111938568 94.151185633913485 94.876761080292042 67.370132114433659 99.402429290290172 98.475569929717992 97.379547187827541 96.263656626839847 97.060151876053652 95.985824503668638 95.600233936152136 93.057635232011421 101.76329602779654 99.737932694229485 99.002928238857436 98.086879386811631 97.81151966447743 96.731729603060103 96.326748329762125 95.136777516731115 100.79636141048611 100.98166820381238 100.00796129909477 98.970157307447735 98.84008483612385 97.577158572303844 97.377355016292853 96.048394592440644 104.82936629329635 105.28299470365057 101.84887911856346 99.855222723650456 98.581758890211489 98.28599978197461 99.432124036598992 96.903408015556053 105.844656914449 108.31049517267272 104.13191621932508 99.625964854245709 100.8410815281669 100.62617698738758 100.80988458153826 101.86164177303688 105.3731175141294 106.52296678806177 111.71727534182351 102.73188718007459 100.76003842293284 102.6594912797672 104.33981239732906 101.86706275897474 106.56499273272769 107.52013626377985 107.33884020928475 102.91675231544538 102.0379655135409 101.65025251873654 102.66747569203537 103.71465148599235 106.83900276854639 106.87447417940662 106.46338833273512 109.59383576479749 103.29131776567755 101.78463021761796 104.85789509033837 91.840768658451097 102.18751916750048 103.25128374067059 105.8469735322243 110.86971144505841 106.44961750100597 103.80962454127737 102.85484246888949 92.328989940625519 112.81089081371792 110.14019404592696 101.54041562265185 105.93981346988292 111.24436799394392 107.94639476384651 104.43516369348551 93.528812183707217 111.98384025672758 110.06253708332058 113.04066499388651 103.02063900281367 111.07975806524246 108.28205020265342 112.3319618795724 115.42846227294585 109.01659170246387 111.14511564742408 112.4387707424369 113.44762002453123 113.47477113857319 107.23721233246577 119.00915941233032 117.58799423930586 108.94839715454658 111.47751462404599 112.56120230858653 112.58674363750116 113.77786436920738 114.88371097473114 113.07725926515165 118.58694202611663 120.58565089467437 111.56797919652702 110.96756698937524 112.70304796040584 111.54517499519251 112.11528242807439 114.54902513681512 114.70124346796889 119.62736157375413 138.0141104393357 137.03056906630414 113.49860999879364 130.49614680675197 114.29864141210781 116.91651293467153 115.84799254688728 136.09613672499208 134.40647389761145 133.45943924144942 131.49973483294855 133.49993879257815 131.16728216509554 129.18067091896074 121.78443722611722 133.38495655133593 135.16207657861898 133.40523064896453 132.26402521869849 133.30308414441191 132.43935348610381 133.25381437698709 134.51668168443035 136.5829153298381 135.14890166662394 134.35103647699992 132.21199959986583 130.08308596111857 131.2519649861585 134.25092170405446 137.12694829465093 134.66906776522865 134.00234497392699 133.62064989585357 130.1109115228551 128.04438744134634 127.93019351422352 134.32854704902596 135.19971711769477 135.45887676352856 131.90108404463786 133.03810191263071 129.2132908591594 128.25421582242012 136.32560968203092 138.98443613448066 138.03314062433157 146.72255017804039 132.44815838548971 131.94488054492345 138.01202303729391 138.54901147236305 144.64193845423696 138.09979295738242 147.12523429873636 138.00483026383316 129.24939080866523 130.62841658939553 145.13612661656941 146.19302345612073 143.31881941064341 146.17765024919188 146.54242051753818 136.8921377219126 128.88883299198292 146.12876297798911 145.88445112125098 146.9933665809998 145.82855241666374 139.17522935921204 127.02066804411984 147.761309420456 148.59640319954426 143.3654145225716 149.24288243051097 148.00828754721664 145.00153153830644 148.61573950345115 149.82123410862491 147.08479412220993 147.21773626490136 146.65831921313404 147.12951467232938 147.97172896594725 146.9786295521964 146.64970357307629 149.8175806932264 147.80560290623774 148.4321194968015 148.11703582232229 149.15265083923057 149.09071787209064 147.56201170347231 148.26961029469877 145.55382446740975 145.80112025070898 150.25088664039208 149.57353313519133 150.17572468876406 150.10439781842359 149.14451622873403 148.44371163445436 149.53968148709237 150.70470318605513 150.16927331530817 151.3024210290348 151.05746123487086 151.07622420271588 149.01135031426739 150.44629628089018 150.73417499721066 152.4746044904451 151.43474951815918 152.11336213417536 152.05239964543736 151.28779786766461 150.11434446490659 152.36485724444316 150.78920544138077 153.51362988080746 152.49584633749154 153.15610037645538 152.80181973775217 154.52457718987284 153.4405376803191 153.02367695377302 151.08654377784595 153.40519413580978 153.14480376860135 154.32923432059081 153.86905449257654 155.04613500448176 155.03637270144694 154.2532184768244 151.62843483581159
