# Created by Octave 5.2.0, Fri Apr 02 16:06:29 2021 CEST <br1@br1>
# name: ptcls
# type: scalar struct
# ndims: 2
 1 1
# length: 2
# name: x
# type: matrix
# rows: 2
# columns: 320
 154.93887196159301 89.781245854244361 89.073127327569836 72.350697606634768 92.419828372268668 107.83161003270324 60.653487917949334 78.34798785575461 84.981280087619922 106.34815413938185 95.215601935313728 90.239476540440592 105.97351614328127 107.61518430580273 107.62998620934735 109.34507803411159 77.85058592660431 98.596957465268957 92.474549893682365 93.128307181671474 93.575616317231521 148.0895630495281 106.64688925270815 150.14976511858168 144.14768527829835 126.65454878868613 146.49048114215759 144.78668912925076 152.54479218166799 151.68069004574079 141.27580813867618 151.2562994653166 143.97959386950626 121.35606022287777 150.27821217990353 147.16497131411955 148.10874373823154 151.31215453396737 150.88773605025182 150.80807480226079 149.10941780328963 150.83501394755024 144.10265220168904 150.51139672604543 146.09707097621194 154.12345026202323 164.43060551707299 163.43013964135642 147.79884667109383 145.51000261768337 140.37602297197151 149.17952737924185 150.44320175586387 147.12115469997391 163.74689530097578 164.48876122124486 149.03536017008668 158.91133456161865 165.66593541108784 164.03624610743242 162.34742695649436 162.97023040428135 165.16880886929044 162.87558832711827 78.691356390433526 79.724259611237628 79.322281592096104 60.96170228991403 80.344491873193874 78.473391044413546 77.904054372808417 15.439971851665891 81.742051339390287 80.537299141001313 80.883368276182637 80.219054805910176 82.316796813307988 81.221334125826942 81.196340420470364 77.703552024865161 88.291105956403584 86.246300085324677 85.218085056020115 81.855714918745235 82.708197219825195 82.464839080596178 83.42103072058957 81.658709467710651 88.325896874879007 87.238059445259864 85.59635359836912 83.28773569447452 83.802591479384631 82.899958300098262 83.502847635589873 83.386665787486876 108.74825719756628 90.997431330364634 87.298342354780502 84.417443433549522 84.289122096815802 84.104039710929229 84.374435979590146 86.436226652173445 90.987709040427404 91.885690327561747 90.568201205859694 84.983640036240359 85.334645301699908 85.334750106898056 84.429417736550818 87.536392559665316 89.483679168336465 91.25921188276557 93.865759930312535 88.111118762904709 86.074851665227328 88.923508946222995 101.15373351509652 85.549132445426523 90.034424083168886 91.839353685636922 93.132050759375019 89.509738868424833 87.158697419604479 86.427375018573386 87.966809111631804 90.010909360207876 113.78678203858701 91.786329591716949 89.260206890914603 91.387655862203019 88.03924510002966 86.731842595953353 89.910383867150173 62.124879822663189 86.716119747547836 86.07446859710592 91.537669898002903 100.09228033912599 93.796992893439224 89.540517724001461 87.719935856093258 58.395063406155572 133.22495467686315 110.13513847072115 65.825705771368433 91.338031948526833 91.20547495659352 94.164356891277819 88.929138906330166 61.644399279510289 142.74442866213388 118.41601947949344 122.00884903845797 87.314755470068661 92.541762549639401 90.62729259038484 104.37237147475675 79.076009200997987 113.37405429382547 117.20111272254479 130.68444830410871 112.77456537700047 95.325696539309163 90.513213703787017 85.951592546424607 91.635595237309801 113.51297557018592 113.79565087878416 113.68035243613562 94.300479785305953 76.947527275001164 76.251949410432829 99.237705855528617 90.729709595065387 117.08935168644993 109.35634447483402 108.32309435630192 93.610399082828266 99.597233587128272 107.62623224255178 114.35885367214013 105.62680438295509 103.03899047225742 158.60264134990587 135.15548485540043 93.143527048590869 141.57703486366185 85.489226726936366 84.735834021927545 92.513219938669138 138.54427292850102 138.7872627132617 154.46867995697227 141.27822111617516 140.52887638149284 141.77345847962164 131.23416809724023 125.50030262551897 136.22160291891055 137.13501466438788 139.71649770717258 142.14858478613505 139.34428507155079 141.02085530035902 145.10345955193614 145.21692357137266 135.18064074883205 135.17233848518734 136.36585995871607 140.2175433669201 138.2715464797208 134.06915772929031 145.00123095204205 149.68239653530787 137.26629882291698 133.48329039764877 136.70199164091235 132.96173510214663 134.58082053508502 128.52844325693815 148.10558560666021 143.2010620202966 128.25116618329994 135.2702150825381 138.48322920503844 132.33873169993308 142.49073550271223 148.62283259210014 149.34335651229668 146.75715032491834 171.26897025081965 133.69822622705527 137.73974029904832 146.07082825324201 149.79829075204452 158.93436809271262 156.59689982970687 164.57128261281551 142.27759331258557 120.66178528089773 132.85097955225035 160.67496054379441 161.22401312863394 151.89890155145829 161.95203652696807 163.67427161990565 143.39160065867921 135.76751367485622 160.35664174063933 161.5454850015476 162.06663321431648 159.54617425910192 150.73199468044257 114.712909532699 166.51386663517985 166.54252472748638 122.99208347198208 169.42784006526259 164.24414976236622 160.87326497118119 163.92686891720416 165.4006911995294 161.24163755570513 156.73981453021003 158.85618903068726 164.02468678555161 164.96772824019212 160.17146370150093 163.22341383269745 164.73424612192596 162.9129526953094 166.20404618696739 166.00640892204862 163.4966411761412 165.15091689752927 164.79767853471284 165.54055344582352 161.78907938639509 162.68309989193372 170.4197663068347 167.80824908372296 167.29344055092699 165.84717346025559 166.77615480901744 165.03644607135556 166.19110916440997 168.3686754109834 167.72720889115178 167.74683166698804 166.90905594028783 168.25736733431367 167.06826886642963 166.55144096533419 172.27143062840304 169.40487765465551 168.79442074969069 168.81957829804554 168.29733394810739 167.5381977612281 167.34928200762315 171.25408162901815 166.1044034922443 171.91990373791879 170.03275548668262 169.98236423919246 169.57282141508981 172.22727970318161 168.86653885697436 170.10501472975599 162.34140075635668 173.0153532488707 171.06976188529441 170.90294340379569 169.32930797998392 171.26549610473711 171.43237785363374 170.34393241347712 172.40894325098682
