# Created by Octave 5.2.0, Fri Apr 02 16:03:16 2021 CEST <br1@br1>
# name: ptcls
# type: scalar struct
# ndims: 2
 1 1
# length: 2
# name: x
# type: matrix
# rows: 2
# columns: 320
 120.4728024446741 112.64229922706575 111.00207721637204 109.42955405941474 115.95067336616377 118.25295537007914 108.14392519745488 112.6502274637713 121.52619031347106 117.85819560860544 117.39897906888035 112.68652000666752 117.27003043277307 118.38151612778802 119.04844408613792 119.91581466130617 122.87265394961199 120.53583373075541 115.45308347044335 114.74362730065519 116.26306164088547 129.63824486241549 118.68873116917457 131.36115921362804 126.94865837907945 123.67723313453237 129.31141961803135 127.19979048280146 128.66490107704939 133.01331760986804 130.58658316534715 132.43162193792745 126.68692844601746 124.43851804187683 127.9777303715547 129.47182362031657 129.23467702756517 133.69426707831093 131.81271071852586 130.64253918432874 128.92058760643627 129.73450129295782 130.33441974414418 129.8836554855163 130.60926296482324 132.18869592924537 137.67723352267541 135.55641864566428 131.3331035203415 130.11779616335525 130.72807475581249 131.56824741304922 132.63192748864239 131.81564845972724 136.90457736808119 140.75262139389741 133.67239141644444 132.69877485282316 140.33535833030481 136.11133418769282 138.88234246835074 138.38999777773873 139.79362169999376 139.89293951926075 104.19289208430379 105.14142205965317 104.18975906331593 101.14121809161495 102.63198789462723 101.4836049580947 101.43797048280365 90.931038159572893 106.26541305517071 105.17951820158576 104.34300904388144 103.19310244339782 103.6022506534093 102.66397293348425 102.13653305112942 101.11117955279342 108.76367933887016 106.39844276601521 105.37531364143402 104.3062042267526 104.4773957899003 103.50709300127419 103.47801917019275 102.25858002432595 107.40486302688805 107.52498899089289 106.41536073059936 105.1458443019901 105.43460922216488 104.46583925838586 104.41978733465251 103.26015037329103 109.56102454435236 111.57340984314638 108.49794661084584 106.23786804139688 106.50402575692081 105.63723641518733 106.85680469417157 104.04850468739269 111.14300087596114 111.99143149993385 110.86121090396304 107.30649694068279 108.39555923449169 107.50535541544487 107.86017338532942 107.11428290043247 112.73906432504837 111.7059893817824 112.76476486274352 109.54096335970048 108.02245018403032 108.59773297134211 108.91288668670951 108.29451312397339 112.67154086987192 113.88007934233958 113.09200777233885 110.43401870100217 108.98589435956279 109.54193765464902 109.68242229049969 110.09965649801221 111.29586717972124 112.1111424746541 113.26143188008008 113.88876969721852 110.29371887854374 109.4040156597205 111.01699996268104 105.77448006967015 109.95333139774966 111.6432048553326 112.85343795963311 113.95447260803613 115.35127786720727 111.54505990803716 110.75209346664124 108.24693969600339 115.28885632974283 114.03948757434954 111.1794828070378 113.59224857858868 114.88614892732414 112.38477120156629 111.92623405056013 106.6339181884881 115.58469061069722 114.26364652845106 116.27952996278357 112.35569158346588 113.53720546311062 114.94277049786899 117.2464810608403 122.06600751805954 113.99274835081093 114.93246109670741 116.07834630574196 116.78215087399172 117.97774442810896 114.17432405429687 122.63901009121605 121.89153954138001 114.5364798750003 115.29361641793388 116.41386555887482 117.13513711492855 118.1960698434608 119.29758753939278 121.67743710747195 120.70104887578847 122.49128847324563 115.53748388444941 116.84813182192869 117.44535124582859 117.93696390571142 120.46290299676835 120.16387546337465 120.3861243763171 121.3058439499099 128.67301771139182 129.47900217117294 118.57547903907697 126.39267724347054 121.17699644532904 122.4067601078858 121.28806084444786 130.47073871250589 129.56800991851165 129.08321319929763 127.51379533512845 129.36423372767541 126.74823730140388 126.70554652604666 124.89666448426915 128.57376615086758 130.95835544873231 128.94535606036445 127.87260867723627 129.65287832116005 128.66209365854408 127.89841838691677 128.04607365177259 131.25331662699728 129.80703904910396 130.41526398505482 130.33009822836152 129.00806690172678 129.39877778549885 129.00919178208213 132.10503417497193 131.60346370039827 131.13000323609492 132.27774421101984 130.91280939120688 130.09452000343668 132.25697069454611 130.66777796056803 131.24877961465617 130.11441482830017 133.31571409719277 132.10980039834757 131.2156593334289 132.46678675594373 132.47134729816676 134.2299628393958 133.31582068848346 135.58574847835351 132.91896960636123 131.6126995493504 133.5718360152178 134.60508968323776 138.11726058208131 134.78040521706401 141.11235669583183 134.7477416325502 133.37213572790154 132.1129016500324 137.50976890613634 139.15314219076373 137.02537331280647 139.20248137495113 140.80843926907889 134.63120143792639 133.59894716523061 138.40023459367237 139.23778179736524 140.14170999273207 139.06093828970495 137.6787567265182 132.60474366503078 139.28376003259123 140.42362612082914 138.01647115731811 139.5506645770221 141.22763348167993 138.60846316406403 141.0089994788442 141.91594753738471 140.69444247087083 140.80491009538574 139.63482092931301 140.4580312071661 141.03575056160517 140.0929673711149 139.82415970062857 141.73024451019049 140.73016302443872 141.49472149405881 141.27862979789603 142.37845635086788 142.11707250379999 140.70903220595466 141.8220705290334 140.11611665798671 139.52165492890001 142.28231503640257 142.31722063091209 143.22730992228983 142.91941580247084 141.93412449776662 142.71067778930674 142.12143052455184 143.25149690869711 143.36508533953409 144.13493301765794 144.11278368451141 143.84863041056605 142.8542630057984 143.47794381649703 143.42525851876673 145.48918422124225 144.36773243679275 145.17133513549507 145.02855807391776 144.82747107090177 143.83011073215056 145.06881613808221 144.69617076191963 146.47817006559822 145.22607851234631 146.19000725077558 145.9074216260727 147.02212327484827 146.10142154131961 145.9333369878434 145.53120061292796 146.69262478160485 146.11590329894671 147.36496516897097 147.30997675150118 148.25212440766057 147.87459337921746 147.24777610496128 146.68548524668401
