# Created by Octave 5.2.0, Fri Apr 02 16:07:55 2021 CEST <br1@br1>
# name: ptcls
# type: scalar struct
# ndims: 2
 1 1
# length: 2
# name: x
# type: matrix
# rows: 2
# columns: 320
 188.29760546917288 77.465862848049312 78.43092762677631 53.575098320035991 83.093850309083123 107.27444282081152 32.980459321137594 60.9783824491494 44.182031702818172 115.73068736503451 83.369718176774398 79.012505714362661 100.08107823533658 106.13135956565779 105.2301353611645 109.41817302998557 24.836429746056545 63.034157653622742 79.571754213797334 80.251008264425607 81.950948061438922 154.93685125635673 106.26819235049561 156.99470523029913 153.55243851818813 141.48995340007014 153.82742067710802 153.78055294550524 161.91224087122387 156.96936729216881 150.05027297839553 156.01815359086922 154.314451447914 141.7936631111366 160.67058837766547 153.7517375785817 155.87959257107218 158.77700590943272 159.14055241252805 155.87117819238196 158.83636409484515 160.41386065141558 153.35290388327769 161.69241588821507 154.97441194771335 167.60759819300225 175.00558312717402 174.225796978288 156.83108345968114 153.01843814947233 144.84629429859734 157.86440714410028 160.14258567125907 156.95181890181129 176.22168570410074 179.39745847640575 158.15566519910803 164.26493274678037 178.73706273478521 180.48942806303293 175.35970569658164 177.29788663784689 176.64789136892381 175.45890479831795 67.656537842063997 68.72002119142681 68.114758150053419 40.645152021944199 69.20159089777087 68.771390559154227 70.104184233241909 22.786396119535084 69.79682698837091 69.557642943237326 69.643146226895908 68.67286495719037 71.770105588173095 68.590654861750721 69.81044954683388 68.817535801784445 77.796769091632413 75.961995942169025 71.282166850590528 70.817500361866877 70.702719048775947 70.324572526638136 72.651234407788564 71.312548073824942 79.592226645689351 76.747982313105908 75.611904248239085 70.895424752239208 71.733652246500796 71.747840217744482 72.661038354747504 72.269323406249327 104.46099251666462 54.642699506565378 77.022414709712137 71.984125209103524 72.872280231608229 71.158166080439401 73.69133924365812 70.160353137195287 79.962981467072609 82.283223892357427 78.937163193565212 72.977096081144609 74.058294233163039 74.649922396534564 73.537508503157852 75.768225122606026 78.674083607433872 85.846182828974833 80.69864951252822 77.52574527792207 73.898430706093961 76.725923598055047 93.343976210049021 74.035165186407951 65.513680255173369 83.314600510651744 78.408462666273536 78.711609475291169 76.5040213773636 74.963708545341959 75.320829591024136 76.412003382101332 117.95001258014709 78.914439498615366 79.21877617557054 81.078983088600125 77.320752468902356 75.372073979693027 77.698457947114264 40.92664547224107 75.554240088754142 74.438719340393291 82.918076808906733 97.751175629915025 81.257878161381342 78.819672876176753 76.081926792395279 33.415923040504083 122.3387375833438 123.36390348260947 39.549072388539571 81.254498957813951 80.357659182910496 81.832277109043119 77.901286403655405 41.319491116826569 225.03314613587617 128.96575513680486 145.6957213740842 74.505034140349622 79.145071147881652 82.232173227758352 106.64890962700284 26.290597961068851 127.42180942766988 117.55603166055479 101.35516051735866 99.247506597273457 64.345230075054573 80.69448962926262 45.66695261457901 64.909111823508908 120.77325806688764 125.19283699409854 121.28951656980432 66.677595745781844 27.402238139105016 28.004282135768022 89.739945183065146 65.780371298039682 118.68749861157463 103.09476523029231 92.390884670851392 64.888197153241549 95.029964443858077 124.83986889461434 122.62754629655936 86.528756551956789 90.847123309311456 174.44357557604724 144.19353107451363 63.676204030003383 165.52924076182788 44.618200632502713 45.536148666059553 65.86839731291289 144.65911689033285 147.64769285079171 183.59459422139196 174.24862358139276 173.11331013887744 155.3366427915285 123.74496385925549 126.18778152069197 136.72983839335015 137.73508269548168 153.69840587073139 171.94277503374101 164.7879855620547 152.97467751720097 154.35233021497186 155.79142147513522 123.86598538042895 130.83967705993317 157.90760308955802 162.38385646892502 156.69690840401967 117.91742163393762 155.28096980461464 157.57188281610428 162.1508465636191 118.47265757589106 157.77775177529264 123.81780514660205 122.98260316244684 125.93884273884636 158.00768344503848 152.43242317216556 116.55983007519626 122.94778249056215 157.38380142070312 118.95408781515583 222.49106845278129 156.37866006147621 161.40710134148452 155.7615708101078 189.33786280439327 116.72075187067914 158.82590071993607 154.66934561953681 158.81975783560517 172.5610175509633 169.43897329147012 177.18716575248877 147.62674594203429 89.905431211169713 128.9718397072065 173.79734029109071 173.71709514542678 158.21479899074117 174.64767356629221 175.78469037887908 146.46563852803172 124.06517792628979 172.87327968856638 175.00405371736596 173.9989343396889 172.98707634638825 154.86479388884197 105.65303173956977 192.91728588629152 184.43364542148896 106.29639499271127 181.77078960308512 176.37003518789217 173.94054992262326 176.56308008085784 178.87046850169406 166.64224124951772 164.47298922081634 162.63803213160602 177.12070663582145 177.65081172282845 173.05766975338895 174.2654545264692 177.10810458027302 175.23187422149607 180.38544475415125 178.27603384279527 175.34614576385994 176.77866640751833 176.91068048576705 178.52462106394393 171.93018085288833 175.92074214874961 183.72110377118915 181.60888894351461 180.56649194474051 179.48135898776079 179.97533308691274 178.24161969867103 177.69688127508027 183.21851249298771 181.27853576866002 180.80894789852377 179.6012072619595 178.71037949940714 177.91521689468345 179.69043359101198 183.48606050739193 182.52364256241813 182.0071379313346 180.20842355889141 179.15949467643875 178.84606715265355 177.78467022826638 181.91877552811485 180.16989878415686 184.5206103874381 183.10751506688217 181.37604202181316 180.92593947248616 184.18746636224697 180.77095288426895 180.37954983396247 170.92406656872629 183.3770495584061 182.49560678803741 182.3517948534535 179.79561178173918 183.53547860859035 182.49521705005645 181.51519553276006 185.51654704837529
