# Created by Octave 5.2.0, Fri Apr 02 16:03:09 2021 CEST <br1@br1>
# name: ptcls
# type: scalar struct
# ndims: 2
 1 1
# length: 2
# name: x
# type: matrix
# rows: 2
# columns: 320
 120.46407727773396 113.6445643447575 111.5754585240268 110.61040936045869 116.26084717196363 118.60941864501176 109.17459839540115 113.74265547676546 121.38672772091843 118.20774792509073 117.85166502873838 113.66597207388247 117.5860400803266 118.66725912729915 119.44318148546134 120.14818530009678 123.33891777867703 121.23550986268759 116.6087554193291 115.65851579614484 117.2141989271455 129.11626020857017 119.88551711979596 130.34436410427486 126.66010399998252 123.58241416465486 128.48218472974321 127.18603260682485 128.30556889127757 131.16193569384595 129.04466559466945 131.6591636041062 126.52897221993783 124.39731684409885 128.20958930176667 127.99052341494 128.90052457914217 132.64423528745837 130.97443572605786 129.66534533004744 128.32643809018995 129.21615051123555 129.51388135222416 129.57140499564673 129.9998522147977 131.77130922404919 136.50847121731414 134.17780809661537 130.66094170439362 129.64032014701797 130.26008231049317 130.70612913968986 132.26524610428351 131.46887465440335 135.38324212511839 139.22450807544652 133.39311535715311 132.54412725346774 139.31622417674674 135.19411885728525 137.48960237369201 137.3059536238041 138.13783547817172 138.57879968184477 106.06533704915299 106.15285761053666 105.0782941258973 102.88997995176101 102.98959846167539 102.04206872545056 102.12740836215386 93.33521224581159 107.02381126240802 106.11498880126651 104.99769176349245 103.96686684514734 104.05760783200114 103.06661487642913 103.15994364896211 102.02476055085073 108.38642128734632 107.13788642520817 106.14080624732534 104.89347615569822 105.14667067105624 104.27572586136672 104.09492119649302 103.00380340443033 108.22287177115034 108.30771737120627 107.09752798945048 105.99334360267895 106.13084251051312 105.27304945743506 105.06184218787294 103.84168015623224 109.65831172318342 111.86166591525902 109.30603004004482 107.01771605583109 107.24038701424153 106.46698496414939 107.49685254261964 104.75550331089288 111.62950664202697 112.07730315913088 110.328491338775 108.24647417557385 109.37119863807686 108.34905486386104 108.67280484896887 107.66565870610525 112.82740340811581 112.10167561646615 112.87947138372964 110.41559061713951 108.94568617591953 109.46135584543133 109.7599498328053 108.86607483222119 113.4327680743389 114.00439739132267 113.3107602774764 111.80921071194278 109.85038108259793 110.42726614374968 110.62611432638792 110.68129670251274 111.5549915638081 112.84906489578057 113.16470612025357 114.35230622255244 111.01266848980441 110.14781457020226 111.05590642794583 107.78927902191275 110.53792312900521 112.61921596719539 113.83007441374825 114.21627414464494 116.62985936658991 112.20746261235274 111.52556575043853 109.95804697454501 115.43925241172401 114.12380928744346 111.88324634479559 114.54374839302929 115.28839724706938 113.07266264560616 112.09481173777802 107.80031432425905 115.16355196930273 114.3607262249573 116.39020932540956 113.01882637722514 115.33777791492749 115.90304413821232 117.61775574866647 121.71859584881464 115.04057797060679 115.53562241266035 116.60379863076528 117.10214892666717 118.3850269636287 114.43565217864418 122.46071763292944 121.95088801028406 115.33965040463943 116.12863896680824 117.27365059903941 117.68718284055407 118.88036590289457 120.31282288702747 121.55785696753918 120.66135303146532 122.68105955093172 116.57576768311422 117.73719078014209 118.3365837803708 118.92951785189356 121.13990606178285 121.10849173526141 120.69361882248474 121.48179939821649 127.71984498405061 128.87657861598601 119.52850070431941 126.15572582301337 121.708308954076 122.7425859963361 122.32715715913258 129.93549334055217 128.3226878346774 128.96946911685919 127.18474613723585 128.53463806160556 126.46383936129104 126.71730434099702 125.49433754289761 128.41768494367548 129.78182270342364 128.84434802290295 127.82035435188837 129.4917444556749 128.37148913213539 127.67515097590299 127.51168821835824 130.9193067731718 129.35124532924823 130.12896068665069 130.57345268639418 129.12703666776105 129.08498829219408 129.04375398225531 131.69383824878807 131.03286753993535 130.77523337424 131.60271834537753 130.88623576154518 129.97852788209406 131.68560475106113 130.97669586792071 130.68307221203645 129.99051629950969 133.84298553302332 131.76302716742819 131.45759699255831 132.71018058407199 131.78868214837789 133.92884604583992 133.01097802739952 134.44656440980251 132.71643121377934 131.53999784996233 132.8903436846617 133.77213251320069 136.9760074841316 134.08891495449419 140.37681276267801 134.35543027888281 134.10340030172438 132.30174493077223 136.051009699649 138.09517363630957 135.99447259889644 137.75993122461963 140.04360088512257 135.01690062928969 133.69976944806572 137.23180250016927 138.25339994551337 139.12991163687519 138.07778325641567 136.84983435655539 133.17454729981736 138.46109937163459 139.54727387703267 138.09428612099867 138.67704185802265 140.45583295357991 138.08257878805929 140.25294597007354 141.8080062674737 139.87172819882656 140.88553140096539 138.79585423859828 139.48408902475796 140.46978332686987 139.43100578144779 139.17582316025047 141.8537365033331 139.79353527902586 140.46872191093567 140.46616182414516 141.49658146210643 141.54349701745028 140.40092528343351 141.51461369482649 139.4308183792007 139.49181839087785 141.42720733063936 141.53835265943866 142.42777617467331 142.55668973057567 141.47955095969925 142.55566767304464 141.18672819376485 142.49223640362652 142.47053111440962 143.34656154695452 143.51596467700844 143.63456692104447 142.5030175358813 143.51822012756554 142.81237425050981 144.76674387744305 143.62046055397741 144.3514961479149 144.40809396006767 144.72725942906959 143.55068341701141 144.50025111033864 143.95398273053607 145.72852180901245 144.62512534319225 145.54284911703721 145.45834438485295 146.28119157765596 145.52707046137817 145.65247904274733 145.093819484562 146.53459168175843 145.74541248016914 146.63733899569809 146.54524344228733 147.29825348784951 146.70375522725439 146.7746511468001 146.15799525862894
