# Created by Octave 5.2.0, Fri Apr 02 16:07:18 2021 CEST <br1@br1>
# name: ptcls
# type: scalar struct
# ndims: 2
 1 1
# length: 2
# name: x
# type: matrix
# rows: 2
# columns: 320
 173.33026451801021 83.197550536467133 83.165133716548027 62.313427547761208 86.753895515680767 105.81760477281171 48.286900684322021 69.062349745304232 64.820202554112242 115.60444122612273 89.022775828727703 83.664926829551234 102.82347072079511 107.42985872338527 106.33074374833316 109.39798805713578 50.602623889341587 79.617213088168342 84.665049745832576 86.071030655429851 87.842881407803105 152.8865141506937 106.55107050895982 154.08621902030126 149.62765565687167 137.4950787545576 150.72053260916471 149.59472953416667 155.96276733452248 154.71932824913807 141.60134609215967 153.49518647611802 149.22720382827728 125.4144824422514 154.61855860885103 151.75084165036884 152.48640748648779 155.30355435243808 156.08014513730623 153.67724626601307 154.08621873769926 156.6334037716635 148.670081946484 154.84022021061733 150.94436444607729 161.33195701757805 170.5521303722341 168.19696796522237 152.52349604606846 150.46589682623224 142.76579066230607 153.57830540585755 156.21693584033355 152.06103492677951 170.90198682416886 171.92688610514233 154.24845042664828 170.04303130510343 172.65938082594747 173.47565763624584 169.76297048371435 171.33585831972206 171.0977297042441 169.18125400590611 73.600845545164191 74.09955708657769 74.020885963204861 50.100653404521353 75.458079616085186 74.661682359798178 72.986922352841262 4.995507881366092 75.885412070938287 74.8988766018349 75.02244527585087 73.857198700171566 76.767240685380884 74.888062652474545 75.749149754640825 74.695710463238967 82.885333289810575 80.397546933911983 77.350413920410688 76.092748937462801 76.486994633519956 76.513020000830679 77.96324197371203 76.780867219855679 83.056262177934187 81.735842906695581 78.370013214805624 77.100570608950235 77.838267707679336 77.281135988952855 77.494870640432083 77.773278321152048 107.46039772517305 77.585808161714979 81.874457323889956 78.209492219414741 78.432949845765847 78.564258422492514 78.978210394198314 77.954818495097626 85.735338521096779 87.039158959197138 84.564841416681332 78.901126353773577 79.532098976162999 79.568733044253491 78.489975395229138 80.759625807560269 82.969921673357646 84.846855132512331 86.050738869555857 82.462474763524582 80.040899442932954 81.844204846675154 96.978706024976788 79.225847403118109 82.106224570118698 87.948875054771449 84.059901079234365 84.037347776799578 81.098080567957425 80.11089662666302 80.352582677433361 81.489488917589838 116.50434227868149 84.235084232751447 83.760677075752056 85.800987294651961 81.970019400919483 80.800158166196297 83.108514142708216 49.087975789780934 80.275891645331711 80.918272872426414 86.637486569942553 98.728561088071473 87.92686962452666 83.600473493522216 81.374702133085208 45.041434908794713 128.99232881138951 118.35446541115822 51.778448931491369 85.952826118057743 84.791077442891421 87.219490531679824 82.463500331593522 50.056226745120711 186.73525246885146 126.85620104130277 134.67179410910751 79.875803379705417 85.215287060674243 86.73180496980207 105.5793221253073 51.596073344146831 119.54458397502744 120.43814232996894 115.77754198143001 111.79540129548593 78.753558526219223 83.215349654395666 62.715353004560519 77.560824112105422 116.72958582011044 120.33511794253513 123.74631492637714 80.264913499996339 49.560498923179296 49.528105054870196 94.160286628111038 77.361395709405727 116.86731629316296 106.2902734306344 100.02346918415498 77.917262826068423 97.835165691786514 115.90321154318326 118.94171771390197 94.694679812437172 88.775136884851719 166.97641548709214 138.18820450950918 78.439754090715553 155.16715336154158 63.827139720223201 63.643408039920345 76.654948764295156 137.19680798052968 142.4321517848249 169.89421474388112 157.74822542263669 157.13609923118474 147.93602530305793 120.16712565592078 127.32338319316753 135.94230819595757 135.74593454615444 148.13130418305369 156.15891714615358 154.20447379769888 148.22588074219752 149.79043782383849 151.52477770480314 130.47845774200186 131.14287180315864 149.94376435628158 148.79864553631364 148.73896811694141 125.39692620113387 148.63671872267597 155.52334112741809 149.77917112762523 126.41646320868057 149.499688553357 127.99079924596796 131.00714363650832 120.80787017364607 153.18900309135842 148.92598007765321 123.54560869532534 131.74670181034966 147.63735218365602 124.86646881484853 186.26120416741139 153.44816083826919 154.53635953264549 151.35215391874391 180.92844111279297 125.39377582817613 148.46017693687838 149.81943767567799 155.18604591309486 166.05791882595329 163.45187623591789 171.50406017822641 145.28180195711462 104.22962412285912 129.03987551025327 167.08304235428804 167.77784545149515 155.27532471082336 169.04520034894529 170.13055966293757 144.69805208405 132.3936928482691 166.61240040997731 168.11196293314751 168.15265484159727 166.52132629369075 152.31759064330208 109.86957863700098 174.38860944989167 173.1093916031756 114.06671541702599 175.23999732306208 170.57491912015846 168.65224913969647 169.99561993891757 173.40262226181838 164.86476277284009 160.48692866239168 161.046306589382 170.24682957774732 171.45101413233084 166.8417020829101 168.37544616327867 172.183485121968 169.38805511938006 173.98597477456994 171.80629228293083 169.61228606243651 171.11217253464329 170.87961678068669 172.00026592520231 167.80623908655591 169.27973963425538 177.76203991913346 175.1112812863783 173.97318515808672 172.93520649516782 173.76780194252808 172.08000342271711 172.42450944867787 176.57114606647522 175.06233021261758 174.4610344559288 173.38600673476489 173.76008346223929 172.994659224754 174.58435472676146 179.03933016861041 176.40534532075296 175.68939112799956 175.2275579335589 174.12848505427854 173.9879314118098 172.88639918796702 176.84668681285609 173.00942484390225 179.08007450711057 176.79673792058497 176.50991025655378 176.05390311892603 179.57838064829826 175.82525328832301 175.0716802155543 166.9296183290071 178.37501692052618 177.4579851304031 177.26805331459175 174.87471244700316 177.41687456847123 177.76140594675641 176.63386451117 179.45780966572636
