# Created by Octave 5.2.0, Fri Apr 02 16:07:43 2021 CEST <br1@br1>
# name: ptcls
# type: scalar struct
# ndims: 2
 1 1
# length: 2
# name: x
# type: matrix
# rows: 2
# columns: 320
 183.03880999984545 79.479699062898817 80.283256655582775 56.645322102750256 84.617487680488424 107.56387213348974 41.103249030956803 63.818695282932374 50.611131844357928 116.51199593602861 85.918376233234198 80.954673981947167 101.04462154103823 106.62736651191653 105.08049521933377 109.4110810124978 33.449945447184867 68.860636590084709 81.257123181602608 82.025117295462181 85.6777740407083 154.01294277304893 105.9281028528375 155.84106028013238 151.63748048502327 141.03456995485908 152.67742355246367 152.30985823341331 159.58844535683662 156.60589334239299 146.1335099394791 155.80955368816268 152.41664149001318 134.97699137454737 158.35282654707083 152.93384808347957 154.67845310739057 157.20351228828801 158.36428282490473 155.20650728887162 157.26912417127704 158.52573228539165 152.27374197781029 157.66610600276127 153.32103148126575 165.40264318542077 173.10361546278563 171.49257412184127 155.45234515398025 152.1970366778614 144.11530653449501 156.46839256336921 159.21332236275978 155.10070564016797 174.158573902375 176.51512683732784 156.66241260255222 167.30386908581301 176.70123479435364 176.74849772981858 173.34134124640863 175.13421180817272 174.97947560360839 173.04846244683969 69.554873089210645 70.515198438781937 69.487174529553087 43.967355210417253 71.085779557195963 70.417700573758523 69.7702171541533 16.535543495313547 71.36084838982903 71.992145388299519 71.47605043154212 70.114005412656567 72.760148612712655 70.624300961004735 71.62414485423146 70.432803149381115 79.761060685960402 77.783627553983649 73.653033600834206 72.381948437177599 72.439710194137916 72.085522590956884 74.444182894736343 73.171163645752358 81.717113651499503 78.742144170087187 77.626905521051853 72.90533738308396 73.66235087684845 73.461555932195509 74.413792029586887 74.106763383563603 105.64958825479205 62.70379173675417 78.928037984643183 74.046444162369994 74.609397014125278 73.157818702186347 75.838050199998904 72.197572603787648 81.666335733563187 83.750263956821101 81.441458886713491 74.905610154788462 75.851220799413028 76.691503506642334 75.3899851456259 77.828879298998572 79.836996820944051 84.75891919163675 82.625138345121698 79.52137548751854 76.496750268771891 78.997606315395032 94.621043442320939 76.238997960009527 71.635192161579539 85.15303738454017 79.789665687735507 80.943887750877494 78.42720824141972 76.918895580297416 77.512679583878125 78.544109852491204 118.03896453191132 80.412205709169413 80.904795039791992 82.856975577583796 79.214214661129247 77.395030761562168 79.935242734124742 42.143988614933804 76.15456703637544 77.24513952479559 84.2566408930075 98.094581331429453 84.889858129734947 80.545317002604875 78.057869053380443 37.500562345579169 125.39460440573725 121.74053476639467 43.845880363090203 83.077482264534765 82.200744141218678 83.661238845020833 80.018613536560622 43.294455426942882 211.57712944205667 128.70892071802925 141.82244963233563 76.920872583016958 80.761269691856583 83.952461966739932 106.27310861289359 35.448209463783201 124.6541356199847 118.5686651389976 106.42248373446481 103.65622635610487 70.18600443193705 79.255449925520139 52.450998819194545 69.729389970641265 118.01862272264896 123.25854746727266 123.59332900044376 71.602419504699242 35.012943428143501 35.914308885698084 91.293038123216405 70.025732089939936 118.78497056441394 104.21751135473683 95.072603553904003 68.560204237288744 96.015575693130231 121.95133808141858 121.33252544319325 89.397864724558005 90.119128079095873 171.94751382219181 142.65378365341994 69.020694296721942 161.94428619115877 52.000887854157369 51.29263958844259 68.926018344434254 141.50557283287532 145.8152054492358 179.11676616274451 168.71496721309276 167.33561941311888 152.67182426775099 121.41369750721815 126.58677670291311 136.99499501114235 136.45575594327161 152.04400883973048 166.29784951504445 161.01321654161913 151.00456968293545 153.34628738841198 154.25101623201775 126.45470325465242 131.08698716385462 155.74049924876383 157.55464730018238 153.85764707136812 120.26669997138708 153.48429078021348 156.92020893868877 157.71469190017976 120.67780943401202 154.93218472877874 124.05362990601913 125.93700044340333 123.87598285474787 156.18806085740209 150.98982130764782 119.35669037040243 126.86107972917169 153.87700885273151 120.58183117972493 209.76165667684052 155.47925900687218 158.97913005483042 154.08338990746901 186.38320112896614 120.73780847116953 154.82551736239057 152.95033710238542 157.75807704002958 170.82254226774094 167.33539865033015 175.02644543498522 146.88499012746155 94.938255747709235 128.99574417854726 171.58955881773696 171.86766266252255 157.18201073022951 172.76730151887472 173.90010023270628 145.76245121893649 125.62758656036718 170.71734230852127 172.38192278817198 172.67607129925946 171.49417131851561 154.62113178618475 107.13452119001857 185.33274361413814 180.44994167563007 109.02650757422725 180.14765253832928 174.49268138133763 172.26295993519503 174.25227116192636 177.10902787629303 166.0072399597334 162.72435337560643 162.16167153689869 174.14202303580333 175.302875040174 171.11248562211242 172.67203754238002 175.66212647057182 173.53263651005309 178.8790194265473 175.78938334958858 173.72066506341838 174.95793901297034 174.60344548330249 175.86180037806204 169.69681436842001 173.48583932280525 181.64810586019752 179.28276850577382 177.93200113725337 176.8332775010511 177.65695018806969 175.95281217214304 175.72671843500868 180.27374866337402 178.78186517350039 178.05257596320817 176.9675072023505 176.82642455909922 176.13898037182489 178.42398692865348 182.04487515366006 180.27801924735022 179.14450071244687 178.51833047208831 177.25421787623216 177.63537155740644 176.5757849089631 180.54938402028574 177.67819974419123 182.21385547966042 181.41273657244469 179.60829750061043 179.21272758105843 182.51497192476577 179.48340295368934 178.73253564785847 169.52061178179792 181.15638580124104 180.49230109931582 180.2117803412178 178.01625573013806 182.02595143419705 180.99131056453231 179.90447931804749 183.54479724227437
