# Created by Octave 5.2.0, Fri Apr 02 16:04:58 2021 CEST <br1@br1>
# name: ptcls
# type: scalar struct
# ndims: 2
 1 1
# length: 2
# name: x
# type: matrix
# rows: 2
# columns: 320
 131.52465037144179 100.93480027494931 98.976856598687078 89.355013941667622 103.15796253068531 111.21216846498379 81.550339920319431 94.078951242870545 108.44560604210747 112.9827833914709 102.9659742985116 99.764396085351365 111.3100768824015 111.73901826755356 110.18117645669653 110.00674671490218 108.25679654266425 109.70943975341633 103.24267949712403 103.88699613387939 104.90913425237761 139.78389816983221 111.19059761162526 139.94107311489512 140.20432903863801 125.28915562245001 140.12088120883982 136.64130303151086 142.00331408501256 142.98946009180639 138.97812113820575 142.8919156306587 137.4396257182911 121.08809517017413 141.43249737379165 138.53401635747309 139.75696556308694 140.88698506275585 142.27029282903425 144.01188409689539 140.56994857349875 143.16844949995155 135.57852429256468 141.66252448741105 138.93874992669862 143.27075525302462 153.09534175152521 151.93391056007468 140.822498728017 139.4208167507318 137.69480423504879 140.13190555285749 143.7515255793173 141.13688851459631 152.81824060796282 154.22126494072381 142.00870733539455 142.468910989542 154.43115169428191 151.72192162812343 151.18090283149465 153.27365692804085 152.89933705382953 152.09783808560391 88.869738620453603 91.303831621178034 90.14797056547367 79.361596872226329 89.524463245162963 89.192314032790435 88.123587356834847 50.060078693510917 93.534909675204361 92.392321768556087 91.37114740380801 90.278687090067052 91.65351479786672 90.640943982500815 90.698844366900616 88.319478939909843 97.63986069293307 95.635256887003948 94.717607968457529 92.320338712481131 92.794036226695312 91.968770839574105 92.558443449518393 91.559945386166362 96.926798639345861 96.727721437975916 95.828314278584457 93.792744633433699 93.968940217470731 93.118192736178301 93.453983334326537 92.356575791060962 101.85794215226208 100.79608011329132 96.551758682138257 94.859893610973288 94.235994005702494 94.292126880061574 95.290043502774509 94.404300845394758 101.11550988942003 102.23860909490278 99.838098601214085 95.140148608087856 96.189698276147141 95.213539612255332 96.289166926640107 97.347121744282035 100.1033070861445 100.87065982885169 105.01709079474389 97.861883198593574 95.925223215395121 98.210834380424515 108.22787460865877 96.288910658585721 102.81585639707062 103.37774983701333 101.92260182597381 98.844592005894185 96.826492920841133 97.196290602527739 99.01904853260038 99.996281526682594 109.18291527889753 101.21349237318037 100.86178865720709 104.01533634541188 97.967461961610681 97.058383534848844 99.97310987337184 82.238446922667336 97.562425736274548 98.015950408794865 100.2713943549297 106.77408960975768 101.29426750656728 98.633872240820622 98.057382973612633 81.017681095802203 119.75944005277086 109.06819372853735 89.623411476571931 101.13824525962666 105.43744972590704 102.04465058011191 98.932361449715742 83.302210616306596 110.72597238820347 109.96740111799964 112.27556484438537 96.775133929479722 104.26424846759687 103.40299700020974 109.03602166599988 107.21287122447674 108.67376960979543 111.08038026194562 111.39120009475009 111.33330652737421 111.34602446659865 102.32634452865848 108.03495321519976 109.88228906283909 109.65172561602679 110.28422499390422 110.44322012711274 109.62680997536768 111.66402669009993 110.88066296700757 106.41221796774738 109.2227729507869 118.25564822734437 109.39202988327783 107.91128262472162 110.25754971584102 108.48447602412364 108.9386159819491 112.54377090786961 109.49680551436659 119.32413325393746 144.87695407619242 137.75772774209676 108.3847662274315 134.85462882746984 107.74061828996659 108.87313525079956 110.48046751894456 138.89398539177682 136.63576707403013 136.56427285690364 135.44390850238719 135.42218619033196 134.43642048274751 132.51422838296531 120.30808896608561 136.26636671877986 138.02272813359758 136.06369307578396 136.06900502423713 134.44835752006938 135.0421555630123 136.44747246348544 140.02447264519901 134.84241441399035 137.66499595658678 136.71227570108189 134.86725615688479 130.07505827457604 131.55448829866955 138.18690884357142 141.47608178834528 135.5729906515723 136.04181020966166 133.51071071052195 131.2453468914606 128.43677735889486 127.33079352688557 139.38299993642815 136.64979615544638 134.89438705543344 132.51118763241942 134.42184191673113 129.23406579309062 128.96908299473705 138.98159299783285 140.64450448766354 140.45660510040182 154.90469020230015 132.61635927871441 133.53012363689106 139.57466445232311 141.18989141553081 149.8973315810766 144.08102042745213 154.16307406500169 139.42542571678797 127.98023130815443 130.92846181652263 149.51946827605144 151.05050343705068 146.17884349323984 152.54281706545561 153.34985173774945 139.06228426413099 129.65798392594303 150.6762010243207 149.1114395722293 152.0858982425365 150.9331148033468 143.54507104266628 122.91808187364623 154.89841011299524 153.69219542122707 138.11270700037829 156.96862314908543 152.89651827427008 151.64812424961929 153.69352719773187 154.88130969772646 154.53369343843352 150.39176235333758 151.57884916966935 151.91409859330932 153.86321744055115 151.94288706545191 151.90041066711848 153.98970217403655 152.92727729662079 154.88332385180047 152.96357275682428 153.21169317464268 154.21356961026564 153.54860461278983 155.13734505592126 152.4574811022884 150.20786667246512 157.97193986492132 155.74655351741885 155.24898296688195 154.99576813877306 154.65244220196914 154.42651921395452 155.63809009324149 157.22824260645888 156.05005664515215 156.59421077225952 155.74103077867568 156.6093641078881 155.47269035417244 156.67467671160898 156.01627929548218 158.22341456109589 156.27689302746472 157.55004015211586 156.73184916054805 157.77002616374531 156.43636830693836 157.93246822234272 155.25277418648454 159.39186933562348 157.42394881672115 158.4559022126914 157.64875445689464 161.16703571921514 158.93009408112965 159.42945598731632 154.5684203979842 159.10016238166804 158.36306828205653 159.84150493587725 158.40029472641049 160.88684358033586 160.37812959533196 159.17820583667736 160.3411877662719
