# Created by Octave 5.2.0, Fri Apr 02 16:04:26 2021 CEST <br1@br1>
# name: ptcls
# type: scalar struct
# ndims: 2
 1 1
# length: 2
# name: x
# type: matrix
# rows: 2
# columns: 320
 127.92603165112521 105.06270744179716 103.75956579473791 95.613547037200547 106.9419829757439 114.78307708165887 90.153072668009258 99.868819711739604 113.69114743627961 114.63631809302287 107.1443993380914 103.92916117919023 112.7071368312084 112.1568938552345 112.44225684426851 113.61766504001591 114.21239428964836 114.76492941502921 107.40997095096748 107.24608830470501 108.07012471343873 137.1815804231527 113.29977623929992 138.02772150262405 135.6665342885413 124.78661508209922 136.82387032604507 133.6433484260927 140.17303573550927 140.94525881127319 136.4383134249056 138.98026281721425 132.71383644954369 122.18253124079861 135.47112573549475 134.99991442780581 136.26132174453059 138.1010141423661 141.07268840406905 142.39746874773439 136.52738492093897 137.78975721802553 133.63889428553099 137.41418329961058 136.09900870571684 141.65649837974689 150.40881075513568 148.40601410712142 137.82154919591571 135.83991978079058 136.88201915378281 136.99910950907088 138.68244057124227 137.70717264528054 149.47861444315495 151.20115854999361 138.60863894144214 139.94025942175071 149.85093359570394 148.49020610400092 146.74524981504814 149.19707097495316 149.37935042709989 149.35150654411621 95.266725946897949 96.231037123329244 94.830470017874575 86.133780294882939 93.846142615486158 93.911857676559421 92.946121906122755 62.802201350579779 98.008468375228645 96.921707449294061 95.924800368746077 94.852423161841728 95.839107554371665 94.540233807961812 94.435551832147823 92.665136237320027 100.13829365168337 98.894194607009581 97.842406469209152 96.746993447340103 96.639892163611563 95.545995767210414 95.356505000265926 94.318207103411126 99.03021356149435 99.82997909707845 98.612847855924812 97.566486408625181 97.562862222761879 96.439437792933319 96.225667549402445 95.210483297692477 102.65290915578233 105.02829016147416 99.904406127922826 98.615959459702495 97.375752904456192 97.691845412003005 98.728106567257285 96.448335645901835 104.07881725344296 107.48011409119411 102.52610349106706 98.404060231161182 99.350918882336387 99.378884993410438 99.845618693188214 100.95982961945037 103.96774090825868 104.60118390770936 108.7283334078608 101.02743003688995 99.630519487388611 101.1524175993014 105.34319901913189 100.09530284250842 104.87506570977969 106.19136436867652 106.22542919589327 101.38508835754219 100.61591988426751 100.41284699887645 101.43187712044015 102.92098062219024 107.4815163258221 106.24328615145819 104.72470585282208 108.28031277315196 101.32503908432511 100.43076334231975 103.8399075575861 89.05374357586139 101.81313339851036 101.68243123869581 105.03909982990423 109.50929108608308 105.23420822549569 102.14868667566284 101.7199413202067 89.344061217686033 114.32609354265509 110.19023881487006 98.382289270848219 103.7818048252432 110.53615568822178 105.79233688146887 102.59139639298402 90.949571585394935 111.20902610070604 110.2805893911962 112.42258624772126 100.72706218575135 110.39373339478806 106.69391896605941 111.46219987876854 113.02627885912476 109.26281492297829 111.640287700044 112.44523681927207 113.15771629841777 112.6956735344916 105.75878635137654 117.00526688302361 115.96076231800863 109.79981174257627 111.28638409376585 111.98423217563663 111.56500874696987 113.24626722387526 114.30671878922608 111.2339726715674 117.20143086284594 120.33055595670405 110.52272612919373 109.18326550716672 112.06839937912044 109.80059014333541 110.31872008749185 113.84158442505652 113.05742981623692 119.18757611233852 139.825138621284 137.43534747495571 111.9442149401242 131.65274863540796 112.37898320504118 115.51213186326056 114.23915003347703 136.56562093043573 135.09583010759746 133.53779884502237 132.78467409673962 133.90567454867164 132.22204179876238 130.06035969418417 121.68875239348469 134.79797751249299 135.76369470707041 134.2081304520666 133.57506677391808 133.8814993422867 133.07556254191363 134.09387719199771 136.74773503045768 136.06069780940464 136.02577303435146 134.92190806344098 132.86866945790447 129.43578123755177 131.50170339406512 135.74418185739631 137.80904695482712 134.38320474868809 134.80652590500523 133.2114533096765 130.0279152259707 128.32538107052358 127.1499746952628 134.76067029710723 135.93304385481051 136.07919286831 132.26427026996461 133.5470876101642 129.59265000861623 128.05835274525154 137.00810490536512 139.77813846889313 138.72920764365585 148.88172601777561 132.54770847818369 132.67072083249775 139.04419600144564 139.23968329602346 145.91357312969444 138.85262722910284 149.68192754707451 138.53881850106254 128.61016651540356 130.90534988500417 145.69431668486345 146.74871211689546 144.07354434681221 147.93279381882479 148.83977779383099 137.30570640007605 128.83962776624202 147.83999830053011 146.6494352849742 147.9216530682931 146.52989091240639 141.32926878516503 125.93804113802264 149.18243250341814 150.4034046356129 143.67854735325994 151.94178418234208 148.65878736691084 146.87012530345604 150.17991244684012 151.32611270769513 149.45024491956721 148.05532648268314 148.37701452789375 149.00328074312114 148.73227976393895 147.4047918232811 147.63573722341417 150.32450129140986 149.56186829091044 149.97836316800644 149.13304824619132 150.65019882939183 149.73886440514488 148.99927503944804 150.69113742794269 146.9023753817799 147.07404570141509 153.70869312756889 150.86074632398154 151.59969532101144 151.15695086195464 149.96234472691285 150.10048971054826 151.45510874745997 153.02859882731903 151.73095290806629 152.47111852589086 152.27833123865867 152.01418818342188 150.94373623013686 152.73655167658413 152.51716361485845 153.99491358104078 152.69594096178878 153.54438168443718 153.26090688642194 152.92656581247803 151.89407463167774 153.81784036478123 152.31657670211078 154.76504312538231 153.84781727058638 154.29922163613824 154.00690560547693 155.88506025892494 154.83091623786879 154.56902440152305 151.38791242534347 154.74722748236567 154.66272876327642 155.48805935983151 155.02216531867398 156.12923625936037 156.15594623034062 155.67498513039064 153.49935098180288
