# Created by Octave 5.2.0, Fri Apr 02 16:06:06 2021 CEST <br1@br1>
# name: ptcls
# type: scalar struct
# ndims: 2
 1 1
# length: 2
# name: x
# type: matrix
# rows: 2
# columns: 320
 146.94902595631072 92.569634459420598 91.638036649618726 76.601776690392981 94.700849905517032 108.90839865960669 66.007867049125977 82.280728702533594 94.654986311123906 109.61331645245936 98.548273209014681 92.626866604639631 107.30765302809894 108.23645779861953 108.12612431589589 109.33401251276356 88.982017357963699 100.64885167714074 94.356428081188426 96.852211163065576 98.137058703988146 146.56831037285767 107.61928751530681 148.26355985583257 142.60857624460843 126.3132004971271 144.56287702606181 142.75034260481578 150.72536628771095 149.89545498010145 141.13793324073023 149.89825219539176 140.55480080209165 119.63719904761365 148.69656986732556 145.07930593980274 146.44297553751025 149.59041794690862 148.65760444502723 150.98245047170255 147.48823526158446 148.38596011647581 141.34872031943195 148.91566335987733 144.38666174570034 151.07000496429291 161.00976580132368 159.91727849316584 145.7746354702002 143.73619622189855 139.57820647007551 147.55915789657436 147.76708022861507 145.58425112532265 160.47346187452123 161.75687530402951 146.71651051883705 154.26590648923761 162.41731496647503 160.57722874001786 159.38413183541385 160.50063516577981 161.48665004451303 159.89527908434707 81.196799207152807 82.183589369686786 81.692701086428713 65.561675935492104 82.808458840842761 80.89752627074391 80.512316715395826 24.094998562126481 84.374317052150388 85.542020996303165 83.343761806634831 82.168781953692005 84.601175673189061 83.578319106515423 83.910780248244578 79.721917321403538 90.835455673096817 88.825484126667135 87.83454296504685 84.365029452453129 85.238713913060366 84.499028666508536 85.338257955104567 83.397900791137346 90.777927942643927 89.891832901626287 88.821810762246869 86.645938418604771 86.323504308013156 85.547906142189404 85.656148095967978 84.44163103864301 107.63809239324449 93.563628961347973 89.746431569850216 87.772277646275072 86.552208053332507 85.53465779568505 86.316599426821554 89.274089613290343 94.326023936161178 94.018801918953045 92.554323419523854 87.367716627584173 88.048248733493921 87.370785065890615 86.72377648544331 90.446228361913839 91.68774566576856 93.573354261130177 96.697321266843332 90.753685984607415 88.422381211246076 91.615483502273776 102.92198045208841 87.806690658429773 91.803280823920758 95.088410808209886 94.928810021246122 91.812823702775816 89.69624058813713 89.552579106078966 91.345781750356238 92.602558723455303 112.63581534866464 95.516210690293548 91.986880139850896 93.571950666008263 90.546157634062496 89.322519833345851 92.552916389414264 67.159388394883081 88.91742865626513 90.024440258718869 92.954044262716081 101.78993833576477 96.208726180111043 91.725969047109558 90.627775037654686 64.05071782856723 130.83116501678035 107.75238351367172 71.775132197669308 94.197359392048341 93.241670780814033 97.435834188883049 91.746162601430029 66.922569185906156 124.86639623215571 113.62783629924388 116.60782612925104 89.225516464695048 93.700293368435212 94.257357778787949 104.0921113456411 89.544015887665637 111.40807377664011 112.54893625545083 123.80708471556053 108.98009576742071 102.14727559214856 93.164341832112584 94.287871239494748 98.033683563686239 112.55234410445155 110.28658035065163 109.43865833627534 101.01655575805417 88.170177400682974 89.526281656770152 101.58245734966479 96.960108273942012 117.66374016906249 110.71005132661682 104.86784530508152 100.1255635143679 104.03117658894006 107.04679641513188 112.46089875643162 106.00525080291031 112.20334154604019 155.1712195314775 135.37043523621676 98.856372759251016 138.65362617737853 95.363930046058798 93.534338728813808 99.260104466108714 138.17212114953691 137.19785087423116 149.90966728754239 140.19244859176447 138.03022234158902 139.10956505434072 130.92668788004585 120.47823939699978 137.22414655031827 139.91613977041862 138.15155865619087 139.99292195473899 138.12555903995712 139.27947680878995 141.63741948937394 143.46242877558865 135.52894207830388 136.39324306867306 136.34398991476309 138.97752529080597 132.31941819585302 134.27075805165651 142.67025552828372 146.85190877947741 136.1506839664668 134.2303339022985 135.22390981720775 133.22838924619788 132.85896937987556 129.80451540349341 146.36417827054956 140.60130391469195 129.91197140133332 134.38496322466696 137.02817977070731 133.11074891049697 133.59571116797517 146.15238492087693 147.23811661004075 144.93759983120449 167.17790023868977 131.74788295158191 135.36353889672787 143.89626589042655 147.73111808711542 156.95407610603795 153.70987532158321 161.72403193923108 141.29280644414615 127.66130337536012 132.51804837389187 157.48542176436641 158.36610060087645 150.46888703690368 159.91495669345124 161.19889519676616 142.58101652953198 134.84665211870589 158.16286847305284 159.12251933571255 161.08038775792551 156.3668339709171 150.80411304374368 116.76420261793581 164.06162155956287 162.87832334599241 126.77223935408114 166.25358171712497 162.27140382193323 158.68981646893621 160.97992209462333 162.9570484212779 159.841609352087 155.15280148599192 157.92860982935773 160.90161064391049 162.70227213244564 157.11771730545431 161.38988663885303 161.45117211823211 160.22943009714311 164.13385462986133 163.54726236758012 161.03432353662706 162.73220035064406 162.05618804677692 162.81909256346984 158.7599952936107 159.76881010497885 167.38566336445095 165.26603766760732 164.71922153638886 163.82897781084088 163.26102796363534 162.20330578818249 163.37181295515344 165.98092661545726 164.80464217953354 164.30695902835959 163.48958933426343 165.35841693565297 164.38084239467014 163.71482324747882 169.01768934487211 167.11731373018031 165.85683164100658 165.35305537515345 164.5310334855111 165.89285649073611 164.77920992094676 168.28159569874322 162.58492994026747 168.98188801700306 167.86604159525885 166.78206450249948 165.98610074298628 168.94871303884173 167.00650986979872 167.57577258392331 160.39815566676356 169.37591805672156 169.0313916303993 167.8332759408637 166.49855416224 168.16488384920484 168.30638465701963 167.06200745548713 169.13597385458101
