# Created by Octave 5.2.0, Fri Apr 02 16:04:06 2021 CEST <br1@br1>
# name: ptcls
# type: scalar struct
# ndims: 2
 1 1
# length: 2
# name: x
# type: matrix
# rows: 2
# columns: 320
 125.61748379281366 107.71852159545817 105.26190284858374 99.628455060749971 110.14919251428876 115.85094793453463 94.779575695506665 103.58307495591976 116.59109551318248 115.69707620345243 109.91646842523187 105.31991112586859 114.02234688557283 114.00740049080092 115.75378598774441 114.81890879262816 118.1477449607639 117.76971690326806 108.87421064641782 107.69854375880841 111.33402255688145 135.97484767585132 114.01258949689603 134.98912973967501 131.60801518441838 124.46423058451569 134.75264919469146 131.72013226412633 137.98314066311528 139.1814694784135 134.86778308162022 137.31332394170474 132.03401180623595 122.69335122745824 132.85483925463186 133.02738396008371 133.89011977427225 136.04074655682263 140.15424895345834 139.98916330989621 134.07165048074029 135.49749349980468 133.90862060909583 135.05335338392771 134.09175111317194 138.85443525744154 148.25739253912295 146.30989545853885 136.44371661948492 134.02704001986589 135.1296867901828 135.1611812346525 136.41188311915516 136.52218372059932 148.00291401669261 147.78138283644776 138.32138877203647 136.53829251467826 146.31162251293196 146.99148567901636 145.50733358913885 146.15328266855045 147.09584155523385 146.71563572603031 98.523711631354828 99.375291744029525 97.578412855619902 90.47819984904001 96.281886621769146 94.829922778057423 95.45922104626159 70.976393243791705 100.42705536276682 99.601321094758831 98.642101853952298 97.547448801714822 97.899999706794347 96.859417405916872 96.527202704959677 94.757618870719313 103.53951907161083 100.80844587248679 99.809576534428828 98.749947017109548 98.57430139973421 97.599469554228293 97.358249539799743 96.461563880117211 102.30664270764623 101.79295151632964 100.8458965488765 99.492674282818427 99.70132124082923 98.481307543418652 98.203715634665812 97.358306572131156 106.41210185596447 105.40026467983606 103.06926906048548 100.55420892238359 99.518181172209225 99.823336452541355 100.46716786215509 98.500319318128632 106.9479046776443 109.00399785645411 105.43308946216561 100.73653581326904 101.7598387513281 101.59742264057859 100.98486913329839 101.95665653050769 107.28454612708489 106.49102355152488 113.1489460925325 104.50484319360709 101.80133774973811 103.12986784046298 104.06653761247487 102.05799874736883 107.46680097559123 108.75633603409591 108.04586745251618 104.48016167954573 102.70808737180742 103.04026570616733 104.19234763106914 105.4195981432087 107.48614586735908 108.11768281278145 106.59539458340215 111.14588679052103 103.96324966250916 102.79197500110833 106.26572865320374 94.237268672666033 103.4705863119697 103.39041440275469 106.61063714582725 112.71690665681518 108.12669880623262 105.41885494127597 104.29776570807496 94.685512616630376 112.91187845095641 110.271503961598 104.54998506801348 106.46799747407863 112.74814166624137 108.99069138160853 105.11905286081999 95.936208981452609 111.70230778535597 110.56344928072852 112.74313449998654 104.42698341392298 111.37975434507599 108.56262441432084 113.01861609073335 116.48500128850264 109.0825925099124 111.25298798899634 112.23046400314368 113.39507808297839 114.20522182211992 107.70712638501102 120.34637743430358 119.1843570918922 109.51712372121025 111.22185683960656 112.80350591162312 113.458931351101 114.54574553890257 115.75649959023529 114.82317312033638 118.95479513329182 120.48275879943762 111.9552173312488 112.13402796144403 113.55342170458906 113.35149658224974 114.56838531840883 115.45569852691075 115.51508958448291 120.27884345797973 136.58435134832388 136.40281246294165 114.68425956981405 129.79830498345962 115.53704207502552 117.3672581846853 116.66937936142779 135.30358988095506 134.19834993486538 132.75188689791278 130.88379749614327 133.15351341294584 130.10888635237308 128.48617978062646 122.76573208480212 132.35374734839542 135.38181046204039 131.87570810695885 131.27507786307086 132.94679851408819 132.22608451638752 133.10832634466411 132.50711746519852 136.36081673550879 135.67928874000819 134.21051480978932 131.84911508494724 130.21501348611528 131.1704080042052 132.93514921599657 136.33705282107672 134.48368825203084 133.79428093152396 133.51137408381152 130.81138724629832 127.39321898046968 128.29179991169096 133.5342023315458 134.79181364212809 135.2599208165561 131.42716675676633 132.79643336413432 128.56838037797866 128.25123866701091 135.47213933303999 138.17080429135885 137.46926095826382 145.01793767298628 132.41081976880943 131.74116211905209 137.36258602766668 138.13363535173843 143.54763328495281 137.36138777939695 146.68036476102361 137.65163539433956 129.33638450927768 130.33882839302481 143.50712703136188 144.71154303619414 142.93613711876671 145.36216786715906 145.28828906965796 136.49726134241178 129.27873619954326 144.81646533345588 145.20008985923167 146.12925908522828 144.76434565635813 139.41680833782232 127.87537349630185 146.96682165910622 146.84237160376458 142.66044385785926 147.06334695945606 146.84188038366275 144.61419211850949 147.58750577922908 148.73215342500109 145.23242861727471 146.55648082981048 144.61304924490148 146.41459123016693 146.67189942623915 145.65405738221273 145.66378559143348 148.90930149231653 145.95712172379839 147.57799048258209 147.25360710426062 148.02257746393056 147.71641196392764 146.53590527639363 147.29861433872216 143.85196550544978 144.17014261198395 149.23604277681679 148.50318385053558 148.91638196805954 148.69312603289316 147.63234598583327 147.76314878832505 148.5613181202757 149.60423913574303 149.29809889540837 150.16053096240233 149.87120772243441 149.49584843928631 148.31634690160999 149.50487842381625 149.59311547903943 151.71182091035115 150.39392937263557 151.00612653067836 150.52055508343398 150.32675826360122 149.15312267415959 151.26125859838663 149.97069333547353 152.54554028943357 151.27244527609747 151.76133541267791 151.35312547119557 153.38486015866155 152.26030241692237 151.61044132031867 150.40066063694471 152.73835162553846 152.13868570755429 152.88373405773757 152.80232892204739 153.88021880644681 153.95992463799391 152.74866683357945 150.51087762972111
