# Created by Octave 5.2.0, Fri Apr 02 16:08:06 2021 CEST <br1@br1>
# name: ptcls
# type: scalar struct
# ndims: 2
 1 1
# length: 2
# name: x
# type: matrix
# rows: 2
# columns: 320
 192.7473554816807 75.7618475893305 76.679915694753106 50.977216657739305 80.930334580801528 107.04314824270372 26.14878892519237 58.575040820563807 39.818581540964573 115.06958011265489 80.800532906668181 77.132031108640277 99.265772361281336 105.98929584154976 104.80718693650809 109.42417396785983 18.229508977511099 58.104060092001077 77.769049105917873 79.375610046680777 79.546591362241074 155.91521750062901 106.05754879098826 157.86371626543021 154.56613265388049 141.87527785371026 155.38192209480994 155.02498693265994 163.87852938339771 158.41734102037742 153.36445708824789 157.26059739995833 155.80708374910247 147.56161611901979 161.65023746383733 155.20729553672945 157.34571496591556 160.78354485275585 159.99969709611614 156.82406724108952 159.4937260252143 160.48646931933661 154.81274410473259 164.10883345430886 156.48195820740327 169.47332935326349 176.77718361660101 176.12950729999704 158.48619125612362 154.80539746308267 145.46482240668394 158.94895469303813 160.84949112293347 157.78779034262746 177.94199300660392 181.24658088822625 158.99709472677574 164.93706587720303 180.91357254337294 183.17621126343673 177.35693469186026 179.16005668454889 178.51671347825857 177.3669933369722 66.884005875883631 67.448016952218438 66.783447395238582 37.834057016313153 67.336796604919584 66.556316737121634 69.536988912633689 28.075579109261 68.400950206549226 68.650992166897069 68.234966975213126 67.211529287311322 69.763044985643617 67.085374154861697 68.029588776520569 67.89203155724455 76.404040906894451 73.976741216456446 69.674091991584717 69.062809288944308 69.412536913882121 67.496533637233185 70.895442172437626 68.856770949942046 77.906360111217751 74.736206592396712 73.669269984028404 69.527865476842067 70.623307325028378 70.103797636431736 70.340533854948717 70.76184896644655 104.21199465432635 47.821775311790248 75.370119967278313 70.816932798372306 71.451015180319843 69.576140166728223 71.958781488210207 68.371331208789698 78.370794017622259 80.765522865490965 77.75463853810524 71.82513404898431 72.658778356454491 73.042020306028363 71.381615896253848 74.068417499690185 78.599141195681696 86.766175137491672 78.881378421847089 76.034704533330526 72.037626084748098 75.235077481666465 92.263380859665091 71.997810632022379 60.333939411291226 82.150620090662613 76.56088523815697 77.461053117372629 74.865178392525436 73.002251789088078 74.023707243766907 75.022825609991443 116.93909149623438 77.045688176722877 77.115888356141184 79.908779133770594 75.521307210398788 73.687106824482839 76.092423031942033 40.043193730667767 72.640312044635181 72.984173138386225 81.842311713582149 97.460601574787432 79.62889261257277 77.176820546052781 74.428328080721812 29.959689782363164 121.15085411473559 124.14610632712736 35.913311794689037 79.931468002455901 78.409399349787179 79.935509721409716 76.543813089143825 39.460300270582763 236.41900641526189 129.18307656807653 148.97310515556376 73.946705207890901 77.841180258088158 81.057437595060506 106.96689510047989 19.657365365421306 129.48212471351545 116.69918794802626 97.067425487499605 95.517051416723803 59.887725355737174 81.809574793371695 39.2465600444988 60.878846460019602 123.01156831073216 126.72717575980373 118.99553234687235 62.510437180544045 19.557809968157613 20.918828926991335 88.425789618321772 61.370691110404003 119.63307012990971 102.14474927883926 90.121737923653029 61.702574152067761 94.195985694473947 126.62599861105515 123.72333317248453 84.101049636678837 91.463119273340027 176.71561666792437 146.55860564878739 60.766136118674858 168.60106035307328 38.8046634350261 39.835407872999113 62.031857845071258 146.26528895175639 149.19825911364671 187.50474642816383 178.56942622309811 178.10766881586468 157.59148923472486 125.95311913752158 125.8501702126587 137.20839239822351 138.11467265050015 154.74805719296751 176.97522900276419 167.94362439405188 155.00948923573722 156.01801140360499 157.50977905442107 120.97998121910885 130.91197721573377 159.74130633946081 166.46344687784517 159.43229395436737 116.25496912755757 156.49468162229397 158.30932558154817 165.91117939731444 115.26184658068362 160.26858069865813 122.59432430995864 121.48115363486626 128.34895675527665 158.51620975466599 154.50175783334993 115.37930199880248 120.75525181643096 160.65080110777879 117.4112581668346 233.26210918626964 157.03737656707708 161.24058393793769 156.72292248822106 191.8379611451393 113.32068117281291 161.49515174003287 155.49611324901304 159.81555124148142 173.46551580738105 171.2189210647424 178.843260076489 148.03003802655559 85.646887372559348 128.95161284684124 175.51227772557979 175.08701447725338 159.08869674963566 176.19357912268984 177.84455720527626 147.28499062507586 121.7440109493091 174.49594799152268 176.57884428956567 176.14891104446852 175.10333763361041 156.05945339652396 104.39946374303616 199.33497550119054 187.68325089545317 103.98629973142852 184.75566071423395 176.82470334807715 175.55254105402355 178.44000272866697 181.04196140545289 167.17955003318139 167.58747403655548 158.16269580927445 178.94988545844311 179.51099218353087 174.94591391763859 175.01220611796268 178.75459332279993 175.8839486419086 181.49015878912758 179.88960843414344 176.49167470658037 178.00458604923844 178.33813587931809 180.04430391657925 174.32906146248936 177.43014826790096 185.46939620727574 185.98605769434872 182.95209814408116 181.78755509212746 182.08227639327242 180.14375304096285 179.44592032600607 184.57216143226532 183.51359563832318 182.27838384908907 181.22780664573392 179.97415516404652 179.43173196003335 182.14157834486463 183.90877878249034 184.42476154665471 183.61712190405339 181.62214140331088 180.55673955578297 180.24582694511579 179.9836635675592 183.09322507368049 182.2333904799776 186.70978139274115 184.61226823464671 182.60656484679549 182.23033245150518 185.75246079304841 183.44512550897886 181.65340998815068 172.11160523458875 184.58333433719659 184.55248985052106 183.34953153727631 181.16645190658025 185.55093305838372 184.61401518865767 182.74524390576826 186.8780676804362
