# Created by Octave 5.2.0, Fri Apr 02 16:08:03 2021 CEST <br1@br1>
# name: ptcls
# type: scalar struct
# ndims: 2
 1 1
# length: 2
# name: x
# type: matrix
# rows: 2
# columns: 320
 191.53378729645129 76.22657902352654 77.119685644231296 51.685729838365674 81.568503223944546 107.13561044307023 28.011971760450159 59.230497628359878 41.043086579388074 115.24988209057661 81.271798303934062 77.62776440661851 99.488128508750947 106.14843138251202 104.99191021983886 109.42253734843958 20.014419479876217 59.448632154261531 78.34830318034976 79.46862996756083 79.856733326476302 155.65231861187084 106.10001075784561 157.62210884032342 154.65803462495316 141.77018936635386 154.8870127236703 154.68559584525411 163.34226888007757 157.97239553841607 152.46058869465179 156.74211286551613 155.31886555418703 145.98853802596074 161.42970157919365 154.50083092095073 156.88515439807267 160.39093406371026 159.67312005569579 156.49917792029566 159.63659615182937 160.57156763096603 154.25313210656878 163.41059681729158 156.04890853911084 168.96449358228315 176.42940946475437 175.76689376257494 158.01077090848887 154.15725785730569 145.29613292266032 158.84282624664897 160.39782110173624 157.59755479530818 177.49538783763236 180.59062118354905 158.62515740113429 164.53825923473138 180.27426731878518 182.50793355091869 177.04064074798319 178.56239517208834 178.28992789998057 176.74918958852973 67.126697126094669 67.830374453456599 66.924293664316792 38.600719290576166 67.971331017890321 67.22356540931689 69.689479644460391 26.633074657517568 69.037755631339977 68.994651570801949 68.604899866703775 67.770655245226493 70.418524512755781 67.402198062292129 68.290731398489697 68.192047781415567 76.629148358569992 74.431373359591646 70.072550652874426 69.638298000531876 70.05659449442021 68.328318790507012 71.434516761709887 69.440700232209139 78.159254922768866 75.340635027252674 74.09319526998172 70.058221843609218 70.99708432607143 70.727644241056495 71.071689322397788 71.22050316718888 104.07574297609619 49.682027364910738 75.638765532552114 71.381491062340217 71.695951299858521 70.14116897521852 72.397032742584202 69.067819332996663 78.853684023323851 81.169792721349054 77.737285030527559 72.102815162587561 72.986202540574681 73.272712060444789 72.248422096241868 74.532687715571257 79.07832181724082 86.515268144259807 79.402806417252776 76.263236411907315 72.904751696369885 75.627540756998101 92.558088682497072 72.270445282519034 61.746596005077265 82.374648008443444 77.113540192779539 77.772982079230431 75.172812329202657 73.97009028644662 74.126174459633916 75.276794648769794 117.21479724639239 77.636255929756899 77.658814793055527 80.147205206735975 76.05803754770416 74.019701967844597 76.532793648828687 40.280981104325022 73.618901821728898 73.065991148610735 82.279889676592447 97.539849044367685 80.416073410008792 77.382398035803106 75.113542768414817 30.90229885276532 121.70097545451841 123.93277827862248 36.904882865739182 80.157755750191839 78.827908780258639 80.461019317385691 76.609098541733161 39.970506329966518 233.31377179361124 129.12380708682062 148.07927321516024 74.229971014732158 78.228308902157281 81.234867063188247 106.8801717895316 21.234884567803007 129.1424954216431 116.93287259689768 98.236807768370255 96.534448284146436 60.994905397358416 81.505460657705584 41.02318809194297 62.111004844621426 122.40112006241093 126.39892361623147 119.62096152798783 63.646934971063445 21.737203626752649 23.059742311990529 88.784195681433602 62.501896353745089 119.37528975881301 102.40384453832645 90.740596127434401 62.925604088549676 94.423434444305983 126.16269688943666 123.42448220632312 84.763151522663733 91.295120374059508 175.93724482419725 146.43390142796025 61.207412211485583 167.76999506027875 40.16923730341864 41.551006570321888 63.123284687337986 145.30692590830242 148.77537740559535 186.42706696752666 177.11456214603848 176.6613322209152 156.97653111385313 125.33804867729167 125.9422460239405 137.00016691247842 138.08885887445652 154.45649951425651 175.96344368721455 167.07629193505298 154.44704840614764 155.66824621039936 157.17341708520016 121.93449525225651 130.66998411443026 159.24120545312368 165.34915671648463 158.72880320717087 116.41209227752739 156.41810443061905 157.86279950118893 164.88730867432528 116.33444925201538 159.62901064914243 122.70194789011563 121.86248004946003 127.60144904917561 158.89597802644764 153.94011455773446 115.9650621724536 120.92831566943242 159.74317992115351 117.66757796087343 230.324552622591 156.79011664072476 161.43594051289799 156.47601487471169 191.15611614311766 114.24797318132188 160.70152503767451 155.28947289286154 159.34228931844379 172.91780621509065 170.73348076294087 178.44011927202075 147.92736449645625 86.808308419453084 128.95712926330449 175.09768205585851 174.58094549502994 158.85036099720989 175.66147035708912 177.2659206053857 147.05421574202092 122.65171510640707 174.00765645086327 176.16122672291138 175.56704854237233 174.46317320789819 155.55921120020028 104.74134592390897 197.58469651530899 186.80826917043504 104.61632571177836 184.02971177780628 176.80343746492079 175.11695180457951 178.03039305995111 180.7071920521303 167.03301127400039 166.73842169157524 159.59838708113585 178.23837917982686 179.16956770006607 174.39945028410119 175.17463518944831 178.1491245764675 175.71386973335359 181.3820452876335 179.07820512833146 176.30054561047154 177.31290409257784 177.77133779500463 179.74495772778792 173.48895345071793 176.6334743010718 185.05979336115396 184.9884984027666 182.27590631508298 180.79429344088106 181.48379003013926 179.30809222438967 179.15969506389774 184.23554690276515 182.78988574327443 181.98496197849821 180.84806663806299 179.55927975824855 178.95287928307985 181.56069647513385 183.55397303277937 183.94190859476518 183.15435579098929 181.24625343488003 180.11892326009908 180.10460061759423 179.63704529213467 182.78950541249301 181.73501268814215 186.05052930672414 184.58158684492437 182.5622210639832 181.83879796231716 185.55574179180385 183.01954878651833 180.93470764692714 171.7877310529899 184.07400636289319 183.99508435510324 183.010293638647 180.71084831210092 185.19172939815667 184.0564594215451 182.23427672919254 186.55453331361383
