# Created by Octave 5.2.0, Fri Apr 02 16:05:52 2021 CEST <br1@br1>
# name: ptcls
# type: scalar struct
# ndims: 2
 1 1
# length: 2
# name: x
# type: matrix
# rows: 2
# columns: 320
 141.84192438270838 94.351104957172083 93.217044734641988 79.317743882794062 96.74688144465388 109.3378961261383 69.094695742491851 84.793313132420167 100.16518103878309 110.330888115397 98.634142852058162 94.273551287765017 108.16001826006578 109.02846374925441 108.28396835578108 109.83216160675441 96.166447985894564 104.0810740829193 97.499010561318116 98.257894299717307 99.532304114284969 145.4849295705007 108.36190965410906 146.49170814183896 141.62233559528809 126.09511686640883 143.5813650893304 141.44934343642677 148.45070005451154 148.37461438716002 141.04984650037588 148.63765123748729 140.11446562502215 119.19582178720705 147.27417881782085 144.22906049295094 144.86103946148089 147.09039389188055 147.65127271499964 149.13563674398983 146.54991204062878 146.80324611070216 140.59349935994126 147.7839382975944 143.27670305562117 149.07823083161861 158.60709981648822 157.68162053473594 144.83233033224838 142.58460354518809 138.69983145597106 146.26425708111222 145.97124444943211 144.12730567107013 158.51700944310531 159.48986226717759 145.27333633532413 151.17429508657722 160.97472214269752 158.57885901064418 157.47873657881541 159.02716618684164 159.76028601828583 157.9250924773921 82.578506508222958 83.623978342018248 82.828625503847334 68.500547986833652 83.613687151464163 82.210429241697682 81.27318017848269 29.624598960476302 85.992878854109264 87.294999530232417 84.785328851833597 83.710930816593319 86.17851066883712 84.423249314803485 85.041933481191734 81.233992792158105 92.50739161556551 90.612992605679935 89.452164727114081 86.095194681929868 87.05191117457143 86.096152701812088 87.196172389371412 84.964698236747779 92.773065553136789 91.55801729689054 90.272959006383786 88.029809343511488 88.079061255084625 87.14145976244717 87.154498884679768 86.133328032454543 106.32473669655282 95.350996192392117 91.631758166012418 89.172075634267372 88.088119836169568 88.278843025158125 88.20129470560974 90.656936035943744 95.528964613957896 95.359221153998604 94.477362205232311 89.139328557170401 89.995735134500634 89.172351572417696 89.424585487770116 91.594771463264422 93.794821372185226 95.294365785582897 98.287096998262342 92.396702851599613 90.038320571176129 92.60315550559946 104.05169377294433 90.297625676544499 94.387882921297987 96.235400797907502 96.565009577428938 93.69650881544095 91.23625093118244 91.015399767227649 92.605800628100937 94.166818698453923 111.90047551899201 96.488414167255755 94.423293505290829 96.104436177724196 92.115200254185083 90.936594089798575 94.211683920436684 70.009355378174405 91.146701430304617 90.545529633483298 94.465512776670138 102.87455316695066 97.589329113008333 93.404370337309658 91.978564579485251 67.664052598441344 128.47329766333388 107.77376343255618 75.576154636694866 95.461711107396724 96.415539199238722 98.514519103845132 93.221395511437464 70.995282537727732 114.23483071944933 110.98713119126026 113.24252269568974 91.625903093502288 95.432511598275909 95.633742540900386 105.14498113608788 97.120559545567772 110.14288546099426 110.00713325985063 111.9993948768218 108.20189962375163 105.08567412664655 95.108397709113021 99.467029970413478 101.53431042522365 111.2907575649252 108.89294322071839 107.82497784490465 105.70670180751986 95.13039868239261 97.256215961041349 103.40523707852792 101.95053723443559 117.74879498968629 108.2474089287354 105.25287528106175 104.62399466971755 105.44023418853955 105.79035244094479 110.22958018775438 104.74193300771424 116.7223110206581 152.97892225859272 135.7755804465329 102.61502060274691 138.31947367616914 100.33975640622346 99.88938616449343 103.10655435174216 138.64596507588644 136.69984013909047 146.99696474873997 138.88947260110589 137.57723720539997 137.69299754730753 131.90377380138352 118.23086315410973 137.67699105048379 140.26104687338051 137.94680090622731 139.98753619337026 136.63662713257906 138.95006728124679 141.0414982893991 142.6099361458713 134.7653703353561 136.78486630976704 135.80047654741713 138.77092024798529 130.63932901883354 134.38773210207412 141.6989598172859 145.66816827276753 135.65278288805479 134.63347608133625 134.49209746610285 133.19050494204581 131.31240818457687 129.39999957014865 145.4463170312257 139.79248227200102 130.97304140174353 133.69518850195828 136.79320637576214 132.42229953327526 132.28264932757594 144.43162423330469 145.64494807996729 144.35653194505787 164.56416106427346 131.02459498406526 135.24173758091155 143.27120987787217 146.29834004485602 155.17108716511007 151.8653874413931 160.18559494407569 140.76407376641004 130.3397484131124 131.43855465619671 155.64602745712864 157.08210925847138 149.5552666526049 158.84398870823063 159.74641365828523 141.96270662547704 133.66085433617656 156.34863641170463 156.69815202546133 159.09346841844354 154.61681097303966 149.9158428162398 118.07475097794821 161.47752341201956 161.55469181260378 129.1873389454222 164.31166920345936 160.12448273656972 157.85200304002026 159.67430509517067 160.73165581492006 157.58245579308681 154.13887648551923 157.57314578476507 158.39479428346087 160.92991511844752 155.96332331421678 159.04272888598558 159.67883762976493 158.16291186222693 162.54538511419651 161.14351996909153 158.6016043728242 160.26867265151978 159.77518871485972 161.32351898344453 158.31532741790906 157.51070777481263 165.25754444947856 163.92501269489401 161.9735005242791 161.64134903325908 160.55416793226246 160.49457512366655 161.66346762036093 164.90599775339967 163.09851210970626 162.68358143136768 161.99530438759399 163.92556761107232 162.55106772956728 161.76557024061287 166.36006521188816 166.14360132022605 164.29335183179819 163.76735293169671 163.13799835438246 164.48791797741097 162.72244836142991 166.66320382368914 160.91629521359798 167.2732247937729 165.55339270329586 164.96114262505819 164.59615601228145 167.0209363037564 165.56229505686019 166.09019753596397 159.15663797063462 168.14347014269705 166.77669113940019 166.12702283264255 164.99891307823609 167.27188600207762 166.71774852880043 165.6429504024326 167.29931804659168
