# Created by Octave 5.2.0, Fri Apr 02 16:05:00 2021 CEST <br1@br1>
# name: ptcls
# type: scalar struct
# ndims: 2
 1 1
# length: 2
# name: x
# type: matrix
# rows: 2
# columns: 320
 131.728345770705 100.70243455785129 98.841871890201247 89.000757351354437 102.92080060405014 111.11543215240289 81.112548283577084 93.751222838972296 108.45713786885455 112.88918708760947 102.71455046640011 99.626877920638904 111.19888560881714 111.77401951973627 110.09699437616499 109.98967828434081 108.19932839333916 109.5162749694429 102.90790482546551 103.92399494261385 104.82308762999484 140.08221452550268 111.01993297906046 140.19310811093911 140.45022421752242 125.31760131341326 140.38815701476238 136.81099857521377 142.22232861155996 143.15828958266792 138.90723532508648 143.29872850014311 137.58113261669618 121.08316408945521 141.75755045723091 138.55760755347421 139.55208232438787 141.15458751549968 142.36104531879232 144.27101015065068 140.67522169067749 143.09609046994302 135.57801463317381 141.82780628631497 139.1180615230835 143.21769038021364 153.08776675633166 152.12808353601099 140.97329560842903 139.44622012539483 137.77736311374909 140.27532772674775 143.88014524036473 141.3664261031021 152.98012993005347 154.1703576101898 142.04318890084639 142.93866162659148 154.77529467484416 152.03723328834224 151.29722511577779 153.53718729511931 153.27230821640012 152.44006477849391 88.522651316622742 91.169061179505434 89.525182249084395 78.978265735094823 89.357188500060104 88.864217071154826 87.749965541096799 49.338826467639095 93.130303667183711 92.096042187952406 91.12040014591858 90.059282338088252 91.537778803879746 90.530516203143023 90.80453076106491 88.214624891186375 97.55444785348206 95.397143409260508 94.332074013133862 92.118292623108147 92.628886345073823 91.848597608760585 92.486583514330519 91.15764400393951 97.092561643424716 96.553424277821165 95.479886958260849 93.51804822957294 93.736895243030204 93.014001840702178 92.975531304696219 91.819364678379443 101.80246477807637 100.57798027860014 96.238937102311979 94.707679092812427 94.109053752929384 93.942301180223708 95.059101091938047 94.070274489871935 100.95655832647438 101.93283490481789 99.61615581197627 94.935560740271612 95.924699371839012 95.064046313180668 96.235356539453406 97.284160604467004 100.04484785784139 100.71913795849655 104.74805490071934 97.674836515637637 95.834023039674378 98.182958911366626 108.07936735164807 96.079158244441416 102.42502171021943 103.02213008660642 101.91214262146256 98.473820700232139 96.797342890072272 97.156168322185692 98.722543590223651 99.83228940503831 109.27882916972439 100.8136629568874 100.80277788327683 103.98789333624292 97.822036591622506 96.74460194079056 99.872910271726084 81.789662433762615 97.569936715078526 97.510166059157029 99.791831596798517 106.65676191078973 101.15628525847845 98.588427530403848 97.847636823881828 80.546376560601232 120.06698796843779 109.15535712594897 89.127625941046858 100.83489984836503 104.87412191902015 101.97130871058644 98.784925419946859 82.883198607804317 110.89118201253663 109.9956682405429 112.27949828433542 96.601570503233887 103.7407648577755 103.50659718619285 108.89869082376769 106.99542337342855 108.71338762194681 111.06473731873271 111.38953555323199 110.81159468036242 111.07618039104109 102.08927634683971 107.76123501079637 109.28475310757527 109.72813983449332 110.3465097460589 110.47781028511476 109.46745823873695 111.32579653495266 110.54527360728727 106.27490865480455 108.89103863162526 118.08083811034054 109.36542353803671 107.49455886646321 110.07544465034643 108.30628245326834 108.91109588195199 112.45563155052034 109.30722867498834 119.38922541314348 145.16290589439478 137.7949966532903 107.99613535646327 135.31009027802025 107.29691818751098 108.46126634046696 110.26361862663198 139.21380949450872 136.6217462740839 136.75582473442719 135.60011279982021 135.49962362211807 134.45637101658457 132.65312661063217 120.1729200752183 136.08970453037145 138.18643308659657 136.10785587473941 136.28548902675183 134.43873688396894 135.11307021988836 136.62760744262928 140.10518943045 134.83209134225658 137.71684973846303 136.75260650207127 135.03791955512568 130.04362826549831 131.60976088963767 138.36636956167717 141.73742041437737 135.60600738009202 135.96303438960533 133.68267134801084 131.43807115481968 128.3236085592047 127.15405656221206 139.82632342828398 136.61776652896137 134.75598662059733 132.5110007319102 134.54296475143406 129.20058268281787 128.99402013685847 138.72718468451771 140.91696941777224 140.89959565796096 155.24561270331097 132.60093568928048 133.5765434498864 139.75176222650785 141.28859636248478 150.09170392748592 144.37704613567601 154.43874614270175 139.46558893654165 128.11261670800414 130.84704370946508 149.74394802774128 151.35314112526439 146.29801136945272 152.71202725980217 153.79128635038825 139.17173529417616 129.90534405855635 150.99309379252156 149.3054958339533 152.43795007475359 150.86354581665046 144.05923949021849 122.74714078320983 155.15856844673235 153.94174095891594 137.79769401020337 157.02796660712454 153.03122792330143 151.68491770759564 153.85427689689962 154.96883796119911 155.07573471741406 150.52401344035576 151.80163209163882 151.86606903243373 154.0691325275877 152.3094453787572 151.72414969151274 154.12269112241589 152.91843428807852 155.09689991287451 153.31034022406746 153.47095519528813 154.31239185064902 153.69665884641307 155.54217527146449 153.11581048043834 150.4673516787656 158.28200848173478 156.01463800318507 155.39093222198954 155.15565049132869 154.76450549257669 154.65267476503971 155.76715301174849 157.54433276368022 156.2625086849996 156.53283129281348 155.75940455600056 156.83640266158596 155.78660888804612 156.90015349922953 156.05874524941004 158.81176067811336 156.62577147852349 157.67414027346265 156.87125100698884 157.81555779696899 156.75920942836785 158.3020984899118 155.42316530426311 159.83791801499706 157.76740657515325 158.75700253502504 157.91265943785493 161.25205228225579 159.25892491292345 159.67516306682464 154.73035748878362 159.44179248288998 158.85058781337227 160.26792044209012 158.6953919533652 161.11200749047731 160.85372240498774 159.512782750393 160.62214823703181
