# Created by Octave 5.2.0, Fri Apr 02 16:04:48 2021 CEST <br1@br1>
# name: ptcls
# type: scalar struct
# ndims: 2
 1 1
# length: 2
# name: x
# type: matrix
# rows: 2
# columns: 320
 130.3703764422836 102.25153933850476 99.93750229049212 91.362467953442334 104.02369897971155 111.64186017716308 84.099434514822988 95.936078864960621 110.31910263272606 113.51316244668568 103.79316902890838 100.98510420537868 111.95338050051789 111.60886136103261 111.00844792287836 110.59087000881915 109.38232530917219 111.36429284995971 105.33781464950138 105.32409616094989 105.17225430768879 138.29865858026244 112.18771391358396 138.98167191881114 139.31134565843908 125.12796337365825 138.95102180699314 135.67969495052768 140.99805252936829 142.16838535694848 137.79719363309957 142.0721848355758 135.99895526011051 120.74657586159368 140.17779481783776 138.03148118450932 139.28465377385666 139.56540344160578 141.81367532803398 143.69049944237119 139.64292446424989 141.0250105462828 135.9466812932825 139.99263834555376 137.20488777498613 143.17082740921873 152.68906076783452 150.7125773298755 139.72425017143149 138.18118426163991 137.95486773492939 138.86926975800858 141.91528302575776 139.92792103721416 151.50172600401629 153.82252579281015 140.81263361397069 141.66389961807869 152.92184290317496 150.53855973228065 150.32732092511807 152.15509326755776 151.34665256890062 151.66355619718749 90.66611430079017 92.64463059817912 91.657024439250677 81.533806649304864 90.696821455932451 90.811984750409962 88.342767366474902 54.14717464011791 95.633727352641529 94.651998687706879 92.82737904219195 91.777839119994781 93.00657262610369 91.858068056091099 92.193512855580806 89.625117518095095 98.168301445485298 96.685157714379287 95.85693788143692 93.96026501567512 94.13532616948811 93.272774105321545 93.615880690751069 92.521177100989803 96.506739246934217 97.780372273939832 97.024561296849868 95.040157813060944 95.405220557958955 94.342995511417627 94.401862385711297 93.231990728656669 102.13348043574869 102.4528783999146 97.475057539777112 96.136140668006433 95.343371324508183 95.498772535556881 96.471604086853731 95.426871050939596 101.09593893767288 104.03260359123054 100.62767760288378 96.31511886496412 97.644300045888968 96.418285551172872 97.661761204880335 98.671470785129003 101.24158681657536 101.68915798367584 106.99389547432598 98.667813542260305 97.249479590812911 99.702724678645325 108.23883461918241 97.359852725010782 104.19130305633907 104.49880180236963 102.62668577151433 99.443603702476224 98.290239960260649 98.53964808578877 99.950027426892518 100.41692451208607 108.63940323087863 103.03374883997641 101.9607620495031 104.8874264665577 98.849290224775501 98.245521342557225 100.66311926540851 84.624765735292925 98.11743430978018 98.961441637383828 101.76252263255677 107.28161704311384 102.14798382665685 99.763554200882879 99.357835964436148 83.688406795274375 118.01666853065825 108.97488236494929 92.432862844547344 103.07803876113276 107.79421039342414 103.06474189498749 99.598148479240962 85.765129969357133 110.62412088064556 109.94153894248349 112.41709058646165 99.081709310836857 106.78833246640768 104.20039975191834 109.81422977198228 108.55207599459509 108.93767873856012 111.26649663573649 111.82835479586697 112.12336284181947 111.60108334532181 103.1575803788424 110.98654703556947 112.0977924765041 109.56119631639699 110.73823151088523 111.01571172876699 110.51899306279462 112.2524584051899 112.38903517087088 108.00376833270876 111.71452752949611 118.68723014764934 109.94962142772279 108.71835790999715 110.84713169673826 109.48859141246491 109.8413690219645 112.77336119802328 110.16427614059386 119.51428642781991 143.25656043971236 138.42958604133165 109.20950026905324 133.5685221747826 109.31382599642403 111.01638057025352 111.38951378645763 138.24732550997115 136.43916532514302 135.5828915436451 134.62705088134493 135.37230421875827 133.71911877028168 131.72713842618646 121.44350811365464 136.22519545482979 137.21358992548636 135.50496077881584 134.65021880324764 134.38018227003815 134.10387605559359 137.01447769995704 138.99467358347709 135.60683711351902 137.3967334131045 135.28422827045145 134.55919992096798 130.12480769997657 131.22742874486849 137.32329896121624 140.33020589769222 134.53706254546464 135.32183773194049 133.34740656487452 130.52666449356067 128.25107380145243 127.13190579492426 138.18128839744472 136.98005039638991 135.67963471238821 132.64989768864368 134.37373446641314 129.12437253867856 128.60988458010246 137.86350827161175 139.65273504912707 140.61390908342793 152.97279602990548 132.22474151769006 133.24634126558615 138.90965284649079 140.38293877854079 148.77142909390886 140.95049755195913 152.65568628457802 139.18662935605883 127.99834593070051 131.4646217423491 148.92606293073726 149.77892842344204 145.50355886136683 151.12583285973253 151.81224706451354 138.45326654266646 129.52137970785282 150.01843592952548 148.92763163078175 150.80747209240573 149.53881447248287 142.82249235631579 123.88674805278583 153.18902986334183 152.51325373280039 139.89778061136951 154.99932905581957 151.23326886382617 149.12915922814435 152.79168177489385 154.01700755908243 153.07965742237593 149.64233952690125 150.8494843987225 151.47217381461152 152.38359340163456 150.60223950896798 150.12686323681069 152.70246465171078 152.1456444675197 153.21901665655747 151.60718057555431 152.46690400737882 152.67636539067234 152.29501511252025 153.72848058052145 150.47724070016878 149.74959376148192 156.27554125914679 154.11422300503511 153.62996944371076 153.80764519100927 153.32973908497172 153.25005532878359 154.34010906339202 155.55995782915801 154.15973741128968 154.93460410903054 154.34724874242039 155.32018278406801 154.05994705562696 155.49155952509736 155.16104898815649 156.70587603082183 154.71497493777917 156.0656696130356 155.43857037540147 155.89464196750947 154.82554362838593 156.61384900970347 154.95141528139393 158.07779997138408 155.84089199570323 156.89270607411981 156.41574097998824 159.86436839939918 157.05126972297541 158.26146354605189 153.65052349675304 157.44776848893483 156.9053858596119 157.85235521573003 157.58990109546127 158.72844175698469 159.30193613294648 158.52722667198415 157.91924806608174
