# Created by Octave 5.2.0, Fri Apr 02 16:07:10 2021 CEST <br1@br1>
# name: ptcls
# type: scalar struct
# ndims: 2
 1 1
# length: 2
# name: x
# type: matrix
# rows: 2
# columns: 320
 169.89182132652689 84.514289600022579 84.360888316643141 64.32088155953592 88.113259838254805 105.7369860521424 50.917768062775515 70.919477367394308 69.054417985306557 114.0763610305587 90.173008332769044 84.875857674654355 103.45347980529235 107.17385610110917 107.03083312904992 109.39335096877839 55.7291568831468 83.426833931239628 86.338368005574523 87.208788262578693 89.340410871874042 152.28587913941152 106.71807501386864 153.39977371641169 147.91643502901465 134.70147518255555 150.05682071534764 148.63312145318349 155.94284114637372 154.36890453069705 141.53623850146298 152.61888790850435 148.90615272090929 124.60279799837667 153.97063393757119 150.21567714005062 150.83582847190218 154.71409511147596 154.82738952297524 152.88050272825191 153.35469141662901 155.73060736518281 147.81867994413111 153.67460934953618 149.30058304429747 159.89025566646708 169.460823837828 166.76682939144717 151.82177288759317 148.90681215505003 142.28783712423916 152.77011179352979 155.41302115532292 151.01204914214622 169.83747114524883 170.8851255963362 153.41206286649347 167.6671180433768 171.07825514109024 172.50644994131724 168.282873292391 169.7670137239499 169.99699903835466 167.74424522696134 73.771206303955722 75.20113489869631 74.750735585846087 52.272863181599888 76.279537840250157 75.706394375387049 73.668485168017639 0.9084119347596924 76.985450314690226 75.976547935477214 76.627319280674882 74.609574479059916 77.925484306991251 76.404227399083538 76.766156549181176 75.090703312390744 83.718842899156257 81.383308890715128 79.470935433500586 77.443952349975589 77.81622147249135 77.428867310528773 79.227046337957688 76.849146939282562 84.541888631044984 82.50716415826308 80.528577987841459 79.033962538658557 78.85573202219885 78.532722367390889 78.721363585489442 79.121761801980739 107.90043057013845 82.856522312221827 83.206952292130524 80.284242789866283 79.623876052772829 79.755273410317898 80.335668869915622 80.154672350581606 86.999597350861336 87.99360173812542 85.432072705272731 79.986011565210333 80.787525293620746 81.111375793517084 79.839889015889682 82.113063153602141 84.111481894879233 85.846854599362899 87.509649692658172 83.407949403001126 81.011968164557103 83.571782335232982 97.813711523000734 80.586594558053818 83.489058687292342 89.064938830407698 85.911263240598345 85.271866718507653 82.200180759759689 81.426453957308183 81.656929537961219 83.142926038030893 115.96083023066259 86.213327595076251 85.08625020215797 86.754839764548436 83.004770409186762 81.884797265698481 84.782800380045302 52.061575590669229 81.032229771804495 81.635401753856655 87.633216065250167 98.953095585215522 88.142464381529194 84.468115146313792 82.563943504101204 47.712160608266885 130.07107534233549 117.6685210981359 54.587900299466781 87.0290379492006 85.973482115354869 88.322560673733392 83.801250577346735 51.850092325958663 177.93708770750794 125.35418138673219 132.13927027796421 82.209411555254093 87.054408630227528 87.632064307095433 105.33461283515511 56.317046918686756 117.76079719262077 121.09947385301537 119.13357888509799 114.67820871973436 81.775635590591293 84.54741922899197 66.995939824640701 80.521196967076961 116.42167648236342 119.98739646804908 121.90917774373898 82.718564394112803 56.44846315250647 54.560388377497546 95.175770473594554 80.118877170134127 116.03933954030862 107.02437666584812 101.77690076153553 80.869764741662664 98.479603816310615 113.7150159493215 118.05218620190971 96.570635156061044 88.299140003556914 165.21581816007767 135.62191682570588 81.228902009959455 152.82379077579449 67.966720229181334 68.219391292506316 80.580910594923395 136.10629664618327 141.23398694534603 166.38642393500734 154.25858066343196 153.14951816665871 146.84732177913116 120.97918953022673 127.58426465846597 134.9167078580615 136.68057378102841 146.55491627945179 152.63040779629458 151.65365096220415 147.40703331723708 149.47685356703658 149.97161496152901 132.97466783948335 131.18068301177456 147.12002045659435 145.68789361214073 147.47350027040136 127.65032226752055 147.83325055552899 154.5169200397003 146.03935900210419 127.9643835570632 147.07702432371551 129.57973566104764 132.31235479368658 118.65750802778842 152.29410121434859 148.1236330713333 124.80407240755241 133.43340500259168 146.56313019523378 126.83599935094499 177.93812723698858 152.60587328250077 153.93083934103672 149.57814829842459 178.9965469403983 126.90433503180486 146.14254483923506 148.91173913013961 154.38382714914587 164.38779236131504 162.07646204748022 170.05354938422568 144.59636682683163 107.51931033152354 129.01509225768805 165.54513117984391 166.731300506944 154.60004007895034 167.86799283060253 169.11949034081286 144.46408347320732 134.25091719235672 165.52878813793598 166.82519918300338 166.79412784520872 164.53367461916389 151.60234144904578 110.83824481614059 172.61728197103625 171.99239714395085 115.85178902801721 174.2184983997839 169.11770561719479 167.84861486282648 168.70837930911335 171.46227948302496 165.19378529678843 159.73750583595535 160.60828307764305 168.94262498682903 170.11135632237088 165.68279848245407 167.08622201908491 171.0775368031355 168.18375378939947 172.90476684948354 170.34471820838922 168.06120800420337 169.27973844633655 170.05277322614901 171.1331859874791 166.68610852754503 167.77057639991006 177.06273077689801 173.63766438049331 172.53640002646935 171.24593332702682 172.14187322336824 170.54699406151963 170.92684939331465 175.25138299403602 173.45523465101115 173.14028781073534 172.03029892828042 172.81878043437055 172.02507631565277 173.15014762212169 176.99830613755694 174.58810264266702 174.19354315527926 173.90427616476654 172.82952130661073 172.49234916043306 171.75031337164035 175.89753378850634 172.01652767515699 177.86339731871573 175.43692622321089 175.03024745640633 174.64186405269362 178.28967634698597 174.0296131569267 174.03883839645022 166.01197481447701 176.86827535474796 176.09535610516357 175.83109696076986 173.57156477167246 176.72095208370732 176.27813414903858 175.30938266065306 177.17582843186224
