# Created by Octave 5.2.0, Fri Apr 02 16:06:48 2021 CEST <br1@br1>
# name: ptcls
# type: scalar struct
# ndims: 2
 1 1
# length: 2
# name: x
# type: matrix
# rows: 2
# columns: 320
 161.59707696599492 87.457588683264163 86.725268191291207 68.808131703502923 90.526318844697926 106.96320730933526 56.193605984244542 75.070703816772124 77.372681307407348 110.28921807906609 92.624997009467151 87.682501609798351 104.86173540593322 105.96450595631903 107.89001316979788 109.38298571245012 67.266039934186963 91.942456992222503 90.402983819137987 90.477394715970902 91.376158029011421 149.54889984610264 106.87294643855751 150.73819311060595 145.59440283556748 128.45694955102158 147.57153629258224 146.48364456627991 153.89596723780991 152.7974457529435 141.39070388696447 152.01517068480783 146.66878563919602 122.78844453559788 151.50381112474804 148.43691102406083 149.39878697758732 152.88932518127666 153.03656961091079 150.91199040735611 152.06657071288231 152.39346423068093 145.576599892583 151.8194501920085 147.04813742727899 156.66762911692493 165.64813889744505 164.70681153803844 149.90204883548432 146.59160034277201 141.21947039208959 150.35964463833108 153.12892927891528 148.41778491910702 165.9793064903177 166.85986085037339 151.52606742433557 162.78252462193618 168.32177006567278 168.13541626074229 164.57931261558315 166.19073196035822 167.47013225452056 164.59050362616344 76.988543194159845 77.912718040573523 76.683680156124282 57.128390918598967 78.64713691319163 77.671388368478063 75.88506657954953 8.2274495929487337 79.999921243342456 78.691968031699815 79.102106944773027 77.834413898190761 80.627454187077319 78.830507784929623 79.534920759738071 76.375813386136926 86.638511492634606 83.945618734183725 81.824534205884319 79.93935051268177 80.188084290331318 80.359413470624148 81.770177490728059 79.781969503431071 87.618785642514794 85.501572308813735 82.900117454067583 81.146822561836601 81.470129282170333 81.030189088702059 81.464688432057926 81.996190839117986 109.03887297644782 88.156747198353685 86.377911366730515 82.32758002334819 82.152577527183027 82.675217551368874 82.987229210932085 84.060093382623776 88.21933049278725 89.695569022540894 88.409545237167293 82.835582845784302 83.25109664236696 83.730757065444266 82.69250721564066 84.876047957108923 86.863637108844983 89.083612131975499 91.742079163364266 85.98389673907505 83.909114758136823 86.204475407143974 99.680194400936614 83.251046732120429 88.486416129827447 90.511109633985996 89.691111039068957 88.252231866154943 84.913907910222861 84.021840586938708 84.566170890805935 87.184987744307207 114.74592094685565 89.29932479315363 86.958995743237921 89.598875902260119 85.396309279454044 84.39400193217044 87.138123121803943 57.419050951874397 84.532567569434775 85.006584415754347 90.452374673671684 99.454996225890454 91.366208741713308 87.31920655968959 85.151840217671349 53.682018054145857 133.41138158341238 113.94680374253181 60.867850416117705 89.272770644857331 87.990450274481958 91.60113175080771 86.098192028311288 57.754228742509987 158.27060177038715 122.31712610349868 126.47833465540715 83.847823858736064 90.308663880736205 89.565204085114971 104.79688972199132 68.55148423239558 114.97071540126514 121.11919015755659 126.1415631601064 115.89707489972548 89.340870850291992 88.188514379012219 77.966688874287797 87.480063293766378 114.27040459256865 116.56344237493477 117.14563193543142 88.88183115788101 68.683017982192752 67.211845922555824 97.445675539969471 86.367021136719416 116.61069461760613 108.66531330926703 105.69633605215088 86.917995151188023 99.527514193157188 109.19518948915659 115.98826508233259 101.1565454727204 94.624600360142054 161.4621595319295 135.61998136354845 88.16670688515606 146.34727292351369 76.802499147656974 78.609535795641506 87.290267093862056 135.86827008125493 138.5557361276874 158.54548144131837 145.97169317001354 144.97712753736536 143.37477130398659 125.25179381869363 128.16741146325072 133.85023084584051 134.9913428793966 143.59557858562636 147.67390972269894 143.92524779670839 144.7554002273634 147.6731007005464 147.3933556099872 136.21484869050974 134.10692125717159 139.07873881948746 142.66861068022303 142.61276305335366 130.99168720074363 146.6324328139988 152.06090228437736 140.42908217618381 130.54555101806062 140.98048319731797 132.20248541696938 134.59894270384771 122.41167174037916 150.88844409897891 144.48306511386104 126.8671618349388 135.71130715651091 142.55681024656292 129.99823827695505 159.33360066636754 150.77553412010761 151.30356916810837 148.58910562485184 174.67819526092788 132.32532666218475 141.54401227690067 146.62690771483355 152.66411700916782 161.76874344811668 159.00275358647659 167.12342086657452 143.27629089903792 114.86345243900851 131.10633778703908 162.98136025775312 164.0364514442754 153.09058031358714 165.11606161766628 166.10265447861167 143.88904557021544 134.26554394305234 162.96740518878525 163.88491473556752 163.99886901217684 162.07987508560174 150.95467616025303 113.003498628335 168.4720419879244 169.6813880890011 119.84195357023287 169.77819792472803 165.86229148773461 164.11291739411703 165.37390535505145 167.94704312283667 163.31936960499496 158.06232540039179 159.62917169846187 166.12662781787526 166.93785949391622 162.94421064955486 164.38248241464504 167.01514760869193 164.98000710110512 168.85424460464841 167.63089850365634 165.36351709595053 166.48115479516048 167.19641523038257 168.23751974280773 163.43257087311528 164.95119507543842 173.7929275945977 170.38731853647909 169.30681694741742 168.33910324867318 169.30460880986331 166.880178772314 168.15306727062591 171.54712386262929 170.23427545714571 170.52776871652887 169.30745280010851 170.08594659283122 169.21627669527683 168.87427543798867 174.56428233901099 171.60065178593368 171.60968826218044 171.32817699601068 170.18842680138144 169.99217802916698 169.03181050186586 173.59856479132395 168.00899522381394 174.61647955438752 172.65657736876747 172.59496520072693 172.25115992580524 175.02476429988786 170.97627485714793 172.58891978141219 163.96077166435094 174.85818305866957 173.71661098915297 173.48206724951501 171.25630397127065 173.97915352833226 174.3492404913311 173.03417446296854 175.23211209070499
