# Created by Octave 5.2.0, Fri Apr 02 16:04:36 2021 CEST <br1@br1>
# name: ptcls
# type: scalar struct
# ndims: 2
 1 1
# length: 2
# name: x
# type: matrix
# rows: 2
# columns: 320
 129.0124071138622 103.80064411915822 101.54896380826888 93.72417855553023 105.71095279822178 113.14057954268698 87.428191178834766 98.120934890948945 112.12505292071245 114.1371378057619 105.93352199427665 103.26907030736513 112.64174532917869 111.67949303398542 111.70066744906725 112.28670297171105 112.46537386070646 113.19918883504383 106.43830342690664 106.57540378576961 106.49933379805182 137.74078415884927 113.10624170788446 138.32719253058954 137.8911663500694 124.93832543390323 137.49821376288682 134.54839132584158 140.21590886581234 141.28899487485765 136.95759136904269 139.9498786852069 134.42026421505079 121.09593574820531 137.17784979591679 136.44736947803355 137.26708630736198 138.98858673341448 141.42758230080105 143.31603792010893 138.52154617869749 139.19802591061512 134.13510751668363 138.40934715072589 136.6191994454056 142.53690535263726 151.40048996664282 149.4159679464606 138.66857182008783 136.4513076916088 137.40077011097017 137.49627055250772 140.40480620256076 138.94953491522099 150.40310839970101 152.4222985979371 139.86864115387354 140.77378665554025 151.11667265696229 149.44711973823928 148.16573236205377 150.52030087615748 150.2832724126026 150.54441876164523 93.674477156940881 94.846527592063438 93.723077536844414 84.089347563514906 92.195239582023476 92.723448793697727 91.218703077723532 58.955522812596726 97.01367599850137 95.818032094171173 94.50093245854498 93.341559214610669 94.494350854635556 93.497798435609425 92.993860309391835 91.514374384506127 99.519244141476847 98.146737021633967 97.018117361939474 95.507176625009151 95.436961203280376 94.32943598371169 94.840082897806255 93.612802564037722 98.041657957370376 99.197717874180128 97.886088327850914 96.488813175133544 96.399676020916459 95.563388705370045 95.84405735625279 95.118539311881463 101.61639468098493 104.04891526117919 99.023723335177678 97.365417187475657 96.757088037616128 96.955852141230551 97.79304745293075 96.162418999816879 102.8539326065908 105.497105000278 101.94444689548594 97.485121011579736 98.472055844035339 97.888428922261511 98.472850396089953 99.519952986426375 102.79830388171105 103.0232155217945 107.57239980209872 100.05445257600144 98.511567720174483 100.0000007774716 106.63019669967053 98.883301454983055 104.29909968108144 105.12220474998497 103.80353737854395 100.65977768672884 99.805522438902514 99.326261817927616 100.36473261654686 101.22169507552961 107.99997729203287 104.85144120161446 103.53482862374034 106.86189073429328 100.31105352659863 99.338696401064027 102.27277871166885 87.19368640626071 100.66470395161552 99.598662249732712 104.23430283300125 107.79503559203305 103.81391382150159 101.35144021686172 100.2129604397816 86.830437029947518 115.96634909287872 109.84137857207588 95.73809974804783 103.70039858569302 110.29685372307668 104.81540368726924 100.92700698508438 88.5713735287068 111.05160417365306 110.39718818590359 112.21685810766796 100.37613103718414 109.29060896684982 105.54099719702441 110.72976872019687 111.25256058053895 109.21498867820024 111.4934735791265 112.19716843679736 113.00685675054379 111.85244784483719 104.58054160619895 114.85508334784855 114.27842377872497 109.7011494379435 110.98452601217321 111.55786576891052 110.74520624369016 112.43246050384674 113.62506895340432 110.23469446897845 114.60477187444585 119.63421268267579 110.45598364633324 108.88859377020543 111.07820967076286 109.56143966380583 110.01916414369299 112.98203920272694 112.00566359201031 119.29875694477875 141.35021498502994 138.44961993473257 110.24556596891034 132.59012078986271 111.014890891875 113.37581576227309 113.10260299414075 137.42629939324661 136.08720982238148 134.78641854496328 133.60858242413232 134.82385455911046 133.13663135447135 130.80115024174074 122.02814803761798 135.32397714354337 136.48741780607301 134.31454149908836 133.94356817907718 134.10843542819353 133.02965933969122 135.47914750705115 137.9946644787027 135.28954261178561 136.92302691033385 135.44048227134752 133.73065789475314 130.22347039736582 131.18598201895898 136.97638740697496 138.45462967613588 134.4288936371764 134.60831692143199 133.29029636215168 130.19462781885397 128.2272966242393 127.18925564087861 135.37589597391769 136.4864309579508 136.56020511142586 132.12087933456289 133.63896371109786 129.19397527048054 127.88577408711994 137.8259010541494 140.04288816939487 139.5895529802863 150.69997935649999 132.47981765764499 133.07156941425447 138.90767894843597 139.96123682221415 146.79214636004966 139.4804714165565 151.00782242429455 138.82960672639115 128.07544332044256 131.01940455463284 146.84223908284687 147.96363152702588 144.70910635328093 149.28769926536853 149.64180966996486 137.81286084034161 128.96882948707537 148.17578116819294 147.50692468076852 149.01765380683781 147.96706145158836 142.01287156018515 125.02635532236184 150.85309019076152 151.45116759587455 141.99786721253565 153.58566752933461 150.04149082492847 148.10144678047811 151.43080954419705 152.50235415159869 151.23725736926471 148.76066561344675 150.15696778896827 149.59783255462517 150.93882641505488 148.90930978309049 149.11196392441306 151.20677635675233 150.72367387150746 151.68792258730159 150.27604506268506 151.36291520517815 151.21215289088084 150.3388436247543 152.13885253203702 148.29931749247905 148.87542379856399 154.70494874114232 152.39531949028861 152.45260998268159 152.1497222398545 151.42599508629667 151.7033864172173 152.84295332007875 153.96199523708663 152.91038392823921 153.12921780269716 153.06347876235617 153.33000442078861 152.29252984308016 153.90982930723118 153.61296144170973 154.97945422852948 153.50981686839796 154.23852915536958 154.35593620640475 154.26619224299486 153.18181065549322 155.21611104893182 153.35871326539973 155.80156957873072 154.57643943211602 155.39330019339471 155.36718114389896 157.54060691469479 156.47003652909078 156.38268804698731 152.3649870730261 155.83292877177229 155.41924158613008 156.36016751865208 156.37097983824071 157.31328424589745 157.39395850180534 157.40259267061475 156.12302080985808
