# Created by Octave 5.2.0, Fri Apr 02 16:03:44 2021 CEST <br1@br1>
# name: ptcls
# type: scalar struct
# ndims: 2
 1 1
# length: 2
# name: x
# type: matrix
# rows: 2
# columns: 320
 123.17313900166025 109.87620005809168 107.91113433529105 103.87953414450818 113.40426656544497 116.3387497903106 100.25021918264558 107.51581580269874 119.56527170554715 116.82023184978961 113.12527797404718 108.35270255548602 115.18874149675428 116.33998378949094 117.83480023463787 116.94023223132581 121.59471746707976 119.7764565378597 110.97102910675956 110.68984578878548 112.27537436916339 134.35365001122935 115.83906772429567 133.30386035082142 129.33889284235127 124.12288229295666 132.26239011621416 129.68378573969136 135.37665741653075 135.90513510841822 133.30682765538688 134.8359837998737 130.02417480312837 123.44676833264255 130.38540111891351 131.24498062324594 131.27535266267441 135.5348479709557 136.89358211714278 136.2960179310721 130.84191531003259 133.41364986285006 132.92785273048563 132.17530287779024 132.18702868014662 136.14476376818391 144.19537391425484 142.38315695428949 134.0940992680317 131.81014708768834 133.37374565216101 133.43793358146007 134.36728938305515 134.41891233651288 144.86072804482907 144.96305746411412 135.40631721165502 134.44141296203864 143.47614948650076 143.62106907609498 143.15819643972242 142.8136356151694 143.90332413460868 143.74079937453317 100.87619332614683 102.03195460626476 99.681232315091094 95.078173494618085 98.867350948997469 97.867902261818998 98.095709549093741 79.631419954251015 102.52353304668776 101.40067964098995 100.31162283576786 100.15960923296026 99.896363396277764 98.923284595770994 99.026644141009072 97.142521721180003 105.54258717855538 103.43573524933433 102.38415506337387 101.23697369013634 100.8827767771819 99.870765201477994 99.981443613866105 98.965552464273543 104.49842201249429 104.39281916562123 103.29383684303193 102.06852018081676 102.01739582132959 101.04098963775611 100.97046949274974 99.866443352879315 107.33055868626121 109.25172638281718 105.3998238709256 102.86280135793019 102.13087791796113 102.47893106252718 103.34170683058699 100.67340954851218 109.4317899801658 108.74624739233865 108.49612412098313 103.39522959554411 105.07222949849611 104.29550562891075 103.54687855148266 104.02516931919369 110.67540182857731 109.10640693095483 113.31896464270997 106.44115927307733 103.99309068013818 105.45197501258259 105.79663016374315 104.64512068123766 108.67673288786898 110.35098655035665 109.99538830382382 107.74388604968571 105.34704923771291 106.08645545083264 106.76976131716879 108.18758121092819 110.00573398354315 109.84160620391322 109.20084713530487 113.16680515203466 106.27434843052812 106.26634560720903 109.02281266427561 99.246192342111399 108.17858093086627 106.42597227083675 109.03886372248934 114.22401775160297 112.35586373286455 108.64380407918907 107.09869028052529 100.34116703904203 113.4517311956553 110.85951932502846 108.04295640330518 109.46353535821959 113.35128034949695 110.967822993897 107.52799158643965 101.12369943466086 112.46034343215732 111.32740099786284 113.82351358833884 107.2019275829112 111.78806606106942 112.07949024119044 114.66658619751961 120.58969559269829 111.57546165846048 112.11723034845564 113.21650022994199 114.47783736000574 116.03381350647365 110.09174002739641 122.71706513481296 121.75036600099129 110.16142168524547 112.74271439193279 113.86728997185169 115.05427863029429 116.18931749252681 117.20588246252612 117.83792212305485 119.90751767742948 120.37547488793247 113.01911886620968 114.16336547635095 115.14395962842012 113.79576661790288 117.2802846833101 117.13082344112813 118.24570555947138 121.70274286305808 133.15292952989552 133.79835709220831 116.29429855954864 129.49207036440947 118.97827192337758 120.55310867217446 118.29064600176109 132.90247639768694 132.72912135934823 131.34066357245959 130.0860965911165 130.91202088024417 129.03202047631561 126.81940104862417 123.69351463865253 130.86088684406923 133.96817514032116 130.7796140337943 129.53469793420106 131.66415812871708 130.41485055745591 130.10322280063275 130.7275564087922 133.69484322328589 132.03198011958594 132.33700603813327 131.13637210157881 129.71460213485784 130.71483784097282 131.16264229523256 134.8143126886273 133.76494238715665 132.89059315638758 133.35285280496802 129.98031819136091 128.67568155097771 129.86479912762454 132.22311148797789 133.63945218958557 132.0855330674695 132.22796016157284 132.20217514688059 129.55371272405719 130.29083545736893 136.00153797508378 136.16699110482125 135.07339709518652 140.9268676608564 133.26621766886822 131.79629763240914 135.90617574130397 136.39507472589369 140.83879528390418 136.81542511404169 144.2348137564108 136.56831414027525 130.96153417327392 131.15875367817418 141.68175656051437 142.35073558150287 141.23680517757683 142.45969100955904 143.13048222406914 135.78521159889007 130.68694241182342 142.18724074221703 142.51432491372466 143.46348282420732 141.90522430734066 139.67522892350277 129.92666658153385 144.32675928170485 143.36598752405513 140.62899107662085 142.90955390836095 144.47868186088377 141.76231546684394 144.96436072577194 145.56778916781914 143.99352207101325 144.82989806826257 142.96482680298476 143.69475282305089 144.08787282761452 143.41438309228008 142.87961428562127 146.22117260626905 144.19788914113431 144.74224382336499 144.83365987224946 145.55651100704983 145.16724224951449 143.59825026070675 144.65240551530181 141.55354913401931 141.99007494896838 145.74232513866113 145.74839041969383 146.33771143486388 146.10462548030176 144.99662519808535 145.35911124022667 146.0460486129333 146.80522241936606 146.63798284671336 147.44572379357945 147.17762310145986 146.86340537773529 145.80701682049184 147.42914101805266 146.71067072527123 149.65267648704344 147.55844352243653 148.19551696328455 147.91728484099144 147.41256999039251 146.3714838687626 148.17274996473577 147.46041048352515 149.84946655376314 148.65919749552407 149.03807749955575 148.54538061490635 150.77214984797061 149.46642842800642 149.13028231768601 147.57810886808605 150.72840140256272 149.36799524638511 150.08693256092775 149.74644858955975 150.77348556001195 151.82927164974436 150.30349765083969 148.26110564646976
