# Created by Octave 5.2.0, Fri Apr 02 16:07:38 2021 CEST <br1@br1>
# name: ptcls
# type: scalar struct
# ndims: 2
 1 1
# length: 2
# name: x
# type: matrix
# rows: 2
# columns: 320
 181.42071908620625 80.099340975160203 81.058344392815272 57.590006343585415 85.411608878221926 107.2096881380773 43.25892291429286 64.692637693327583 53.099136713178751 116.75239857325757 86.032659456335239 81.595177568075599 101.34109640433104 107.08219910567132 104.9103130165348 109.4088988532708 36.281306380114721 70.653399339765315 81.65350668603898 82.608741271594639 86.411069988055431 153.80657144679179 106.20812998944722 155.69961300154816 151.52830885150524 140.89445197171722 152.64137988675017 151.85733678353887 158.87343135240977 156.21851580525168 144.92835208135097 155.76880764378117 151.83013453600404 132.8795539171353 157.63886588081516 152.64006873177507 154.42743436951582 156.80402256378358 158.22681012247898 154.96278852665006 156.71689221416995 158.03971546835575 151.60599953445666 156.80721025597774 153.24726709436226 164.72419549078032 172.47760025800051 171.04810189710125 154.86029092294109 152.16040684256478 143.89038722246352 155.96592947006752 158.57072220987689 154.4617720572125 173.70961549707917 175.74227505969813 156.32506842563788 168.11311040848301 175.77856787934385 175.83579480335436 173.00347129470671 174.56327268467075 174.63836045264227 173.14042373031214 70.177242860129795 71.254951958839825 70.298816339485072 44.98957157610127 71.57512915175532 71.167934713400683 69.950855200853667 14.612204226322303 72.24456749252046 72.698685543704642 72.448244739123396 71.218166263529838 73.658276452572593 71.621609108256408 72.256896742753852 70.760862084226545 80.428694626086525 78.494298928863728 74.211063863789079 73.077845341463828 73.445942413704174 72.740278022494138 75.000509239068634 73.819518304339553 82.015289649554404 79.348412390689944 77.896847378294581 73.651250942165248 74.640063660603133 74.149322893601905 74.721194951991592 74.88012444907811 105.89580314035453 65.18412780758122 79.605254466653292 74.949851091747959 75.357822815484923 73.971646154928578 75.988817593664223 72.88183262650206 82.399470972512489 84.508379366551537 82.17044638703851 75.94552303169101 76.359110007770298 76.780644292834367 75.839568482726733 78.161613757597635 80.063609965295186 84.423650712181441 83.406078914234897 80.169698783505638 76.801747665901672 79.251535915761849 95.013987206096914 76.782273152444134 73.518734286627591 85.743182311224203 80.366439057944802 81.300049682737054 78.929100202978972 77.27873661045281 77.722176299617558 79.000874060109922 117.78319415637301 80.783743912382448 81.460372640619042 83.549118184736997 79.697819192962413 77.248167243506145 80.084234940705983 42.903912801696002 76.841393139429769 77.244727680789595 84.538683232624663 98.200244624203123 85.663635817435264 81.113213647831259 78.350013985980766 38.757374439448427 125.80387049552411 120.88688983230664 45.167975124490397 83.461505270659572 82.607695780464354 84.565085807891236 80.546546615085902 43.86042571457633 207.43681661318914 128.62989474302137 140.63067371179761 78.02602311618125 81.385758480465668 84.628589383544735 106.15747753162921 38.197652943193837 123.80254367915849 118.88024467082616 107.98166010895901 105.01275551266838 71.804623792940063 79.009144665510703 54.327829591994991 71.373652611548223 117.62769581534165 122.45322660159599 124.04588465532795 73.117749892058441 37.239418401591813 38.350678497697295 91.770912874032177 70.79014790064673 118.64144894275626 104.56297170071976 95.897747825612498 70.267017569354465 96.318840692906278 120.93018850331977 120.93405748831137 90.280667239204533 89.895129546721847 171.11899743300853 141.76338890389869 70.828297592699869 160.77735701556671 54.047830488912759 52.989268847509912 69.686005958605449 140.95187789668842 145.25136317183399 177.7964973340635 166.94140397008294 165.76019098643658 151.85188010658868 120.82745463619973 126.70954445128885 137.034003079798 136.10469552556427 151.47323159295928 164.42952653465809 159.91561538148659 150.46011466347079 152.68933815731847 153.75272991721579 126.98557113093585 131.16308258044583 155.11184416295788 156.02545262015383 152.93952475837125 120.68490592506255 152.88053513751186 156.72058106042974 156.35485930509878 121.78227461021802 153.83156964202931 124.90235651236206 127.40498737386092 123.81670365282521 155.61667858651629 150.51956644669701 119.91166581178329 127.44526937202612 152.86303025404334 121.31977819011516 205.84491459193566 154.96953804895867 157.88227561770529 153.54742408502835 185.47407445960394 121.92189640507731 153.7991551132308 152.57903394710937 157.54339375987479 169.93975166629193 166.68814491459477 174.57914404834182 146.69140966096984 96.486817143567549 129.00309940049826 170.85569383543788 171.14849238038937 156.86422972699515 172.20600037931928 173.438238843151 145.51143380122249 126.43536514231991 169.84078622581819 171.62619114851876 172.13884410542019 170.91584266524069 154.10583445889048 107.59036409784898 182.9990382996294 179.16666225677065 109.86654221469371 179.60857909560227 173.7418561799654 171.53508051634785 173.94450701271938 176.59500772262189 165.81185494749207 162.23978654714037 162.0874400885761 173.33882507352411 174.80479656290655 170.45118267153356 171.74404463713117 174.67976015882394 172.71529048556886 178.48748310448985 174.87501273988639 173.08475187215916 174.17788040072622 173.92199897463058 175.1325665526636 168.8437003569494 172.71129418264559 181.24889033986111 178.25892786282063 177.09694717928753 176.07361770771828 176.87779855086566 175.52883978734036 175.23122158500914 179.77603937176838 178.10049978550518 177.26775827378054 176.22477745808021 176.38488580822431 175.74043313526738 177.87289050390197 182.00089105857339 179.09216714665521 178.30825366804939 177.98452678297551 176.83673668351426 176.81395443450572 175.78994571910749 180.24912044072519 176.86701252559047 182.05552624587824 180.16711278754693 179.01962547523328 178.59762973885893 181.38367373328467 179.00069384287167 178.28731396832228 169.08877953966612 180.91499577424784 180.03473256242935 179.75876586429021 177.50671294863932 181.02973226120812 180.75830492434241 179.50184195768148 183.07854306781644
