# Created by Octave 5.2.0, Fri Apr 02 16:08:12 2021 CEST <br1@br1>
# name: ptcls
# type: scalar struct
# ndims: 2
 1 1
# length: 2
# name: x
# type: matrix
# rows: 2
# columns: 320
 194.97223048793461 74.909839959971094 76.039851692006422 49.678275826590962 80.133445397668652 106.46478623929694 22.732953727219758 57.37337000627101 37.425628127609343 114.73902648646508 79.553338718739553 76.585840273771026 98.858119424253715 105.33829619982154 104.84402874461864 109.42717443679696 14.604711858372919 55.639011311190245 76.875300513801548 78.858947611857658 78.313103113787434 156.73031513020638 105.76723828940904 158.81420070193192 155.16847358264175 142.06794008053032 155.85997604145049 155.6472039262373 164.86167363948462 159.6905431284014 155.02154914317407 158.331880774794 156.57702289484675 150.44559262296139 161.89009313297441 156.60985885498565 158.01337151931696 160.9647884901089 160.34968816291962 157.62707442604568 160.05342233073193 161.89637222550076 154.77747964345767 165.38758986181716 157.07464832569514 170.40619493339412 177.9772142759119 177.45869468113443 159.04969240276418 154.71913816273735 145.77408646072723 159.85161241645744 161.31314239021822 158.38096892009864 179.11642576870463 181.84949388597732 159.45389126979623 165.66821138840103 181.95283786229959 184.39005719380611 178.59271319598895 180.24764233569582 179.7157634739763 178.37001100076532 66.007402406773579 66.949783703504139 67.186795899469985 36.42850951349763 66.322354654130564 65.668574152633525 68.306272652019587 30.720170604123958 67.594557904849324 68.101641311401082 67.374920200290617 66.668964837353244 68.915341125129629 66.161432762064862 67.059864409866634 67.286549359961541 76.041945805635891 73.44094306160892 69.011924756592876 68.16647237573423 68.314643296660535 66.804022499155394 69.983002059258638 67.784527401352591 76.95180576581329 74.214128668026589 73.058139490474872 68.679355215272466 69.708803141944159 69.229115532681334 69.667012273189229 70.4096088797927 105.06685091857098 44.411313214402682 74.787924330524419 69.536694730677084 70.354805761696497 68.514555911957856 71.126891718093219 67.259818808090699 77.532606409503771 79.937610466414284 76.730692755321726 71.267557193705386 71.507544568338659 71.87703452205605 70.840954710484681 73.306054803653325 77.396191002942146 87.226171291750092 78.417183817287849 75.184823886062489 70.597338188975399 74.447656956098328 91.723083184473126 71.59796040584456 57.744068989350154 81.121447821624997 75.818976637587411 77.034121614120068 73.923839206644942 72.396395818701322 72.818583282215101 74.113435159408454 116.43363095427803 76.218062771371237 76.612695137047837 79.487545515950018 74.718267473710725 72.696120662334252 75.556455974571591 39.569801335926833 71.814328558057596 72.899351221912909 80.851130375809163 97.315314547223636 78.563948504088145 76.105617788468933 73.58491480976538 28.231573153292544 120.63605283852833 124.5372077493863 34.095431497763769 79.792313200531055 77.663848465490304 78.994685756662037 75.692743015153354 38.562371371415168 242.11193655495475 129.29173728371237 150.61179704630354 72.394109021649527 77.104441879239189 80.559141989479627 107.12588783721841 16.879513067053395 129.52182744720864 116.270766091762 94.883087690470759 93.651823826448975 58.233029946375368 82.370954490434983 35.952812954532277 58.502316626149863 124.13072343265442 127.80686559243814 118.50080109968145 60.426857897925146 15.874239259931217 16.920031680765312 87.768711835950086 58.93333377977924 119.4537785587335 101.66974130311273 88.987164550053848 60.321234000272995 93.819466601881388 127.46296948436677 124.27122661044712 82.887196179039861 91.771117255354312 178.63790628423993 146.86342390132521 59.346270438047178 170.14151129178342 36.164821075093293 37.012890375018223 59.886805925956814 147.94609401706717 149.97354224507421 189.46628841485 180.82298422806613 180.3714546059098 158.71891245632304 127.09316393093205 125.68136455864206 137.65317349258655 138.09896353608295 155.0904612538767 179.63169285160927 169.51690266696298 156.2560021209695 156.31393807382511 158.10183033686047 119.61233522845647 131.93858220286248 160.6581579644122 168.49154561258538 160.82081771697233 114.92369476785858 155.7705912825754 158.59572181418622 167.80304228388206 114.17095718531209 161.6192889402717 121.90325989960951 121.53898510024764 129.2414933137099 159.19503886834403 155.1255736089914 115.28097371803204 119.11536862849357 162.23229643413859 116.13343958952437 238.64762955301381 157.48064361895828 160.90329899965039 157.28983772634643 193.08801031551232 111.6206458238798 162.75565699989724 156.37530284717613 160.63243941661216 174.70217910634852 172.10889495137855 179.40377505847533 148.15026659347822 83.51377833824543 128.94149941665862 176.29149379114716 175.39231733155401 159.5256456290829 177.12572997739193 178.86654360108531 147.77608414893609 120.26325982314248 175.04188915801956 177.60486380577842 176.9717812703 175.52595435389938 156.4503609550664 103.77267974476936 202.54382030864005 189.30158774913517 102.83125210078714 186.1562543288473 177.74967439731816 176.75863521534566 179.43691559963662 181.77974174480596 167.44820442501322 169.14407000235258 155.53059514419522 179.46365307016123 180.3240398198424 175.71546263423437 176.08577696071694 179.36692079244563 176.58259942005461 182.37035703882421 181.53362315924068 177.09371849872943 178.31458440446389 178.74691710017163 180.94140849366971 175.67527404441859 178.08199041144152 186.62211454087756 187.49231157713228 184.05034197697356 182.85318801468151 183.10473893153386 180.72173596697857 180.58395446860115 184.75028239779448 184.1207673543521 183.22177546960185 182.21655046612258 180.45042094480092 180.02951052086328 182.76649301677571 184.5682416163454 185.23403237079367 184.28233500587891 182.24516026482485 181.1392701407035 181.67029392462294 180.73683846826219 183.86671662338884 182.77886010835712 187.75811738380042 185.33983262873988 183.26844584553413 183.48723554861166 186.33081064829017 183.71495007733367 182.20857958444748 172.70537456751998 185.51636337264495 185.41104375964127 184.3761521156249 182.20466591649981 186.35593682480629 184.71223946230916 183.66294552723886 187.42663762456613
