# Created by Octave 5.2.0, Fri Apr 02 16:02:44 2021 CEST <br1@br1>
# name: ptcls
# type: scalar struct
# ndims: 2
 1 1
# length: 2
# name: x
# type: matrix
# rows: 2
# columns: 320
 121.62189368334967 116.44842622575803 114.714857038516 115.57681967675445 118.35257873417488 120.14630058357891 115.59878508586934 118.3749118614065 122.06970121830261 119.62217335282941 119.89828569402364 117.32106170523001 119.72037460795568 121.14428248386972 120.74018798793321 121.98981591703375 123.75296275787734 122.70584512842542 120.49673352421998 118.62646265333615 119.60348068590453 125.08556685264087 122.23828976555879 125.77378477465258 125.22302709838515 123.579051761684 124.89963890870519 123.3801665314105 124.80998356513894 127.82602723517827 126.21772063373989 127.02739558516761 125.75170381949735 124.69896865770751 126.25653724956418 124.90424108815964 125.61423053211878 128.65013000902266 128.10195119589912 128.40118329275194 127.11563464635634 126.67447279816281 127.66802958307893 127.27498222427477 126.90423659497883 128.80079295989066 130.03974322931396 131.04691132950245 130.1969831381839 128.66190908622085 128.58743337906012 128.08119653080709 130.77274871899905 129.15300042730925 131.14622239544701 133.13062296055554 131.31038311546439 131.66926959266723 133.85990160360208 132.44563763290353 131.86644992107517 132.81909924675708 132.20842133000764 133.88382253607071 107.93970079972443 107.47170409113296 107.37176791894096 105.81366171427524 106.08448123507719 105.46988437853356 105.76232198023096 103.43274340801412 108.60582579068721 108.42510927845385 108.15781200955095 107.06733274356252 107.38984564679706 106.59374687870326 107.0443321579569 106.48192597905626 109.30260451828217 109.59055048372677 109.19146702108799 108.1516841930811 108.53067517988585 107.74254053879496 108.09530111155523 107.51625540565362 110.30745829225074 110.37870094813528 110.23748327484761 109.09505106917132 109.54495681021665 108.87313373017784 109.47640037653971 108.76661115403353 111.62478666004883 112.65213740634212 111.43972982521728 110.18492558806696 110.69554816727359 110.11625774008338 110.52101074741294 109.93414310171204 112.81756295667408 112.68473693394576 113.10473958836361 111.29195723099325 112.05500357995966 111.16300408672333 111.58779760434807 110.99758081024197 113.91750595970477 113.72285845572705 114.31930086579189 113.04489416762689 113.32668744405215 112.36112398635245 112.82913362013566 111.98065608058926 115.34519420691883 114.84696260213505 115.3782343231112 113.9564584897213 114.26131163236559 113.65690038716791 114.04183645802276 112.98893119614561 114.72774939387197 115.91585834963898 116.43870351505014 115.0680592431613 115.36934997821136 114.47802659862224 114.67282241917781 114.68519150797101 114.40585635740993 115.10143158217544 115.77879222634185 116.71210908600811 117.79287321644522 115.61924401176032 115.35770073607075 115.515208380827 116.38692471671918 115.40196306606201 116.21429987375735 116.63762882906369 117.49106876947653 116.38689337535877 115.83747513861783 113.79273446044445 117.57583286757175 117.09869934133073 118.12990246161341 117.01812397398642 116.57213876059305 118.53394104353914 119.7289886881404 120.51981095508813 118.63909376219348 118.57749108956644 119.43719449967266 119.01392640911385 120.19746290940536 118.32395338214964 119.94899636254458 121.08739691634767 119.39225064576638 119.57732876761466 120.60798817891967 120.3044064382597 121.25280351778059 121.04287047514067 121.97646659922022 121.22954091591868 122.53680508418688 120.57893635489236 121.55483751280782 121.37429757357769 123.56600716355332 122.1125629067064 123.76453606822706 122.37913434808561 123.30395191829315 124.47744804484434 125.42482875628814 122.44996669843329 125.6118260815944 123.4781120387774 124.92228565906333 124.20925256224518 126.49252240368763 126.5536612992582 126.67270187670891 125.17125036974612 127.52995737689696 126.01666976573703 126.67106849594683 126.2205327140683 128.33286230105674 127.38146833817632 127.57280939767895 126.40400494152651 128.27939644122199 126.95586691900596 127.31862229308835 127.41025798918569 129.54996821481302 128.20848350568721 128.57422423736818 129.45444864855139 128.73535377812814 129.02371047602344 128.50394517246298 128.81495914762141 130.68869926239799 129.6278140305771 130.66004395900259 130.80160615562264 129.97152853394329 130.45790595155532 129.36619422089973 129.55679544992401 129.74554359370282 130.67699946681515 131.93884707353166 131.50292117013726 131.55922919534973 131.25367888433965 132.09011450416048 131.11855692675428 131.69879598222678 132.61285441937542 131.99480476689865 132.18744522111461 132.43919291338077 134.07865925633735 132.38838231460002 134.79397141749149 133.40912674419005 134.36362837201719 132.92190249106062 133.38470786320244 134.39045956717086 133.57217117094174 135.13533123950123 134.40009301003957 133.61099709356097 133.96014548341472 134.06729923541107 135.35744114304123 135.46273610948631 134.83064785771052 134.26595663795334 135.50992286593089 136.39720725020604 135.24151625816734 135.11154685913121 136.31665510183328 136.52901906817769 135.6185658432548 136.22429040803701 135.86142247411019 137.16352316412159 137.02135647920977 136.64972711076618 136.41036911677247 137.55949084579564 136.06781124505736 136.80045834689099 138.51505157889272 137.99942364368343 137.54188095600483 137.19880560960786 137.39873201365666 138.74907477178769 137.93556665870693 138.70089453629456 137.7120015455483 139.17991560151125 138.81420223761498 138.43121402900695 139.36576931710346 139.91544752590241 139.31148380239389 139.88425065732019 139.14303228621139 139.91491457640353 139.56710474297239 139.95561867609956 140.451976642608 141.18163053927233 140.55668482230803 141.04628297983876 140.12586585508916 140.98117986242605 140.65741062270703 141.07245594660114 141.58787373930136 142.21504629907037 141.63153255600179 142.22386158347044 141.13026153916988 141.98371389125319 141.87457773969206 142.26117579727298 142.72347965041106 143.30427411448201 142.7829985928883 143.41692508535294 142.32568880416255 143.0049932588372 143.00339339230638 143.38417560526122 143.87090537627202 144.37522181636342 143.85704077185272 144.48463660939231 143.44153460399386
