# Created by Octave 5.2.0, Fri Apr 02 16:06:17 2021 CEST <br1@br1>
# name: ptcls
# type: scalar struct
# ndims: 2
 1 1
# length: 2
# name: x
# type: matrix
# rows: 2
# columns: 320
 150.50006862532507 91.330350634897826 90.720310311937624 74.712408208722664 93.672086576705098 108.25222969511988 63.497407041405403 80.532843881742934 90.208091134282697 109.06301699474983 97.416263819505289 91.615368118297184 106.71470330151331 107.66910924039151 108.01769919076162 109.1873460978623 83.604455830432201 100.22930922509218 93.888959627099993 95.163377804286611 96.171919911508994 147.21145107607859 107.08460561568995 149.46453462483223 143.6276891124115 126.46491084893111 145.24628752852752 143.65538550456466 151.55033198719528 151.20536411418686 141.19921097315066 149.88028876550882 141.79727543372096 120.40113734773104 149.19933603171557 146.38111706039359 147.36178324150077 150.48026739352366 149.57028913160093 151.04305190609159 148.27961351450759 149.02074415363381 142.77696753516136 149.79182270355844 144.68219271996446 152.42733102542209 162.2843556745008 161.20559005683253 146.49572548516991 144.70343980665365 139.89880079606232 148.233222112194 149.00435829884591 145.85455552449068 162.2832938840541 163.3332727791574 147.77299909501653 156.33054118807362 163.89056648405779 161.9787687973608 161.13550853705212 161.67535718355802 163.38078125241347 161.56946746601176 79.992479861775337 81.160134227374755 80.52089084212875 63.517243204124071 81.79851500466728 79.779903260910231 79.242519669310184 20.248320024143997 83.398176816610345 83.411867277065724 82.317580872072128 81.222128066697735 83.497981058652044 82.476307914097092 82.94312543768477 78.781858490903275 89.693654734684642 87.503006814694501 86.572609266801393 83.434402623517698 84.506052707573446 83.515668935374023 84.325685090631652 82.32335108561584 89.877631168377988 88.397796021832079 87.467838860029147 85.478797706716037 85.351956049895037 84.389143863313407 84.753615853053375 83.738758929932899 108.74233083863503 92.761219664151014 88.671366043855471 86.335369037331077 85.140377105549447 84.870077324535245 86.059250112389179 87.784988464193532 92.738494862851681 93.15043639603013 91.768760315577424 86.198850623695918 87.02536654735043 86.95436347712932 85.866970753404459 88.892680845634828 90.584353345747971 92.91967987127795 94.551683437843195 89.582695490111846 87.353840927663313 90.138929235276819 102.13609292453646 86.777176497567709 91.380313384012908 93.777199531342703 94.043738116021956 90.817655448426606 88.464768162537453 88.018413617247475 89.467772187551589 90.931944357126341 113.14735609974124 94.024395812335825 90.86926239273734 92.545037138178159 89.302186782227409 88.258211882061815 91.757787315004776 64.679221503905154 88.804467483629736 88.183382510983748 92.283943302201095 101.03542367059198 94.974719104909184 90.705809659592347 89.165914562155919 61.537093640828715 132.31704237613323 107.78839185308618 69.130942674868919 92.887464364541401 93.228892586333856 96.173253864666279 90.122234687184303 64.950059369141428 132.39237231023193 115.79550064591872 118.95106966962075 87.596405800640269 92.655339356882678 92.304854664574805 104.0893593099337 84.805974502539087 112.27289905955537 114.60884218344147 131.27595888161991 110.63000508451908 99.44093164014086 91.70352813363634 90.616720778678584 94.717353087085854 113.0611713237535 111.99049534859222 111.30355675424212 98.104324872866684 83.476582921375069 83.848181053160033 100.43703141340012 93.680004549233047 117.40845639901246 109.41712711782955 106.46707290087015 97.329809079883333 102.30364023233933 107.52709245407422 113.27257939867849 106.20366524731293 108.13029662435896 156.69629589522344 135.55673370225932 96.429950691475639 138.88621706566434 91.175627210234154 89.428513098322668 96.238250570681856 138.3467530499228 137.48405399996108 151.93589514062234 140.76614057399215 138.88791469045273 139.82527175320956 132.32727049047332 122.71026749856387 137.21206274763253 138.32261136691528 138.58853528593633 140.95256272388332 138.02527341747597 139.44709308914747 142.88518437218784 144.27279566757301 134.60274881878286 136.68016134093321 136.07815216910777 139.77321695848019 133.61868387952106 133.74238890777536 143.73337387174766 148.0966527123058 136.54277232757755 134.81614628952966 135.45404477216044 133.17566380622023 133.65582613766327 131.22384863630882 147.41565707385541 141.68730925471607 129.17383574887404 134.49456198797088 137.83083421221252 132.67282284978589 134.39663099472284 147.06445327260528 148.01092734576005 145.89936019845939 168.99615357741416 132.35292979094501 137.02037189020177 145.14725451923229 148.57622052930878 158.27432635178994 154.99299732519373 163.04945789991069 141.77991084428353 124.60546279969552 132.94499441559546 159.39570947470381 159.99673127079799 151.1044490433724 160.63156173100785 162.25409198733442 142.89185479498857 134.87848769596351 159.3653878170403 160.45505196299931 161.42310961324995 158.33615442401143 151.03135581379331 115.85251680227501 165.34178199370311 164.31658355945711 125.09217007314822 167.53315785034158 163.15480885755926 159.46121640049842 162.57215188242591 164.46780585125421 160.43460175123133 155.85814061675552 158.34086725217085 162.45745840674886 163.63556318439697 158.78577719624488 162.42691212474458 163.25738191060481 161.4869531114183 165.2928167441566 164.36546373775622 161.53139465599165 164.1409278998359 163.58933302928617 164.3272650946592 160.10363075081312 161.19737496350126 168.49447038132308 166.57026585808592 165.35006273055956 164.64699416895479 164.62282761859359 163.70938997992837 164.98966116231003 166.44972204145859 165.67265460935931 165.66271147768137 165.06026095667943 166.43014989003336 165.38017108229391 165.47355214597457 170.37061677320384 167.4499224222069 167.26904699765944 166.7516138614921 166.26962537879859 166.90818403155822 166.17444344691523 169.8387763635221 164.40491470887761 170.06441243501928 168.31160576514475 167.83565020149058 167.32190008586591 169.71489960294443 167.97506280904298 168.68158505863849 161.26182015102717 170.57807477747892 169.20563416317623 168.84109825269985 167.47238844648911 169.59996083128766 169.43845417682886 168.33886610882894 170.60811952923007
