# Created by Octave 5.2.0, Fri Apr 02 16:08:13 2021 CEST <br1@br1>
# name: ptcls
# type: scalar struct
# ndims: 2
 1 1
# length: 2
# name: x
# type: matrix
# rows: 2
# columns: 320
 195.37675321634441 74.754929481905748 75.856755774098389 49.442104766382172 79.935629282311311 106.39905905998395 22.111892782133829 57.15488440367232 36.908691428321674 114.67892582715784 79.234211118738173 76.435904879534263 98.784000708430511 105.37175454119519 104.69173051485718 109.42771997660371 14.016028924845241 55.190820623770094 76.773575158816698 78.749685227081159 78.014572440180672 156.89373933761877 105.82599123924221 158.91050626601546 155.34325224814859 142.10296957631579 156.00689632517046 155.76033428870591 165.04042714059133 159.6901041151516 155.32284595449659 158.73566042850089 156.61957471339511 150.9699519873144 161.93850126664688 156.90936372080429 158.15546155768286 160.86596870363843 160.35713067672708 157.83604920560657 160.33227829545271 162.0518446047312 154.65830007413086 165.62009102681867 157.18592282500217 170.57580685705423 178.08187925287038 177.62648562644125 159.15719265828366 154.75870906733749 145.8303162887351 160.02193836639267 161.5430372406025 158.43868141519039 179.12147320234143 181.88092923472595 159.64201332359039 165.80114693589158 182.04835160600172 184.61019834686053 178.66967134051498 180.19765753057496 179.78677857594656 178.48873288571315 65.709472620520486 66.778786703519799 67.298438148846458 36.172955422076626 66.121080391751093 65.423304724413768 68.122350500554631 31.201005421371768 67.586989753768819 67.97429660222214 67.072488946322721 66.509859695202167 68.837432897422431 66.048826344492809 66.849642698736645 67.067742680455211 75.915894547548959 73.119048008278796 68.860641978070944 68.080588991162955 68.191433390953975 66.612286692092027 69.902389036187301 67.722676711722286 76.849760024317618 73.973258789726174 72.906082318482845 68.642262174933904 69.675507004933024 69.110330165822859 69.552610320525687 70.435289028801535 105.07848793200974 43.791229196695852 74.655657910778274 69.319456993261809 70.282080083782134 68.13098339712127 70.940230986885737 67.176215497538024 77.179484035763807 79.71836160635236 76.869485291611255 71.080781739943319 71.43920642743106 71.740564476891294 70.816889435431278 73.172958771058745 77.259549995505125 87.309806956160713 78.298240726835829 74.80642375525494 70.247127140761165 74.26014508884829 91.624847243529132 71.567948531972618 57.273183458088141 81.181543691517973 75.663157444342218 76.871756310291403 73.768888235867934 72.34738307814365 72.661631864784169 73.787400877487698 116.34172903755869 76.133077496707912 76.35832254304708 79.405252370545455 74.623207075627946 72.461844167448405 75.287358928758607 39.430541376732208 71.733011470395795 72.842109892606047 80.76024649825699 97.288898724030219 78.409324882481158 75.885129783313133 73.527543268974796 27.917370129825159 120.55104632114485 124.60831709888792 33.764907807413721 79.747215474864191 77.574942760976995 78.821990310955911 75.719995066994699 38.452300186262789 243.14701476217164 129.31149377746434 150.90974102643804 72.084776240565134 77.037257960053054 80.521857053595554 107.15479560753451 16.483191975816194 129.53189393028146 116.19287120880486 94.433141978298949 93.312691537308098 58.034388142771419 82.500964696332133 35.263644287168155 58.132483020936654 124.33420618209483 127.94400985102719 118.56275774101991 60.048025301085346 15.073848434455497 16.144514281558902 87.649243148246143 58.470591479808981 119.26927231405556 101.583376216617 88.780878482126724 60.094630264666208 93.803801970485679 127.61446649335048 124.37084359916759 82.665680824791096 91.827116888447819 179.11178365852757 147.00845202313843 59.02335400544613 170.42935466150044 35.876975503794263 36.479739429108058 59.392118289244202 148.16208831668095 150.11450281442467 189.80854939508549 181.11748804253085 180.90266767036846 158.92389849661362 127.30112431589782 125.65067262154813 137.76222246018122 138.06792765575122 155.1474843824428 180.11030463520549 169.79519188117709 156.45712047067107 156.40548553671354 158.26826995453445 119.51673443552681 132.12238985084812 160.8248582598579 168.86146036135469 161.10884425380968 114.72114878340963 155.79138527583228 158.79629041047042 168.14584782989601 113.92531388564763 161.81456815442095 121.76901811034634 121.35848910525391 129.46293567167862 159.30231909427349 155.2424488629575 115.22007752210615 118.82336035107342 162.51114669252414 115.95192313989985 239.62681507424003 157.48415109239306 161.00027999719211 157.33633945816652 193.31529198285287 111.31154848771014 163.00827055242385 156.26399259447376 160.54262395353052 175.10118526469495 172.27070838531239 179.61086957311781 148.20624690255775 83.097999161939086 128.93966061117086 176.492986431795 175.51192541227925 159.60509087989149 177.3273415637141 178.86013554162128 147.83125331090807 120.02582873587238 175.24440563246333 177.78947243382086 177.26917849650746 175.53014795831763 156.52964338357987 103.65871901781176 203.12724663726723 189.61021383078469 102.62124344067053 186.24734884888954 177.79597639064406 177.03630545932327 179.70630329638672 181.86344689529994 167.49705067807355 169.42708745067932 155.05203138690808 179.6889574534369 180.30572811173153 176.00935684179316 176.21395440216219 179.49899442323044 176.58065261769784 182.69280993420216 181.68621484826912 177.3234241546877 178.35941080478824 178.88028682216174 181.09296886930485 175.8427529632896 178.34054708276099 186.73623150265689 187.68110039710592 184.06624743395173 183.00456977085554 183.28881708439835 180.67701762687236 181.01961115148188 184.70977163139418 184.43785795646534 183.54227649821129 182.43704455287889 180.67148440440161 180.26935404394709 182.8400089779179 184.76075118762773 185.41298908918327 184.57829900406279 182.45273085343072 181.30314998522761 181.8489216385222 180.81617123769507 184.00880064432019 182.88671711376335 187.86307213097737 185.42151439189126 183.55598933329725 183.46406798946686 186.55447998662785 183.8910752097099 182.56746096448509 172.81333262805293 185.63708779374682 185.76158196578976 184.52142944117796 182.19256412998683 186.31134138727316 184.81695485265334 183.81660261020329 187.57434925933305
