# Created by Octave 5.2.0, Fri Apr 02 16:04:04 2021 CEST <br1@br1>
# name: ptcls
# type: scalar struct
# ndims: 2
 1 1
# length: 2
# name: x
# type: matrix
# rows: 2
# columns: 320
 125.34588992712995 107.88606965857272 105.18803862700651 100.10079718116755 110.23602772972959 115.70935380754958 95.261466698770562 104.02004616111742 116.80238766997374 115.82187127526767 110.34969731251377 105.84372768200559 114.48113393729687 114.40311750076543 115.92151754855637 114.88061674828657 118.41044823908881 117.71934890297007 108.97281549485551 107.89607841140541 111.62048709374855 135.69366698490205 114.18308401001536 134.92220596616119 131.12779444742114 124.42630299656469 134.54632095561087 131.49387153918912 137.87542338174433 139.07660836189703 134.61181362744313 136.81150211950614 131.67878610190331 122.62153564685644 132.13445584512863 132.99215422585465 133.7769028133508 135.85289822125881 139.78027801159408 139.51097003431948 133.53010636873168 135.51936398068042 133.87518042439163 134.86199594382333 133.98183205192424 138.33726407122541 147.83260773478074 146.54688610502117 136.06236380215407 133.81741815992459 134.94712276421041 134.99578885453604 136.19954662673638 136.6217526497862 148.03975981706373 147.47843829576422 138.09706460582331 136.09089038219255 146.0249982385204 146.97796176211727 145.40970070516892 145.65164209882678 146.73874918553759 146.64777198324717 99.001929403138561 99.700684304286412 98.000507175432617 90.989308031882018 96.220379259341826 95.091384574879015 95.891426899174817 71.938062878287184 100.68322448191735 100.00600556907459 99.096220934146999 97.819022303921685 98.000400747605028 96.969323271619359 96.819704658327055 95.365856704040226 103.89633238656668 101.02113566077135 99.906203011769293 98.766159101346432 98.796814293594466 97.732251160475741 97.800207431877496 96.613970678686727 102.66869561033616 102.14374302663984 101.08078343757657 99.644908412925147 99.940344596358742 98.725871442193622 98.920430963681881 97.841901571081777 106.74458546793504 105.75709291539434 103.33099280642961 100.65788721788897 99.947502283909017 100.21763076071559 101.12661359706235 98.828567476895685 107.49371553458275 108.95398294674993 105.58718919346762 101.12210132614497 102.13058788597304 102.09726882418697 101.15921730933019 102.33941020258385 107.70304703805655 106.79083430326432 113.24014110248937 104.57079043381394 101.85223232792153 103.18405164120882 104.24193012874953 102.08424610881917 107.50893986513708 108.92937919063371 108.09251234879407 104.95090793127112 102.94411641027959 103.06798829274678 104.02171184118774 105.95689073895257 107.84419807714416 108.50618234803606 106.81420498035564 111.65205640402014 103.98770781734336 103.22995471614358 106.74521825497185 95.058098605266053 104.04084693535133 103.64008816680794 106.67588311269486 113.14383954358645 108.77754469986918 105.89676992337121 104.39659308178042 95.313918663565005 112.63373864745206 110.43344978889876 105.25499479352617 106.68680356844845 112.73456949947015 109.12641151898214 105.12712671809372 96.374272224454515 111.6687006188004 110.54328143928468 112.79254202358247 104.45886907778196 111.46506332198948 108.89837849260226 113.20172388037626 116.99921151139796 109.33184194151315 111.40132118015302 112.42286503888214 113.51443808392207 114.36881229975367 108.03745720888425 120.68353149628321 119.50091881575312 109.69754821458318 111.49801470533265 112.85897571708652 113.74358833257142 114.8357258404465 115.84183376144689 115.25541623277924 119.40177164561895 120.44884253654175 111.78810645402709 112.81206203248743 113.55657198307738 113.87867753706617 115.00460546696843 115.4771691338657 115.76090406460874 120.45905033127261 136.20308225738739 136.01216706497402 114.77383546445814 129.76028913889041 115.82704779250268 117.60024125045321 116.8549744307045 135.10447515798231 134.18155417089267 132.41172971973629 130.70655008072342 132.91723468157718 129.82348949550772 128.30098214373731 123.02434762751886 132.23194645094409 135.265319178803 131.755632753209 130.88940976095193 132.81572693122342 131.83929184018962 132.84952000998351 132.2377882049212 136.65573120898273 135.72475686056688 133.94059605278855 131.8494231305221 130.03757670385198 130.93468969907414 132.74986931507021 136.15961076682143 134.56557316549299 134.01177405172874 133.51428147455462 130.77688868437369 127.48747818645087 128.39728567820006 133.29301604344255 134.7962333182484 135.08690119404878 131.54221610034392 132.62629562082748 128.47407272545757 128.46311868423714 135.74937164790683 138.14285398336028 137.04599922512315 144.56337433830518 132.36020940198713 131.6008300598495 137.50663992989618 137.68214096940042 143.270575904373 136.99855491903793 146.60793897761005 137.57780702031823 129.47014790771834 130.34226846658424 143.19040993862009 144.18573211828414 143.16343290388542 144.99852928936454 145.07101550812044 136.37160405003462 129.38159784340488 144.73383500746277 145.24589549729606 145.7744196158674 144.3180826938675 139.50138338437938 128.10329495021679 146.77524350360119 146.35434459736834 142.55672044664126 146.19429669341011 146.51242083329311 144.15357880533963 147.06317282287014 148.33591856284983 144.84579779901654 146.38014604711958 144.31622378823852 146.27927201821146 146.31647957159589 145.50337667958445 145.18145877871686 148.57911315943852 145.33027999320308 147.31468117061075 146.92299482399605 147.61034518029896 147.42566269963771 145.99040342876501 146.98709144340077 143.48189023673311 143.68585126604981 148.56072280438062 148.17944035845454 148.60945789392332 148.26694480634276 147.09217410740052 147.67774733945254 148.1746978808018 149.71741863185062 149.06205978006886 149.7553981370892 149.3342831244025 149.33117376079258 148.13700144106886 149.39694799601529 149.1836171378302 151.41695689767405 150.2944858488186 150.35805436539857 150.36835338858 150.09647876865048 148.79831132302311 150.7606715558762 149.44484958403129 152.50456286098918 150.91070488632982 151.26873207220146 151.26094823249261 153.15257784727135 151.99451995926853 151.53664002176913 149.91038935200106 152.49276862295395 151.72565481348445 152.32850086704534 152.43299002844148 153.68295382127346 153.80045056709847 152.66498457609111 150.46983113610096
