# Created by Octave 5.2.0, Fri Apr 02 16:04:14 2021 CEST <br1@br1>
# name: ptcls
# type: scalar struct
# ndims: 2
 1 1
# length: 2
# name: x
# type: matrix
# rows: 2
# columns: 320
 126.56806232270665 106.6620348114767 105.22868432708525 97.975257639288444 109.31134012817255 115.25303606922925 93.162702222636767 102.05367573772793 115.55791410924546 115.26029345209908 108.44781503320911 104.22724314143984 112.72916213506635 113.38340523119102 114.13242956608615 115.00244310163696 116.50754723687118 116.85306011174002 108.22473387716579 107.3827339365219 110.37326620766564 137.02083347688702 114.07054960994174 136.39713829982372 133.07705011353929 124.5969771423442 135.41994871918547 132.5120448014066 139.13099299754748 140.18626380566556 135.98593188813709 138.02234118408586 131.79400822187057 122.97298310020918 134.13572515531462 133.76153203164804 134.91836695459094 136.93282593479893 140.66261452839143 141.36856683602338 135.14960112624917 136.35306895611416 133.46702795398139 135.90697300331493 134.82273925671703 139.57727235650069 148.49617038506003 146.57071797374869 136.86718413282304 134.4290086873433 135.79765862741095 135.81015062440611 137.33406179761957 137.37643341476613 148.97771233439357 149.20929275194118 138.69535599055908 137.9912092563319 147.50102208779472 147.51636044701735 146.48519738535967 147.45583703748525 147.72619370867602 147.78467007232004 97.410491744885917 98.196852790276296 96.329309789118312 88.689321209092981 95.243032814609322 94.229322631844255 94.900117921881176 67.610549523057529 99.474864878776927 98.496958792641735 97.39705262245478 96.292750879123332 97.115639043004975 96.056630321493628 95.557421886540382 93.059142775091232 101.87066279565524 99.755384857312549 99.079176953111485 98.172640722629211 97.905224801942296 96.742965935640342 96.352827766367824 95.303238208249454 100.90892462568604 101.07560211018529 100.12601145331381 99.096358228639062 98.968629957396814 97.601295621583432 97.372204025644479 96.100847591363774 104.93297547817909 105.30843033908701 101.86663364514907 99.959233864200201 98.601919718034694 98.392571316007846 99.515835195781392 96.950982131580119 105.81803137368955 108.29204130430102 104.20341655926539 99.750064084547873 100.96538043380021 100.6932931882077 100.78572987681584 101.85659101359857 105.52896473206026 106.50860642635882 111.89747508388659 102.8540405010737 100.9050844340579 102.75383327544293 104.29772990284889 101.88357947708273 106.70336682635445 107.60975373538744 107.35487381782239 103.116365736405 102.06472587417856 101.68766910688002 102.78405691485256 103.85610016923481 106.88556536991737 106.96312668420617 106.45293547415682 109.65608697650237 103.38518184222906 101.91413230546807 104.85713335733882 91.990447585508377 102.28768007524847 103.23118021496104 105.85176055735697 110.92441397236159 106.58085704815889 103.92821164341407 102.85534675309817 92.486091452359176 112.78920709254452 110.07037480359816 101.71288067884115 105.96016642129089 111.326811822937 107.935441361752 104.49348192699431 93.707158915449739 112.0218374638898 110.02884414969428 113.10941853948906 103.15732400878753 111.10829283565167 108.23495224577752 112.37773882698313 115.57438834164903 109.02504478123441 111.12901286636333 112.39989633752766 113.43478752527052 113.53133986737697 107.27847201761843 119.05232987061798 117.62268707912942 108.94001820317997 111.54132987259598 112.4790151639212 112.71292895525447 113.74083087204848 114.90503265567257 113.29555188241419 118.59031550505067 120.63443450625795 111.63010692694128 110.93433603421781 112.75202719331919 111.74290829247211 112.24772162836473 114.60362553526781 114.78768083410203 119.6151506147698 137.91879316660157 136.94822418712795 113.59010332884361 130.41129472739189 114.38984942798569 116.93178971473797 115.9496460743609 136.04951758833693 134.41248899818694 133.44046019062503 131.53730670253435 133.54551290918741 131.06152103379353 129.13437150973846 121.83230034464887 133.26774894479439 135.18755103507397 133.28581222665889 132.18512210816479 133.23420930253292 132.4541236142058 133.27155365114589 134.35072188510378 136.55439488012891 135.17423345664284 134.32255828664964 132.20545782646948 130.10105994002274 131.21065461183622 134.16551613979661 137.03234313735169 134.68559743883588 134.02425283821358 133.64109749076084 130.11646100033701 127.95752321159283 128.00154075223705 134.28953483412459 135.09668631933545 135.49112856233063 131.82571380967102 133.00810924597337 129.11933738742542 128.18804687874552 136.35339131061048 138.90813542389577 137.96221022786037 146.60890934437012 132.47499809968201 131.90459260729733 137.98814600807694 138.46131066732215 144.53368898113669 138.21198212550573 147.06602831951454 138.04280268444717 129.29752890740147 130.63596635265264 145.06654213771353 146.26098058538309 143.27944602104162 146.10025689159417 146.3883103344867 136.80429388469898 128.96555482310663 146.03490193185721 145.81557497272073 147.02428246824132 145.75719684367206 139.19024692513935 127.07764840759864 147.70927963404731 148.47853169547767 143.30788706142906 148.98709638369817 147.97498417172667 144.86525915434842 148.50740298885825 149.76010270056943 146.96001888442717 147.17365256922864 146.47472836324783 147.11991758235953 147.97011009792016 146.94851819728845 146.65429875176724 149.79743608397604 147.71974565917301 148.4047864324574 148.02545725363504 149.01769493783956 149.02271302708084 147.54645934195491 148.20703188747765 145.47363837021925 145.67994522973362 150.23729384290885 149.37613402936458 150.04678732129466 150.11090585530332 149.01396609118544 148.42063683913292 149.49097280507326 150.5294211416018 150.13014562767998 151.28448811841506 150.98211508505653 150.97934227548808 148.95520731355677 150.41461292794509 150.65007838241101 152.37960556947419 151.38203151619246 152.01723652327615 151.89892146497422 151.15868385500477 150.0352016694016 152.27525286689857 150.81914778904638 153.51527066887783 152.36793035370044 152.98767827286468 152.75364624661304 154.38004984540603 153.41694952439107 152.95968114977256 151.05617706067463 153.4288252340051 153.08408795558617 154.14687862444885 153.84626576613968 154.94816852837698 154.99514025158777 154.10534982614905 151.53396145347642
