# Created by Octave 5.2.0, Fri Apr 02 16:03:02 2021 CEST <br1@br1>
# name: ptcls
# type: scalar struct
# ndims: 2
 1 1
# length: 2
# name: x
# type: matrix
# rows: 2
# columns: 320
 121.33817816209816 114.19361706789775 112.76640583253064 112.02743572171143 117.16749247801643 119.39135961423106 110.76868253760871 115.05356909235846 121.31363737688967 118.59214323196205 117.97969156848936 115.23620877297729 118.09516848814401 119.71956230485638 119.43723956870811 120.41864080398895 123.57759090732299 122.5167958063694 117.87421125878194 117.2344738659062 118.32346747999188 127.93418883069506 120.61616287094236 129.12551675423472 126.48288435298693 123.46863140080185 127.64644290054166 125.74627680636432 127.04318010802956 130.15670339485675 129.0840979150087 130.14173192275362 126.27909142043731 124.99573376700911 127.75346544919414 126.86667213760671 127.94134927650826 131.49566780320538 130.66639107391052 129.60710257529138 127.91417593565285 128.16715220759735 128.80236328430178 128.82116902648659 129.27088586617865 131.15603667350166 135.21283928720692 133.01500391341673 129.99187188924378 129.1336182035632 129.37728780708414 130.07447648330103 131.84410851492393 130.67225298875621 134.06510664075623 137.25628115785861 132.9436844304692 132.4749971865443 138.41742814304283 134.45854131029412 135.54472395117202 136.2035121516397 136.41838802243228 137.25588496240124 108.24251837719126 106.63583860609212 105.73399004770198 103.63534417546411 103.86283527518908 102.87494596079004 103.04467334287182 96.220221149298027 107.61551336330363 106.45089211335143 105.59661791902776 104.79163255126622 104.92000296724963 104.02627540173937 104.13518328303756 103.21297180677372 109.26701830271105 107.36946693176168 106.62589172065455 105.73844045550726 106.0431783377939 105.1002865062616 105.16356453678127 104.23662731203406 108.80777286187352 108.63434566446205 107.70552112857057 106.89151269104866 107.06092498151519 106.08013193259968 106.28917071426216 105.22432791616426 110.16774593986865 111.76939172914065 109.9949031493511 108.11714665267986 108.08977621409845 107.27959952387934 108.28098580347721 106.65171077051424 112.50646714440161 111.99469495627152 111.02093937249734 109.18633544775302 110.13224520645633 109.05531838041992 109.38468513651067 108.73390887660199 113.34571853210262 112.94180233676509 113.02852834832899 111.09399614943761 110.29495067261864 110.10667603149446 110.49020486497275 109.80465773712749 114.02494447250579 114.38166709371423 114.12489974115081 112.15037967014293 110.96661899266633 111.34082102577553 111.50873470431647 111.53514421055449 112.1517979299599 113.52147905150839 114.2855517650963 114.21440086963177 112.10263071968292 111.48707929584499 112.20909664553645 110.10404049666909 111.67894662703179 113.30688930061218 114.93446135474194 114.75338454503377 117.15102700457447 113.04945542915084 112.47931496408818 112.07384573200552 115.56281232029724 114.23358134288519 112.29261458001969 115.05892791315962 115.81122700753386 113.39183015433917 113.35265564810113 108.88324062723648 115.10821013692126 114.53323456051996 116.59114300444323 114.53211540055992 116.13505332236959 116.29312085857562 118.26990076245795 120.56677803250841 115.74212844270374 116.13881699822237 117.36737007669191 117.75406731123614 118.93808935921342 115.47247210469796 122.16768215844097 121.4096519373543 116.73256664373245 116.99261297566994 118.22222293086902 118.62424314492712 119.83686273099796 120.92676662159741 122.12813652859222 120.69907380701839 122.80801925211051 117.72952367980427 118.78279279548721 119.34792059691085 119.91725051613358 121.55072315186099 122.1875025118631 121.46389721487969 121.79371152822883 126.59013027258125 127.87657360369523 120.51081168811993 125.44808014021432 122.83005523010534 123.27529231881013 122.74789737133435 128.89157077920058 127.19618406148027 128.25630061827658 127.44964879921444 127.9454381806602 125.60574799901796 126.46900490069662 125.91313035386668 128.99098213484703 128.94483437437546 128.22586644816053 127.0926589467054 129.20342381359623 128.52631016535648 127.75226942188581 127.6349664779724 130.09490035160371 129.04706851414744 129.15123633881373 130.7731575435395 129.79295260768265 129.15245750676769 128.61752641770929 130.7749000659733 131.06628460134587 130.26377344251759 131.5924288203482 130.66752662520545 130.18796538665947 131.43043227646757 129.5582368762347 130.01099835688993 130.09642754926421 133.87227197176003 132.15031986218901 131.17313313066677 132.94911957238389 131.43186346773555 134.01101999436912 131.92830837353515 132.77438789659266 133.15437082987734 131.84795281128697 132.18229358118012 133.14926038187062 136.53277656454603 133.6399918485686 139.45023749389358 133.68903370432719 134.36858683019156 132.25113742261075 135.04724233653238 137.27825955064671 135.64804980403156 137.17454809088764 138.33068409561972 134.59972713369027 133.53199190350702 136.06820807460534 137.15859940622946 138.43672139321626 137.52449960721441 136.51456334567521 133.85831166156126 137.74568540751494 138.22459136615728 136.71510526703611 137.76106081165395 139.49441081706107 137.63211430309909 139.78835466499234 140.92791626813226 138.99124828475601 140.38054556940813 138.21237121548543 138.27542031718397 139.72650828529885 138.53524566078943 138.60456026502669 142.08742276942593 138.87012360600744 139.21352337507358 139.43532583737701 140.47559605737973 140.63979389669763 139.51737613446804 140.52879909598815 138.73593820736522 139.80214594128827 140.32096692309992 140.36985864469483 141.55495018320806 141.83266961320243 140.62996230854938 141.63371288791021 140.65609437713971 141.26309245041838 141.31426070709122 142.42178647741946 142.67223908925311 142.93125168159247 141.9374076230564 142.81916260269711 141.90383361539108 143.20390663428677 142.36733483392308 143.55451027353377 143.80354969070959 144.19570724408305 143.37072425226421 143.88668095791422 143.24641286609702 144.17169049012074 143.30347363706872 144.66641748697171 145.01627805511217 145.23837779339252 144.54022612427053 145.04100304679787 144.51605552158745 145.34992039388061 144.47658849994207 145.53612652276914 146.14005343832562 146.34562445802101 145.80927504942309 146.61961873613961 145.65174607478659
