# Created by Octave 5.2.0, Fri Apr 02 16:05:17 2021 CEST <br1@br1>
# name: ptcls
# type: scalar struct
# ndims: 2
 1 1
# length: 2
# name: x
# type: matrix
# rows: 2
# columns: 320
 133.5616043640739 98.611143103969113 96.834027708684772 85.812448038535777 101.47916064149608 110.40974660809948 77.19436926597389 90.801667203888059 105.37865258665062 112.04682035285659 102.26731371925563 97.649462583263912 110.19828294520389 111.12091369779252 109.21586487751512 110.28761228997128 105.86604953995014 107.34965809182978 101.04991731953746 102.53544432803596 103.59701093218915 141.94972972685284 109.9485690928266 141.04615207406201 140.36773211515165 125.57361253208254 141.4865824970951 138.33825846854 144.33723456825732 144.58913782984004 140.31614897244881 146.84296843011489 139.03353634301814 120.05870936267584 143.52838370214624 140.75902712690007 141.82924985287249 142.81208623266127 144.39591877518367 145.13571501845934 142.81703129680912 145.59002066688865 137.9162660317931 143.74843040877471 141.22366257867992 145.34218756814624 154.84280439257992 154.04639906002859 142.04734871971806 140.33745374310959 139.60245848945826 142.56441886509222 143.12451630191367 141.42726380411921 155.18833301770479 155.91798193934008 142.67654768741781 144.84103296965586 157.30317031866113 154.11383754249962 153.02372793994596 155.79842900829891 155.86545545311611 155.14735897255056 86.077842328564131 88.287502357584472 87.176496721404959 75.528285500911267 87.767931356748818 86.953098278175688 86.261660812729076 42.847556434792693 90.822254710003264 89.811103618731892 89.042497754362657 87.963931483792592 89.933700900709084 89.028235367472277 88.842299727145985 85.93476444107344 95.480804243850102 93.31894443850635 92.49445868928531 90.091458956371469 91.168931403566503 89.867908263601763 91.431774340252034 88.985702839241029 95.485319953899165 94.428744252449619 93.733586149520534 91.642793655690284 92.100603903500854 91.004248408440901 90.78861147518198 89.793685673441047 103.31129764948925 99.119310110116217 94.306703616933163 92.66746349914952 92.080322142777405 92.06818533045454 92.820789008309035 92.991893352398705 98.786931958350152 99.828774391167727 97.983419222758627 93.168005308135776 94.250116686955892 93.254262878950911 93.786724654897782 95.058079210106172 97.989311034394532 98.848557130894847 102.08359288855205 95.831833262935262 93.995060055555669 96.464353740598938 106.75318214890416 94.183537034326008 99.498712027035197 99.729665924599189 100.05534647925968 96.547371550849206 94.885738678493766 95.467666079422855 97.495557731771825 98.149255019928916 110.14205418716617 99.374775141302635 99.049288909349698 102.07345764952737 96.041712917827809 95.152462932238194 98.0006984572249 77.788912673315295 94.990008190332617 94.74721354167896 98.919699151484039 105.46819732848213 100.28430364647727 96.914039367630309 96.281859029918579 76.304635743792488 122.83491920944016 108.74857120913134 84.665556121321202 98.203388763284039 100.91937928964734 101.16874037224979 97.150854088227462 79.05183417851029 111.71604565457523 109.76584919524439 111.78708707696893 95.897920371740426 99.887956955876973 100.67868414044474 107.662713243678 103.51346571614884 109.30812128595706 110.83791035874812 110.8002513939701 109.57093112988838 109.51113335895185 100.47206946409328 104.7443702624431 106.99946334476333 110.48384912726152 109.73014229536415 109.45216355127037 108.37348453072902 107.99291898588345 108.34010131000318 104.1168309461126 105.74264112119671 117.8387339438042 108.37030659657056 106.56115447483738 108.62695393049422 107.31253857836747 107.5909210150578 110.68416787409251 107.6867605459538 118.6438679594998 147.73647225821605 137.78936608645884 106.51795242753681 136.27426790753879 104.65792790500062 106.26649372534546 108.57693400333578 138.07817333931263 136.96092905738334 140.03180650377766 136.47167813304711 135.94257776772363 135.30888511975058 133.90321065963388 119.93647505772148 138.00677083522373 139.33312290101605 136.68317868535016 138.26903668965039 135.3051421380224 137.30102989044545 138.29774075011852 141.01134503304738 134.92300179965616 138.01340232775377 137.00080122732271 136.01202407808361 130.07646756795185 132.25005125215912 138.91082936221767 142.54456831079685 135.98098015918265 135.83756950767997 133.50810211983091 131.48004277342432 128.63885525533712 127.81096742808322 141.84865467537853 137.07799063315986 133.5103827070723 132.74675035324239 134.61259705260591 130.03318521201143 129.07736789916572 140.29147313806814 141.6700739352099 142.00086585905976 158.31391521240838 132.35346781680923 133.69021784301711 140.74254429244186 143.2476969035919 151.37472143205085 146.68314231954776 156.54070845271815 139.88495390358517 128.94633223361558 130.55611912421165 150.63924320785961 152.45998092989976 147.37052225536868 154.93889474642569 156.13999706849842 140.09889857532247 131.31881690302899 151.82991081537176 151.09534664011079 154.32110095536558 150.29761093969094 145.88153415341804 121.20867096928222 156.82453503978789 156.86310920869386 134.96257709862908 160.18392332286942 155.06091586997428 153.88775897298166 156.29745475543942 157.50566337061949 155.97978780752277 151.71427322351934 154.21371113815283 153.2374193731585 156.02748957167861 153.17809792342263 154.48681880118409 156.71730366160082 153.70560298315542 157.15033714262296 156.0710654972639 155.22815986275839 156.18524595107255 155.48416623051182 157.59355608997507 155.4455553570817 152.53807131090497 160.77799596314259 159.0889097777663 157.32520628305079 157.77425469300275 156.81630293506313 156.91682193270549 158.10632052350451 159.71333141977985 158.18928573510794 158.81245323761169 158.01445835335292 159.53019592110545 158.37035768935721 159.28777414292915 160.23162785974409 160.66885844526857 158.42999761075859 159.8928502985637 159.02888328740778 160.3781028847462 158.75003020661924 161.40036759774867 157.23055588184866 161.69305806940807 159.6475551516362 161.04142755334198 160.20617366251696 162.78764157600506 161.41822107704888 162.15924430274609 156.18779130597846 161.81572567775899 160.68490315863184 162.2352074659444 160.861080101401 162.67720849127926 163.09545284532982 161.36485451787365 162.96202551754305
