# Created by Octave 5.2.0, Fri Apr 02 16:08:03 2021 CEST <br1@br1>
# name: ptcls
# type: scalar struct
# ndims: 2
 1 1
# length: 2
# name: x
# type: matrix
# rows: 2
# columns: 320
 191.33152593224639 76.304034262559213 77.15917694046037 51.803815368470069 81.591312359921744 107.16626601142625 28.322502232993124 59.339740429659223 41.224924332617739 115.27993242023022 81.271117132705641 77.690688515757145 99.525187866662549 106.15438537041682 105.05625256036997 109.4222645785362 20.396448617057622 59.672727497971607 78.327627822040029 79.444494958259355 79.915873650707567 155.62516364505575 106.13482897866488 157.53246514600852 154.60943510749439 141.75267461846113 154.89127035809366 154.62903066401981 163.25289212952421 157.90915899112855 152.30994396238577 156.66371194179072 155.20948520830009 145.72635834378423 161.3700116819397 154.46752828369802 156.78003333045893 160.28687373003737 159.67106623070313 156.42372045009978 159.63121340850714 160.52205006851599 154.2209859406461 163.29310848301489 156.04386084430377 168.8796876204531 176.33900873990018 175.669010276759 157.93243924990387 153.95787195775213 145.26801800865638 158.8174468724055 160.30922605846015 157.50654359314993 177.45648624759082 180.4491485177937 158.68296478601164 164.47179146098611 180.24329086348592 182.40248991415325 176.91392226343609 178.55942209184283 178.16552213551921 176.69625107260094 67.151257877142626 67.981081454752015 66.93485368734089 38.728496336286668 68.065461578381843 67.307248219317231 69.695300153931996 26.392657248893663 69.111503380377869 69.041150168881245 68.754249722903268 67.868933066118743 70.501695251480626 67.489636977069608 68.341560119289881 68.273505232509748 76.623591540892718 74.579953989452036 70.160141968104114 69.72724217069846 70.160085833938851 68.561070532049001 71.546995492095647 69.572234793024577 78.263596388586635 75.449974387894983 74.172845694838429 70.000828545302795 71.094171572639368 70.778108371263784 71.257926234943241 71.299632333900135 103.9970614106994 49.992069373764153 75.711451701197873 71.4433587693308 71.684721436661903 70.261177726458641 72.609255758845308 69.127676109973976 78.87975296216446 81.217661517832724 77.740718008090596 72.155554194036796 73.059527292435632 73.473223922506875 72.300947222941872 74.524744994880891 79.240079176897481 86.473450312054496 79.472956363706743 76.286407680764242 73.078974639365313 75.704560571926322 92.607206652969069 72.310622089259525 61.982038770708272 82.448828339451282 77.218179388560799 77.735264308926958 75.203703559680946 73.983956149858145 74.235936640200109 75.281839381409057 117.26074820475206 77.846829397054421 77.752029471727795 80.28366682630093 76.071947625101046 74.108563163350965 76.566592653248804 40.326082498142213 73.746755121605574 73.083061552765372 82.334006171117721 97.553056955964394 80.460817943347791 77.468492917755242 75.153568046111005 31.059400364499012 121.67355984054682 123.89722360387167 37.070144710914207 80.233793053616949 78.831777383331797 80.614839324614806 76.61998690610136 40.050070508322833 232.7962326900028 129.11392883994463 147.93030122509299 74.308992909727422 78.385007770794104 81.298849874603007 106.86571790437355 21.464296617360368 129.02659752648955 116.97182003837625 98.43170481518203 96.704014428716874 61.258322840307244 81.454774968427898 41.259706423333334 62.259933697734617 122.29937868769072 126.40602411624305 119.72522327636004 63.836351269483345 22.084966290482772 23.380994586245151 88.843930025285573 62.656845194764841 119.33230281211061 102.44702708157432 90.843739161397963 63.070863202211498 94.461342569277988 126.0875450364972 123.37467371196288 84.873501836994549 91.267120557512754 175.77862414222724 146.36360155165247 61.277731470013208 167.65328348290743 40.495827969850787 41.819610761200188 63.378123934920723 145.19671457389671 148.70489712092012 186.24479895432836 176.98660640940739 176.48975164291068 156.87403809370784 125.23347183325639 125.95759199248747 137.00912854915123 138.04089069415221 154.40606469430816 175.61081567059034 166.90993722045877 154.35807919281649 155.75002850397362 157.14535375079936 122.08868666351862 130.68894494405455 159.15785530540083 165.15063441754722 158.57196257041679 116.44570085524134 156.3535114722354 157.76003874117987 164.72947082587103 116.53558014929281 159.54104196703057 122.83898765741057 121.84798351027065 127.41505524088512 158.89140231376211 153.81142199382711 116.0841501072529 121.01300192094659 159.66472674736221 117.65905151591465 229.83495986197789 156.7131093683393 161.47787077231555 156.47940168165715 191.04247530944738 114.40252184940671 160.5174027493824 155.17432423900814 159.28644180913577 172.82423667509661 170.65257404597395 178.38415620211308 147.91559296762961 87.001878593935373 128.95804866604837 174.94563971009154 174.51729902546867 158.8106383718056 175.61288537579372 177.26721005153166 147.01041253532185 122.83010205912697 173.97640631702791 175.98839335036712 175.39156498428792 174.33413198320886 155.53763974257808 104.79832628738777 197.2929833509954 186.66509365269079 104.72133004183667 183.78586322403638 176.74219580132836 175.07851995318597 177.95605015299199 180.58050985255784 167.00858814747022 166.59691296741187 159.83766895977942 178.04636665050754 179.08841832872622 174.39235477920803 175.17306678269679 178.05040122289819 175.63945672836459 181.36383070424549 178.98366152321776 176.26350113444647 177.41596221347524 177.72288274447988 179.56346540971785 173.33614431007084 176.57406061928575 185.02474678241958 184.86758673955779 182.09104480588383 180.61958563128314 181.39389955491484 179.29981447354768 179.07490415017676 184.17808260413997 182.68676502647168 181.87908745121703 180.79479580728682 179.51352895617023 178.93400458391622 181.53120926960963 183.51040218461841 183.86031704524058 183.16522211266221 181.33301038254686 180.13139074645369 180.01268694606648 179.51689085829847 182.65057565627976 181.71419026080051 185.8826712072283 184.56881292008816 182.36095482741365 181.79763148729731 185.58080113577202 182.77676937753213 180.87146500604615 171.73375202272342 184.07330126588906 183.97292071684026 182.90765496111644 180.71125945480034 185.10660878402413 183.92065244452019 182.16097591626988 186.44049156498747
