# Created by Octave 5.2.0, Fri Apr 02 16:04:24 2021 CEST <br1@br1>
# name: ptcls
# type: scalar struct
# ndims: 2
 1 1
# length: 2
# name: x
# type: matrix
# rows: 2
# columns: 320
 127.6544377854415 105.40223664024784 104.43015588081403 96.085889157618126 107.32368546515076 115.09461001907364 90.844638256355822 100.30579091693727 113.97056069247198 114.76111316483811 107.35528340616865 104.03892203466249 112.80126980838928 112.18763776803277 112.80875764544119 113.96575005269462 114.56222277903905 115.16970751481307 107.45173106482474 107.44704684485244 108.61928810304809 137.24649530611964 113.26162456234772 137.90663165161567 135.08761387070666 124.74868749414821 136.46515012011605 133.41708770115548 139.94193853539463 140.94594081518656 136.47131277231088 138.96394334496614 132.34070989246158 122.49527149103551 135.26363258346512 134.63729494150709 135.83480514564758 137.95193629804433 141.2373233719114 142.15086774828575 136.26543684927179 137.20532396764733 133.64227148968988 137.24981590241993 135.595985107834 141.28533766352544 150.25011872578509 148.19942958200434 137.66992928481815 135.72782415766702 136.76864339710519 136.68107697284694 138.49205865732679 137.31685540735592 149.23357483202443 150.88445489399797 138.75275289141274 139.30815083743175 149.45356930350471 148.08209557696776 146.538383161029 148.48111762007173 149.01011854546448 149.29848407657306 95.647768179714049 96.622085709502471 95.11329301870893 86.644888477724948 94.385638544766749 93.944097695407748 93.766543822113277 63.763870985075542 98.266498800806659 97.256658293184529 96.138245776317234 95.313779919235998 95.895407940902132 94.766118431203068 94.516261636313587 93.395897035961212 100.42562076577931 99.160895375482866 97.894043498401288 96.827513639632642 96.680874532930787 95.652952737582623 95.45556325757974 94.334034130726224 99.35892581403958 99.975511218169956 98.863294280663752 97.792550180048494 97.703171336192426 96.565008513336707 96.484851167401771 95.346395232085911 103.10655926218571 105.12548220928841 100.31502460331565 98.838884316297808 97.464303936311737 97.536671597760119 98.750241786757982 96.526446850469668 104.47489350957008 107.83608884983552 102.66959785481814 98.725849427313122 99.923468358586689 99.755542179232819 99.963489628194495 101.29799401981295 104.16810727363918 105.01912154290514 109.14536819240973 101.3384115132491 99.967835759191203 101.79448217162545 105.01279648459186 100.63192377989641 105.16402736147926 106.41818997282951 106.45130603204734 101.64958202303275 100.90834352418148 100.80135738494337 101.95548005009429 103.18151827042418 107.26995537003616 106.34830801547595 105.29137297036603 108.51675589740258 101.63644916718263 100.99073308265889 103.70166223769004 89.688253873244705 101.90869125140215 102.1699798415906 105.29445068157783 109.88270191481624 105.3113832150251 102.41005411459447 101.9825597022657 89.972467264620661 113.91191224930698 110.2105945948646 99.043336651548316 104.14883395537537 110.5715513426489 106.20602374784882 102.89280466021579 91.364279878530908 111.12678394116377 110.41028262697738 112.20013236263316 101.03973812607113 110.55982660950311 107.17601754548124 111.64530766841146 113.36310452494621 109.34290070773469 111.42426067647435 112.56385257697826 113.52927642673251 112.82767248156253 106.21558347106642 117.48775856820778 116.3656677246978 109.98687315720527 111.35717874502691 112.31490990399357 111.5944460496717 113.28443773388159 114.49230054131201 111.75128879361213 117.72030525610931 120.44292486527048 110.51618057507129 109.46174572923644 112.05580844051923 110.10683994254248 110.61983960140618 113.96766160409334 113.55392935953228 119.22149781416907 139.44386953034751 137.46713659613428 112.21277440385262 131.53202636747204 112.83079175242138 115.75572484586307 114.67042629899115 136.33783870719938 135.01499523115845 133.40540289236648 132.48397017712279 134.03071509642947 132.41333731966625 129.87516205729503 121.56281210536272 134.35272683915045 135.53643258768906 134.01743405579708 132.99690498328738 133.7602109271279 133.00024730165953 133.379991855931 136.15395930370556 136.29868574912399 135.89446573373573 134.82790162415051 132.80752810707671 129.28812429179678 131.30913750817652 135.29236908089706 137.80570276499321 134.52218388250557 134.4190580264322 133.17202379593155 130.13033730015812 128.41681803991909 127.50762979633541 134.73004762052781 135.89286386325867 135.46836418015775 132.20919426554428 133.44415926025701 129.53643023511984 128.09970755270024 136.67081562531396 139.7304896430478 138.67223169797191 148.42716268309451 132.29402626551973 132.71042139641588 138.9443461413195 139.1323221156685 145.60133074845089 138.73145007591185 149.09388233375236 138.32553669646992 128.84609309925727 130.83068189860725 145.60867261272872 146.56460229423459 143.91465384519503 147.61940909031415 148.29938158720387 137.31950253827011 129.07161546320347 147.46783825324385 146.48740387194252 147.59590696739792 146.39769342488557 141.13553564546689 126.16596259193784 148.84860971562705 150.05762226150276 144.12608523796519 151.55129397212653 148.41846202427041 146.53932003021666 149.80398532492993 150.80044137108658 148.84580545779554 147.87899169999224 148.32241458347275 148.57571595961241 148.58306585651573 147.30413324969339 147.49196546961701 150.23763548232134 149.51119174282408 149.59787167147084 148.74176041435769 150.39193061254917 149.49366301244015 148.77931888037926 150.2088434161216 147.05867621116866 146.86969532459057 153.29532421142497 150.77815098569565 151.37093285348564 150.85403041206791 149.70619414569617 149.79186825161671 150.92068905203436 152.16764991520336 151.43751682284602 152.52120964373896 152.06163213046526 151.71484099747855 150.37474118496968 152.13365665548866 151.76554799445248 153.33860418224538 152.43004223316944 153.25604940399265 152.89907988930619 152.68546313853213 151.2312654761472 153.44739414867294 151.83393085505369 154.66135993464661 153.4142808294792 154.12394484842073 153.80831381113123 155.61971903547823 154.59502236945997 154.27270436132224 151.35992276984277 154.37945157000806 154.17230729240296 155.19036467752821 154.96107772159959 156.14037645503626 155.96204165442748 155.40555308067525 153.00776601370771
