# Created by Octave 5.2.0, Fri Apr 02 16:03:54 2021 CEST <br1@br1>
# name: ptcls
# type: scalar struct
# ndims: 2
 1 1
# length: 2
# name: x
# type: matrix
# rows: 2
# columns: 320
 124.2595144643951 108.74813853337439 106.20892827132572 101.99016566283787 112.04692359143736 116.02613331727859 97.7181409180819 105.76793098190808 118.05709709175815 116.32105156252864 111.36691905704923 107.70203047090574 115.05829005792842 115.69446316104808 116.77884973538211 115.63230723036511 120.44678863507012 118.94406126504944 109.84667915420205 109.09974416239839 111.52175435871685 135.56340518085082 114.84015590764038 133.9755855776634 130.85098551403746 124.27459264476067 133.28786254470404 130.58882863944024 136.51738781840615 137.95868309184246 133.83453061713195 136.19587010833033 130.9672424889003 122.58958271278068 131.27939737984602 131.89140397454267 132.34774557974043 135.2260778351596 138.40954241077225 137.69280424438298 132.23868575766079 134.24207536409216 133.69587657428158 133.35913045617386 132.92705429856716 137.04783210546918 145.73708967722195 144.08853967862592 134.82241280615563 132.90457471783986 134.05277841614222 134.03283069423122 135.17121038762716 135.24446398362807 146.44722717724716 146.47295861580545 136.51838917680865 135.06775707596887 144.32780047789899 145.33806678462929 144.39330120850661 145.06237760357826 145.16253970024738 145.15093348718216 99.965879033957563 101.16424930193172 98.107155111315464 93.033740763250051 97.903686461152901 96.712978468399427 97.24928488427507 75.7847414162691 102.0281375508938 100.94231316780095 99.407967831208467 98.726706797792986 99.198212113432618 98.387739322606549 97.767762583811987 97.000851425659278 104.21049909850991 101.9941346530932 101.02726853589019 99.851755183814319 99.944520885092231 99.201929106690955 98.878690724218117 98.029103098091483 103.13009919479504 102.85333560197948 101.86826392560994 100.82994014545092 101.07964527610645 100.19673768966354 100.1180393660336 99.124316005203355 106.75540812055725 107.95447037333447 104.14168927033246 101.95278224733987 101.1461008267253 101.25293651606553 102.24550951073486 100.14520877866042 108.60001073391763 108.73323729096485 106.92022581472973 102.10078033945422 103.60198092343984 103.12311626147716 102.19341847121122 103.65701840760146 109.50657079911551 107.96918924664449 113.70063141751564 105.20240164623345 102.88535825731859 104.05217034539689 104.9949990197142 103.19035675718304 108.06247828036426 109.04490160832252 108.76124060962249 106.26581703899824 103.83524274434778 104.41152083172969 105.25276050728422 107.26932139256465 109.31808213605032 109.64012653103839 108.16856831963443 112.71081964904057 104.97151587923558 104.68411809399365 108.14861913112279 97.063083978538444 106.72793580158672 104.7935570614343 108.01996956769101 113.78728085850771 110.59317923929869 107.15121308153128 105.49036651765813 97.827542851303519 112.75112190904814 110.47406180870519 106.35623657613382 108.17560824415074 112.51955752325557 109.88230355334392 106.04643508939114 98.875749347334107 112.0657833541414 110.84311990198354 113.25763486597428 105.74438864153852 111.8362362686193 110.35236271258906 113.93415503894794 119.20851377241982 109.96992966640481 111.62628919817546 112.74355098030425 114.15237745509117 115.18436975404371 109.0691517041634 121.68108079073598 121.17027525073723 109.39700342481363 111.95582335985766 113.22333136944609 114.5231921769746 115.45797785709756 116.599162330943 116.66459813299052 120.41184888862215 120.23753600655051 112.35325634006959 113.37768032247183 114.49316766863193 113.53349909714743 115.75941074381966 116.10677952001549 116.81177197132233 121.25551930285191 134.67800589364145 134.95424297604603 115.53758483412922 129.82106719094284 117.90037617190505 118.91798571988845 117.84575722205111 134.14714167056889 132.99432670421979 131.74813549760975 130.60072307082817 131.97843899129262 129.35117320036696 127.56019159618074 123.80350041005451 131.39721689732647 135.15829015815379 130.89258639799928 130.17373644429748 132.1940231287702 131.2761330638883 131.38519898951708 131.86718543224239 135.54474342255529 134.43796511226259 132.89941670713955 131.39175655508103 129.67986689147673 130.48396327875702 132.17334510689389 135.46353994923362 134.60112873498133 133.2180479511747 133.6921411334867 130.09992696939912 127.99193903643668 129.13507259496913 133.25628290656286 134.42428373779265 133.76005714392434 131.77436286562025 132.44517309401911 128.78994251476323 129.28251809661563 136.06568086937278 137.08127664191215 135.98925777565296 142.74512099958079 132.76262285643182 131.59434824024464 136.59457202305933 137.4991851568852 141.69643281402014 136.24684357592645 145.24821165423157 137.03462394620377 130.18982587423122 131.11857263179317 142.35291582527213 143.10212751686623 141.17352093040017 143.79228758222845 144.14648650826837 136.11684445855545 129.85063765121973 143.27647521448921 144.0257086030096 144.9775556485078 143.08500809622953 139.66746158666518 129.01498076587532 145.76849668518909 144.64267076817563 142.10493923854472 144.57144217463517 145.8268333331483 142.8952190477942 146.01035438424094 146.84767241527643 143.90908225628223 145.67480691635598 143.13249052083901 145.03834147693269 145.22349504741513 144.15802213679152 144.03570715098792 147.57709471084661 144.74400461184669 146.09463749811505 145.98485106643216 146.89698348313797 146.4501703911283 144.82057552716944 145.5073928955278 142.77925023838125 143.04718862919984 147.00967858519405 147.05544687868806 147.68378777024313 147.13983165477646 145.89256200030209 146.34973299369472 147.13680033989434 148.20249244882521 147.76590604725595 148.63436839543593 148.41276509948852 147.91471172482667 146.80196564944401 148.40145230018118 147.91458377502917 150.23822989044555 149.00423751608182 149.34587514621364 149.18393055252471 148.83398268552895 147.54499347365973 149.50306395458716 149.261139618405 150.97410343131835 149.80138054255778 150.26521581282887 149.9514341483729 151.99174713836211 150.5698433070074 150.43588454984089 148.52666204214461 151.8813845223323 150.52092449350778 151.36583725057071 151.16683211042749 152.40674234992963 153.28193859511154 151.65346840660911 149.07529132047085
