# Created by Octave 5.2.0, Fri Apr 02 16:06:05 2021 CEST <br1@br1>
# name: ptcls
# type: scalar struct
# ndims: 2
 1 1
# length: 2
# name: x
# type: matrix
# rows: 2
# columns: 320
 146.28320545587053 92.802000176518618 91.753625951290218 76.956033280706166 94.98456025140662 109.02557596343765 66.398582046257403 82.608457106431842 95.332776591990765 109.70691275632079 98.597974064629526 92.75885529641495 107.41883110183375 108.28758135866269 108.10879388779775 109.16831895028938 89.960819322441012 100.69617574404012 94.498739729618265 97.087775677152933 98.347418948164005 146.48074182274297 107.99560803493236 148.07120703170565 142.24711892128394 126.28475480616385 144.33236312923418 142.58064706111287 150.60730816911732 149.68672323644046 141.12644366590141 149.85709173838592 140.45995820408913 119.49158663686796 148.3382447277213 145.11847297043406 146.35399854231818 149.5535765516197 148.25696896072935 150.92564622202892 147.25769310083953 148.22652551667198 141.3393075869115 148.66483060003995 144.16865677145273 150.8138626331677 160.6575694135316 159.60144575967686 145.58604965357063 143.36916093384579 139.19879539715799 147.42355533143561 147.73025444481721 145.55613524625636 160.41714982176831 161.36695591156578 146.67718113040638 153.87878748320585 162.17321402146072 160.15967443096801 159.18209513309037 160.36011596592624 161.02279131470084 159.71574334506707 81.205465318085771 82.280505163587122 81.755198808245382 65.945007072623611 82.782032469947524 81.116513842903771 80.61599338881166 24.816250787998197 84.773104695413537 85.808206719348362 83.422240515834588 82.697549454279866 84.661026407697918 83.65694119643797 83.87568119856941 79.942047438473367 91.044719460346954 88.984501650368387 87.851519899991843 84.631818223583181 85.804725001023726 84.733994527716348 85.529942577847919 83.757195565752482 91.320830845968189 89.933989091090794 88.678277396797398 86.743755835123807 86.73727209658955 85.724165952002622 85.772576326429615 84.628877471804074 107.44694234725021 93.933652866234851 90.109898283373781 87.617819858235961 86.648210134753995 85.740176904111181 86.728847349484568 89.399193202449879 94.633955845507202 94.239952541413928 93.01270970827207 87.635783179968556 88.479196145294722 87.84582966424729 86.960294889729056 90.5845122168015 92.030595854767668 93.912377929147951 97.083354889083694 90.900267071276105 88.642348419161166 91.615234820307563 103.0693343635044 88.357221193451082 92.053723232360824 95.307941058136933 95.035669445212307 92.104226996021325 89.689167244198046 89.678195808021457 91.691777683154484 92.792474640922805 112.53990145783777 95.941149572504301 92.581453030816391 93.865618732923878 90.70699210689115 89.737659330708965 92.943353290974969 67.442932821648981 88.949852544033021 90.283139013788741 93.05284383545748 101.93140983548467 96.456760477039907 91.922612583489354 90.783641860330377 64.522022363768201 130.52361710111342 107.75521679449064 72.270917733194381 94.411476980148166 93.383264459443467 97.456054810556566 91.784850411489842 67.55389789615829 123.48327420401294 113.32196130523437 116.16846796543172 89.606230618937019 93.919580318176841 94.279235182117873 104.22944218787329 90.625762525240489 111.23163871849522 112.07523144225608 122.26821540963419 108.73560480544137 102.44808418135791 93.228979706671041 95.022614927721619 98.655695855372556 112.4636065676016 110.09455227781984 108.97525273740085 101.85442569616602 88.797332752736807 90.679946076834753 101.80039256806987 97.486963477989946 117.71397985542046 110.84544302629254 104.67371855286791 100.60746877765013 104.21510696491013 106.97041186120676 112.29561901671482 105.88470718075941 112.96703746885542 154.88526771327514 135.36721282126382 99.525174366729672 138.61001538582494 96.19399712931596 94.430391667274748 99.627890263121174 138.44709364814651 137.03777911408469 149.5297495650899 140.11670101431216 137.79181593117204 139.11303690657073 130.87646890113132 120.05973412795652 137.32177609025413 140.06632750505494 138.08778146632113 140.07857372389634 138.05418885415514 139.36804787698233 141.68485339162314 143.18941381096451 135.45571841299676 136.57009912330167 136.23833300708347 138.81801739243653 132.0681203458133 134.20511225601183 142.73521881480121 146.70358224670966 136.07117997409313 134.16330195301944 135.13034290034065 133.26416986762626 132.56508318126888 129.56244468763722 146.27866384943763 140.51110825119673 130.05037183616943 134.21489139101888 136.83644902339478 133.35918481673571 133.70395093075919 145.8089913711591 147.01407331899469 144.82384166609918 166.83697773767895 131.48993093151526 135.19035279278751 143.90749707701846 147.21841332680208 156.95419764296676 153.46928994590624 161.54455975571585 141.24906694759383 128.23522090758888 132.15960570618441 157.16960235317947 157.94925155037419 150.3497191606908 159.97064525807542 161.08566157743635 142.4751417762854 134.69552040323958 158.01397494603955 158.88323478961166 160.86481295479663 155.97871778759253 150.70847198965126 116.93514370837221 163.66645701889186 162.76378401523743 127.08725234425606 166.11715485799738 161.99561687595974 158.77743571246168 160.89301739424428 162.51178958212449 159.69039763284843 155.02055039897374 157.85131156258026 160.55315936325874 162.26687682727191 156.72766505491728 161.24454281391297 161.27660781512694 159.99541270216287 163.98017790696997 162.98806351601937 160.4418197216053 162.87123417994675 161.65972365899555 162.55235554565149 158.60985082457194 159.28382002766364 167.12628866619085 165.0930204422697 164.19331284611692 163.47461252352943 162.7898414808264 161.8954154131209 163.11343725518475 165.91426757894607 164.62821404582741 163.97008432766663 163.34724854389705 165.15695222861345 163.9857991747952 163.44663888133803 168.66479342458305 166.97087525432025 165.67590257479344 165.07795271817236 164.48143374573183 165.66844216512095 164.53752468331501 168.17968171992979 162.33554480874955 168.78272308024751 167.53331622445756 166.64741717344899 165.99574258410394 168.51672711073462 166.84834667413571 167.43290099832495 160.23621857596413 169.40187550207926 168.66620934344817 167.61343579223617 166.2389044198641 168.04600179858897 168.22414914171216 167.04735243695541 169.13035501812027
