# Created by Octave 5.2.0, Fri Apr 02 16:06:54 2021 CEST <br1@br1>
# name: ptcls
# type: scalar struct
# ndims: 2
 1 1
# length: 2
# name: x
# type: matrix
# rows: 2
# columns: 320
 163.59453846731549 86.760491531970104 86.362655982369674 67.74536193256337 89.620211598550341 106.65372899573605 54.879907495209089 74.087518605077378 75.287682138697207 111.28388303563706 91.665664011740233 86.63085568098397 104.5282011847288 106.15726835057218 107.96230172795067 109.3854406415805 64.368661341961882 89.925598898831822 89.955219063577161 89.785848757822365 90.530193504996944 149.97536702151163 107.16232682283152 151.09474135688217 146.00665861250059 129.93591614796384 148.0375923571028 146.99273119738865 153.95082670557525 153.77966011064817 141.42517261145096 152.09713287020162 147.54493532865109 123.21815982941391 152.02032005492904 149.02952330182302 149.81882511103433 152.99236101942 153.62328384979574 150.82505240543477 152.50592617355059 153.04178631445689 146.01835740282937 152.17276846973226 147.8980165356495 157.43088277339544 166.3335389475713 164.8192813733198 150.35380464481878 146.96657964577327 141.47250461812501 150.91377172560823 153.55111934759469 149.26853597012212 166.72402152991003 167.44112829278404 152.03812694681415 163.94388164003144 169.06839497424124 169.07998432644507 165.37102598701802 167.18678242266304 167.89767333256771 165.412043797737 76.333554553921431 77.420971228434624 75.728884089905989 55.978397507204448 78.479181221583772 76.701491369029569 74.902758982731939 6.0636929153335863 78.870239974429083 77.939362524292406 78.740279660837828 76.850801701984608 80.106897660451907 78.036509783011695 79.0005032206343 75.684883652187366 86.096450846486988 83.245253814114875 81.221725782082999 79.601710570437689 80.036164024030398 79.519793187631208 81.160565866802727 79.093309419784333 87.282694099799272 84.91534488458268 82.384087820908832 80.380428234202697 80.954350991232914 80.63722583141535 80.7162340064977 81.266467952855564 108.2801229834371 87.47554421154932 85.325995752188803 81.67288179846642 81.842527419482678 81.975561104216197 82.474315105779283 83.030374838713158 87.763606661847845 89.363345546543115 87.630661709570788 82.124270817468798 82.906283388157775 83.076708583375208 81.882839072679772 84.185751802314726 85.604455959953924 87.844194724079784 90.677411167932405 85.446723942153653 83.289845013875549 85.244214527591083 99.238132666688642 82.555217561196798 87.737672160772192 90.619207979186029 88.856823629109243 88.245457227576736 84.35652980088534 83.601787708299327 84.118665843002219 86.145070367996709 115.03366261933624 88.590742969305055 86.408112956039744 88.861041305746994 85.269951622133121 84.183988057506511 86.453921137925462 56.189021119532654 84.455111186720856 83.759726190006475 89.687487806055969 99.336125021520076 91.182485369330919 87.01725359393329 84.673756878202042 52.268104448542942 132.14480377996125 115.4327610604237 59.380493809542486 88.767677638564521 87.515611239102043 90.869791727173848 85.632058300881624 56.381192661438988 162.92845370286312 123.23275197305105 127.81908256601371 83.156628075958622 89.939132434468448 88.555278955806259 104.92424519616169 65.362477586573121 115.43824943141053 122.24557514287976 123.98666999329303 116.65556219559234 87.655050688351366 87.368015856010416 75.558485699287317 85.898534075288097 114.4673791122563 117.3955402036128 118.06098171910321 87.211450510565854 66.375661444864406 64.081482575420011 96.908066445301728 85.283528137831951 116.46709749695299 108.27667042003624 104.76804874647883 84.887115770353546 99.535045716395501 110.16796465639926 116.47708850539033 99.814687995757609 92.027969296907045 162.31435744460688 136.67415639803892 86.558551983112949 147.82682150334722 74.680751442699972 76.102527366934666 85.906362905897012 135.70219827272308 139.19005868976444 160.40254549634031 148.0772858058815 146.78256462653658 144.7016462604185 123.33416556383681 128.02929774632801 134.04932170006848 134.75192916996613 144.25482257717576 148.69401448906197 146.01357386602029 145.49788718788017 148.54360092261589 148.12777402699791 135.43030187970012 132.88381261639253 140.67189984193195 143.33412930699239 143.49227536707687 130.18214726096247 146.99771447902134 152.49746905324236 141.55006235585492 129.93217676169795 142.52309172828646 132.0567604842891 134.41857070713027 120.57664897231849 151.44512721431457 145.07448119376477 126.45196053043045 135.43653078147341 143.7083599645768 129.00294007071159 163.73993717920848 151.40405443157044 151.87491344959909 148.66825605818232 175.70096276396035 131.15910133879825 142.53240148102512 147.16836952818258 153.26018491132052 163.21219321016045 159.73016725543948 167.94086570325504 143.62386912722121 113.12405036091997 130.66257670298603 163.86223010672578 165.22202755291545 153.44808394222579 166.1637124392276 167.07746186361499 143.99031009142863 134.14240120409838 164.13579565235042 165.0715389455026 164.52990852772186 162.79532054506282 151.17802097815954 112.49067535702579 169.32346306629046 170.35907862491266 118.89691459970811 170.95294472914512 166.81632366545864 165.32475621707763 166.25190257591834 168.32405895940278 163.4528613162453 158.45907866144631 159.86106649879426 167.14436623506273 168.0740685844309 164.11293740552068 164.74760343141082 167.85241918648293 165.64424043218992 169.79473573388273 168.2276595772752 165.87256466784959 167.01068529796595 168.06128184283506 169.01018912735884 164.28878545297334 166.1556375628445 174.23626238178389 171.35781921785633 170.25921551362023 169.24197023988987 170.1539382792601 167.20845628396665 168.83111324731865 172.28169665511817 171.09774935789204 171.06726850076296 169.98758929700332 170.68781476997003 169.85896182086361 169.87869240986257 175.24524549361487 172.30542340651203 172.08884720551814 171.89556677367162 170.89872533243215 170.54872729081953 169.58212274775926 174.25393878652372 168.54519498178152 174.87961395027506 173.11314411490395 173.04569195315437 172.78067886724887 175.81011146697927 171.6892187122387 172.78582909861737 164.44658293674922 175.21437002071872 174.23873021595602 173.79645144408894 171.73788568206822 173.89667296778069 174.58135318729498 173.47958263451065 175.27942018423033
