# Created by Octave 5.2.0, Fri Apr 02 16:02:36 2021 CEST <br1@br1>
# name: ptcls
# type: scalar struct
# ndims: 2
 1 1
# length: 2
# name: x
# type: matrix
# rows: 2
# columns: 320
 121.35057192094918 118.42461774683248 117.97003005687159 117.1498868575696 119.22875161718687 120.77777453882068 119.42353768135493 119.88091103668863 121.81345237171054 119.33055032556423 120.77726241044044 119.49725736385111 120.41416991833557 122.19027219016533 121.60237387050672 122.15842225614277 123.22428756278399 122.35261378240011 121.83037568919428 120.5102494093215 121.58145527627499 123.32863529690992 122.68806411467862 124.33320189902409 124.25554384845485 123.36240349514831 123.99720674416604 123.48514793029312 124.72104149407554 125.9997819304288 125.14205447615035 125.42333256432143 125.91522117716643 124.86047656931966 125.53204474316929 124.61137606190475 125.50129823282052 127.05034351999234 126.30654099227046 126.87748490779498 127.25579463234727 126.56964680624223 127.68180895691425 126.6467769288199 126.80156762779292 128.05616922729186 128.02862382084703 129.04594565961352 129.43978688147433 128.36561945177323 129.11840723077697 127.65759243461166 130.07300674524456 129.01034828395467 129.17209398214169 130.78519964285061 130.27684635619823 130.7068661519094 131.90910400064098 131.25097283456401 130.3264015497295 131.43373981131879 130.46051780454403 131.87495964450932 108.08172143088629 108.10749224014565 108.00236696475997 107.10947298014412 107.51870922161392 106.86697113488772 107.36311640780372 106.95513057251556 109.11242785586791 109.20689496857295 109.10440106399032 108.09591926025645 108.52483455722233 107.90965864328705 108.44455741869545 108.03304316170416 110.07036141409695 110.16008702997115 110.20006053792463 109.25535343363153 109.65252067399477 109.02157961169337 109.50149401831511 109.02392721872918 110.99838058762315 111.21605066311696 111.20589081023007 110.30212393689261 110.77760199074061 110.15937124142427 110.70134360110798 110.14195640386302 112.16564550760266 112.53480875468757 112.38317337090658 111.33717952925998 112.02407174111778 111.28553248920882 111.82458714920004 111.26158475828618 112.93106056277306 113.23916614670894 113.43908282493899 112.40351282856946 113.11165541272318 112.50419002506763 112.94261552508834 112.42637047493635 114.32541004474371 113.62679272536214 114.46923860732983 113.64162914252988 114.25826070472701 113.6018290292478 113.99364096489778 113.65530153203939 115.53364392144981 115.05124605086235 115.72320697840931 114.6531768732864 115.23035590258694 114.75786628957914 114.97547354814 114.69059167249479 115.20868932880771 116.23757278730392 116.73126157919444 115.75274935085118 116.36351386520975 115.76101453433112 115.96798162724356 115.70928548345518 116.15946854235692 116.13403000358059 116.82139357133092 117.00333714617322 117.59289291083731 116.94122652434062 116.95694188567532 116.21935123106086 117.50018575097364 117.01569793108304 117.53428990994978 117.80312534033357 118.13032895184104 118.1661725592086 118.39982396125276 116.53287332317453 118.81816071916926 118.15293291558315 119.0589059835474 118.31359830786782 118.93818387060386 118.92441218489898 119.14424118880819 120.24284387372252 119.86228561701229 119.56525129854431 120.43958384076531 119.82706557433663 120.77169630978395 119.01924012153964 120.04313931695293 120.76617738671561 120.94977784941136 120.80024653322252 121.59603750556995 121.36035629352108 121.87261450301466 121.12117177421132 121.98328806658616 121.10459611864553 123.17647002873957 122.06863481043479 122.79198948340571 122.47450873250523 123.6428610441485 122.73620849925021 123.67015526689406 122.87062049386935 124.53370458696263 124.44509484447281 124.64824366700176 123.6257880774389 125.05577001940453 124.06562615759675 124.92419363642989 124.14645184883986 126.27625302310548 125.70645492407164 125.91418168348785 125.01790756061595 126.49380656617052 125.85513637170313 126.23216562620262 125.73943344430637 127.93525217105498 126.74118534616755 127.06042862667775 126.28763940393243 127.97978422122642 127.7868416656349 127.59907410260686 126.79864833925771 129.13772198078152 128.04471759929717 128.06277390992753 129.11980541313233 128.75255372373749 128.45153453417547 128.64228490473758 128.31008726326803 130.02776876196509 129.18657214491384 129.79094767135757 130.10277154606041 129.97084696171936 129.43438057884225 129.75029673060379 129.33597490916188 129.99112583419694 130.50878533412416 130.81968428326761 130.85378447841975 131.22904088610301 131.392060606021 131.71154134816493 130.58920437923081 131.06989846944447 131.69988360002426 132.05295227631294 132.0234900459312 132.27356053353097 132.70249329644022 131.35701152531897 132.59370784555628 132.81810910277872 132.97387138714899 133.03821917605373 133.03437689454111 133.34529380397117 132.43804619991272 133.51209354567021 133.22475861408884 133.82176081072595 134.03695658379519 133.87745192501981 134.09665880322277 134.42945733594743 133.7672365739987 133.55447923316734 133.95062562473711 134.88390772665335 134.66900441366769 134.96129721675169 134.97827896276911 135.48388806179028 134.76478041025067 134.7968990049489 134.47117021058526 136.08011446154231 135.99838298683864 135.92727104268874 136.04680607695573 136.4205743294518 135.72372530682668 135.94701857676253 135.5256018143032 136.97110638759096 136.80874136032074 136.92764680610532 137.01723147253458 137.52135827634456 136.72141589700229 137.28289521197729 136.60919270088829 138.0465088717709 137.86474253022365 137.78799239202993 138.1155278472684 138.66082196505499 138.10053595825011 138.37465740200579 137.75513288420365 138.94820928459447 138.74103615572557 138.86542610101534 139.2845852200773 139.81272803553932 139.24134865824229 139.72883818833432 138.98111984314789 140.28964016029559 139.78767976269532 139.90974688835459 140.51662196007544 141.04342922550515 140.36579467284699 140.92870555658322 140.217205584753 141.36398047270882 141.00973885609901 141.01726992858167 141.65689623553533 142.26580895305963 141.67424318809657 142.17417645397634 141.47291147816588 142.42077474543674 142.14133916608719 142.24426500784861 142.72713677112162 143.47961568893791 142.88225730266069 143.58274658470705 142.58447962471843
