# Created by Octave 5.2.0, Fri Apr 02 16:07:21 2021 CEST <br1@br1>
# name: ptcls
# type: scalar struct
# ndims: 2
 1 1
# length: 2
# name: x
# type: matrix
# rows: 2
# columns: 320
 174.34157133903472 82.810274341303767 83.005839101022289 61.722999897239234 86.468092691152009 105.79646632671763 47.715645314388098 68.516135738807151 63.378922010836369 116.06004372086451 88.528038406659221 83.342865725386602 102.63817393123711 107.6380058160571 106.14355535578606 109.39935190665265 48.93300502470742 78.496736369617963 84.588389999918604 85.547494366026783 87.492046461474374 153.09957071474173 106.4373318812773 154.32837044791361 149.96098410947587 138.31672686396996 151.05118892134598 149.8775554403382 156.00451097102069 154.78624822888366 141.62049538354105 153.77759668091855 149.36838733601257 125.65321316103808 155.00886816127394 151.86857509090635 152.7171670730819 155.37984986160617 156.23747697810168 153.69905305768592 154.29611082646755 157.03788014283907 149.13845150700806 154.81539388907268 151.34441026084897 161.75598682672833 171.14649654511467 168.45755778401596 153.13865271661768 150.64014945529598 142.90636523232575 153.96510801227487 156.47860289317467 152.33413952949059 171.22439653146787 172.33751451585329 154.73119772339302 170.74182932325832 173.0681107504866 173.32997134561668 170.22753651225418 171.51466916135732 171.20577784826062 169.67100882117418 72.999263935935559 73.705137351741726 73.572908837340208 49.461768175968842 74.873183279620889 74.114162254348969 72.098367611040672 6.1975949244856183 75.455442231832919 74.33402987632951 74.830519606404039 73.541465688466687 76.439913235302242 74.459142522063374 75.386715735732579 74.252443290245495 82.718838487993182 80.233239798061575 77.136669245878878 75.70694667625429 75.921175406897333 75.934293384200259 77.569080001750308 76.936724016374711 82.973527907223186 81.575150324005179 78.158000678534179 76.591785014170199 77.404037708291057 76.750266498458785 77.006397645246579 77.713524197859954 107.28887333775261 76.035598117448259 81.919697458361512 77.914400047771281 77.953190858666872 77.931903305455734 78.618679029780964 77.375894945854995 85.585139114882892 86.743405573353655 84.120991069303159 78.550829481648435 79.118548700422608 79.297763745427886 78.142154110860531 80.417512178821127 82.201231795884794 84.621742943381747 85.958339360710838 82.078013076477532 79.701925668958424 81.657012788092118 96.733116172616803 78.888443931823559 81.152994057514036 87.492766184899139 83.273048824433886 84.146760901082914 80.865848877904057 79.884562361677112 79.903765048278615 81.015819492405768 116.66419876339293 83.92291101211832 83.215859131639291 85.538360071546137 81.397507833231771 80.36885029906837 82.772516518818435 48.2550211738588 80.211935407870726 80.41327557008421 86.326102396589633 98.662521530087929 88.030792096971652 83.205053053066521 80.985518747006708 44.255927350126427 128.15624280196204 118.69068869690132 50.952139705616247 85.669850705083931 84.541204293016094 86.949372171094524 82.355609848015078 49.284456507394481 189.32294798689367 127.29797152794117 135.41665405944377 79.325028924375815 84.927431275800458 86.694147099807623 105.65159155109754 50.246259752450932 120.07682893804382 120.24340512257609 114.80305674737113 110.94757057263374 78.073132626503721 82.408725599733543 61.508476541549278 76.879751633750288 116.43555540142442 120.42731845188386 124.28619261365735 79.615850703381454 47.833197216517846 47.872558594244197 93.86161490885118 76.445856239209036 117.49537704245209 106.07436071439507 99.507754014337166 76.657912671760926 97.645625066926485 116.54063133944902 119.19076018570314 94.142928240783093 88.915135967585485 167.49423823033169 138.78789350032505 77.647067410643189 155.87195689651594 62.705831920015015 62.345118136763148 75.497440967188155 137.60163462752811 142.78455320820103 170.92591792296164 158.65284347758046 158.27796372979137 148.37902844268223 119.92851127585729 127.24665335043269 136.09502313322548 135.68629274279692 148.60554342612153 157.37456268971223 154.91369528174246 148.44866166552703 150.0513822612559 151.85329376703385 129.91333200296677 131.31450707683635 150.63718324943534 149.71158574077762 149.25766296748012 124.69305741259706 149.02467042238075 155.6747172004886 150.85737996314853 126.0169051597377 150.12757450293702 128.04227262421151 130.57799425196106 121.30878016896669 153.38183676722787 149.1083897107271 123.17557041263385 131.05423341427732 147.99950919901161 124.29429541201606 188.70916797047693 153.65955243661617 154.66230935399841 152.01094998779126 181.49664528114434 124.9395741254414 149.07180852968466 150.28038897532272 155.43505305257344 166.05916337232514 163.8564098207525 172.09748093235885 145.41280217691883 103.26177325044767 129.03527849653389 167.24934945712789 168.31034232010495 155.47393783784483 169.66703044237036 170.89912917891493 144.84492554187415 131.74197706415842 167.10407640776347 168.65437375444691 168.74786968647362 167.49324162249181 152.74438545030674 109.58467681960698 174.75047833862283 173.59702916682116 113.54169376673445 175.86228966556973 171.04629219475802 169.1355605048899 170.15670603392519 173.83452695477661 164.96355607795158 160.7073471407553 161.1751370340111 170.77018245426885 171.90969535281093 167.30230113256505 169.06663955770031 172.22935909113539 169.8734065597007 174.83107892365229 172.24512256403651 170.0854066263274 171.3409575832921 171.57526085277473 172.62829536864982 167.96948529947591 169.68708598208462 178.30877660686426 175.67223089449251 174.59483154088892 173.38822939193739 174.22549982162531 172.65709796176105 172.61311100820797 176.72714216400445 175.32514747615139 174.81407245140193 173.7471534818838 173.83000645278753 173.18162089420062 175.00049194087893 179.33671205093646 176.42772447369816 175.93612056268316 175.55082437804612 174.42066750319736 174.55503956536612 173.3391465572285 177.20156589719727 173.49408377426036 178.98055231046456 177.13179449534704 176.8167398912282 176.2996857630225 179.93407875074274 176.04993732840697 175.70275523928066 167.19951348033948 178.52226235063935 177.89688456940289 177.41430431133347 175.21872688274189 177.80048179386193 178.05587398363949 176.88154336330356 180.20050945382607
