# Created by Octave 5.2.0, Fri Apr 02 16:04:18 2021 CEST <br1@br1>
# name: ptcls
# type: scalar struct
# ndims: 2
 1 1
# length: 2
# name: x
# type: matrix
# rows: 2
# columns: 320
 126.97545312123222 106.65967005573681 105.23250170207733 97.266744458662075 108.51118014769055 114.68772287027141 92.413437475021411 101.39821892993143 114.89537709276033 115.07310084437621 108.11193677610322 104.24328656270252 112.6446106628879 112.94476091702646 113.74565587479955 114.81802582375062 115.65512320643758 116.33208684373204 107.62499010045768 107.3044029673901 109.66720203290761 137.56054284864749 114.06098361797588 137.21334604536693 133.9221299329482 124.65386852427071 135.64334447207705 132.85143588881243 139.48524848828407 140.39020378308084 136.00632999410124 138.56524125744045 131.7228741102349 122.86398018224759 134.65167172997874 134.21061032433929 135.27677941197743 137.16594051408785 140.63478323707531 141.48551908026579 135.66186339940171 136.67051853679101 133.54886880021314 136.65440641981962 134.96464484559564 140.03466705559754 149.3407944050833 147.20957419284599 137.20696502403172 134.66713623312901 136.17659295508906 136.0300280471119 137.64167373607853 137.74097628216253 149.04349673544505 149.88144029985028 138.33718084364364 138.45629107408004 148.31050138275495 147.97438989474441 146.47084214432127 147.74727696390849 148.12784010704149 148.29747219199598 96.834753431252182 97.947130265718471 95.752598994961772 87.922658934829968 94.970367544702768 94.059903459071663 94.245263650695776 66.16804507131431 99.03406281937545 98.072772705042965 96.955536858346022 96.073756974800702 96.591027020593458 95.463598227399004 95.435588588612092 93.001041692308732 101.33760618677927 99.716181247772013 98.684425467598317 97.481313023113444 97.596504668635887 96.48091611276844 96.264624793522955 94.857706972398205 100.15140996239477 100.61897228501374 99.613194964909965 98.670966855401105 98.350708915477497 97.260754224625742 97.064053775517422 95.876002726734157 104.15893661646925 105.35519433128646 101.13840933366349 99.374487487313829 98.066272039321603 97.877976785934734 99.032477002960817 96.785469396325126 105.33916548536253 108.24279141775779 103.54161059341308 99.243174414771815 100.30221471443947 100.26009974192509 100.62554015980548 101.69581072933248 104.82799569571273 106.22727651710528 110.61505822930356 102.27867137354066 100.37481340608143 102.74469051153658 104.38845313398322 101.66915851485589 106.00914549356293 107.05972486252062 106.89279876580751 102.5305982999553 101.64710807748401 101.37727440404349 102.3725366350377 103.59400323393568 107.07803281841321 106.93458596894371 106.35159612418332 109.28946382961834 102.65110027332322 101.41782483142259 104.56936253779985 91.327252809555773 101.93179047777592 103.06908694194911 105.6247871052912 110.40532859559549 105.90349568536431 103.41279194937597 102.50837511242437 91.543482381957233 112.77947825989995 110.34127403063505 100.69766947849338 105.31712073803787 110.76697399090887 107.41457572904291 103.84529854453599 92.508442170718965 111.82296944378641 110.40053395912193 112.67526088238938 102.35527341441005 110.91785462896138 108.05929964451974 112.10307714251876 114.65304462666433 109.28688713454827 111.47368118819311 112.31232248796789 113.36491486216768 113.27620165827064 107.00723133488597 118.62513359894811 117.28787079443165 109.26857387730159 111.33627828951407 112.30078530621263 112.04250335849233 113.65960334049772 114.75442666315648 112.67489270529059 118.4145052338923 120.6608177303124 111.12389317406264 110.56408332992228 112.58364995027928 111.09273853975716 111.7133675514885 114.40721388184575 114.18682529044304 119.36933147511976 138.4906968030063 137.24418249551059 113.10049036880403 130.59350416550686 113.68380887353378 116.67323729668739 115.30233801558906 136.48448906629736 134.36252150741504 133.47823371782641 131.76311856580296 133.30952658238175 131.72020469886562 129.41216796507217 121.66110331943807 133.76091504033803 135.32604580942967 133.63637086041493 132.70694896314589 133.25886790509171 132.52230975881207 133.24528143123712 135.07802672025574 136.58518778384715 135.47174397605997 134.22790433880874 132.29203159262767 129.62092936412591 131.25595764566231 134.38372599733648 137.3458081582904 134.53482901724041 134.3096635936131 133.47993992492249 130.20157158297937 128.23361090540331 127.7421087254035 134.32279906453653 135.61307909072494 135.25996398720514 131.9259001407022 133.37777015342525 129.49806888788694 128.67779940001705 136.73330665946418 139.41153704630028 138.27581322637906 147.29075434639176 132.51340979702684 132.31990475511807 138.54552388320431 138.67795888764502 145.1788904594589 138.63562796742707 147.89181344421078 138.22606591288161 128.94850567720647 130.62099049187557 144.98700354235902 146.22723450897155 143.51742759115209 146.302850762334 147.22324828507288 136.9202591558622 128.98439531529041 146.60878204544022 145.99547214772238 147.21801084318412 146.29806409259547 139.55586753315998 126.73576622672584 148.10204218237024 149.10517689000648 143.77870785244409 149.5326430352244 148.20057752655731 145.6941889276541 148.91271537391458 149.96291485523241 147.6577947385544 147.43815474326499 147.17449376606555 147.60156106159994 148.1847215000588 147.2957659663557 147.00768429210973 150.24019306097608 148.63812882265401 148.71582311088486 148.36874026934413 149.52778722245307 149.15667602679576 148.03135865201239 148.98749563679186 145.9363403866665 146.42841486659145 151.10297561260174 150.1673694329819 150.15869741182692 150.48334849713385 149.09483819511766 148.63568875875023 149.73831099230745 151.40447780131038 150.73503112555454 151.63388641942191 151.42780817975083 151.44349149626711 149.55511279944898 150.71145827201127 150.97683838490735 152.77750758924861 151.84005258122454 152.72261553157057 152.48097252619385 151.61563705489237 150.57732060862304 152.75612477016062 150.93403263175213 153.64746451102326 152.64628365347852 153.54226744639439 153.23779384501518 155.32768246043341 153.82210820865998 153.65560389830861 151.04872623011499 153.60027872658418 153.6625681749106 154.59607052632677 154.25070052981056 155.31605014361486 155.24693008462035 154.65018139801953 151.79173831184971
