# Created by Octave 5.2.0, Fri Apr 02 16:03:12 2021 CEST <br1@br1>
# name: ptcls
# type: scalar struct
# ndims: 2
 1 1
# length: 2
# name: x
# type: matrix
# rows: 2
# columns: 320
 120.36106848689178 113.39377242922846 111.18327196994001 110.13806724004111 116.12032578799347 118.3816196630769 108.56450447280325 113.3056842715678 121.35073950943624 118.06343370967207 117.47162057671484 112.81575114855957 117.48982027436547 118.50131833377132 119.21454633473839 120.15432009086204 123.09736881679788 120.89878036510908 116.45588277729273 115.4134080531236 116.73976980485409 129.58307400208432 119.4851330968844 130.77557481866253 126.69873541287208 123.62034175260587 128.56571183800719 127.02647039800635 128.38357104805087 132.01418117242372 129.68579344456003 131.92046026389031 126.85455521257254 124.31067937039714 128.0493440149427 128.55318439334636 129.18846318299003 133.13222614275026 131.13036243428468 130.06120128214729 128.6043261030847 129.39730722539286 129.64995190258387 129.84096003447553 130.19607037265024 131.84013693567482 136.77531057333084 134.66634526083712 131.03106594801358 129.72003423625182 130.58955558909875 130.88198696328649 132.52262544235674 131.74538432097361 135.96156019661939 139.89486408348728 133.56327707502061 132.66787918157956 139.53552762901393 135.76500907125833 137.91138166873137 137.71404996385428 138.76069478279629 139.10285960312447 105.21688004904996 105.75558339879031 104.73362479250109 102.05410937825836 103.05697837575917 102.3110099274479 101.92008575301088 92.373542611316111 106.71169829857132 105.77050502548603 104.73995024658336 103.76061979530797 103.91408330365671 102.97809085529758 102.9325721587509 101.75406055467239 108.40870598900936 106.61802082710688 105.61998337797414 104.7974035501807 105.00975863556121 103.89313308184754 103.72664866011991 102.73255759647367 107.92635158053265 107.77302851983366 106.75111690736908 105.90220216643064 105.94219994541531 104.71011353095149 104.5824907542415 103.49910908152464 109.60728121270935 111.64906530752886 108.91351407432047 106.86270885897532 106.89727026914873 105.8556583022082 106.87112277507526 104.56464962295092 111.45731029782934 112.1243133496894 110.49855317656723 107.86940928662683 108.89715580769817 107.93836712174506 108.3150296978138 107.47979122595989 112.69085308485828 111.97939359613255 113.00961537672548 110.13742135511056 108.67919082061213 109.07750810092617 109.50099040040055 108.60582762913442 113.08978698486895 113.88648675159848 113.14236492984762 111.29576081402793 109.71792293121692 110.13862333410043 110.25121474963449 110.4188039185555 111.43967763363936 112.54306986213484 113.28514247397227 114.10308971480853 110.79810177698785 109.95175046861434 110.99861727334705 106.96008157031191 110.24283019606581 112.32297278863797 113.4248256329733 113.93078999558803 116.20890747033623 111.79226507713074 111.42410011371447 109.38529660272226 115.30980937000982 114.14115500891407 111.72049198479232 114.30704430151214 115.38889797059512 112.68057294934586 112.21264863652846 107.44316584447991 115.34603735615002 114.29074552828227 116.39835052661772 112.64792293783026 114.68837044456343 115.67627270324169 117.50001082265015 121.89795232418209 114.639920542372 115.18183804522687 116.30038804204696 116.84530991857947 118.03895958364434 114.05067884256265 122.48374097309683 122.05448423493706 115.13478792699475 115.73935790074663 116.9223414609379 117.48991252960388 118.66479940237468 119.82667244442706 121.60401338434919 120.80898150045799 122.64992511050714 116.19985756841677 117.36600575665199 118.01517595734772 118.63151028705386 120.93582765474247 120.90226276739762 120.22054614298534 121.366643228244 128.10111407498709 129.12590540023717 119.38622897044098 126.24801436263469 121.69585718741922 122.64513142046889 121.87689558115308 130.11307675071947 128.9183544785742 129.02860600843155 127.30059211881334 128.85910580865743 126.51999153184674 126.75504105454471 125.31925882939089 128.54882278538486 130.22054893647484 128.91152574008902 127.91468951983903 129.63216376104171 128.38637450264619 127.66720616698869 127.8676871929883 131.04071547899335 129.46928143262559 130.18892057628457 130.10106432997765 129.04363016603179 129.00649723512015 128.83954506095711 131.77896886579683 131.41712151159598 130.7504627986676 132.01030256206855 131.14055496040766 130.32367413975334 131.73032246313022 130.9855410198704 130.84596508390331 130.03334159314417 133.57748980695851 131.91589707925581 131.31068859033633 132.47719800050982 131.91373816674178 134.32423995706631 132.82086061651196 134.90390347633186 132.78346660165866 131.8283820379342 133.17186739204649 134.24321827057207 137.29526347618025 134.36831841558723 140.55897964534853 134.43067679277885 133.98998214175745 132.16720823412086 136.61845719318137 138.41842515441695 136.17329948891779 138.37183222757673 140.38962382872057 134.94694117289816 133.62917681059452 137.74386476657565 138.44059345889693 139.70014262711203 138.3340433853254 137.28061485486899 132.94662584590273 138.83615466156192 139.85182374900663 138.53240910249201 139.03858819269567 140.61109640344256 138.23249949864854 140.66443815086049 141.88758638002219 140.11544843017148 140.42505059869174 139.10683329074442 139.82346537359825 140.70640816312951 139.74786938363602 139.51612564593839 141.8989388991823 140.0707155799231 141.01682983011284 140.75521636516771 141.62495704148009 141.76590390666058 140.64183626162935 141.61601242993265 139.37274899744074 139.54778919086934 142.19599452225214 141.82961789037734 142.77768600823532 142.6615682063003 141.68993379541004 142.47059537726037 141.57435963181319 142.97901107078343 142.80420645770852 143.93535555411071 143.80594212829507 143.63931079862513 142.62417956732642 143.42385949652285 143.25400968378167 145.36519742470207 143.93439111331523 144.82692610365291 144.76351685098177 144.54754646604238 143.61004310686238 144.89949007266867 144.39252649234845 146.0084939249702 144.91564057215541 145.75209849141947 145.54871540411534 146.59476072658316 145.90427397951854 145.62403428457409 145.42030056125739 146.54477298551308 145.80881465768266 146.85257197799274 146.84973838830558 147.84180177189356 147.19771224907677 146.8357239773496 146.42907657530137
