# Created by Octave 5.2.0, Fri Apr 02 16:04:13 2021 CEST <br1@br1>
# name: ptcls
# type: scalar struct
# ndims: 2
 1 1
# length: 2
# name: x
# type: matrix
# rows: 2
# columns: 320
 126.4322653898648 106.7711482778686 105.25734527167901 98.211428699497233 109.49075576123548 115.40711676365103 93.349942415357589 102.27216134032676 115.84474060113094 115.3226909880067 108.76135789467988 104.22092173208375 112.83413224815691 113.55443391213616 114.32780866904127 114.96584325247257 116.70952867508137 116.92178863433826 108.30031479913485 107.49885933433568 110.65023463901626 136.87250934518619 114.03811284984003 136.17425160513937 133.08964291024148 124.5780133483687 135.42406848217263 132.39891443893799 138.87423549886572 140.09506884692709 135.66785195467781 137.86982757978072 131.89226803469165 122.8971444330611 133.88721512073033 133.80644118637343 134.7572482854527 136.77143026256763 140.77023907539782 141.21303408033802 134.9728838285572 136.19609093924095 133.46649926149328 135.84021639877216 134.73771550768444 139.41648859123165 148.68437757068546 146.45373438276312 136.74129987672177 134.44431317012243 135.50186854121722 135.65768107355692 137.30872564703131 137.17890048008516 148.77319444632377 149.01442680442025 138.75609319809749 137.92748731282273 147.26240621483154 147.36579466914998 146.13415005880461 147.31844137958095 147.72650991215323 147.65905174552026 97.611509314718887 98.344804396809408 96.532885245915736 88.944875300513985 95.370583768700257 94.370772364226738 94.907149352509308 68.091384340305268 99.456935848848843 98.657578687671119 97.630889929946292 96.49269287685847 97.136520308897786 95.997459917063352 95.670648868847024 93.131635304667299 102.11045595379221 99.978354434053117 99.201596707341295 98.249979098251188 98.127832757683294 96.742119737508958 96.541785393342977 95.563698590087142 100.9886468458801 101.20363940119343 100.20003766885441 99.343606413748915 99.006367285716948 97.584100213869277 97.309046262735151 96.323377922379677 105.11860463603551 105.41562529763584 102.08962112965861 100.29812116747314 98.621433230744273 98.54566676060557 99.734916391692821 97.202618255963145 105.87710828548822 108.30038726633862 104.56742596432342 99.831865945578926 101.17408523980609 100.84410747004853 100.76827951829303 101.78438807151825 105.68642400315201 106.4433838903514 112.18240370792714 103.01267172747229 101.18989754811921 102.95315461182848 104.15774564324978 101.87586089273771 106.78365915687716 107.86625177279144 107.48932523764132 103.36576437909139 102.18569282208014 101.97102103375155 102.92704455543675 103.83702894050245 107.04269876456075 107.16142550458665 106.29887136123526 109.8274561792299 103.5408053834915 102.05287188947216 105.17809157399364 92.306252240656434 102.43649483328529 103.26144797138113 105.93979937728119 110.97017642917679 106.95304873471368 104.16270477932946 103.11211171542492 92.80029447582649 112.67515346696004 110.11784070220594 102.06524163036867 105.95922717469863 111.75701752673541 108.12619723073706 104.5696996409222 94.074506157013758 111.97074410733761 110.04437991444389 113.27146362735687 103.40429543120635 111.15414490260021 108.38246157279444 112.46929272180459 115.81488769260424 108.93033525249589 111.06530686528228 112.4359910844739 113.33018943616023 113.57658352613429 107.1128561355178 119.07178650370359 117.918866234885 108.9623337749499 111.60442022864486 112.61244319442902 112.67948307745856 113.91302037151542 114.95699615735336 113.67467285385359 118.54703319625543 120.66613657098748 111.59748894157711 110.9543659521442 113.13716314208133 111.84904849800755 112.47345454399915 114.64237655034215 115.03905439866088 119.6565938552388 137.72815862113333 136.71972142807584 113.96497972658121 130.24696161674805 114.59455915470322 116.95856243145073 116.08051014514639 135.96109928614823 134.49423802408742 133.38241807851412 131.57313142778369 133.66809649812711 130.920825693892 129.04177269129389 122.00153899285444 133.09758086967827 135.28425135284135 133.02204516055761 131.99380391978977 133.24050478083265 132.55334553561926 133.17498756405868 134.01191104499929 136.42884737893019 135.20250813129419 134.32781593083257 132.00064604109335 130.12434902859329 131.33784157779857 133.89224573488303 136.79097292422571 134.7874495329244 134.04874708434582 133.59729744694263 129.98640090215997 127.91117046507152 128.25665702809994 134.39849486683249 134.94062465072659 135.46521957494258 131.68741615537354 132.91782974938312 128.92278785746981 128.12240668340141 136.22387070701677 138.82753486349199 137.74128511163053 146.38162767702957 132.45978837933501 131.77256359382838 137.96055830540811 138.40495701348814 144.44317873731006 138.18952913906469 147.07791233935589 138.03570695010049 129.32495973801687 130.56004767902164 145.05429037322696 146.07921321754742 143.20293642682745 145.86537668649774 146.21915312030254 136.71164678584645 129.08502027285408 145.93815789632453 145.76610112503695 146.91593275316836 145.59903937828358 139.17940591201369 127.19160913455624 147.647978410023 148.20003033855136 143.2003461273909 148.58832035754307 147.94465990916254 144.69451016729502 148.35444645858567 149.54472713729044 146.67411461482661 147.08548517788319 146.35021914111746 147.07610912393179 147.81817622280829 146.99582921816651 146.58422626548253 149.73144243199644 147.45007984249975 148.08496962113529 148.05598286357139 148.95236372714726 148.74510846223276 147.50363901483229 148.05634287459327 145.15753709200422 145.34097831121434 150.1501292946551 149.14687159493218 150.03452773750513 149.83378375474513 148.87215413747177 148.34988434873776 149.46759232016947 150.12773562137968 150.09189143323101 151.09829336250004 150.79877899298725 150.85047795122765 148.86974037005257 150.31030542977092 150.50072762301653 152.3587228011568 151.17371597570755 151.88327566194749 151.7316652910124 150.93756757158985 149.89883263416309 152.06141354420438 150.86019058294937 153.34356473594696 152.16437615934515 152.67455299544136 152.62162888348283 154.39077635323568 153.18183048030002 152.71831798962069 150.89569823593635 153.40747274264686 153.02197348704638 153.67706566742763 153.67456021695804 154.77121914138087 154.84820893704193 153.85011266154669 151.37827699017097
