# Created by Octave 5.2.0, Fri Apr 02 16:05:47 2021 CEST <br1@br1>
# name: ptcls
# type: scalar struct
# ndims: 2
 1 1
# length: 2
# name: x
# type: matrix
# rows: 2
# columns: 320
 140.05667032367182 94.970746869433469 93.766950869087808 80.262428123629221 97.689716127044193 109.5086963263759 70.406981286118196 85.667255542815496 102.05628850172162 110.58047825902749 99.25837531418648 94.864027511386396 108.4564931233586 109.14553227145009 108.45871203092095 109.89958763377754 98.881925147046616 105.34293319070635 97.744487406454866 98.622724826047502 99.699903269259195 145.28258420566746 108.72471589484617 145.00903124274265 141.3692735140508 126.01926169050682 143.25362009438888 140.99682198655233 147.55809915691805 147.49027017522994 141.01920763416567 148.14812910049974 139.9048236590273 119.17332142776253 146.90549434994298 143.78157530976398 144.52733596034778 146.38994417154694 147.21746899072878 148.73270446756544 146.55855312319866 146.6947193855535 140.53097016742362 146.96710787043048 142.85240707163663 148.50306840110585 158.13062922004488 156.90036747568772 144.40881594621465 142.34317611312429 138.9390408631314 145.76327359820334 145.56152745379433 143.74769705689167 158.06396538004924 159.04587284800695 144.8569481223611 150.06845843999747 160.31314668300669 158.11238283238845 156.81305585090425 158.67340578328339 158.95414856912623 157.52505748393438 83.44703505463589 84.449429577151705 83.495238948819463 69.522764352517669 84.557245250745027 82.937271817603602 82.039899072017363 31.547938229467544 86.540240562892166 87.347485904460015 85.5439208303859 84.445377790548335 86.697717822291168 85.583356394785795 85.770394713268871 81.842690111760874 93.065515275594635 90.692638067725184 89.671379376322037 86.580117902727622 87.627876465233726 86.705667961151448 87.62975421666205 85.851660022605785 93.053956121917167 91.943508860087334 90.868489896638792 88.804461278548089 88.703080252853667 87.76925805537617 87.543722798214631 86.638736387784505 105.88641828970721 95.796605006895746 91.867040694032795 89.884027486362228 88.845447892164501 88.567967945677054 88.568058587252537 90.70918185960852 95.940754738623113 95.714293229134171 95.115099463249862 89.800659309770481 90.782234533946109 89.864110460019376 89.642970211948452 91.932632267483015 94.004403213828624 96.203076560275932 98.802875657635369 92.868663624711019 90.679765481976261 92.592493524057105 104.44463753672031 90.703562512738813 95.721816087162537 96.314043411222713 97.034514498243183 94.149720828817664 91.83207212534866 91.686301152172405 93.055809122207251 94.518435758469593 111.64470514345371 97.205471549526493 94.96908102975172 97.70981728130252 92.80555308322721 91.605241726489197 94.785557380886459 71.019925368534302 92.23169200149124 91.09882394058009 94.913117443476906 103.25181049953706 98.167225496895966 94.0518087682063 92.642863130286514 68.920864692310602 127.65316988822207 107.74385037632864 76.898249398095061 96.111215599262067 96.805331940069593 98.617232232134583 93.711932748972245 72.153995361473136 111.01920554808605 109.08906234985201 111.25053865553311 91.779183007431442 95.755558288260673 96.770028108892163 105.51119671537371 99.147860700812899 109.6215610155797 109.47688431538654 110.42250727788287 107.75359114614218 106.70920596057131 96.489234582367487 101.04611469138095 102.8434904134751 110.8254873453117 108.34158737221325 107.6406117657654 106.8135715765073 98.295188229351254 99.667204976962765 103.39357442121519 103.97015034771574 117.76931150780918 107.20760770808373 104.8032870575056 105.76291264233907 105.88336093993476 106.18619465641694 108.99333264476658 104.79692284812219 116.99437572332933 152.21638407671975 135.62092503281499 103.62740845904351 138.21466084976754 101.73909452146754 101.52459726995831 104.7638953089087 139.00421453084735 136.82000276263457 145.9838508222 138.67886624949242 137.08820765255871 136.98800003198997 132.77544485527324 118.62696343778417 137.99115769297742 139.98562284075541 137.70213853281331 139.57708300584042 135.95464183575262 138.84745870701727 140.66933953990861 142.16729000208667 134.73053534337396 136.80546045835459 135.73551014309228 138.01544920073022 130.33132799575307 134.10979299022353 141.77483722141153 145.18909611103149 135.68746077280235 134.82734026096571 134.48915317264135 132.88779514695671 131.12984180473623 129.40172363766166 144.86044510581581 139.60238540324289 131.34210922797317 133.4213148774856 136.45030112604576 132.08249218211392 132.27045241357487 143.57349279444048 145.10171019715196 143.9664667362035 163.65503439491127 131.65332253617103 135.44186899779001 142.83554839924619 146.05310170224948 154.75573394366964 151.22382643958784 159.34798294560861 140.6141350585016 130.28014747817559 131.25490155948847 154.5469413166586 156.04459691628091 149.23748564937054 157.93513889488563 159.27931206836712 141.7136740005885 133.18967551954464 155.32572914932814 155.98202675914999 158.59964118093538 154.23592525216083 149.19755273128527 118.53059388577861 160.54085580204406 161.13214909877692 130.02737358588865 163.50569424962399 159.56260284860028 156.94179844144938 159.17795676784067 160.16745114771538 156.42237353679675 153.78620692013743 157.54482507447335 157.40666745023765 160.44098995799939 155.49228958033049 158.47937708585658 159.06246199596146 157.51309972653766 161.74273591619894 160.65142093591672 158.44961631563601 159.92254419870395 159.18026172574253 160.84856571058705 158.12745065614405 156.47682743549569 164.66612692496136 163.23983424220481 161.49353185188781 161.41651296889503 160.31398745468076 160.17357966418066 161.2627909661816 164.2376434694373 162.60804989884204 162.30066372527492 161.36413708658657 163.12928889451467 162.04159843198809 161.21420743840184 165.63166561006122 165.39259904376894 163.61468557606557 163.06416458826226 162.42898556679626 163.87935830443934 162.64703665868976 165.87332187598915 160.09172227508674 166.53422975498395 164.77979747779239 164.12390127163496 163.43850119681309 166.46629966260221 164.89153753152357 165.71242283293799 158.72480572850282 167.58510062689072 165.92872867312835 165.36231220860876 164.47819463537184 166.53525047466781 166.11096414681964 164.88614588618245 166.81254844674027
