# Created by Octave 5.2.0, Fri Apr 02 16:04:46 2021 CEST <br1@br1>
# name: ptcls
# type: scalar struct
# ndims: 2
 1 1
# length: 2
# name: x
# type: matrix
# rows: 2
# columns: 320
 130.23457950944146 102.4064498165701 100.05368200328623 91.598639013651123 104.19658001127695 111.71904280933329 84.431999308046073 96.154564467559453 110.50683253663131 113.5755599825933 104.13496491876538 101.10792144500026 112.02818320927783 111.68513245617197 111.04403539169959 110.7113440046502 109.77018531369241 111.57615550634897 105.50658117403432 105.43045042692424 105.55624803719749 138.23837618319823 112.35989432406198 138.83381392188599 138.96062494965315 125.10899957968275 138.91444526535003 135.56656458805907 141.0784864100313 142.03304022251442 137.74049297212221 142.00168861798812 135.88191511239495 120.66738034213718 140.31302360858703 137.82134924735527 139.08182891087102 139.44007611155803 141.57015659668312 143.59816279187422 139.65925747577288 140.98994253905258 135.72014740073908 139.77582078450729 137.12120786611246 142.96721838704298 152.37551746301241 150.53239725442904 139.7496865415479 137.83410626775162 137.90262279366479 138.75791002548269 141.77753109665971 139.83563093248725 151.46801023825955 153.73404188618824 140.79328685815281 141.39162384287255 152.94055995251881 150.41738343195863 150.13594263140743 152.11496687157538 151.38002470849116 151.60879305877188 90.887691411835249 92.933951221405394 91.843488312725682 81.789360740725868 90.96126449238767 90.938458787397209 88.508714646605299 54.628009457365792 95.799086724195291 94.888719689279128 92.979417191760689 91.853412070245511 92.93404049693271 91.819003084317657 92.339547908783686 89.859885079701911 98.121303264550505 96.866510524487637 95.965994960268233 94.097312114543243 94.322331765255214 93.432587406887876 93.738142086403656 92.631894029877998 96.525136747835575 97.884547969898662 97.325178036604157 95.158369022129406 95.531991924031217 94.534096657934583 94.577733611841168 93.43639524928011 102.00713633508209 102.59198829492374 97.729602860479247 96.409671090490832 95.619243695318488 95.647828906866579 96.647355648866991 95.495137886725317 101.12407194242256 104.26546223076168 100.80398644371681 96.55624014180286 97.546810793448387 96.527968136153049 97.614644062438941 98.762929748221524 101.5121914383504 101.93999850252202 107.18580138921718 98.703855694142618 97.370558646576811 99.728376820640435 108.07790213108331 97.722204792939266 104.21927279469233 104.46728136194946 102.65321529145947 99.562142015787671 98.609660921851273 98.601838301829133 100.18103112629697 100.51815863443072 108.57546063699405 103.1222125229054 102.10159374005944 105.02287549010464 99.012706340000904 98.292645289215358 100.75443818265876 84.919879998575311 98.189124238781631 99.019645705764333 102.05687293959073 107.28764907792417 102.22667512692408 99.757220913201962 99.476602967395422 84.002609818741689 117.8116365868803 109.09179943867451 92.763386534897393 103.12212719741002 108.03247793395548 103.18490041209412 99.656338139827938 86.007843002284602 110.73484835796805 109.90726543973193 112.31142136277107 99.399706511508057 107.08294025362318 104.23172276481171 109.90578366680374 108.67061143230983 108.90523218478201 111.23575668875375 112.00257584813824 112.20387990394933 111.70190022114772 103.25815484480547 111.25782128696311 112.54556515784321 109.67433682882486 110.68819485042224 111.16290261710736 110.67962895600189 112.01017077827818 112.55702847488945 108.32650104522565 112.04914261825223 118.71694608690521 109.88222289535436 108.66398727334665 110.96998566351266 109.65803917811462 109.87321501454264 112.73268299529612 110.31030664349103 119.55771579376255 143.06592589424412 138.48637330019028 109.15251258122707 133.41337155418103 109.5047142356413 111.30892431767937 111.3703256007945 138.2406520627944 136.41169293108007 135.59622105607639 134.49814183518777 135.40729666159243 133.57452060495118 131.63453960774189 121.61610361416861 136.32354246895483 137.33729215789984 135.25054739517466 134.67811615508052 134.23161137288145 133.94063399314288 136.81497195500347 138.69397058179658 135.43594484603364 137.32370484746735 135.36695775854409 134.42784403873711 130.09807463539192 131.1528199984202 137.31066962791584 140.10877121786154 134.32834092647099 135.34998305660793 133.30610719564672 130.65953982834469 128.12446013356319 127.09742717425547 137.86566475159765 136.80412527865778 135.77214722675447 132.37968499820533 134.27388744611216 129.26691445376218 128.50880960175351 137.97920541103426 139.7107527541113 140.69350631133219 152.74551436256493 132.31781281438444 133.42091174439213 138.93831934629225 140.4838766278113 148.42469493429431 140.82364657811789 152.45391599303184 139.11050464891639 127.9772471202262 131.47684742793984 148.75311218631072 149.50367277909842 145.42411361055824 151.09694799711284 151.60153217303508 138.42964841660967 129.37573910435833 149.8522890997879 148.90686952730098 150.53452355779854 149.42654682105163 142.55634126673402 124.00070877974343 152.98121265135575 152.38126836383583 140.10778927148613 154.99298003167146 150.95531652552626 148.8705233099345 152.81121119647557 153.86430255923813 152.75669017996455 149.5541721355558 150.87251443888036 151.20968839285672 152.22286301406106 150.40023950477058 150.07960295094813 152.66181700479174 151.92764942964996 152.95166180272187 151.53416201958254 152.32687927110106 152.58977242890018 152.06182810516336 153.5277010980692 150.27006940415453 149.79879179906803 156.11910526019176 153.92412962047297 153.5064949478477 153.57697750552032 153.10642115103425 153.14975705433037 154.21703931416786 155.47467452382006 154.12838157818155 154.6925834863909 154.3469605535883 155.08494415281154 153.93835861925692 155.29566750614549 154.90223516688962 156.62502306652598 154.56277088783787 155.75018788323774 155.49909806056863 155.83743576428972 154.7119182422787 156.4737708381781 154.84024941027016 157.93078269916359 155.66927469137292 156.63812116607534 156.38896990109919 159.55363070729487 156.98631176878857 158.06134610299856 153.54016910311236 157.17526990468872 156.72687442877859 157.78098816612598 157.44648050689236 158.4813724872258 159.13709856000335 158.19165959785667 157.45740878177227
