# Created by Octave 5.2.0, Fri Apr 02 16:07:54 2021 CEST <br1@br1>
# name: ptcls
# type: scalar struct
# ndims: 2
 1 1
# length: 2
# name: x
# type: matrix
# rows: 2
# columns: 320
 187.89308274076308 77.620773326114659 78.643778761476227 53.811269380244781 83.227247140171968 107.21482306259628 33.601520266223524 61.196868051748091 44.643532396911041 115.79078802434175 83.634430927642711 79.319896040891777 100.15519695115978 106.13592062023281 105.25409631266011 109.41762749017882 25.444879843170817 63.482348341042893 79.716056610672922 80.411299988740609 82.276040752296112 154.69714650508624 106.21813867866061 156.72475268028413 153.31919627599243 141.45492390428467 153.74325874589582 153.66742258303663 161.73348737011716 156.73896691259665 149.74898351386349 155.88227144692709 153.94269553326708 141.26930374678358 160.47184077279567 153.76855249089297 155.77510066545295 158.64992131636572 159.12260512579223 155.79108173298005 158.81564878524856 160.48510802642608 153.26445809551603 161.33663875063584 154.83464394568412 167.43798626934213 174.936492116425 173.93617708461059 156.66976468011077 152.85573940717185 144.79006447058947 157.67594536003989 159.98811901625274 156.78230406522979 175.96146335115472 179.19134898364999 158.10813501901595 164.65050560759275 178.71424058023223 180.33104862090877 175.15063141105159 177.14537731198857 176.25952733589907 175.23949014103749 67.708612431238379 68.694265388251509 68.436940597666208 40.900706113365203 69.521696586537189 68.846429542950517 69.816524332596785 22.305561302287273 69.849813127756335 69.790825740289904 69.665235485465402 68.753868518888311 71.908207424949097 68.71596028043227 69.807386679860329 68.885820046676898 78.114272585195394 76.167815135407523 71.162296013867945 70.964277543558637 70.795761219295642 70.598294350990614 72.923276424367771 71.661741925000641 79.681739206530452 76.959288882579557 75.805926631490863 71.03177579230946 71.921060084435737 72.01909513409322 72.737346292097484 72.299190527724733 104.6563210450731 55.262783524272209 77.281006721150305 72.113612400745211 73.174686896407522 71.247959605257549 74.016240946989299 70.366135613009391 80.114518287029085 82.472699402635826 79.032722153765121 72.998999886490964 74.114881629659024 74.741015320028552 73.65394022827175 75.94931600664782 78.578778933673064 85.762547164564211 80.73752804637698 77.804100787763986 74.086707742716314 76.963038651805334 93.442212150993015 74.327940760268561 65.984565786435383 83.369801884928108 78.653711937651039 78.937442802987675 76.575787622422979 74.980507938925015 75.341501553051103 76.731269476210073 118.04191449686643 79.057416737174705 79.309903947695418 81.264850965964968 77.342590183029984 75.460439197355441 77.838568523695699 40.981044044534272 75.671061677749933 74.741124258317868 82.926083632505907 97.777591453108442 81.40923404100046 78.883586811325287 76.292053771638962 33.730126063971397 122.44471717233958 123.29279413310785 39.87959607888962 81.4130618128045 80.66341009206235 81.966711030532849 78.006740293230791 41.514423688880385 223.99806792865928 128.94599864305289 145.3977773939497 74.533698831482369 79.288091208207902 82.327518414092452 106.62000185668674 26.936377016491189 127.20891144246333 117.63392654351193 101.74495461098221 99.586638886414335 64.866302593793776 80.593118250707249 46.260410105268775 65.124499918509159 120.56977531744722 124.99390402194304 121.49993272611594 67.056428342621643 28.075116442044315 28.638086929739142 89.859413870769089 66.222180145965581 118.60152471816983 103.18113031678804 92.597170738778516 65.090634648160759 95.105780693802089 124.6544410991403 122.52792930783889 86.749457180618421 90.79112367621795 174.26966998870179 143.87155132590487 64.057259267998319 165.28146113655777 45.200278307633027 45.926214690007605 66.182060632041285 144.6200742175146 147.50673228144126 183.23066895443401 173.74929420513607 172.76800724226513 155.13165675123793 123.54093257673216 126.2184734577859 136.72780844158086 137.65909955998805 153.5518063683505 171.48307864409037 164.46963260339362 152.84246895302294 154.4211013544907 155.80565112458086 124.26857656520819 130.85870091408097 157.74090279411232 162.00390157400471 156.43481717433238 118.19895012937361 155.33201290177763 157.51472551628362 161.81808116375618 118.6136784122378 157.62991822331145 123.92918120468559 123.10029817239615 125.77918909444409 157.88557754273205 152.19960845398569 116.65144782803404 123.15735571357457 157.1629453335681 119.13052266019923 221.51188293155508 156.47327202932718 161.33868331986656 155.53753532887774 189.11058113705272 117.02984920684879 158.4419120268409 154.56808313002671 159.00984582518967 172.50203967151816 169.27715985753628 176.98332560710048 147.51031940027457 90.292571560134292 128.97367851269425 173.72120671956338 173.70434802704963 158.13535373993258 174.62857225786146 175.80990719760445 146.47091559874005 124.17085634521032 172.81763215391874 174.7212406023406 174.02271103357339 172.7758236650711 154.9509811509831 105.76699246652737 192.33385955766434 184.14668362656178 106.50640365282788 181.66124774395388 176.17389143811923 173.84339379654034 176.38898448266747 178.74031381361684 166.59339499645739 164.18897710205067 162.59908215102976 176.87365659163149 177.34644979691174 172.85915684901801 174.34135151254111 176.88593191858081 174.98425152159021 180.22437670221831 178.02283257281761 175.25035342862503 176.64735385674774 176.70599492799033 178.30081553575641 171.56469445183487 175.73672942454289 183.59180244847371 181.54153278190432 180.48075859718682 179.26927491005259 179.88567443258097 178.01417319784807 177.48817978835925 182.97859941439955 181.08464616795607 180.52323387708711 179.48565610642061 178.52767190439681 177.87874604524089 179.51470172004559 183.48879090236005 182.1639191363073 181.69873010588176 180.01930992752355 178.99291280275511 178.73797492141148 177.72121884834559 181.90205649044998 179.87557986859179 184.41628606417302 182.82838763309482 181.33839269911479 180.74749774583876 184.22572898355426 180.74948693900441 179.98687543124936 170.81610850819334 183.30989769913427 182.46152641356878 182.15261894608022 179.67220978939619 183.38486564633746 182.30115456510617 181.23556962898132 185.55152849818705
