# Created by Octave 5.2.0, Fri Apr 02 16:06:39 2021 CEST <br1@br1>
# name: ptcls
# type: scalar struct
# ndims: 2
 1 1
# length: 2
# name: x
# type: matrix
# rows: 2
# columns: 320
 158.71185479742076 88.464506790688915 87.85685581687946 70.343243594860056 91.655202676467326 107.59674630844725 58.149316546048155 76.490860233664534 80.357267410885072 108.79818204140291 93.974208592074675 89.185638559459548 105.34350705878404 106.49569445902131 107.7424002054226 109.37943970370624 72.033123446167437 94.855696460453487 91.385953810395549 91.75097662672492 92.856338964267863 149.37947998209768 106.76860211832799 150.78660269273988 145.10219164439133 126.82240385613923 146.78546428544138 145.74829721023394 153.179913369118 152.70434631662081 141.34091572937288 152.39186791087954 145.42880120243913 122.1677446667525 151.08142465599622 147.95214507551037 148.97071125469407 152.09778005395719 152.24039910759856 150.55947477537714 150.53774213150396 151.48516595106796 144.66179092193039 151.5332901915699 146.2603248378534 155.56515161313419 164.9455802705406 164.29949412819457 149.12529265350938 145.89995325580438 140.85397651003842 150.00315013382826 152.05983099899348 148.29076506362082 164.82343957956596 166.00212968704 150.18507451476435 161.10500892913191 166.93092414841712 165.97110064224754 163.7805558308641 164.43302374531916 166.93475809772502 163.78456373972799 77.547743679786024 78.618256732185841 77.545887004396477 58.789492512835494 79.3617595844227 78.21476519049699 76.665523427615113 11.352875905059502 80.571977935089677 79.478868608843925 79.847626328680505 78.740313725236717 81.378595461512546 79.632812595353002 80.253247248801543 77.214413714663934 87.738962481133171 85.576440244443418 83.595627152968333 80.771741671021005 81.204489685428982 81.252643851298643 82.286108282009977 81.212642392165392 87.816906499015047 86.560399518076551 84.463253718622425 81.963785519946811 82.402313938028954 82.073468067083397 82.224238684491169 82.60263574916587 108.86825393802607 89.752660515948307 86.766239692080518 83.33769448939664 83.161486843704409 83.234285535242734 83.306917803354892 85.060236762949231 88.910477614356779 90.736562456144583 89.434164846397508 83.58116668530873 84.192520148585359 84.280608256820841 83.304369297814063 85.493895422349183 88.329937170890005 90.260885890533729 92.393104251144692 87.202127405012959 84.638437901067178 86.69278005763735 100.31872801707257 84.127589432558295 89.251671640111738 90.617404447560943 90.90016525341241 88.786059668479425 85.911467292090023 85.0620550625612 86.016099721763212 87.837088157622773 114.3302940866059 90.630912964565653 87.59750709024074 90.281661779774424 86.545228077223385 85.45302824733642 88.425593799163067 59.431972789181437 84.783442688584657 85.916109629987346 90.875408995123365 99.626699076647668 92.449266200121144 88.342050855981412 86.062487755053141 55.7243377066834 134.00910968566166 112.23556866452067 63.01625440339302 90.123036617444626 89.443684067891098 92.709444733304153 87.20186121141397 59.443144924713401 151.5425934234774 120.63408029602624 124.54169878453102 85.598716312698727 91.546923785020695 89.468757254644288 104.61293181485634 73.110304826615675 114.37591447165457 119.41392287278836 129.51568207547837 114.50075592082372 91.57166120509919 89.423186276682785 81.442568586823157 89.448629488378458 113.85868286641207 115.51062369580549 115.58661509532523 91.029655436615016 72.058674790360243 71.156214629593265 98.222222010045101 88.345325633752068 116.81811268077178 109.22463418481836 107.05253500132164 90.322260751758776 99.528103333966996 107.83108024922669 115.28218680458252 103.08331604284542 98.375289673703733 160.22303498638593 134.82508579125422 90.42636253593065 144.25570423252978 80.739744821845093 81.387986550536723 89.253538235889991 137.20233782378148 138.43558959305594 156.62154705086971 143.26653710825349 143.02208535066762 142.43384472374129 128.21332464345886 127.86516966476999 134.92553247305747 135.94903354535612 142.19507485627403 144.76045634176711 141.87680629584523 143.47942606641209 146.58984141818695 145.73449929654558 135.88191303700307 134.37803702389155 137.56997951261303 141.31871285340856 140.29096501547269 132.42597084122295 145.73341656595463 150.92873882054545 138.97280627112406 131.80178051347292 139.26993877703569 132.96629055985281 134.92305052964434 125.06226018313346 149.43607619763745 144.69783756583402 127.46689705256196 135.89273159490068 140.25550365384345 131.47018630482867 152.21040090323967 149.81089963436065 150.46377287375691 147.53045120888348 173.20086442321431 133.31908838623676 139.76120551092023 146.46442001269062 151.27088891352946 160.61539638506218 157.96021695854304 166.39806046254259 142.90686846417782 117.37592210735863 130.5157906205884 161.90419938736386 162.69870833679752 152.57418618333131 163.53453884367576 164.69982247114174 143.61013958928055 134.95458697731445 161.7414266705741 162.80239141091332 163.0180575682067 160.93652845449046 150.69030506360335 113.7442433535594 167.45489368295233 168.4898196177941 121.20700986099087 169.47377079275199 164.96203494558276 162.51153388850423 164.78622169374307 166.90830493826314 162.31980955927901 157.48923735664636 159.29421254242621 165.05989129233706 166.08890214605805 161.53101160787287 163.92187917199576 165.96517731803573 164.04487545973518 167.85646098516398 167.05208524653162 164.13887970212633 165.9649741437936 165.79581933292872 167.50641099083282 162.72994319665648 163.67196398897892 172.62285840727407 168.91822380615756 168.20900804391937 167.15133891128539 168.23843446152833 165.97028396039821 166.96879947945155 169.98497056213955 169.15749396440535 169.65310355531037 168.5460147348449 169.26747934000377 168.3958995749029 168.03063362901025 173.54222720132051 170.87406888634754 170.72738148889752 170.48853560598207 169.34973824588224 169.00833610664216 167.95998088968093 172.79039596915894 166.92312892743121 173.61221772512721 171.87442744719544 171.67100570106675 171.40837570914206 173.84149738466877 170.21044501523198 171.06620938313498 163.25904427088676 173.67000399677724 172.72798277291682 172.55436750421293 170.13781107670005 173.82018305325914 173.43021869942763 172.17539423793323 173.95223176077889
