# Created by Octave 5.2.0, Fri Apr 02 16:07:34 2021 CEST <br1@br1>
# name: ptcls
# type: scalar struct
# ndims: 2
 1 1
# length: 2
# name: x
# type: matrix
# rows: 2
# columns: 320
 179.60036680836214 80.796438126454262 81.591691000637908 58.652776114524968 85.790976389227453 107.0557883627956 44.277906752317641 65.675822905022329 55.702122430328153 117.02285154014014 86.509607160865869 81.839916584103946 101.67463062553546 107.2609168105746 105.14866998710501 109.40644392414042 39.619658883420918 72.670257433155996 82.067004583606305 83.438069098189061 86.919537814792932 153.90232437145437 106.03439184811172 155.18571728260957 151.28833008644435 140.73681924068262 152.51233774942824 151.34825015243013 158.04632969204232 155.8353887662588 143.57254949095682 155.17495783818879 150.77094315951274 130.51993677754672 157.07137353149645 152.52999703356855 154.24684486977065 156.41563831331172 157.39366482727681 154.76845767627321 156.24028755298602 158.03258959509617 150.77974118823408 156.29717341558128 152.85850185758508 163.96094183430981 172.09659136973363 171.13195618748421 154.81516382900119 151.59474620193819 143.63735299642809 155.90301338818597 157.9843284856272 153.59707875996989 173.16415739965831 174.81225253645772 155.98709154281761 169.02350689648677 174.56952325525222 174.88941400008144 172.53097859199713 173.79974315736149 173.71125989330429 172.49691338377087 70.689971369895801 72.49207782850813 71.276400809326901 46.139564987495788 72.424897648729896 71.768900999836319 70.470512535087607 12.448447548707156 73.617934162951244 73.326592686806123 72.938560562150883 71.816119948799283 74.156953000866764 72.519454054932467 73.066634470308614 71.770876360400024 81.514572321835828 79.01934503888296 75.182741155544292 73.775838102152335 74.048536556616781 73.53377877767889 75.71019024426144 74.64909230636782 82.519247190297776 79.977105000977431 78.271996346363935 74.743446530186134 75.085411638294218 74.880068760929632 75.305463120423099 75.820097652676694 106.32016335142823 67.974505887261316 80.169337553418245 75.868986222527212 76.103687213397507 74.846375079573235 76.819277816211795 73.735136273382722 83.123064224645816 85.170360861615947 82.664520474745288 76.235822777269618 77.162147974028358 77.524352871430821 76.51050877852839 78.645162908859604 80.367111546037407 83.942969223661535 84.130971452136166 81.01745197268292 77.168499773663541 79.575502916740717 95.456048940344886 77.130779102052927 75.63771917730665 86.157283606080142 81.160545087997832 81.800725912384067 79.145928950266367 77.941676328085123 78.268448195914274 79.26539260146798 117.49545248389242 81.203209218376102 82.183365707129582 84.639892614576539 80.263419861738228 78.006520554977797 80.253750031046295 44.267193227553655 78.0585023163095 77.435994396936522 84.939491870220095 98.319115828573501 86.497107741055942 82.065710106534851 78.800818995307139 40.171288045051341 125.99756420395815 120.40367626489561 46.655331731065615 84.000918487905992 83.265342835719096 85.281830321648613 80.726728381992132 45.394925853142041 202.77896468071316 128.5409905211375 139.28992580119234 78.633157614393753 82.155095574056688 85.116262063510916 106.02739256520678 41.021993974019836 122.844502745729 119.23077164413328 109.73573353026498 106.53885081380233 73.835563518161891 79.316628472386455 56.168886895858996 73.049955974492292 118.09676658330098 121.86505192448574 124.48975359361179 74.822496577837541 40.052740158664079 40.898768329004383 92.308521968699921 72.033588233226197 117.57112357971147 104.95161458995055 96.826035131284556 71.606251881038474 96.660013817654331 119.76315261790407 120.48578103906925 91.273820068181877 89.643131197801068 170.18691649517734 140.22364238881809 72.621182704257606 159.56771481566662 56.440228003186924 55.274786789596838 70.942617926303484 140.86702351534737 144.61704060975694 176.35492547112733 164.87157453990204 163.83971815716507 150.92944292528108 120.18610331503442 126.84765816821155 136.92460912343176 135.86303058924747 150.85769091654484 162.55034981277237 158.57766095369664 149.82101904036995 151.98473758650809 153.32127510821218 127.58672351063649 131.24868992411095 154.09993700978316 154.36478547224982 152.16744028119112 121.64554225344192 151.91159081724646 156.9458641794547 155.06863155335176 122.94724366868266 153.26428928689251 126.12096554005909 128.7668515376084 123.02326149092383 155.01437726447662 150.26001485143433 120.69174359815732 127.94501343401392 151.13769256781083 122.01733319122866 201.4385797464177 154.05204952488475 156.68551872507723 152.90171643205275 184.45130695657147 122.81837063707516 152.29880400003211 151.90366422557028 156.91951129545689 168.87471305344729 165.95998446189247 173.60932475042225 146.45224403609987 98.228948713908153 129.01137402519313 169.83855029965963 170.2013296205329 156.50672609835649 171.34456823892867 172.41658002650416 145.25042680636102 127.78728044737557 169.0161400340177 170.74251057468751 171.26994401855887 170.10660522032273 153.62087992248155 108.10318736915818 180.37361982080708 177.6792423412239 110.81158118521847 178.5289755653061 172.84050172761363 171.22914500905242 173.46883276302171 175.40139018831911 165.59204680872057 161.85442034325797 161.84415823107116 172.31492378809958 173.45151825964464 170.03267705725412 170.91655223575381 173.93018000245144 171.6962474849594 178.04623015460911 174.05781310530205 172.16078335912638 173.40484571511681 172.94575154586141 174.44727586277838 168.81348437172412 171.85100330653256 180.47799604308051 177.77831484830713 176.52417274523833 175.35584131627439 176.0447359197797 174.39844050834677 174.51812159993619 179.21422669103984 177.22517767980597 176.68932016467184 175.56876728789351 175.71349845108548 174.98507390564123 177.68361547432954 181.41161526214714 178.56644397489427 178.09245090890633 177.33680652745895 176.13326759504537 176.65188866327071 175.244881082608 179.8030362215784 175.89220378626968 181.29033651745138 179.44004436606971 178.6318841154054 178.03789916619021 181.13423506526328 178.74833221927489 177.62992248091405 168.60296826726784 180.34740255419555 179.60717542662104 179.28679725825779 176.9068085583454 180.08926358877858 179.81137464394561 178.70190620436864 182.48694318689246
