# Created by Octave 5.2.0, Fri Apr 02 16:02:53 2021 CEST <br1@br1>
# name: ptcls
# type: scalar struct
# ndims: 2
 1 1
# length: 2
# name: x
# type: matrix
# rows: 2
# columns: 320
 121.75698017729974 114.85760017038483 113.50236608396996 113.79993849909771 118.08013557007712 119.37479489845683 113.53828442728877 116.6922111118497 122.18502086818424 118.99537566070877 118.49470585313473 116.05387862445104 119.16860954560441 120.24973223517172 119.89659876917106 121.78283717667139 124.00077135003484 122.80597526344366 119.40542079308524 118.65303812771049 119.18547509330988 126.8883113393763 121.37872589189452 127.52550231665265 125.93571436629338 123.32640294598559 126.61773709143743 124.58595579991977 125.82365710851793 129.47641536206194 127.5511548863354 128.58925401078378 126.59238221936579 125.48544067134414 126.58858520770433 125.6784446796408 126.67384246693155 130.50944742226889 129.8956358225862 129.30399446276655 127.8218981089281 126.85506466303514 127.66968682497881 127.74458285717293 127.87877567131042 130.00473643644722 132.51292286441267 132.19839771362794 130.45007306975353 129.16060765886448 128.66396074428258 128.86850802952566 131.09411420545422 129.84267815979038 133.20370801587461 135.13367968630749 131.83623693799487 132.35743167675605 136.63221066815083 133.60138514431569 133.77924707916429 134.58238028973415 134.13434292071523 134.88396402663329 108.26924499452345 107.27467256113867 106.35472037434749 104.33004252244785 105.18955555422117 104.22050244575118 104.66324897011179 99.826482278656073 108.25656848953929 107.40819834559075 106.36361584327734 105.53622037413415 106.38447307720304 105.50799291857672 105.7317333166327 105.04591454287522 109.28629335468545 108.5047159882982 107.79730074230018 106.75895662358447 107.34449671372451 106.50088168230518 106.83163198811171 106.03138303046164 109.3669656877744 109.67122750810263 108.83401463347683 108.06953450084153 108.42926321083728 107.64373916400994 107.91090243827688 107.19442759031536 110.79766219550953 112.06771321753348 110.8189706884894 109.17322946847591 109.44590576975997 108.93731081137238 108.97520191516067 108.16949501654541 112.20049606528885 112.38527178815507 112.17040085018647 110.39564810126122 111.32267543001991 110.31645881900749 110.33410258913727 109.62073805050622 113.67997542468133 113.22795222036126 113.23515077481593 111.85688799138848 111.4991678404517 111.34354104982265 111.2757755059916 110.70519552832478 114.75597743567718 114.7786707223098 114.27243181084705 113.08088087432567 112.48467286322079 112.40775430303674 112.68837564049855 112.36873488957652 113.64460480495491 114.86114161064199 115.85679747739408 114.44174509688139 113.87184107745284 113.09824821714088 113.03315826632864 112.4414816603673 113.28114708885302 114.25793621960808 115.48092254559765 115.82219043122286 117.47951130992072 114.1313904971078 113.57036146499007 113.99365556204133 116.28574096604252 115.20923502424544 114.23591097543498 115.54755736274646 116.48967966360978 115.01498422634793 114.06686910472725 110.73963126475449 116.18567106694503 115.99186874827136 117.40130036516828 115.48285205237767 116.58510769806387 117.66639636212439 119.68429634057638 120.52273901518204 117.00047477197894 117.19233881529206 118.17744181767176 118.56534519545434 119.63025869445467 117.1161883443478 120.56885127555719 121.57930957637447 117.81990000609608 118.02223415278401 119.13694793430727 119.39302107774873 120.35018654086784 120.93043460073415 122.57897837169047 120.87317597624642 122.62409945717324 118.85080575749775 119.99494812316766 120.19144880504186 122.16712037213067 122.1175471028255 122.76493728090459 122.05383672896981 122.5262211121551 125.35066215793597 126.53375107959459 121.39070566369769 125.38341451780019 123.26170443942095 123.94247779561212 123.30974020294525 127.60219180086558 126.85704750576666 127.56922614372816 126.22317207708848 127.8169709964443 125.84149865724257 126.58286851466519 126.25647540077301 128.91393986621992 127.64698458576603 127.90508946106557 126.74590136766874 129.1767669808095 127.93965805776956 127.69716225464762 127.27301211949948 129.87023559714629 128.82118064217789 128.78143426491658 130.27114114408957 129.35399911184919 128.79016831075589 128.37274585733778 130.21735197351549 130.77747613372213 129.84412850138642 131.06754417788855 130.95980449997603 130.13442654756554 131.2878956864694 128.8784602967481 129.58228682555497 129.7377423160012 131.27214298884138 131.7452196215981 131.18365791190413 132.79117089217075 130.96446211376804 132.34412953622734 131.30587305062906 132.18289083289903 133.54473592088578 131.85467748595903 132.0097888293644 132.13716126734295 135.16157144642662 133.34413245411471 137.63721187993906 133.81477903307808 134.93240378691797 132.24668393540657 134.04631354569716 135.83120707343633 134.38316835534957 136.22278862047551 135.93076046217223 134.17622736382199 133.4139098435935 135.54014288797575 135.56045030129545 137.00713064318347 136.28326602309446 135.62306693863314 134.71301711374113 137.11566353580392 136.44697921213299 136.413382062707 136.61292616282822 138.09445009657276 136.66719890716976 138.39687243580926 139.40541230957137 138.36828987896149 138.49602113228326 137.40695910289537 136.60640198745915 138.74965787208714 137.37613399758575 137.77900701667573 140.80361960609062 138.98298573195157 138.3423327220352 137.87869287551646 138.8030131270931 139.8515460746614 138.91919308827059 139.17058123457775 138.61952611905619 140.18749360255964 139.5816433991551 139.17674951592741 140.7608644355484 141.05963432850257 140.15691690919203 140.5022297819088 139.84671798272421 140.64212190536543 140.27004515329915 141.10421348313272 141.80398431527288 142.11202099148892 141.37305810381619 141.621087064807 140.89995204620786 141.82669181553467 141.27006227482028 142.21283679507144 143.00550492919629 143.15734714232403 142.32093073961255 142.81638384801357 142.03309842789088 142.95738730496387 142.36601673944554 143.43113776616309 144.00688425912301 144.29477175100999 143.53754516093773 143.89066069666973 143.13462860379977 144.22490755195159 143.51930368570771 144.27849689516927 145.20711682654445 145.8521914272126 144.65675702003296 145.39776169420765 144.97975595177599
