# Created by Octave 5.2.0, Fri Apr 02 16:06:36 2021 CEST <br1@br1>
# name: ptcls
# type: scalar struct
# ndims: 2
 1 1
# length: 2
# name: x
# type: matrix
# rows: 2
# columns: 320
 157.60215396335377 88.851782985852282 88.227725610445745 70.93367124538203 91.984842539892384 107.68596838960801 59.036088468171464 77.037074240161616 81.856645581625159 108.1215148697964 94.100951382553532 89.372690993378058 105.52880384834205 106.80711845478912 107.71583380438763 109.37807585418936 73.638147447739399 95.976173179003865 91.3925258341865 92.26236242103154 93.025695391086913 149.01234906199949 106.71742044606488 150.60152437616844 144.58807258032473 126.76833155253914 146.68038092391933 145.46547130406242 153.25377967991599 152.58194090859348 141.3217664379915 152.06898442765248 145.05242498985211 121.92901394796581 150.96981574455023 147.50791485136011 148.65927126070341 151.75678342629163 151.91230326021486 150.34895499662161 150.31834591977844 151.53120469343293 144.13823501443946 151.49260427396115 146.15186971299642 155.14112180398391 164.58601796378059 163.86884246895326 148.47896283734534 145.94574880004154 140.71340194001874 149.8198398768443 151.66896136904231 147.78820127313182 164.64564996778989 165.41440103814642 149.63546659122059 160.45981058574566 166.4596915030103 165.32667996089452 163.16716991019075 164.28988918557849 166.48779337401811 163.53345748685757 77.953046196195515 79.051255926627761 77.708506926733264 59.428377741388005 79.454683573318931 78.277516369556054 76.674514836326566 12.554962948179028 80.812300283111981 79.637137225721503 80.406257872718726 78.838465495234274 81.436038725748986 79.897380716126065 80.397378422523104 77.225575931935396 87.996026587188993 85.717381925043057 84.12423058753896 81.209487060036736 81.664031145146311 81.383642512888215 82.702769059149347 81.799295753148655 87.828782575704295 86.880575354673795 85.035398494234485 82.594340811659364 82.808220108746795 82.402200594863018 82.466028552944181 83.179346316922988 108.83079869546776 90.338231650042616 86.741463760523558 83.836585384469942 83.547504444473333 83.820835343816441 84.099051722252952 85.602703717127852 89.417356562011634 91.085423710216233 89.754566419825437 83.840581664151415 84.654848584251866 84.737759424911815 83.547638862494523 85.956522103094898 88.764820189971047 90.348050235531744 92.829665521103919 87.681372210553448 85.050388370319922 87.044776621220265 100.56431786943256 84.248909642146046 89.610905005605517 90.900796697292122 91.468928170839447 88.999219392389932 86.148628244310984 85.332271037997458 86.705160217257415 88.242197915164482 114.17043760189446 90.960373921826516 88.295531627474105 90.754207299005131 87.149865501088783 85.929338081115887 88.973511510486006 60.168602103883174 85.162937817025593 85.932963991410915 91.03934765527697 99.692738634631212 92.617921332283998 88.761443163413858 86.604956816263467 56.509845265351686 133.77057353247815 111.61648170964635 63.842563629268142 90.500349675389572 90.160823072446817 93.3363381093653 87.685651538602301 59.995723911470634 148.95489790543519 120.01202132347518 123.79683883419405 86.32209481796707 91.810958945306439 89.603884523509123 104.54217877365058 74.91430405858236 114.0820287921801 118.73278450216991 129.96855072476569 114.00238079525255 92.770169028587162 89.884773446309694 83.012548156718779 90.193857290704926 113.74902526175798 114.96611270088806 115.0652421348493 92.108654825460192 73.376132659313527 72.832014150718948 98.520893729304959 88.952706067235823 116.89788885891241 109.41123107744292 107.6566296666842 91.195617700834504 99.528329926586153 107.35566145789572 115.01061823621711 103.82438164673967 99.817862486612071 159.74644862271532 134.93795610541471 91.130055424963601 143.50112073937083 81.975604207274031 82.150524134124581 90.182018226006932 137.82792039055889 138.90045407925169 155.98835084678223 142.32186723834644 142.47117409309183 142.64453762814759 129.64161513485803 127.17432370169203 135.1617234875819 136.51037243126973 141.50159830862765 143.55921299526779 140.86118029768642 142.58961741007764 146.18755625724859 145.6560150545111 135.92381448338531 134.36500438425949 136.9594664907666 140.48645816716726 139.9904254803956 133.08257306557363 145.33388762187576 150.47219436763413 138.36587861514153 132.08624929263226 137.70836358029311 133.43904285399944 134.97007969709324 126.0817172765005 148.97897951227341 144.56112514530662 127.69756444395549 136.07580867154405 139.64319166190768 131.65147891175249 149.36393012518252 149.40035076971904 150.42369370252504 147.28983704884811 172.63266025486294 133.0871508606119 139.61536297906406 146.45409816814339 150.68514209724592 160.36175876405233 157.55924133241476 165.83800023737874 142.68215032624545 118.3422565951856 131.18845172283199 161.5355511805322 162.21971674181935 152.37557305630983 162.92121389854344 164.50196735139426 143.58550064421482 134.94326880540021 161.33959968654187 162.49128980142706 162.66310853760643 160.40583374020966 150.71301246242155 114.0291451709534 167.14286157041965 167.9523452779504 121.7320315112824 169.63745160734962 164.86805357754122 161.71179231783859 164.58735099665066 166.7494185123536 161.66898079786577 157.26881887828273 159.16538209779711 164.67223331533376 165.64992748241511 161.08837922070242 163.79080421286835 165.7310120505889 163.56099784874127 167.13012429879265 166.58262396893304 163.83386337264514 165.82281481217214 165.54251370194288 167.01983067709543 162.50383882203755 163.34634960130066 171.93587492339236 168.56048888806333 167.75688345486483 166.71086203110602 168.08066557009715 165.77467713419509 167.02593898493407 169.71426277811744 168.99314260796518 168.93777156436059 167.99007597134261 168.77155893711316 167.94583652805611 167.68222048072084 173.0319878097404 170.80157706029945 170.38465430607522 169.97349939935893 168.91655637113263 168.7449659598272 167.82509347609823 172.42049862965095 166.36215587025413 173.15573317046886 171.57446171647163 171.12388578917688 170.87353089111394 173.37702035165697 169.79151014626956 170.64226190984931 162.98914911955438 173.52047252548346 172.18011870471616 172.16650928809258 169.7060373356066 173.20196616589121 172.83476294992346 171.74123590575883 173.49981504888453
