# Created by Octave 5.2.0, Fri Apr 02 16:07:00 2021 CEST <br1@br1>
# name: ptcls
# type: scalar struct
# ndims: 2
 1 1
# length: 2
# name: x
# type: matrix
# rows: 2
# columns: 320
 165.59199996863606 86.063394380676044 85.610548417242825 66.682592161623816 89.009089976224033 106.36625625787524 53.824636630066337 73.104333393382632 73.42575454643962 112.20143071136607 91.344739624862356 86.471150091785617 104.19466696352438 106.25548828114523 107.59760703151984 109.38789557071088 61.505383857839064 87.908740805441141 88.961713191722524 88.777141340715474 90.328251839864933 150.79695239838338 107.28823031027355 152.15938880081558 146.48943594752635 131.41488274490609 148.65179330989497 147.50181782849739 154.55068947226249 153.84495706085471 141.45964133593745 152.04431721750655 148.27943676459972 123.64787512322994 152.37648837428463 149.33294044864888 149.93565759789485 153.31063360335241 153.90776794025555 151.62088821035996 152.96040200399094 153.8176188896237 146.63654865565852 152.85893777257897 148.04672688842686 158.19413642986595 167.30781214829491 165.06902088368801 150.80179471997423 147.74028856573102 141.72553884416044 151.16656415589915 154.31330961258425 149.66302710973224 167.69681909611785 168.3034360093971 152.48252671608222 165.10496249280078 169.78341210972798 170.16475226276944 166.64999686299424 168.05837075667316 168.77054060942481 166.21725321530792 75.459153681576595 76.500975836014064 75.344847874655713 54.82840409580993 77.791536636581867 76.377055021873858 74.667207620814551 3.899936237718439 78.190189004276846 77.140752766144985 77.61016408559513 76.282490966471187 79.431725769880714 77.332764684656411 78.38300563986401 75.190896504373626 85.318968642146629 82.842845615143773 80.748402134471888 78.508654221184003 78.675451140753452 78.931934046854465 80.524843317443327 78.639968699440999 86.390931796986365 84.051162211411807 81.733685398224836 80.71515050428269 80.301076206927178 79.514225577700032 80.150252096793906 80.686351165827432 108.1943700297836 87.180090015096624 84.967794516801774 81.71286300210285 81.143232230479398 81.470513605187591 81.692053565654561 82.515858052242038 87.139120593032004 88.997423066900183 86.831530934899078 81.536119049493479 82.226533806237924 82.665755029449585 81.262915774304219 83.871701427364243 85.333024765605671 87.408093534299638 90.049518284493644 84.859667287592586 82.544776627769366 84.939591587407307 98.796070932440671 81.829476517443325 87.158849640717705 90.39113497604697 88.03637628153939 87.153788573981529 83.732732226036674 83.097222456118274 83.069484227959407 85.0412687351062 115.32140429181683 87.873313709074225 86.051418851031954 87.901279834322494 84.507962776799332 83.277344069897651 86.132835941372207 54.979764214690562 83.744579253320055 82.510857395797387 88.986164011953122 99.217253817149697 89.809587600656855 85.979390112197066 84.229026938224038 50.854190842940028 130.82940268110912 116.91523761080749 57.893137202967267 88.232720562403941 86.717588860016576 89.975586193214951 85.39868618734036 54.728956028975702 167.5863056353391 123.83495816560543 129.15983047661916 83.100518412329322 88.885295895678553 87.83595942702641 105.05160067033206 62.79903462235049 115.87500128615653 121.84238287263453 123.10558786227243 117.53714396456233 85.78448611849791 86.835158194415911 72.839152190224112 84.275864390934487 114.70884738421071 118.11415508637542 118.99305982367267 86.006575194685766 63.787715819078009 60.572043527040258 96.370457350633984 83.594436355260626 116.32158412232558 107.88802753080545 103.83976144080677 83.144815281234614 99.237766315750733 111.2178571044839 116.96591192844807 98.777641442677364 89.431227380260893 163.16608473887092 136.694593872448 84.992163629197847 149.6765569673988 72.613429978327574 73.629151455253464 84.558091604125508 135.30215026628176 139.82438125184149 162.25961121868525 150.28462226493212 148.74342045191852 145.36165323006844 121.98572320575354 127.89118402940531 134.15250211171607 135.69874402176697 144.95774937874612 149.48498580495843 147.62175041066806 146.10205317383213 149.27330796241358 148.84564047711717 134.62326164936073 132.49851962154059 142.64475438976103 144.33324799722925 144.35063893212924 129.34837044410708 147.36196200314041 153.213778020951 142.87725844961031 129.71987963153961 143.62899016662942 131.95985884700983 133.65579570007137 118.70697180078758 151.83170213259743 145.53260929552809 126.03675922592211 134.87574391143065 145.11839872910261 128.24143607562758 168.14627202472644 151.67514462018508 152.51191007010931 149.20666699520294 176.72373026699282 129.58802372048112 143.64409065984267 147.56239422570738 153.65823386112206 163.38045897818105 160.45832770814178 168.48467909763272 143.90881010291318 111.38464828283142 130.1155920886392 164.54310764462465 165.884744743775 153.80558757086445 166.8606840960114 167.63603165198239 144.15421186513325 134.14718674836882 164.89827443012391 165.48492712334655 165.44603480517534 163.2925022986783 151.1843331188602 111.97785208571659 170.3696837708207 170.84196953466017 117.95187562918335 172.11043588171583 167.81685684978004 165.83533932664471 167.071027331425 169.05677045080265 164.28431393983936 158.85583192250084 160.09296129912664 167.69576244638273 168.73941865934191 164.34553242783224 165.51147090274699 168.82479599468425 166.52558003166266 170.8744932532866 168.90752536341665 166.90096955544735 167.92700163577709 168.69977437053873 169.56388637734673 164.929895474712 166.58519769513643 175.06797041203586 171.93659122643382 170.8503728620752 169.7728640285695 170.86737595963788 167.89414778289682 169.25746912038539 173.1774059915607 171.96876922634047 171.74392433021856 170.66463162231813 171.20415610272352 170.44283974164148 171.08302526689579 175.20581057468374 172.96000321578765 173.19045054439744 172.58354549118064 171.58702024247197 170.64089470990405 170.06064078286479 174.8803564718331 169.55511292922645 176.09180718848935 174.03377591114005 173.86572341616167 173.37485604308105 176.59488536068233 171.79009357843452 172.92458853678409 164.9323942091475 175.76576107563025 174.73696233973277 174.54447347092014 172.27840161507538 174.25345008444285 175.4120481547493 174.23199170016758 176.01276925396192
