# Created by Octave 5.2.0, Fri Apr 02 16:07:17 2021 CEST <br1@br1>
# name: ptcls
# type: scalar struct
# ndims: 2
 1 1
# length: 2
# name: x
# type: matrix
# rows: 2
# columns: 320
 172.92574178960041 83.35246101453248 83.120484296022767 62.549598607969997 86.728659496886934 105.91728039890508 48.557494307416704 69.280835347903064 65.366992529678427 115.42755859285568 89.196710404884712 83.769919271815098 102.89758943661832 107.32124563980179 106.48989077438914 109.39744251732903 51.321305864942239 80.065403775588493 84.908546887581522 86.259179223490975 88.073236858586199 152.8684369991951 106.48247237766441 154.19592420658438 149.41844027076016 137.16641951079265 150.7099534731114 149.48159917169806 155.84735451034641 154.81922444084668 141.59368637560712 153.46517792600775 149.2273062569993 125.31899015473672 154.53384581802914 151.7673829285869 152.31053702318599 155.25163200646526 155.74775915418169 153.6038540275739 153.79793074237935 156.49248787335782 148.5522401748434 154.65859159197643 150.77767907477516 161.16234509391793 170.33226508081012 168.08987617758302 152.55037044868425 150.23239987900263 142.7095608342982 153.30275584629894 156.21385079101108 151.85413204243204 170.85232323428397 171.84408956043967 154.1933118149945 169.76351209784147 172.397840099859 173.51217101982078 169.78911244042899 171.22825989576216 171.02469208377084 169.06404273961746 73.524031674287841 74.199304416199567 74.215779176063592 50.356207495942357 75.328228224650275 74.793905168848312 73.271529167502067 4.5146730641182815 76.116494437504329 75.027775861626864 75.341939851252562 74.025984586051408 77.048239553515174 75.22854343162453 75.877589133397422 74.925983691843768 83.030505577475907 80.376131757741689 77.453706566882488 76.293476509754598 76.71973089701298 76.532404237489928 78.154760347668628 76.566025651505996 83.161507232835987 81.732136056351607 78.586756122399493 77.150886403775388 77.827856820676459 77.403173788946901 77.643750866167963 77.910639822848381 107.49296339233148 78.205892179421667 81.905929392910593 78.267716705590331 78.423636867840884 78.601608505131694 79.235595959380277 78.215638599891577 85.842648554893756 87.153782261885141 84.609121219049001 79.012714810067408 79.599532114895439 79.881808653564136 78.801742098091196 80.965787503541748 83.292165067492817 84.859772242088852 86.049700706638404 82.484799458340262 80.230141582346377 82.343127201948235 97.076941965920781 79.481172009301631 82.381632920820493 88.178365189603952 84.24311980888254 84.063705987461091 81.400711176708128 80.362568005265047 80.585329201676956 81.660128341751204 116.44039968479692 84.465174216019491 83.85673651596619 85.74124153254202 82.031747290684081 80.87981095100271 83.34656848539521 49.499657215917658 80.21164982668185 81.165859817950704 86.73279560327839 98.75497691126489 87.957617627689658 83.834609854371749 81.565925943471655 45.355637932262027 129.27321990424193 118.23128221444108 52.108972621841417 86.098938970901969 84.92333566994337 87.446726959214374 82.68808013365836 50.244343785322215 185.70017426163457 126.67949284664741 134.373850128973 80.140349450884145 85.459987222159398 86.732848330598458 105.5504143549912 52.176807507276301 119.33168598982088 120.51603721292608 116.16733607505356 112.13453358462681 79.201289282200648 83.428378332218742 63.246257335748481 77.936184576774266 116.87370089528471 120.35782104936537 123.53036385146505 80.435652372296943 50.279750218727649 50.070349870038754 94.279755315814981 77.601656518207093 116.58958908574751 106.37663851713013 100.2297552520821 78.339531803920636 97.910981941730526 115.64288526004727 118.8421007251815 94.915380441098804 88.719137251758212 166.76928638979632 137.8519547644371 78.758678445153322 154.93064446393967 64.178618943920057 64.241336393330343 77.13392264080062 137.01885775721757 142.29119121547444 169.48153347224891 157.43339195981696 156.69577687907525 147.77774103894484 120.26257140794618 127.35407513026146 135.98315885974375 135.78024834206249 147.94991500912269 155.60743329005248 153.87716111988027 148.1284618495695 149.58062266152578 151.48286272442925 130.88013597178895 131.09456553507485 149.74614386848231 148.33661782935815 148.60576995222556 125.65966261400375 148.50739404196062 155.4229392783075 149.3275983916684 126.54437645943 149.3713328570559 128.02375320558923 130.96860397186609 120.53661674736797 153.06415756145901 148.99867850517472 123.693663249705 131.90881967028409 147.42263040673774 125.08579496199367 185.28201864618518 153.26873551959309 154.32662684649205 151.00995553642778 180.70115944545242 125.63568155332739 148.1067815772202 149.77842865090275 155.06434289977986 165.8975001336027 163.29006280198405 171.18068231903894 145.15159533114871 104.6167644718237 129.04171431574102 166.98950277218174 167.60406003248994 155.19587946001477 168.8827631278053 170.02950710190257 144.7171092389645 132.78347230330857 166.36906597093096 167.96128197252267 167.84962256679674 166.2986520150246 152.28953393493987 109.98353936395858 174.16244070034995 172.99575777176676 114.2767240771426 174.96185193134301 170.55041940554193 168.6908604943599 169.78421329903787 173.24340542294232 164.83400831052745 160.39876127104623 160.99477441153036 170.11381024659468 171.28658063138181 166.72287503696981 168.19343629488552 172.05509981840231 169.21901999612021 173.86464922514745 171.56921742824102 169.34115552980953 170.82410681855555 170.70709730657694 172.03601614304969 167.62355158701951 169.07615223555703 177.66571962710196 174.96435519713449 173.87600892940293 172.69497848248147 173.55775128645575 171.79943200472297 172.24417086376801 176.35364996436471 174.849098194932 174.50885126189939 173.3383941929977 173.37918720779084 172.86603363452886 174.50765070122381 178.85121767595169 176.08922407325534 175.49653903610647 175.1016071264693 173.95310169559903 173.77288797334955 172.73164738943598 176.77107057239161 172.87733929282342 179.09340924018187 176.62865555136918 176.29973368801024 175.89972443147195 179.43457817874884 175.68471247576585 174.87908868674958 166.82166026847415 178.13950993301549 177.42188199337863 177.00633107359289 174.67606083208057 177.41971332660614 177.57063219114767 176.37863748075546 179.29000014192084
