# Created by Octave 5.2.0, Fri Apr 02 16:02:26 2021 CEST <br1@br1>
# name: ptcls
# type: scalar struct
# ndims: 2
 1 1
# length: 2
# name: x
# type: matrix
# rows: 2
# columns: 320
 121.09558184749315 121.12901657787724 121.13237347034166 121.11569564235457 121.1336355389306 121.13730788091318 121.12500527981668 121.13503249394114 122.20162078669256 122.22991565275967 122.23876451573953 122.22010115014457 122.23744301526314 122.24601745125635 122.22496812179469 122.24129391726026 123.31400871852162 123.32454079450227 123.33611926576046 123.32329997641116 123.3329807683312 123.34584205150963 123.31903320834324 123.35307866893994 124.43910126169624 124.43220264429617 124.44716342373886 124.44214108422618 124.43774504000925 124.45785559098974 124.4200919477714 124.46438191285399 125.56021222158715 125.55392726285488 125.56726841161786 125.56413910421561 125.56175776559438 125.57305115746122 125.5257252436059 125.5771244878768 126.67335681430092 126.67026999812353 126.67051942401015 126.67145772680281 126.68376696641768 126.68304921886917 126.63746274656008 126.68631164572666 127.78263134399528 127.77068582981695 127.76121682883941 127.76882225860686 127.78646632788556 127.77183530407802 127.73808491790913 127.78992211590426 128.89344398097472 128.874452952312 128.86204390479284 128.87251192305797 128.88711628225718 128.86371754097314 128.83941183062092 128.8890517873202 107.63270202183672 107.65733880155601 107.65382006426225 107.66135235603488 107.66514500889025 107.6242672021429 107.67579957057416 107.6252239832786 108.75150061667503 108.75727347626082 108.75721300451306 108.76380110311287 108.7705916141586 108.73356174119078 108.78007613426351 108.73811953665772 109.86443164789611 109.85372570973595 109.85721109633313 109.8657503373167 109.86922911260558 109.83500108305883 109.87851885206581 109.84566068157356 110.97974039934465 110.96706414708181 110.96737873035848 110.98352463132557 110.97885583139747 110.94103917169646 110.98381293586907 110.95682319360749 112.10634775602364 112.09133877171404 112.09250416042548 112.10484074710769 112.102627765299 112.06860975079253 112.10229738349358 112.0778390248032 113.2331919417108 113.21676030418165 113.22180038300453 113.22253357917731 113.22676629625316 113.19954280155756 113.22440755254597 113.20293050065 114.35398049053471 114.34879832517936 114.34906942649896 114.33796381837514 114.34869541153884 114.32405998386319 114.34037609513933 114.32664871355027 115.47171567668609 115.47711284309013 115.47332564527611 115.45320174259591 115.47128329062227 115.44970340773816 115.46065681063853 115.45145358150285 116.59440234488339 116.5947239773846 116.59431817852777 116.57092923633441 116.59850508515581 116.57480333648164 116.58400342075325 116.57498467535964 117.7195911146917 117.71239629534378 117.71605311860363 117.68897069223975 117.72066739074091 117.7049339541632 117.70754945608887 117.69532508123908 118.84060332829772 118.82976281661577 118.83549261674187 118.80778271884714 118.8341553013892 118.83081578330543 118.82947492631216 118.82277145630214 119.96416581666841 119.94332028785388 119.95304930526338 119.93371472101016 119.95449269949842 119.94610826731214 119.94544795082558 119.95093359546864 121.08789973298046 121.05754319036761 121.07608126682297 121.06065481895588 121.07906362858675 121.05853144367165 121.06970626932052 121.06794775247269 122.20828698027702 122.17818248334318 122.19544303322398 122.18058174445773 122.19945301635948 122.17671581488557 122.19493043548763 122.19013616329606 123.32548553777957 123.30237551408095 123.30732065282648 123.30643141862411 123.32247859790934 123.30029013412214 123.31474845061061 123.31716112512446 124.44643169927267 124.42877760621536 124.42817683095087 124.43319601876973 124.4462778616176 124.4185277387906 124.43925097457677 124.4385591922384 125.56898968250853 125.5522987036251 125.55743702130543 125.55570085781096 125.57170216087714 125.53269951129742 125.57131972282335 125.55685494927884 126.69123580834351 126.6799405831822 126.6835945133258 126.68310763778018 126.69351906128252 126.65948935073489 126.70130328116213 126.67811408084626 127.82058619244631 127.80532017061365 127.80382032342936 127.80503842054786 127.8108895278303 127.7842724444361 127.82673065791792 127.79693368501721 128.94257321954467 128.92505446960141 128.92656834268195 128.92397252212405 128.93227071988855 128.91006882490515 128.95288727647349 128.92256264342015 130.06027324303682 130.04763740094816 130.05018886491442 130.05177343899828 130.0539242408249 130.04334323765897 130.07558681082307 130.05164684359116 131.18102692303313 131.17121182040452 131.16813267342414 131.17828099816606 131.17128026900738 131.16917149157319 131.19610850481109 131.17208579460507 132.30266677466091 132.294058060152 132.28632028691828 132.29712822439814 132.29679159129788 132.29885481154616 132.31437393882422 132.29606368761239 133.42453744278589 133.41966021278125 133.41009631543804 133.42233808812819 133.42683851955195 133.42451061781199 133.43190282533044 133.41876264204055 134.54738949598206 134.5383340822554 134.53487287707853 134.54709429433018 134.54346883978525 134.54371508514782 134.55427602821291 134.5389132080501 135.67044726982843 135.65525495328978 135.65846678278507 135.66647916923802 135.66143975322893 135.66815104437683 135.68113889302535 135.65639212814071 136.79602039380731 136.77823558400686 136.78235498795169 136.78795757369932 136.78577076415127 136.78893324193291 136.80688191911116 136.77100531638303 137.92141517026408 137.89999031142449 137.90603022084079 137.91244933146626 137.91020592685837 137.89984428921144 137.92666548602389 137.89000025451884 139.04090147325351 139.02018715228033 139.02559547431829 139.0315790358066 139.03098491287687 139.01613819685568 139.04127731803717 139.01642777553971 140.15244574788986 140.13499758992782 140.13192042190019 140.13879524522866 140.13912173421244 140.12671075521607 140.14794391718894 140.13098573218525 141.2623718932241 141.2355627955213 141.22625579901799 141.23772455557753 141.24176127788394 141.22120543690784 141.23665333011402 141.24074725973188 142.37521301825629 142.33916233245318 142.32893438790936 142.34257488963837 142.35166262183441 142.31863052718478 142.33396959327587 142.35606636985264
