# Created by Octave 5.2.0, Fri Apr 02 16:07:01 2021 CEST <br1@br1>
# name: ptcls
# type: scalar struct
# ndims: 2
 1 1
# length: 2
# name: x
# type: matrix
# rows: 2
# columns: 320
 166.03588030226285 85.908483902610698 85.435103358348684 66.446421101415027 89.030524460536043 106.45377252030532 53.497203208479796 72.885847790783799 72.939520112950333 112.39662896821341 91.391690838934736 86.265304094983321 104.12054824770118 106.20535004669102 107.38544985670372 109.38844111051763 61.010888324803418 87.46055011802099 88.691810326804102 88.513390192898783 90.203773032050819 150.9992067819781 107.25788860222291 152.55121029226629 146.85088234883324 131.74354198867104 148.6871732143108 147.614948190966 154.60488799538919 153.96476025557837 141.46730105249 152.09947648049371 148.28871768829006 123.74336741074461 152.46191255947036 149.25299204236163 150.23621465947596 153.5335094627745 153.90004843247075 151.66106215724497 152.99903380029662 154.13241503383614 146.70004018755407 152.73030357154371 148.08687079199711 158.36374835352606 167.28508440644754 165.29622265173683 150.77023086760281 147.90173579943607 141.78176867216831 151.34711633111311 154.48168405136227 149.7964028776602 167.87213173825285 168.70338383652691 152.58194169629496 165.35921588351616 169.91106754335223 170.4351370781655 166.68216502532073 168.30050780383525 168.94395189799039 166.3885582900765 75.212334849211018 76.24468353944259 75.197014299199239 54.572850004388926 77.594286763377113 76.28472893515432 74.436678608908423 3.4191014204706285 78.06981130394874 77.037885166105099 77.346160235543678 76.152627181032315 79.134193234632832 77.335038463297124 78.089328002687893 75.231616170488181 84.939899253497316 82.905691392418092 80.715793981687227 78.297601386676149 78.682016065049453 78.916916886657205 80.378186789562307 78.462718419751781 86.131773504443572 83.842948669550594 81.724635708074629 80.664646665944829 80.230923331565293 79.472520466866825 79.891488214731183 80.637011657997803 108.2853137802456 87.071558283543467 84.846677396104909 81.801569469094886 80.957969373874548 81.4300836305096 81.579234902907928 82.387231099746302 87.14305885927746 88.903909581465669 86.734443594906139 81.456758981052531 82.132273909040634 82.413023423409925 81.16258226326778 83.614118564203636 85.365282980499472 87.119150988156363 89.924885972352826 84.696676502511423 82.485875268529952 84.783844525409023 98.697834991496677 81.701291049330564 86.781136106898202 90.1242472488765 87.652500789422263 86.995057434798312 83.606287386017243 83.063156678367037 82.722791215002388 84.725964424124967 115.38534688570141 87.661418087282996 85.972357515988946 87.842634816936993 84.292222773628467 83.21264124940538 86.170697661415829 54.588763845892949 83.418697034589854 82.391208864816889 88.851107185384947 99.190837993956279 89.672244797604293 85.796792207683154 84.123369997308714 50.539987819472714 130.68341496655506 117.22901227488622 57.562613512617219 88.105245685538534 86.561793852213839 89.565021875770981 85.268907391688529 54.57699772992693 168.62138384255599 123.95587876243854 129.45777445675367 83.09815796398685 88.716974758884419 87.944541009412944 105.07990188681437 62.097518672753161 115.85052573677025 121.76900376307333 122.7207125750423 117.5401804941463 85.274267414076292 86.612110840236099 72.208683241150453 83.807067926225287 114.90377950677875 118.09644979109619 119.47176057197166 85.675195745608633 63.230538976187738 59.764319603116441 96.250988662930041 83.535161306084603 116.27395292383665 107.80166244430971 103.63347537287964 82.75761475930112 99.161950065806721 111.4598677640396 117.07453935579423 98.556940814015732 88.850961707035424 163.35912204749613 136.47896075169098 84.694112806305426 150.07277608030242 72.14923443093592 73.182948501347099 84.158754505787812 135.37321100482865 139.96534182119194 162.67229249031746 150.69454161530467 149.01979581635996 145.43442163882145 121.87183243531281 127.86049209231138 134.03605802204467 136.0061666333454 145.11982652680271 149.87210174163994 148.0225818927197 146.23019073018662 149.56647835633936 148.99943713948966 134.41150007518604 132.47330084243282 142.94020999236176 144.39648191640271 144.71746815610933 129.17313434131782 147.46304145785339 153.37361126820375 143.22387960080951 129.54247072154948 143.8335354618377 131.79200150909037 133.5818069412922 118.4014021987964 151.87789200800532 145.67969171806163 125.9444922693647 134.63482709103556 145.51946826711026 128.22489028942988 169.12545754595266 151.68703283927732 152.64726093830095 149.06564510099335 176.95101193433337 129.23361957051858 143.99274371333874 147.65824789674852 153.74371457376978 163.44870531009801 160.62014114207562 168.69085251574327 143.96624620091558 110.99811448770063 129.97200717771113 164.44254729160679 165.8415137172629 153.88503282167304 167.02155906108348 167.67188263619718 144.19651860033008 134.23843195624775 164.63836604405307 165.55737613453275 165.56471545234461 163.44383607568355 151.23861134105132 111.86389135875899 170.57181911790227 170.97963676852928 117.74186696906673 172.46426467881122 168.07606276991132 166.14632025850085 167.19664670841797 169.35105661894542 164.70932323577023 158.94399931384629 160.14449347697828 167.72584256103383 168.91398191080467 164.50156877540698 165.56759428630389 169.32932754817753 166.77360856009668 171.18462143518329 169.15898181896907 167.04185099105942 168.22716068579385 168.77173600002303 169.71140081947115 165.06101727506902 166.72105669728353 175.2406260821063 172.10508218843725 171.08907313370548 170.05617605034561 170.95245568227492 168.21213914275637 169.4988179287848 173.29199604259875 172.01418738590982 171.92493140276662 170.67693419444839 171.29691663284166 170.60283347611974 171.30674228717814 175.29332501223752 173.10193618064719 173.24758728460066 172.70374734921691 171.57674482792532 170.6540934678475 170.17670707115963 174.98137258062974 169.82740530509827 176.40597700486634 174.20791221751435 173.94604510383695 173.56128719396162 176.76921431982393 171.75748979528257 173.02475948095096 165.04035226968045 176.09856319894448 174.95864020561922 174.77818865241051 172.28818229195551 174.42914410017468 175.47060405942361 174.348639566728 176.07192425195214
