# Created by Octave 5.2.0, Fri Apr 02 16:04:39 2021 CEST <br1@br1>
# name: ptcls
# type: scalar struct
# ndims: 2
 1 1
# length: 2
# name: x
# type: matrix
# rows: 2
# columns: 320
 129.35189944596755 103.41336792399485 101.58708302951129 93.133750905008256 105.30597451558917 112.78195517249868 86.621187209916286 97.574720884451864 111.60381509990579 113.98114396599284 105.29616674520685 102.77884823223512 112.4099709229053 111.76084653707872 111.49489582575215 111.78568035070687 112.00521591028428 112.768776575489 106.26170552820581 105.74909383338044 106.42212679485115 137.93539459561998 112.93102627020583 138.40305044262794 138.05941232968448 124.98573491884198 137.96214001168951 134.8312172320131 139.84627139200597 141.49793933726514 137.04383163670954 140.82301259532147 135.22598989071957 120.95534148582226 137.6937850991041 136.58641049149671 137.52893518409647 139.09645485411679 141.550185161185 143.57801620328138 138.88555604396058 139.77175853350735 134.51749636919672 138.57796619451716 136.8288422820201 142.4877961604459 151.58619400794376 149.80871928102292 139.11189786828444 136.73384514563693 137.66855261019589 137.70521947398038 140.75956722780739 139.45594705017666 150.58710841324194 152.8136094870851 140.2054239279052 141.17474839062152 151.53033072300295 149.56568654013194 148.95531986969416 150.9381187751635 150.46299740551461 150.73664061062067 92.79923315022684 94.325654428850584 93.197221036217982 83.450462334962396 91.918600448534477 91.982525752643483 90.412465010613403 57.753435769477022 96.547376942258779 95.60504008272747 94.130202743703563 93.089474888172134 94.107182381803653 93.03101738282875 92.885768498844271 90.888311043682734 99.281200651644596 97.755219097100209 96.93562728458177 95.056190499535475 95.175678019870887 94.012275526011038 94.429010864119576 93.388966158288511 97.538046365513779 98.912084602154422 97.997728932446847 96.042661205712207 96.25519612123297 95.112342246775341 95.447906134841517 94.86330076508446 101.59616858871337 103.748263231029 98.634563406097286 97.17062478835058 96.30298641149507 96.394514858862479 97.49775717545289 95.911469885367325 102.18491857715996 105.43053222805005 101.43328693796965 97.17965876608956 98.259102891542128 97.421745808735082 98.164379246826684 99.117748897816313 102.72765944911276 102.46058238083641 107.41389383705975 99.774060553899901 98.290371842879424 99.913571742576039 107.03233709728519 98.444752588691642 104.41042423428689 104.81365139696638 103.29454733188517 100.4124208589958 99.177980825501052 99.169610883043575 100.32705455206664 101.37860192808533 108.15983377674431 104.10154131380509 103.33331809728303 106.3469058405858 100.13704044873614 99.260639873282756 101.55009102944766 86.663016848749507 99.906029882777631 99.238926253304811 103.59527233031869 107.52813316878635 103.32762607950413 100.7949009601127 100.18008708573181 86.044929471279232 116.4789289523236 109.64361906453476 94.911790522172709 103.56273624210552 109.91883474930196 104.29852005747399 100.56000005931884 87.733066831554197 110.79432428418521 110.40654611960871 112.02725522025682 100.37481310731707 108.78356834383467 105.25366545361305 110.50088398314323 110.76965446185912 109.2490400168565 111.63863085787924 112.06992524603521 112.56303576000802 111.9301425759582 104.32672372895836 113.94726672442229 113.72124594739276 109.77846860553834 110.93000079201398 111.48773439074441 110.82086375347546 112.11254999184273 113.25612198134878 109.57977840067562 113.95159230251495 119.38645386769301 110.44550755458226 108.96137443321308 111.13290539927053 109.54087297610108 110.02681125232434 113.03606491009646 111.11541855487447 119.36365249676523 141.82680134870054 138.23213386534567 109.93319477645885 132.70851985101874 110.47202945187392 112.58602368779169 112.57236231675917 137.76822756576553 136.07609873758366 135.05726942637682 133.88215882621279 135.02203723378932 133.27186957371464 131.03264728785217 121.9352423473573 135.52767286870633 136.86551629886256 134.484689715022 134.41428952936016 134.1980399509678 133.61569504109954 135.70957520122977 138.44168944514706 135.34492752822726 137.17499230607291 135.41769921206352 133.67591289486839 130.12392517796565 130.93331361163368 137.21161855285797 138.71913463695051 134.52233404459332 134.99520793517286 133.37553119085945 130.14366622365119 128.19444590903896 127.11964139190256 135.65645600016413 136.60690409420576 136.49622836627915 132.25691848066714 133.89026589555365 129.03097006428271 127.8560916614215 137.68392178254601 140.18310482867011 139.89269908225819 151.26818352485137 132.36987647260929 133.05094547996572 138.91220324800676 140.39431390646078 147.59619573047243 140.07248563364269 151.24985867920273 138.93261514100698 128.01016747243355 131.28438940584974 147.37297616653345 148.09625998218729 144.9077194803024 149.76248403448059 149.92873276465022 137.95920950872394 129.07364824819354 148.62780404452516 147.89128705034469 149.1805231596536 148.40559934914793 142.30075717651926 124.74145350496784 151.43293930502364 151.72082493398898 141.47284556224412 154.00222429908385 150.47070019226649 148.45196986771234 151.81466160203874 153.08294417524689 151.87539202661239 148.98108409181037 150.12177641913703 150.15126474447439 151.42537462756414 149.45214545320934 149.36916085256985 151.71228645005866 151.04767127040719 152.24285690494926 150.39023774775768 151.487137924027 151.57089991396427 150.96510585573765 152.40952661997022 148.92564970240733 149.03115362525008 155.07821798442592 152.88315262586076 152.64547296000887 152.49972793324685 152.01872049321008 152.11281975695169 153.32479920107372 154.49721366146895 153.36523988523373 153.40805099606357 153.63660130084298 153.80792113287816 152.5711554362266 154.44199287915166 154.27046997993511 155.64646909185331 153.72889248968417 154.42502992636807 154.62968052472149 154.65207727891655 153.60271626833466 155.52926623184592 153.87421157310447 156.01876662396742 154.98831437044484 155.72266085408688 155.57866887513325 158.38049745922456 156.50567614531928 156.70663887581736 152.69230070892965 156.17416281597187 155.4628837519322 156.77253065745464 156.70004881544827 157.75072474282203 157.90445707394454 157.60945067080291 156.636133835908
