# Created by Octave 5.2.0, Fri Apr 02 16:07:42 2021 CEST <br1@br1>
# name: ptcls
# type: scalar struct
# ndims: 2
 1 1
# length: 2
# name: x
# type: matrix
# rows: 2
# columns: 320
 182.83654863564055 79.55715430193149 80.288277823937449 56.763407632854651 84.752138878914138 107.5062648614676 41.461095208376939 63.92793808423172 50.892509459320621 116.54204626568223 85.931475252696288 81.084692948859839 101.08168089894983 106.66074155519566 105.08597611740788 109.41080824259443 33.798156229995378 69.084731933794785 81.43137732541868 82.04966786485808 85.799456749037091 154.01681303601944 106.01007584963575 155.8630333043422 151.59264703372835 141.01705520696635 152.6645405125667 152.253293052179 159.49906860628326 156.53333212250422 145.98286520721308 155.88029054746818 152.32005161607245 134.71481169237086 158.31946766304958 152.93488014002878 154.61151584028855 157.1419050332866 158.23808675496238 155.19776245651946 157.22323402511225 158.39116654032651 152.2663924848319 157.44907130404383 153.34020782819192 165.31783722359071 173.00941674420369 171.37360961416402 155.21066976899678 152.10299986212434 144.08719162049107 156.4513806598614 159.16986158014001 155.0871057749051 174.22546115976661 176.46850141137497 156.63430983155317 167.40502425114676 176.6182407944743 176.54582279089826 173.24222348022087 175.09673376629377 174.90242951432504 173.05742614633223 69.640490650932804 70.617012103307346 69.563311727506061 44.095132256127755 71.082706815672736 70.501821259020446 69.799374640338669 16.295126086689642 71.501766299492047 72.02895108126053 71.580065827759569 70.279580579132485 72.870604122560323 70.696209077163516 71.757976253469195 70.447554435420273 79.857637010874114 77.776799756048419 73.76608554046031 72.440297509865388 72.486597613576421 72.164241224838605 74.425542522272977 73.278907206669501 81.719238615365285 78.775268977239691 77.715809946498851 73.074338592398263 73.771118838152987 73.467364799343628 74.444250775548795 74.234375416371094 105.64345514087714 63.013833745607585 79.064601524661455 74.080183218431557 74.689966178798869 73.301959589704978 75.81345392806503 72.252627640059842 81.813865006396682 83.811014615394797 81.541585347202044 75.022224945450773 75.865222004526501 76.727864326724429 75.4049004319196 77.881610425564702 79.846364830301482 84.717101359431439 82.56993264960559 79.558454023673505 76.624562889313395 78.980328237168195 94.670161412792936 76.402596037697592 71.870634927210546 85.248337066710135 79.876955772998016 81.034581898837487 78.539949900970072 76.941551179472739 77.571156826169727 78.672533887191108 118.00699323496903 80.442736473359815 80.972432455073914 82.982773069414407 79.200166109904103 77.494254951920567 79.957599136415539 42.138712430430026 76.147003465700749 77.306604150364379 84.253996136390199 98.107789243026161 85.038778732204747 80.649100416618978 78.198103182184283 37.657663857312826 125.51062866280593 121.62069998392819 44.011142208265227 83.197398957012425 82.219842446913276 83.724920471238846 80.145240197310045 43.37708147874298 211.05959033844823 128.69904247115326 141.67347764226838 77.090917127149453 80.805446361517411 84.048747022069918 106.25865472773555 35.780263253716555 124.54768662738142 118.60761258047617 106.61738078127658 103.82579250067531 70.486785153591754 79.19273559436698 52.685348749353984 69.929013245339206 117.90435229420783 123.2098980318804 123.65172004252237 71.791835803119142 35.301902857888031 36.225541007933202 91.352772467068377 70.137805933498612 118.83243492673445 104.26069389798469 95.175746587867565 68.710356898088435 96.053483818102237 121.83067545368188 121.28271694883301 89.508215038888821 90.09112826254912 171.8439492735439 142.57687837543997 69.207321247713949 161.79213194121675 52.29739036711976 51.493960472288556 69.014473649585213 141.40196690014176 145.74472516456058 178.96603506278925 168.46033510124946 167.18595019641472 152.5693312476057 121.33353056823445 126.60212267146008 137.00106497008105 136.41067944070147 152.00512462072973 166.04998651233208 160.88230449959559 150.90404986865676 153.28671836481374 154.23181415011516 126.50403918251178 131.09649909092852 155.65725970772587 157.36357001478433 153.74592320471876 120.31965574168817 153.36198479148237 156.85901999122754 157.54929843150128 120.82258572614374 154.79736166606099 124.09595121109392 126.07422786908263 123.82676838705038 156.20647530727189 150.87517958626859 119.42324964694518 126.94955178097297 153.71292831619121 120.66441363610673 209.27206391622741 155.42155375608604 158.84198264905604 153.99176302566164 186.26956029529586 120.890800375838 154.72876004734869 152.91103931206706 157.78323769175219 170.7311914143593 167.25449193336323 174.95860632530102 146.91688145870117 95.131825922191524 128.99666358129113 171.60143085383785 171.71711994500902 157.14228810482521 172.64593914163015 173.75392698344902 145.6749851521711 125.77640403397081 170.61523219266772 172.32460347538964 172.62308395059657 171.53574453821599 154.63240997748346 107.19150155349737 185.04103044982455 180.27522924464279 109.13151190428556 180.10458749907409 174.51141680412516 172.16257721087814 174.26601073014479 177.1505752857218 165.98281683320323 162.66853122384234 162.14764390406418 174.02302834326969 175.15611529465997 171.12422981953921 172.55556300376153 175.51273223768712 173.33155265839517 178.80002127359492 175.67605601409261 173.65822636379238 174.89290688749577 174.43259959085248 175.83327977564178 169.56531292871369 173.36142531961875 181.55635060476925 179.13667813172239 177.75319203034599 176.7981385290486 177.59670680082087 175.87227519668198 175.72609455616956 180.274961316613 178.66111151744434 177.91525919768571 176.88743469012996 176.71339616532191 176.01890672645317 178.27823990765592 182.02119984972063 180.15888200191324 179.02505982127357 178.40662758583079 177.19086118984023 177.62218668326744 176.4874811686926 180.5926436135604 177.53546453396817 182.12810258925131 181.36493107346348 179.48926971557566 179.06796334574778 182.44878174617494 179.44834450840321 178.68979326819516 169.46663275153145 181.12933733375704 180.43881777563544 180.12868283720616 177.98409083500724 181.84457393230753 180.9810582796793 179.79764952394191 183.49926635650445
