# Created by Octave 5.2.0, Fri Apr 02 16:07:07 2021 CEST <br1@br1>
# name: ptcls
# type: scalar struct
# ndims: 2
 1 1
# length: 2
# name: x
# type: matrix
# rows: 2
# columns: 320
 168.87903556227852 84.901565795185945 84.932009940067275 64.911309210057894 88.509386371844087 105.89551696714184 51.554691644857471 71.465691373891389 70.202097053448284 113.62025746938657 90.493732837619177 85.329298006784768 103.63877659485036 106.65603745817418 107.27950066930762 109.39198711926151 57.240598985372849 84.547310649790006 87.002111693558703 87.479529382389003 89.616253121955893 151.99180116210067 106.88774796636208 153.21046797014938 147.46117706094287 133.87982707314319 149.6314555366626 148.35029554701197 155.8452823375261 153.96067582918889 141.51708921008159 152.28713811384344 148.84040653156276 124.36406727958999 153.69476118296859 150.12792178537669 150.64717713082376 154.3697995886356 154.55949570427919 152.73971991716388 153.13013818905023 155.29756809476564 147.60791088433197 153.61902469739749 148.88078053676253 159.4662258573168 169.2788069085087 166.31300340495747 151.64960736664784 148.61969991377745 142.14726255421948 152.35380629001816 155.26850022922866 150.72694250662309 169.27914417591592 170.36223998528232 153.27324845686098 166.96979896844593 170.65383485154703 171.80026572112709 168.19663288358484 169.34822664024887 169.70634622427929 167.23576127764994 74.039752694893167 75.819016667201538 74.795822676313875 52.911748410152398 76.726141753413742 75.920382655909833 73.695017251759538 0.29367510835984434 77.453162384383347 76.27444407199954 76.799913228208794 75.115129149331239 78.269539808673372 76.469777256041056 77.175842514723243 75.446715453956955 84.00302978704805 81.822482807800228 80.093188155451742 77.486551047942271 78.01637072897671 77.750923103795941 79.374527333905732 77.333236383548254 84.877737400927487 83.024369222526161 81.325255688733904 79.675686074363938 79.157414349852772 78.584076413347333 78.852924395375936 79.582527169176572 108.12682056639503 84.406714307534585 83.716489602398354 80.727291938494972 79.76870681294082 80.355460027552326 80.509198186477718 80.758674319105737 87.039159915519662 88.248742785842893 85.751786339736569 80.19958169799969 80.950414508667663 81.202985944523704 80.203696119863551 82.480561469326375 84.168013781956589 86.111638658761294 88.115042928159838 83.975407509742979 81.357624580190844 83.809951222218004 98.059301375360718 80.973513650114739 84.370470413416996 89.554137265322154 86.220283166833028 85.993653034322222 82.601069860845584 81.685083362836181 82.043218207134203 83.545594954457044 115.80097374595115 86.491418958389431 85.789599127223312 87.235526282378302 83.425522186451943 82.296450600993538 85.000421584020302 52.660152087148596 81.638343327255427 81.690468984023624 87.954336991447875 99.019135143199065 88.501744184389963 84.919277514407042 82.923963197727474 48.497668166935171 130.04210845034871 117.64032443497365 55.414209525341903 87.342888947455691 85.974440072776176 88.664656700052802 84.184110278599675 52.790572470979633 175.34939218946573 124.91241090009379 131.39441032762795 82.66795876476904 87.426368413964369 87.612799791422816 105.26385979394935 57.839101340457333 116.84298604615405 121.2919585089615 120.1305902157211 115.56009877500954 82.552789391921266 85.328844290740832 68.483548914882022 81.58276938387192 115.68538520619855 119.50732561106339 121.35394905195454 83.521396739557957 58.520052451356953 55.857583178267973 95.474442192854411 81.018465068286332 116.4075411534472 107.24028938208745 102.29261593135334 81.540409728736051 98.669144441170644 113.07809721948607 117.7806176335443 97.122386727715124 88.154149210564754 164.69799541683813 135.13359941239565 82.055460935087837 152.25145289117521 69.122958331861483 69.495619741095609 81.678205497368339 135.76947198318825 140.8815855219699 165.35472075592682 153.3243461487823 151.84976597762301 146.43400996193586 121.2200564617376 127.6609945012008 134.55861603054231 136.76269414075162 146.15563386727592 151.91562428249216 150.49860594818412 147.08077896838526 149.67106075800857 149.69890346363673 133.75027378796815 131.52156052088731 145.86633819470183 145.23698969031287 146.7465904808314 128.03229125901464 147.63916422525631 154.27490043514595 145.16661347634096 128.30068533737048 146.29482595417511 130.39331518421838 132.47026678469882 118.63735894547834 152.10223102143186 146.89693125108761 125.17420879350155 133.74431957150219 146.22093307781867 127.60041362894961 175.49016343392304 152.57983671552208 153.52650327539061 149.28808360582642 178.42834277204693 127.2223032303697 145.73655316139352 148.58462874627779 154.16258832537605 164.02645696622025 161.67192846264561 169.66849819309056 144.43601606075529 108.48564481935051 129.35639928227474 165.1786407568668 166.27703819180175 154.40142695192887 167.3721665805555 168.45264406888791 144.37507715628553 134.82829655785147 165.37555742276385 166.50184336310608 166.41220500285235 164.07855851426751 151.23032866425032 111.12314663353459 172.09527506135348 171.66489760125697 116.37681067830874 173.82049306727609 168.63032701719601 167.20234732040444 168.22184515548642 171.00705683920427 165.66150287975714 159.51708735759172 160.47945263301395 168.76936101192814 169.87740806234132 165.26937077514381 166.91141142068514 170.56495132540323 167.63846191742465 172.64949276408774 169.8210436762154 167.90189675069746 168.87548260023422 169.54869244170118 170.72729370790003 166.23700019753642 167.48423510452596 176.56408894694044 173.36424945668759 172.10856366584329 170.91259016135649 171.84299875833895 170.01317719213139 170.38282205470449 174.64023304626426 172.93396752969139 172.71517169055613 171.60798421573861 172.77299128518587 171.65018446993923 172.50975805308286 176.66610503791014 174.22317725677811 173.93921517647081 173.7538131412106 172.64397207337942 172.1990601372587 171.56921087321825 175.64271284121554 171.43225662462859 177.300920392698 175.16007923436118 174.71887275592098 174.43750899356223 177.87426232730223 173.23693094197009 173.85000901917965 165.74207966314464 176.46207715331596 175.73955288488111 175.35991899693502 173.41180534147105 175.92188692867919 175.77521429300765 174.95398511517763 176.5833784756411
