# Created by Octave 5.2.0, Fri Apr 02 16:04:01 2021 CEST <br1@br1>
# name: ptcls
# type: scalar struct
# ndims: 2
 1 1
# length: 2
# name: x
# type: matrix
# rows: 2
# columns: 320
 125.00639759502531 107.87140109174899 105.41212553525422 100.69122483168952 110.78842779729167 115.64689408618027 95.924735936264284 104.5662601676145 117.26841403369534 115.97786511503672 110.6299132251773 106.51350492595397 115.09304624268702 115.04173458127126 116.08412402787496 114.88876091666509 118.82405375717312 118.1322494545916 109.12085081885714 108.12354243986309 111.48931104705524 135.42415697464241 114.21531865315804 134.84579350678936 130.96415392777078 124.37889351162593 133.76296656325184 131.21104563301759 137.64052546406452 138.43143705111922 134.47186214179112 136.46117040716007 131.49830978661703 122.51617245060764 131.8376033826919 132.5365265774314 133.13530284963792 135.81694286728228 139.16254918616517 138.81091802067769 132.84965916289414 135.45851425096592 133.67461389777861 134.32594565268326 133.60732708607404 137.89883092429969 147.24221018923751 146.10055695058452 135.66560697023789 133.55120740243851 134.62277340224873 134.85821749508801 136.14922993087373 136.44553482192782 147.73737736313828 147.17144166792008 137.16071373584194 135.95617346693834 145.45373576211426 146.44038550603611 145.04905412601255 145.91421968990625 146.0599922395968 146.21218701608868 99.485664796081409 100.13650739881034 98.318450728839281 91.628193260434529 97.001094485617045 95.244278296118623 96.014268498387395 73.140149921406532 101.39953530603165 100.50349615722608 99.260949199305401 98.18217427681094 98.149901849097873 97.087827129284847 97.301631250308915 96.039427985905434 104.13879430050096 101.46516212094998 100.24607231682687 98.968775049662497 99.169207821657977 98.235008850298897 98.496939153972747 96.974447468916168 102.75265433771412 102.34726508690106 101.31458481472305 100.2080517851316 100.31735316412575 99.368345671225455 99.470034416348142 98.502595040414391 106.9081830051375 106.46505139913306 103.43876485897547 101.1992918300899 100.32242445296926 100.5345884930265 101.31456220860117 99.501841570980773 107.76318576230206 109.05199027149537 105.86027499050286 101.18833248490273 102.258395421503 102.2426105624681 101.50713765007181 102.55802365176262 108.35013472572928 107.27039078702136 113.23305493425791 104.5524836312066 102.13588218713066 103.27382524434547 104.410628637702 102.28841479126793 107.62006893689026 109.15798602179375 108.27722030560457 105.33662963743726 103.21301507699327 103.27417981487109 104.40931399210071 106.34749224500037 108.1610985642924 109.07024306599943 107.20243894438816 112.37060447083469 104.2711530349071 103.64346872253556 107.35758873711816 95.902433589461111 104.88790792642143 104.13157076654215 106.93869584531902 113.6136197342969 109.41569640595054 106.28693580278951 104.65024690365384 96.099426222233291 112.61504402604216 110.56340274802656 105.75048517253806 107.10353694017648 112.73841893824026 109.50235943104845 105.35621305042081 97.042648226348049 111.78701119649494 110.62080018729753 112.93559754657906 104.57087232897385 111.5793434825744 109.2414994533305 113.43060861742991 117.94863577247519 109.667455196897 111.56879033631058 112.5608847079002 113.69478893658997 114.41630449674741 108.22001920160297 121.06515550245872 120.0501721051981 109.51560899633581 111.75191925420675 112.78191299903671 113.73566150582019 114.81970560266522 116.02073661631182 115.77337564444971 119.48507679990585 120.37230981244805 111.96979802040971 112.99512106566993 113.9593018194431 113.94739328180169 115.28616161710872 115.48651915024379 116.15676928835336 120.71844631836258 135.72649589371679 136.01821069149273 115.07356636097867 129.81158106209978 116.69542091395488 118.07605905225648 117.1176507312536 134.71281003591835 133.64786181802984 131.87956075903767 130.90389086086876 132.59869010015802 129.78091695375753 128.06948509762589 123.36321077641139 131.7143117203953 135.3197944321945 131.61169518874826 130.60720262821675 132.67783252737124 131.62697197066106 132.6219076221426 132.06793428871748 136.43451517304172 135.64267049197952 133.5987141866724 131.525865996259 129.59202194577387 130.78819015472854 132.62476787324775 136.02297127864998 134.64794487937078 133.72260677761844 133.51681355431336 130.50046743650756 127.59362360713827 128.68040198099209 133.33578198000876 135.07265718057252 134.84393046880538 131.78862627086485 132.45773449469331 128.52895807331845 128.82089796430722 135.80067201120212 138.10850404845783 136.83832879729209 143.99517016995381 132.30438745549395 131.4014723981773 137.03772843404201 137.46898722376935 142.66826477231851 136.85102225494165 146.17395801370009 137.46809004203109 129.76606741539504 130.67761837380829 142.97947936885211 143.81723960832682 142.48306017281456 144.74856646369051 144.4827173698578 136.23196394532377 129.61139929789306 143.94326812956302 144.61625476221317 145.50452177231401 143.77585708996364 139.60239846665328 128.38819676761008 146.45567414004591 145.82440750854704 142.56535728632173 145.5910889565564 146.22208940055211 143.75443428303032 146.99894411655779 147.81398961060435 144.63165037316114 146.15972756875595 143.70572270078191 145.75490451742328 145.72065301795516 144.86541668660047 144.67779877607796 148.40294932101196 145.45264915400233 146.89267871130735 146.65191877194781 147.46374898408286 147.00896994165046 145.62977712441688 146.47553563477098 143.26172758846596 143.26592918674555 148.30770816525481 147.94592491992361 148.38407447494455 147.84503980908346 146.77175206251019 147.37157203089683 147.9480813734971 149.11894326234926 148.80599305913535 149.440372206273 149.07161652716826 148.75117233255943 147.62809922577273 149.33456038283612 148.90027212270766 151.02708374178408 149.89301732055577 150.11571834842692 149.9214176464005 149.66775177194549 148.37596744315442 150.47265043103033 149.47588955374226 151.99353565870621 150.62518838562428 151.26727974154508 150.74038742996004 152.70686582776418 151.51429492993125 151.365335067638 149.15884922921384 152.0852432443298 151.54648191249717 152.42658082913871 151.78446875501984 152.85992317491875 153.94714046757042 152.31543277781265 150.09479243374781
