# Created by Octave 5.2.0, Fri Apr 02 16:05:14 2021 CEST <br1@br1>
# name: ptcls
# type: scalar struct
# ndims: 2
 1 1
# length: 2
# name: x
# type: matrix
# rows: 2
# columns: 320
 133.29001049838962 98.920964060099806 97.256149984994181 86.284790158953356 101.90451900417884 110.39294680407653 77.783005776352567 91.238638409085723 105.96060707996941 112.17161542467183 102.55746148987049 98.033942720245804 110.34652037685029 111.29946215196995 109.31815596981181 110.1584789219656 106.14322362518925 107.45549539671633 101.25952318151 102.66735670266051 104.01701490105624 141.71209781443952 110.26008505104781 140.88926813756811 140.46688360472106 125.53568494413153 141.31417289519328 138.11199774360279 143.75320820608911 144.58115545340331 140.31669483980917 146.21460115682456 138.58884837593121 120.31580657787798 143.35872220429795 140.35795039764861 141.29773989612551 142.74447634516289 144.16668158621252 145.0014860844266 142.52730841367728 145.13533102833384 137.31172527721228 143.5981510329631 140.95193442321806 145.12003829651402 154.48098028795008 153.59672825277565 141.81439533737117 139.89126705834775 139.31552744940217 142.0956066872312 143.16401322338393 141.53132083267286 154.85594868300527 155.62766682573599 142.4350776200863 144.87313348930255 156.76946726155941 153.97652513214214 152.84459038928179 155.37669851113748 155.59841661977188 154.94118783569135 86.598310614184754 88.8703454286224 87.68921681666302 76.039393683753275 88.076359938608562 87.069435684978316 86.256015279681691 43.809226069288457 91.064621120668491 89.961978596501822 89.411352879536011 87.930525110644894 90.202484340413221 89.225043106224646 89.298440528505282 86.26664992974851 95.914141516320569 93.737876511443702 92.45548332609205 90.45396018637571 91.364004464048307 90.252748364951216 91.577546425833802 88.839618368390333 95.769405814565076 94.8423745206902 94.014335290285842 92.032339270718623 92.443360035039674 91.363149620929079 91.109856349575495 90.016566989864515 103.09213844606644 99.081698585324048 94.877565697626466 93.160826167346855 92.417503731107857 92.315990299272585 93.41649742496547 93.381436366838017 99.32796568177757 100.04164794500376 97.750401533539161 93.530460533134814 94.56168293096124 93.626481138345824 94.273413681842612 95.346948226698331 98.439747809622716 99.034165004154829 102.43234938324241 96.168674663809682 94.355763687583476 96.533759091595087 106.94965403079215 94.459636858355466 99.892226519068615 100.5027193323518 100.22475965880422 96.762222968861323 95.228045747693102 95.418785756515888 97.71976530986467 98.49930023719655 110.01416899939701 99.421143851815273 99.188075710102524 102.77743303961709 96.155898559402488 95.605097773014961 98.242885518330439 78.467553373613043 95.537270301203833 94.970282490951931 98.785787156688556 105.65682599477533 100.26496294506153 97.037964241022991 96.435648277073511 76.933041790727117 122.42485532188425 108.77248071989462 85.3266035020213 98.404021151922734 101.29263504248853 101.2486737192189 97.346248727104182 79.525341146699702 111.59399862591233 109.88794900312917 111.86897238460102 96.023371707702466 100.25243546177134 101.17461857413147 107.84582103332092 104.12784159721726 109.13689137365164 110.79118603091617 111.24934036712041 109.72063357307448 109.89860550745225 100.65343867814073 105.03875150300424 107.41493348125364 110.44616257875364 109.66612994317828 109.60174169540637 108.54208560541251 108.32233648266978 108.5696815579816 104.80259777064744 105.92164105232764 117.87009495316076 108.62818217171059 106.48319929481021 108.87789373350506 107.40305657715119 107.57160574350031 110.80870498375172 107.95798379901159 118.75879756054024 147.35520316727957 138.21903823653187 106.79660213149116 135.84674522860234 105.30122006400047 106.57300649090632 108.99521386538366 138.59156219345769 136.90592167664875 139.52524954050767 136.53419985659173 135.80614849686029 135.33038939452217 133.71801302274474 119.8661778046343 137.90047016911865 139.05827819531774 136.68429628379002 138.16187086454056 134.88230848167424 137.03528931870656 138.28871304495698 140.7448340040925 134.65663009880015 138.04634508389236 137.07713369634158 135.83989701530595 130.11937515576219 131.83310712365054 138.88060127184502 142.60195272982378 135.93674223727456 135.93264644801801 133.4612822529254 131.63424876277912 128.28945176519028 127.77361835233123 141.86710943529141 137.10587746999755 133.69491662018712 132.65926380119885 134.37208474172374 130.00874440244721 129.09875287815123 139.66597320095252 141.7298613374042 142.12647266543112 157.85935187772728 132.39316386004091 133.55367009781963 140.49900164244002 142.68981843224344 151.28220261357981 146.29561942768626 156.136163041945 139.80234500490769 129.16587356972192 130.21757799850513 150.26030639748251 152.48624148735178 147.2116317537515 154.7735223805434 155.76902894081175 139.98202180760137 131.00535765256902 151.65221642582176 150.99223984468952 153.80266328271614 150.12794820191723 145.6206698251645 121.43659242319742 156.59759452695184 156.41044455962864 135.38259441886231 159.47624131329687 155.01449974792916 153.79973848829198 155.99271645334284 157.11977169993546 155.67961761229742 151.53793844082844 153.73932449326909 152.79375555816 156.00411226791596 153.29296398259893 154.40041380052469 156.37989974700929 153.88184593765953 156.94068386137775 155.74066562170043 154.85837923701666 155.90409167866653 155.43024719938342 157.34212777710789 155.18075740766523 151.99098193277277 160.53706705027795 158.46009099691187 156.91126895493409 157.22401797991864 156.49695825098749 156.65105134362841 157.7200216024435 159.48479459510131 157.84401040092993 158.50059983311968 157.58206803325308 159.2591973951329 157.98792267823072 158.89609191421766 159.58634363643347 160.50533641455831 158.24500785418635 159.64621515250704 158.81116410977711 159.94985858827087 158.39004253100708 160.67329948732845 156.70443062833507 161.43882481126519 159.37950919497885 160.89734443429597 160.07004334384902 162.30444335546471 160.95728896878481 161.68387068648212 155.97187518491256 161.49848476400302 160.41787553211563 161.84734907872516 160.25680747975619 162.39199033066325 162.8106008265006 161.06266792942256 162.79620263710254
