# Created by Octave 5.2.0, Fri Apr 02 16:02:34 2021 CEST <br1@br1>
# name: ptcls
# type: scalar struct
# ndims: 2
 1 1
# length: 2
# name: x
# type: matrix
# rows: 2
# columns: 320
 120.95089767813879 119.06101271922198 119.30431699360743 117.66595932036992 119.8822629642445 121.15745738998555 119.86758127747338 120.28760242222113 121.94171286861496 120.38632227793998 121.48333493069988 120.57338916766498 120.9476960069581 122.65359562810464 121.70150875470165 122.15141545288758 123.56796834968424 122.39913684597106 122.59829467334407 121.75451652148384 122.67942498361225 123.81489426245345 122.78173684564339 123.96644019289187 124.71109316567048 123.55310862757302 124.07103897949854 123.19302349199118 124.60389540959629 125.25719226328944 124.76990613111616 125.07975863672057 125.91233493847332 124.97916304036715 125.29747255328819 124.60729220366427 125.59944948953896 126.33218242631334 125.7580115546303 126.4584081115851 127.09705048799047 126.23194014323231 127.32162744849009 126.54062408911781 126.73620399717146 127.55932111572118 127.16410513418772 128.2604674234031 128.83496427129592 127.80630495019176 128.35499971063567 127.68668932605746 128.92373873997187 128.7436699608177 128.60768696971564 129.40505594284298 130.53291472157198 129.36360498403155 130.60021144942425 130.31427521226829 129.80983171233743 130.85745063679204 129.7206409436464 130.40107654094052 108.12604151576939 108.38073312069471 108.16727007943753 107.51550822779672 107.80178692129319 107.34981978374104 107.97760191160503 107.40774686345814 109.21301008800651 109.35505344398483 109.28920892948591 108.53459580554423 108.95721719339413 108.47964588972413 109.11990337208354 108.53787488497196 110.12312610526025 110.29326783153337 110.2657118039691 109.61575755670134 110.1364683484011 109.58709580228332 110.23866136578455 109.62571165705411 111.18170131829332 111.2829900431789 111.24784285001297 110.69322391734634 111.19149641502001 110.70056398888266 111.30421670439972 110.70660860310652 112.22297920695355 112.35163911423047 112.33653014206052 111.76685148078681 112.3477749580631 111.79182350168055 112.34933894442895 111.90295338298158 113.28528322036735 113.16149284185256 113.38255272438518 112.86238818387231 113.48543109502498 112.99421431328413 113.39138480585737 112.98427274717127 114.22606017057953 113.88220017945122 114.52753236557351 114.00505120003068 114.54921375994591 114.01278880676711 114.40734094224464 114.10657018663852 115.20892590693009 114.97576890603966 115.73352118646829 115.06588356794694 115.57773852844268 115.02838322807051 115.43776829434118 115.18856499911503 116.01190058717827 116.17890759223735 116.943387878341 116.2185731499429 116.70203921356513 116.04157278529651 116.43054543258928 116.10614023206297 117.09888702896924 116.88951410796867 117.54941238187186 117.24598820956079 117.76338097898278 117.09524619990313 117.41378362722138 116.79819270216821 118.16428664469161 117.86898811120071 118.5471708772366 118.05228429657474 118.27908527556578 118.14076784213729 118.77647603864895 117.93391475819455 119.31143071901543 118.94172024668313 119.59685983753184 119.09414034316659 119.84825036158519 118.82088455911357 119.15062746135615 119.86922177798739 120.44498135344639 120.01391448181712 120.75128927305003 120.24826630675102 120.91368568237236 119.44308804390927 120.47058146250937 120.23538799020112 121.42300653306337 121.20239954273468 121.8073889499457 121.40296302502973 122.01260160878 121.4295777512931 122.28189191905467 121.21218911150602 123.72660907138729 122.50065776869765 123.02182804031236 122.68334715797927 123.26917609954592 122.70068588354475 123.60321936037992 123.23544812675036 124.84622052507578 124.32653149103696 124.60602329583102 123.84174664816804 125.05695444076241 124.31256657705283 124.7040842043896 124.26951421536441 126.17406265381541 125.38579582564114 125.99054687970369 125.14551590494149 126.11279912016795 125.52302800018666 126.29623271271132 125.49533036895066 127.50551874402025 126.75192144534013 127.18970793077669 126.30458298265542 127.29925664164725 126.66796637981197 127.3754164088861 126.5422036579364 128.66893822033663 127.70251051708014 128.28416958196121 128.53002210229354 128.73511173326608 127.99961549463706 128.56772033946717 128.04891366321388 129.67899354688652 129.02684008569415 129.35951021410463 129.65891312728064 130.06794182131594 129.43082353844318 129.93528915387907 129.1371656678626 130.17276171740392 130.19453584156963 130.35418830747997 130.77010462112042 131.02296084573624 130.91211837458545 131.43373443926993 130.35921505342009 131.5904333928595 131.37642277939193 131.50512201953023 131.78891665983238 132.20507432292979 132.2107640702572 131.66470318571123 131.72383854981504 132.5061667949077 132.41159576907359 132.68433082347195 132.83655051118592 133.12346043990587 132.41657640052983 132.64903489277586 132.68895858179451 133.55842242957044 133.43802927896149 133.58758565464515 133.73200761776081 134.09817179174641 133.38973721060324 133.72900558516375 133.36503451593782 134.86748278508364 134.43850020197368 134.57544580079244 134.79364585798106 135.07957723482903 134.53198063651402 134.83379382446415 134.52951388634625 135.82741843051542 135.373871913345 135.58669883062754 135.87114417657918 136.24159858409809 135.51621707527244 136.07961628057001 135.55308193104901 136.86370865268373 136.43428888247152 136.61381900593193 136.93022350702574 137.30933879403898 136.56875181622419 137.19858613284941 136.58704115481706 137.9937076169393 137.48387896032747 137.53997907901405 137.9757260622074 138.32983980041146 137.72989931988855 138.28532399557972 137.67947804903872 139.04262807191827 138.5187769028399 138.55881629116814 139.07248222823327 139.42780413263591 138.7886271591031 139.40237485564873 138.78452332623175 140.18087138420645 139.62432958389184 139.58633325036769 140.16392437801414 140.50794754797323 139.85761894865192 140.49200367435932 139.94051543442643 141.30041612188856 140.70480755563642 140.66094051135414 141.21893300812735 141.60891562333936 140.99997041727266 141.51412787876808 141.03165339905723 142.40875806311934 141.82058697698093 141.6638751743013 142.41687315669893 142.77917048775922 142.08748700734833 142.47781949012563 142.1937282073518
