# Created by Octave 5.2.0, Fri Apr 02 16:05:58 2021 CEST <br1@br1>
# name: ptcls
# type: scalar struct
# ndims: 2
 1 1
# length: 2
# name: x
# type: matrix
# rows: 2
# columns: 320
 144.06380378773656 93.576552566845351 92.529132740501083 78.136888581750114 96.008881741089581 109.28418508871843 67.604493434253015 83.700885119426005 97.667211147141856 110.0189004358589 98.360654139927334 93.617499939621624 107.78942468094976 108.71200222175062 108.20999927605773 109.38689151961587 93.051757290071976 102.18751160225868 96.223037586335423 97.662602263927283 98.761057752708069 146.00496357352057 108.13526555422786 147.38747774872044 142.03483106217203 126.18993583628634 143.91795602590295 142.01499524876982 149.67189042546562 149.32223663772163 141.08814508313864 149.26417421685247 140.22841515268297 118.93912702877574 147.76486240585888 144.60988036332247 145.90403182115801 148.35732202822717 147.56047152571583 150.07326437612628 146.6663204793405 147.41935141963404 141.15988571849303 148.59982040368399 143.67372017582582 149.93990799513853 159.54203820397262 158.42084610643508 144.95896482410785 143.01768944257819 138.89123801319775 146.91446071838453 146.85986703241943 144.8884317432701 159.43544873381393 160.44620314919203 145.84739114029787 152.58839079643334 161.51355669395261 159.36237477943794 158.30432483905085 159.81140587774843 160.08861937597143 158.91094687614145 81.734831146219847 83.152475573707974 81.951223028473109 67.222777529728631 82.942126412707211 81.859321532371666 80.90765666451756 27.220424874237249 85.249282133460738 86.264329863259547 84.11122772572152 82.915947865414793 85.506714262623632 83.915191899888512 84.452364094969695 80.666406219788996 92.009082065085266 89.461383072021036 88.453041817923051 85.24359293848606 86.341070559839338 85.630884068577117 86.511065284002314 84.38903789588548 92.176176557899169 90.504951941514008 89.493953460150962 87.347629604713461 87.308476083965672 86.409851703885849 86.408947476108395 85.166472169889431 106.87263470510983 94.311728451036799 90.751791672206693 88.310393823088845 87.437412160085643 87.143840249803361 87.59357500453288 90.852059165361979 95.354489438948605 95.009106557086326 93.948680889000812 88.382905445623223 89.332925143723443 88.703379837694612 88.018563191701773 91.073018658259159 92.507024705913409 94.783400638585334 97.9815242640381 91.711462182844983 89.542512744902126 92.039875201648385 103.56051406822436 89.553480889055763 93.632222677403888 95.879054555962028 95.710398033948522 93.018478163475095 90.481438628056935 90.257037173909993 92.151357422207965 93.587761569054052 112.22018848841489 96.484319948009528 93.433066038014942 94.901136725929902 91.499882977951756 90.494641915365079 93.274056996928564 68.731186148451755 89.743374504335165 90.297273253205006 93.623994638702641 102.40298150121767 96.783638792277557 92.866336992053704 91.341070730503503 66.093037481104773 129.49845738222365 107.76466106388703 73.923536184944624 94.853918216707712 95.10638237216574 97.779616776601969 92.277732300659252 69.411693628524574 118.87286744353706 112.15666664446728 114.70394075270065 91.03803040948435 94.525921337244739 94.840944498665877 104.68721166198058 93.975072598391037 110.71470865413565 110.94820643162716 117.13865105654639 108.06135831121942 102.95287997928102 94.049065112940909 97.412719171933816 100.55418218628191 112.08618624960407 109.26907290134136 108.33855639648039 103.914136911108 91.616132629289538 94.225459406735538 102.531133507174 98.89812256277348 117.94844539310127 110.0885071125721 104.75405951129078 102.79659167054653 104.82820821814373 106.53950693848159 111.43023718599697 105.29096242378688 115.51269054490619 153.93209498593393 135.71467696238014 101.72390210344942 138.4646460806463 98.527012664138454 97.584213337603259 100.96992634329571 138.6075959229581 136.96520648144619 148.26335715691494 139.46516406361229 138.05401493491158 138.49528879757051 130.86525146119507 118.66480155359794 137.47047090629252 139.88752141992711 138.23499104858604 139.88408410264663 137.13177351118895 139.36382069898571 141.16737142206694 142.84045708580553 135.07504348058936 136.37148599554578 136.12214483179659 139.15103165045079 130.65949417412239 133.94633786356869 142.27704491526438 145.95665202413605 135.86818708389782 134.53885750148547 134.8050106087513 132.85723217881008 132.06987504297479 129.45202357982888 145.79138147087448 139.96287855818474 130.51170661895648 134.10087113796988 136.96383682873571 132.98021384122225 133.09232751702095 145.28674849104252 146.38295034001442 144.59139856033033 165.70056940097621 130.96767062209537 135.17344458598458 143.74345108141071 146.71071213230289 156.0651192888204 152.66733869364967 160.82922365173133 141.06976166516753 130.20044568172821 131.88086518862448 156.37551971868382 157.40584249688561 149.95249290664785 159.38395248842932 160.38554365981716 142.15573289271566 134.13088363246217 157.17534557853389 157.98690879994476 159.79932507650071 155.21484576260693 150.23788138992782 117.50494734316021 162.66165200208093 162.06957612729553 128.13729564483913 165.4508134763158 160.9386254002344 158.21268446338968 160.32448866861989 161.58733596304924 158.75078688457609 154.57971344224649 157.59386131641935 159.42220422326585 161.15793675222127 156.34523914140746 160.13858090157945 160.48115060889958 159.05132291014624 162.86217369853816 162.03970490723205 159.63533227657001 161.84109120830155 160.41843338775556 162.21854890162652 158.08575376937182 158.24483721621809 166.50172094811728 164.24382420096325 163.06112254255018 162.54801352903783 161.62969573424508 161.40098413188386 162.69518582206408 165.34808837302424 164.15373359387002 163.42747102311702 162.89746993390685 164.60862026513416 163.39069697536635 162.70676636339095 167.69384894790375 166.50224847579256 165.22605871823029 164.55185857341334 163.93619193019779 164.77943297928542 163.78217499688822 167.51626402467798 161.56197387986794 167.91360638337105 166.19773619170255 165.74988606665366 165.20743456935404 167.73931651701903 166.37340082729455 166.95997666021378 159.69642827329938 168.93537002929023 167.48260265756122 166.87748324555639 165.87916293310414 167.64970573373702 167.80411812324729 166.35316921233053 168.0322301730902
