# Created by Octave 5.2.0, Fri Apr 02 16:05:09 2021 CEST <br1@br1>
# name: ptcls
# type: scalar struct
# ndims: 2
 1 1
# length: 2
# name: x
# type: matrix
# rows: 2
# columns: 320
 132.74682276702106 99.540605972361192 97.646944312998883 87.229474399788515 102.37505479972063 110.51643105781714 78.963528691393762 92.112580819481053 106.93157098981627 112.42120556830231 102.68380765317596 98.594929916257655 110.64299524014311 111.58901799300395 109.34651566809548 110.228538790009 107.04842574523406 107.96391245447489 101.99364953558374 102.88106690976076 104.13617978400902 141.19317784527229 110.64147005527965 140.84695623700935 140.36796602588043 125.45982976822953 141.20576894032007 137.65947629372835 143.17205372950414 144.00373614942322 139.77791103987229 144.99201637410539 138.29388448649883 120.78955565695007 143.06807238886842 139.9397574508049 140.66315605279877 142.20931545030041 143.20263414783591 144.82752735611592 141.7600332302672 144.25804639798403 136.3218196407874 143.10283454743154 140.10499551134157 144.02596341493188 153.59641768464735 152.83959117448484 141.44398359877636 139.49634931622683 138.18730315842268 141.65374214155779 143.96314365270075 141.45353364997408 154.16885471697313 154.99056753849169 142.92205346945173 144.56337515689302 156.30604065295165 153.606167216606 152.40704163133034 154.6898446717407 154.69705923481712 154.07382302813431 87.628075096193726 89.422108454925464 88.480514760725541 77.061610049437292 88.865634378365911 87.806960394788902 86.838082548197747 45.732565338279983 91.840243248667392 90.952573415648047 89.712836642655631 88.566681749654492 90.761609091755076 89.855194560261481 89.759829199546573 86.76494909423883 96.39725273715932 94.372287451264214 93.167638533040673 90.646175033004027 91.635786982224289 90.716833652591703 91.956355304592037 89.541236096579269 96.31368277083871 95.471863068067321 94.83041196328297 92.877800986299746 92.829762027224803 91.765731517354297 91.999050922233437 90.309828892837018 102.65382003922083 99.742109155989922 95.419705946719105 93.903832142194844 92.879690747564382 92.852068219027061 93.936499252937764 93.76615435275535 99.510871688161004 100.62334505603094 98.269619159498063 93.862758900644096 95.034738510495288 93.967662274670587 94.922091055140413 96.311569258158769 99.303818133742197 99.280286107154339 103.05740120231852 96.455817092733511 94.71297904452139 97.427161271498932 107.34259779456812 95.292246946528195 101.07352769986764 101.77249845682569 100.63473228544959 97.245578934264671 95.755209798203836 96.103756127905868 98.026495842348041 98.657256549495969 109.75839862385871 100.14603699971673 99.959803728828376 103.64939598827819 96.789683818104749 95.955190228810011 98.881953483590308 79.59951601162706 96.679565362574763 95.527165893107394 98.674800159745146 106.03400904757176 100.30970276671347 97.465984721261222 96.991607543771465 78.189853884596374 121.60472754677244 108.77416545294678 86.648698263421494 99.097191495330989 102.18083386151645 101.5118654411398 97.848214538251028 80.694423951376152 111.11848435885003 110.14159491904556 112.14603943086739 96.115758036388712 101.57880421932219 102.00542849603823 108.21203661260675 105.23949643075464 109.20169397584212 111.05323499747091 111.4352480235861 110.02037184830242 110.53060595918951 101.16595848361257 105.76344459304018 108.15881429263737 110.13762530296771 109.91490184694025 110.09825548589447 108.99274547462264 109.75747912254202 109.01815270004703 104.97466909675067 106.68560495674163 117.89309817424018 108.81820979796659 107.16335286119481 109.1994734740726 107.94878611320937 108.10383745040399 111.09576497425954 107.9870771361409 119.02837556025491 146.5926649854066 138.2150140169025 106.93407808667631 135.76361687823925 105.87966798740031 107.0739396077704 109.71553618517642 139.12418275450153 136.60273666027925 138.5121356139677 136.01730038662282 135.6122504416962 135.21920230059592 133.34761774896646 119.76602864979215 137.66530689976327 138.57762012847965 136.55033206442758 137.34465233186793 134.58778395240265 136.37121478178295 137.5164891770649 140.24787487124436 134.78649619965259 137.65208298795443 136.8263761329965 135.39953942386575 130.02695594636276 131.69786192312012 138.8520682270273 142.4097232309062 135.76783912076985 135.96109441992212 133.60840362049589 131.37542353923067 128.47987132464621 127.80152000017291 141.0784249087726 137.0184940392202 134.06398444641675 132.50060611790747 134.70657774565552 129.60383215728652 128.76401409505124 139.25834618197109 141.10983234201478 141.66734521982377 156.95022520836508 132.65845916071748 133.67176179706252 140.50152443620445 142.18353903719145 151.13287807587116 145.88877309871478 155.49585008820435 139.68950216724829 128.98841055430569 130.33072248366352 150.19830978389339 152.12137145088965 146.89385075051715 153.91566036325199 154.96662095964146 139.69589331246388 130.65283685384034 151.25941738509192 150.52157114769719 153.26167709088855 150.14678733416002 145.38901610779166 121.89243533102783 156.13308989339828 155.51573886937996 136.22262905932877 158.71885652045535 153.99966443583298 152.76721560741018 155.12913120402595 156.28950919530033 155.69634576459612 151.18526887544664 152.48258467800233 152.41537028225866 155.70901436335677 152.90444740929252 153.64244235592224 155.59545049419697 153.48680155088641 156.63930393017299 154.89635098101036 154.63682256590587 155.62897754285925 154.75428471648635 156.73391954002108 154.32815124996313 151.43707073326402 159.79178804195948 157.67865671543976 156.5953636257517 156.61531154636415 155.74859844205471 155.9742255036015 157.07267478444743 158.72723895092716 157.51948778060984 157.64502219269832 156.88621666682431 158.62102750347429 157.32311972816842 158.19712792239093 158.14691206881466 159.63809300089324 157.67965567985766 158.99503293316695 158.26370464816654 158.88957617556181 157.82895159932781 159.33808714322248 156.1624392710188 160.78435656848549 158.8121006395572 160.08120742197906 159.44141048108148 162.64754342170755 160.39386606067404 161.36538295092029 155.54004294278076 160.77696963724708 159.88383036158316 161.27257611353471 159.69613133262604 161.92615811958248 161.98094977641193 160.6314635718814 162.36601903255792
