# Created by Octave 5.2.0, Fri Apr 02 16:03:50 2021 CEST <br1@br1>
# name: ptcls
# type: scalar struct
# ndims: 2
 1 1
# length: 2
# name: x
# type: matrix
# rows: 2
# columns: 320
 123.7842251994486 109.29268002466389 106.95998998342968 102.81676437356863 112.53717633158385 116.47648513927884 98.822583477263677 106.53263059100399 118.88383489924129 116.53944293820531 111.73547392507521 108.20260887053077 115.11096207938731 115.97845112874867 117.1105439341588 116.20057219298226 120.89063485548641 118.93310972950634 110.2677776025569 110.03049734979335 111.69632075048101 134.88230439596106 115.10066187259972 133.61764372956486 130.07990092962876 124.20821936584642 132.79828871560665 130.1928723708001 136.09910016838191 136.98969654307587 133.42805524501617 135.86299855581788 130.53663936555995 122.8950117557321 131.02278010994829 131.39539259689508 131.45459154992611 135.32203961567703 138.0928544289817 137.23575309362232 131.7015207779001 133.88517986029896 133.34117156723451 132.98649796985899 132.05777055705724 137.00417096106918 145.11076745942097 143.45977335942641 134.34989518771121 132.35516702450801 133.74805480825535 134.04475695448335 134.85199534224884 135.03110900494636 145.62252629582395 145.58491024672784 135.89169978971088 134.60999365375281 144.00872622494717 144.58897357825938 143.90332354118695 143.98148820078961 144.57426616125883 144.58381407305211 100.24434465574491 101.41205033232187 98.618564303337479 93.928180083223566 98.400427453715693 97.22755166536588 97.437247955540627 77.467663276636188 102.29616917032682 101.21792417508327 99.604104936451279 99.325799829743929 99.417384492064443 98.394565058469595 98.502241340923703 96.705017858336262 104.78985360119439 102.80852799461114 101.65342082761033 100.50747736801999 100.75223949968316 99.461865715703496 99.521319542980962 98.447896191059257 103.72938895445648 103.62156447480889 102.5250919389922 101.54215083113874 101.45646507178175 100.41643872760751 100.4986086411114 99.211815263078094 106.91072205327042 108.52543843545804 104.53765255581165 102.15085973629004 101.35309948092994 101.49672725369774 102.58673367630276 100.54339372004748 109.00398568067473 108.66331249552707 107.64849427878164 102.62385731300861 104.26499246795011 103.54225913450934 102.58497196909401 104.1462228259135 110.09292284957368 108.30732271825029 113.84156297126543 105.76798044283109 103.44859223564472 104.79118150315142 105.54186891175723 103.62973766731331 108.19549887931454 109.4723249200842 109.15353473679113 106.69432956318781 104.5675446170377 105.3245968144041 105.90670391524073 108.07726795236586 109.86779497971501 109.78444092521063 108.91301048463144 112.87987914691691 105.45567306991686 105.67760796348277 108.47744698256979 97.985674698434465 107.52227229845558 105.2958959598468 108.33741667658437 114.11969225889867 111.34275039981944 107.65628112510522 106.68937344614757 98.92725343343912 112.74308430065703 110.73186070870075 107.10735838803072 108.81822981755586 113.29916259840927 110.26526850958794 106.59042002565683 99.895088381271535 112.24075574306791 111.10552713996209 113.24570829769183 106.42104354377166 111.85385486576236 111.08045623532703 114.25459367082304 119.88491059040503 110.6848153328929 111.81869080998952 112.93867851059598 114.16385262538951 115.63345160145289 109.26127161637977 121.98570343785016 121.57965210624036 109.8128775459176 112.27077896787296 113.33516537784577 114.61035642199495 115.82163154397536 116.71467593315128 117.29055670828907 120.22483811037931 120.23591536533456 112.82670758117757 113.89407489746283 114.90297365700778 113.50010470009221 116.75959172130416 116.7002657848287 117.72168647268219 121.51314851226257 134.01078498450261 133.9429682490653 115.90016742296781 129.60307522836911 118.41271428792271 119.66405255542524 117.76042782605751 133.48011071629438 132.79795645690791 131.7672027607334 130.70474675067967 131.40785050174802 129.37881329968852 127.23609573162474 123.82497130080429 131.4599821427505 134.68855178803 130.40029023571694 130.17720848642739 132.0604459945053 130.87910287183325 130.66991826283854 131.30053910525842 134.70154335888898 133.06554985064992 132.57941786553016 131.33081076871289 129.54306086776984 130.66983242479932 131.66384995011822 135.33724199760593 134.52628474404895 133.20798795779535 133.60297056839221 129.94060610951828 128.33349528934556 129.36911404768935 132.93828161538727 134.21234034563156 133.19499013335746 132.16523547170658 132.44065926782179 129.0982492613897 129.83567852071005 136.37831027684007 136.77544557965805 135.44776844675121 141.94963516388887 132.70815282208414 131.63407788142993 136.41771669166602 137.19585700114288 141.49635221946082 136.18444879785838 144.91150657051261 136.83893049439874 130.44315371892961 131.0586724123751 142.4153824629195 142.90105467195457 140.64261436939611 143.08903010786219 143.9403077436898 135.96343799416317 130.19023767042992 142.80923560818849 143.46450007478239 144.21971197862942 142.60736267388958 139.73380368922355 129.41384331022593 145.19810944539003 144.02374897464753 141.57757431676976 144.01156185574257 144.79846290697603 142.34783980833461 145.51114075208321 146.14939287768945 144.12821795006522 145.35759185747111 143.38685024708511 144.63592316259047 144.480430718881 143.77744764739498 143.33378203174314 146.70047480924919 144.13501263885382 145.79961274657668 145.41578220318186 146.32879153368256 145.78105720789068 144.13308365687433 145.28655109523282 142.41268114458649 142.4885326403782 146.94298742177364 146.57506414805115 146.77951925506954 146.78278510994417 145.35092279745263 146.00646937344251 146.7648239732822 147.64434445046598 147.51970119008362 148.04088879514811 147.80743204541906 147.43397104624921 146.3937560539423 147.98401070877421 147.45108308338393 149.94506361635371 148.6568380807955 148.80100610013989 148.4951359647136 148.25932052004714 147.17838445994104 149.06018806026228 148.47241383623899 150.42494768425533 149.21524230842496 149.64972499382463 149.40203232757935 151.33907798415979 150.0991812446083 149.77867074624461 148.15300588317174 151.42554828620391 149.8496383258952 150.63061627943321 150.61344569748817 151.70963060157763 152.58607521074151 150.82300348445278 148.79008461539277
