# Created by Octave 5.2.0, Fri Apr 02 16:05:20 2021 CEST <br1@br1>
# name: ptcls
# type: scalar struct
# ndims: 2
 1 1
# length: 2
# name: x
# type: matrix
# rows: 2
# columns: 320
 133.96899516260032 98.146411669773073 96.355583898396887 85.103934857909408 100.97884829735652 110.38285275283647 76.354921867877934 90.146210396091561 104.84084953036056 111.85962774513372 101.75865414623802 97.555576788602821 109.97592679773427 111.06855059813444 109.16749258563475 110.13349364904617 105.48782200159208 107.13935303001774 100.77317732407403 102.27363026393964 102.84519129377252 142.31573359408955 109.56068348155311 141.24069432028807 140.0682109761355 125.63050391400904 141.76557981667423 138.67764955594583 144.932494456504 145.19449405241409 140.25549310979903 147.62423438013673 139.06304092294346 119.61266826779715 143.9506500961968 141.18778037798151 142.04759970962971 143.43067424308398 144.24086589913301 145.74837534121556 143.03124758895586 146.07546264660138 138.42959590711916 144.1998007456732 141.39649543343148 146.13692733946013 155.2622011922181 154.47193721864832 142.53841667204003 140.58617301179154 139.7706597301019 143.1928128690345 143.58655241689152 141.57547289056197 155.47141464853294 156.47802103633705 142.79378284876489 145.19307153805596 157.63763051546186 154.53683478693344 153.52401674876759 156.3171306351943 156.48559705452874 155.50385884946007 85.7063045895394 87.84958721599547 86.690438222647217 74.761623226648254 87.755993110288003 86.620186721156728 85.628318352749957 41.405051983049049 90.165088920130032 89.159393302943897 88.733891315696027 87.604550634121949 89.668827445107326 88.543782430978737 88.671499116958927 85.747107107050695 95.535366258222851 92.846776000093655 92.150590229119942 89.506681352145534 90.562520754366417 89.704924376194825 90.626385234726186 88.725158635443819 94.833594264077135 94.352250849876896 93.285530521289289 91.272347193764986 91.603247351192252 90.588173228231355 90.554532875209603 89.548550696861227 103.64003645462346 98.548074565764054 93.848269117248449 92.411887096060127 91.781731090992807 91.64802503775023 91.778556577025967 92.660103713153362 98.639502371072581 98.950767106186163 97.58912751151486 92.736854608322588 93.742129785698069 92.842559987785023 93.05054082481 94.926482628488245 97.703811623684601 98.54856522642929 101.59462289536344 95.257360001690984 93.446611370917893 95.854337471289796 106.45847432607218 93.922654875210824 99.130451543266631 99.385334905621917 99.872245873543292 95.962943292594815 94.282320450410069 94.848248772223911 97.008377112455435 97.616014917142678 110.3338819688199 98.96135389094573 98.780894580619176 100.98272133804217 95.555052688531376 94.745948802568194 97.561797268932992 76.927995011282022 94.187215068415242 94.691974338475461 98.070369892063923 105.18525432904234 99.745511238970678 96.563752192928874 96.193043345184407 75.362026673390545 123.45001504077402 108.29899615920611 83.673985050271057 98.359008558679378 100.46350862526572 100.93803005692303 96.627806105388942 78.141022970340799 111.55793462614962 109.87073304935383 111.8481915804102 95.412279102701874 99.521108397799964 100.02355757645235 107.38805155921362 102.83303137099765 109.59063684842275 110.60371590284747 110.36737378505367 109.09345326480346 109.47872351046441 99.984235608984648 104.39647886951504 106.55919630731991 110.77985856108458 109.43602728924934 109.35450509865818 108.21012647061201 107.09061858232734 107.68936387690171 103.68856645073447 105.77283725269827 117.8557290182889 108.41334803054123 106.25424186353803 108.0674149067884 107.37418792529681 107.16001030526439 110.21326213550921 107.15242254002837 118.40743696941955 148.30837589462078 137.67707563510092 106.1162968359918 136.71155463660125 104.01863774143591 105.12082993868216 108.08052851617728 138.23039397405211 136.86444065296891 140.79164194868264 136.51841404565988 136.03150587156821 135.43383571258596 134.1810071149676 120.10231620942783 138.15086502792425 139.32107973853039 137.37763422405916 138.65111271204748 135.00115985200125 137.14560320907418 138.61192903022987 141.32297955459944 134.58443536739964 137.88358955278113 136.74710764292757 136.08669062339376 130.34461162486716 133.04877198218819 139.42494985774627 142.87382205920849 135.72641584052693 135.61619116312676 133.84732344874655 131.65249027131279 129.01662867809131 128.09511713817488 142.26571960081489 137.28756729354927 133.23358183740007 132.99929707669449 135.0118855133326 129.98075971873229 129.21749941800815 140.7944965155385 141.85394540256888 142.17647244978255 158.99576021443002 132.70692407801502 134.11077834623623 140.82884538517439 143.664128981842 151.53783226669188 146.88925661056675 157.09728650632701 139.95883228910282 129.20486999187727 130.28279794882297 150.93319812936033 152.87587215197681 147.60885800779445 155.21123428467192 156.51482583472938 140.32424868940254 131.15210740909473 152.07364183627908 151.80503435078563 154.74535556044205 150.54978753004551 146.20726624806207 120.86678878840942 157.12934165595783 157.57771033537563 134.33255111827924 160.82560252438034 155.53297155691158 154.42169760259463 156.78308457527277 157.88840205660179 156.23260715727858 151.97877539755569 154.6602884861272 153.8596365952782 156.6732064704693 153.6051492468782 154.65941018285301 156.95674142541017 154.10548448560942 157.49055583105323 156.51980178551221 155.57010871896475 156.58709980992739 155.84205849635504 158.13791055315863 155.84492860155021 152.89534838470158 160.98789776836563 159.94671928191312 158.16418391207617 158.00007938716922 156.95551277944966 157.3535646371642 158.71492680418109 160.10988725715987 158.75544401427786 159.27218512050237 158.50649298293146 159.9937588468658 158.79813894103876 159.769682931559 161.22922249132941 161.10744991316255 159.24084216296748 160.34754081313412 159.63426755432533 160.61217700820515 159.45286814244645 162.27845822000467 157.56436412915846 162.31772697579899 160.28315763931195 161.43049584490953 160.75325704247922 163.53064401522334 161.82655406378115 162.57458541972466 156.51166548757732 162.20625099019057 161.33656070637488 163.04817235397513 161.21763318432895 162.73337590352904 163.31640857942625 161.97675446785721 163.35693965962074
