# Created by Octave 5.2.0, Fri Apr 02 16:04:19 2021 CEST <br1@br1>
# name: ptcls
# type: scalar struct
# ndims: 2
 1 1
# length: 2
# name: x
# type: matrix
# rows: 2
# columns: 320
 127.11125005407408 106.3470847054256 105.08161872139348 97.030573398453285 108.32596115764177 114.86256431809683 92.178423567059099 101.1797333273326 114.74282936404748 115.01070330846859 108.07581337055328 104.29722580303891 112.64125888360525 112.80328728259286 113.40868010470112 114.71900848017245 115.39571441817604 115.97334646295627 107.64298393663012 107.24930997819128 109.44729942066928 137.59888581125671 113.91053871539677 137.30416610600076 134.14771067463801 124.67283231824621 135.77483150397799 132.96456625128104 139.67697703306084 140.5659351506919 136.03479066614688 138.63124417664449 131.76119788139079 122.86423844959354 134.71599643833312 134.17944953295586 135.46156099632393 137.29617514934014 140.68416519480851 141.69765230695353 135.8167028004612 136.78341513149687 133.52671225142211 136.63696068659922 135.07973283841699 140.37576550657673 149.49865821578052 147.42269357521579 137.4023629278152 134.872550589279 136.4551928814974 136.24382463916487 137.75944682260265 137.63607234522766 149.10197236493357 150.00778980968013 138.3568781818945 138.39244267636411 148.53024980196113 148.05475853748675 146.44556690135741 148.10496276479461 148.22008873193636 148.50798000009274 96.646600428693958 97.807642923336459 95.737904600307786 87.667104843408964 94.76311952413657 94.027118599174841 94.07292949723599 65.687210254066571 98.765885587509359 97.871002484651214 96.795334651113834 95.863164256115738 96.428489281774191 95.244975711380064 95.29270443953169 93.126001456765451 101.16675197480632 99.723055134975823 98.5720284306759 97.414835506561886 97.352261907835597 96.313801651675675 95.991391884068648 94.962890704065188 99.904219593798288 100.55985817413131 99.507653321979745 98.426585056238466 98.182752653870679 97.042742956650969 96.842308232034881 95.738937310590401 103.84676758148188 105.37786470617395 100.82845562076739 99.441523407538156 98.023237945363206 97.736390103863286 98.862661942190016 96.667017991243753 105.13181211996607 108.19971914723101 103.58810017372113 99.061475546802072 100.20857028032823 100.10170257248916 100.52612671191851 101.6342517210481 104.76880199885156 106.02405683463998 110.08612733090271 101.95888914888405 100.54465221496655 102.59919200579016 104.37029534144193 101.51123789379716 105.8387399470535 106.83497475938728 106.60483517669896 102.22060156137107 101.61796128279907 101.31786193122625 102.39243917389643 103.39362210957964 107.14293919694843 106.88524135032583 106.32294033107618 109.22973622771313 102.42332933864145 101.42655539470773 104.51212900231812 91.171317296573861 101.9419525821198 102.8956725795698 105.56656956277442 110.24756172047086 105.85936835717641 103.15528209599381 102.58106156767661 91.229279358489919 112.94228871821988 110.3601098763687 100.36553509923235 104.98560051967307 110.64848540963875 107.33445890961713 103.36174101071651 92.028999502230221 111.55960888229356 110.48249443795324 112.49961588917057 102.07224516330317 110.83830710864287 107.87474759865383 112.0115232476973 114.48862912694155 109.33023514447882 111.52453470803968 112.3970339263693 113.31493505686682 113.03649887490596 106.81394874113505 118.41769525674297 117.06495212739483 109.49409846443446 111.46474170469443 112.38414078843179 111.93310645888866 113.54001183558806 114.68350298768839 112.44386783568036 118.40515357440138 120.5941920590744 110.92654270169704 110.43642987085327 112.48868135572313 110.83634310564928 111.54627063731722 114.23774861073439 114.09767943488619 119.36281184115926 138.68133134847454 137.38165595678376 112.81197481733643 130.8670158878179 113.67419720317655 116.47577152768365 115.18554554417895 136.41402033052273 134.67042604523147 133.41535389095017 131.83347933671101 133.3283068228599 131.70770074649386 129.50476678351674 121.56744507103461 133.92776799158409 135.38436502917148 133.66240393122141 132.88737833114845 133.39466281649962 132.53440553350342 133.2087983987922 135.23551012699266 136.55764164490301 135.59150607543364 134.47524654755387 132.31958369623737 129.74878539885026 131.27162929566609 134.64821823383065 137.47103607932195 134.42722268369707 134.25913020024572 133.37350187441612 130.31116110012857 128.45082182605773 127.53841212191875 134.3273888106643 135.68373368937424 135.2891890129755 132.04118948458506 133.48003305903859 129.61211986605832 128.40903560350361 136.73007521366688 139.46937000470291 138.43080740947639 147.51803601373231 132.38751880097334 132.28944544506001 138.67498129753241 138.7239854571024 145.37154336782842 138.73328164982917 148.11010979796083 138.19049776127258 128.83450901673243 130.60326949655138 145.0491880055414 146.29007705918406 143.59687284196067 146.63353194973345 147.59091348090081 137.05557014067043 129.01043936442107 146.67520288413701 145.9592172531336 147.25238786020762 146.32791664115521 139.97043892988225 126.62180549976824 148.20602645990149 149.3409951934259 144.03041767591805 150.1507128735179 148.23084370907611 145.73267734399195 149.16599441574252 150.1367838355682 147.87782740686384 147.52632213461044 147.45183015173424 147.8132139031859 148.27239068072763 147.3112825592446 147.13466977473169 150.21488925171954 148.7239314658793 148.90184695784473 148.54892161647047 149.61217627597665 149.23673481533007 148.30272576512581 149.04373505146137 146.09761205995568 146.64262110764577 151.38012780236858 150.25841531400067 150.56124979651622 150.50554077102029 149.27380976527874 148.87669099965896 149.97440528300112 151.52838863550571 150.79989517801693 151.81714900277152 151.66520799726723 151.48548446453646 149.7755662504355 150.84461591016037 151.02989355295392 152.83528837200603 151.88920960533591 152.74073239057469 152.50612028031568 151.81595273312993 150.65239673448295 152.88179570566558 151.13320883489394 153.82705965134718 152.91913623561953 153.63241394926931 153.24448069237698 155.60728219247241 154.0725012018618 153.68684887869421 151.10717251805551 153.74704339328758 153.86567512929958 154.64452619859284 154.40075262324967 155.54367222860378 155.36916094434699 154.86098079886116 151.86226922464513
