# Created by Octave 5.2.0, Fri Apr 02 16:06:41 2021 CEST <br1@br1>
# name: ptcls
# type: scalar struct
# ndims: 2
 1 1
# length: 2
# name: x
# type: matrix
# rows: 2
# columns: 320
 159.15573513104755 88.309596312623569 87.539642025589089 70.107072534651266 91.609260628984572 107.46345399463951 57.837716293421032 76.272374631065702 79.846117727217134 109.02259235940103 93.924071683951183 88.921291211419444 105.26938834296084 106.35975485830762 107.92751667590061 109.37998524351299 71.219126787769284 94.407505773033336 91.115589729752685 91.471141433220708 92.591968575540818 149.46371960271196 106.6549544589223 150.85901228436643 145.16399697680811 126.88464897461741 147.01787129031962 145.86142757270255 153.14162953739486 152.79931735260664 141.34857544592543 152.41092246562204 145.59457385967821 122.26323695426717 151.2542294699555 148.0345843405689 149.00974320153668 151.88314790625614 152.40709130261092 150.73757950874094 150.85387904477815 151.68071218245808 144.75621021483951 151.49911333689604 146.3443928200401 155.7347635367943 165.1840866458582 164.31217725694995 149.27841383931016 145.83357856218734 140.91020633804629 150.10544343924295 152.20057608134076 148.10523509948368 165.06439302666692 166.10866572377813 150.46035169037944 161.36308826648641 167.24348064703142 166.33429482364639 163.90280517832988 164.85670480519627 167.0057721509873 164.07326447274488 77.483618402444947 78.703249437106678 77.523889039875911 58.53393842141449 79.275442433911707 78.142726432357037 76.341127454344431 10.872041087811692 80.563320359418 79.409794793973418 79.695651914321729 78.602091541305242 81.150502126033871 79.530644885257345 80.109546720722349 77.253116298956058 87.570451565523811 85.462878015866025 83.238290389144737 80.771424369312825 80.947954217472486 81.029970304084927 82.150659409465561 80.993338116851262 87.954348530963841 86.559560091947873 84.218431605657301 81.58993977534405 82.353626237516252 81.798294955510599 82.014481913998452 82.634758218886816 108.95183993704629 89.515767693117397 86.802113624353581 83.132470204320811 82.971993510098315 83.040049510308791 83.317796518320918 84.973102379501768 88.622226944856166 90.603347019667254 89.25329371604991 83.417775480976175 84.144738558826418 84.23879459096645 83.116790582853241 85.292442774900479 88.193947413902492 90.096468652237505 92.440052545109182 87.071479598888843 84.412214870519222 86.510861691933101 100.22049207612858 84.006149198709139 88.999743074313514 90.649293513632685 90.801985118037095 88.730987076676811 85.811439045939437 84.735474744919983 85.892288262157749 87.6730276959196 114.39423668049048 90.356448014257637 87.495807413236605 90.24080038881317 86.426531825810187 85.189405602756011 88.287540218504589 59.09138098809084 84.693569933624261 85.792527890938302 90.781542962372015 99.600283253454251 92.32212249123809 88.20396008876719 85.995889105475257 55.410134683216086 134.11191107673338 112.48640144079958 62.685730713042972 89.994072897805168 89.206335848584487 92.394192946161425 87.050025796933355 59.224944888998166 152.57767163069428 120.92122410366807 124.83964276466581 85.364279608655025 91.463504616079874 89.367207871095459 104.64123303133864 72.448300958452137 114.44556103502445 119.64805800241433 129.01912991808206 114.71084737830454 91.207194722406754 89.268334231503957 80.886697261764269 89.356484932246047 113.94965597471042 115.70108333208947 115.80936728160025 90.484144549292978 71.516566549834607 70.613411147233592 98.102753322341158 88.087761247470212 116.78620220951552 109.14021931641763 106.83516385605282 89.830006084076331 99.528012696919333 108.05301370687823 115.39081423192869 102.78688980128773 97.798260548540398 160.41366953185417 134.73567699267056 89.999708094439342 144.47820220089935 80.145828545715062 81.021821951532644 88.977875546944887 136.81401639034448 138.19925869080322 156.8748255325047 143.65877430342672 143.42063332472219 142.39919563050503 127.72464790501644 128.10089185296309 134.49433487178206 136.06799757192448 142.40138729129933 145.17676269855735 142.07603896291462 143.73530287519452 146.75263485548336 145.94343411832745 135.97643194786073 134.27447204038023 137.82514217768409 141.79844628172552 140.97575405978864 132.2555026507456 145.88213615201749 151.0724132220675 139.07764853247471 131.68332038566041 139.38946678009529 133.01121846650409 134.92480416887861 124.65447734578665 149.75092656330412 144.82455324405396 127.37463009600455 135.84576655499274 140.5301963827491 131.21737844870782 153.34898921446253 149.88559674660723 150.51347986171203 147.58058830588772 173.42814609055486 133.37150727692432 140.1020739106302 146.56917914498669 151.6584313118293 160.87444641119362 158.12060720899436 166.57818632807789 142.91918577892895 116.98938831222785 130.59589205703259 162.11915220884006 162.66851793940626 152.6536314341399 163.7693170043639 164.88539139256702 143.69756510772862 134.79892547000054 161.85544148047939 162.85822061124466 163.15873935509123 161.02744558061426 150.69915061429819 113.6302826266018 167.58988567800597 168.69463020369108 120.99700120087425 169.35907230542043 165.11021894865326 162.54338274977533 164.9438492079548 167.07927996302797 162.47096512499337 157.57740474799181 159.34574472027785 165.18965255285065 166.33346094776306 161.69361507737889 163.90888196240013 166.1254576544176 164.01645658873252 168.01980653279782 167.25619321051767 164.33933209691733 166.2283187699048 166.06393287621844 167.68612811180915 162.81186872333259 163.82833565972138 172.86085929399638 169.13137664532445 168.25690939122779 167.3407689040084 168.36523076917447 165.95487895674563 166.97761709627673 170.23240145602443 169.32998940500852 169.70935633478348 168.75491003957487 169.44701670440253 168.50383803313116 168.15097390068476 173.70991610335128 170.97141497466353 170.91926097970685 170.69289165157051 169.61298783681073 169.13832929249713 167.94594532637268 173.0418680278826 167.17939558036838 173.79153148047251 171.89552577942064 171.76653366507415 171.59633340830854 174.02623992286215 170.2435168966787 171.27367845558675 163.36700233141971 173.8737835856794 172.81539088405216 172.60546168771816 170.43541928283602 173.99349710601504 173.56049157646473 172.48383948921241 174.0727825899485
