# Created by Octave 5.2.0, Fri Apr 02 16:03:46 2021 CEST <br1@br1>
# name: ptcls
# type: scalar struct
# ndims: 2
 1 1
# length: 2
# name: x
# type: matrix
# rows: 2
# columns: 320
 123.37683440092303 109.64179634530268 107.64989420801899 103.525277554195 113.30195887482343 116.47290867773852 99.802995137182265 107.18808739880049 119.36412196069205 116.72663554592818 112.54926603485151 108.35961033473831 115.21821495602516 116.2975356496235 117.48126609296868 116.73326734704722 121.25246486622596 119.38164530503185 110.76282082389699 110.30415081496169 112.05459153807725 134.43282588897929 115.44374957019221 133.37133123799586 129.54951132440132 124.15132798391991 132.61417079839418 129.85348128339427 135.49977865363724 136.44156012635449 133.05109182454788 135.2783704269435 130.28177356109433 123.27939185167557 130.53410816249882 131.41232754818341 131.36476787860775 135.40837508283428 137.41735792848232 136.73270273319147 131.23884751911132 133.45259419057135 133.17418200296089 132.51094255221469 132.16732269439356 136.377275600422 144.38954356921479 142.67158969200156 134.24183301102846 132.05201743107895 133.48193480992367 133.73258074923797 134.35421287727246 134.41776243571974 145.08240032134921 145.33663055011584 135.40568145090435 134.71799936837147 143.786572510365 144.12087316517153 143.18894264006829 143.23310167987538 144.11679783166946 143.8624758625144 100.61087515042949 101.79482806795045 99.475079074112386 94.694842357486579 98.640806365755736 97.697009814494137 97.670058385595823 78.910167728379406 102.3397404756267 101.21283846650913 100.15775523641899 99.941269687994662 99.684638487131892 98.675612555252371 98.880152354129251 96.902159302846371 105.28067337227702 103.31487992184782 102.2198236260644 101.00460926116565 100.97733549714461 100.07514555277886 99.812526833028599 98.601530823991865 104.32674906692276 103.98977596959502 102.94873131179168 101.82719942963764 101.87280460627944 100.8234998524491 100.82145109888501 99.600796946319321 107.09610894017331 108.75504287206002 105.15816380211976 102.68364016479742 101.86509850171939 102.03325825855821 102.92136120661893 100.57401830679613 109.33877606853086 108.57870122653108 108.26985409699969 103.13678100607164 104.65602507621526 103.99996311716414 103.25307347127207 104.02896251367031 110.5894287035451 108.87252354519482 113.52472621237239 106.18297877683945 103.88864485033197 105.29349370891261 105.91269362403601 104.43756059452843 108.72876859965544 109.88341721198695 109.67463795790881 107.4272876560515 105.02140869112965 105.94684010551441 106.61512763037248 108.1288393334014 109.9116132047824 109.73436042820674 109.19186579642749 112.93159410312012 106.12470727917814 106.22542019229718 108.7263659487556 98.755766091137644 108.14157337948923 105.8804173952725 108.803409743911 114.27356642042147 112.01075240180334 108.21296214033104 107.01333006449194 99.869862503841063 113.29981441027259 110.83174741386176 107.81244715448965 109.23694568144755 113.42248891607396 110.93542538766955 107.07908734409028 100.7557615969485 112.30384642978234 111.15509573304941 113.69212269953474 106.84737692606316 111.91066293243915 111.82524807632915 114.52925535528742 120.49457184231241 111.52825459005057 111.95159406017987 113.14719464300933 114.35418311037745 115.89304917849867 109.78352070437856 122.61255981854548 121.63127107799508 109.88803888587807 112.64557320666536 113.64213331925882 114.87330272797257 116.02346857626249 116.99039134177229 117.73969204183197 120.04648648958747 120.36832200791848 112.96174803396153 114.14823243064357 115.11451162778236 113.7561209306913 117.00383531861988 117.0547654336908 117.94681978035992 121.60017778527427 133.43888134809788 133.71891459365401 116.10763483033681 129.74231520142044 118.72700119315827 120.3700451359087 118.06171292195054 132.99834324317442 132.62820805134072 131.54508493468941 130.44501253628303 131.08634176529304 129.15428697514514 126.95829927629103 123.72079114803324 131.00513363490361 134.26558083774026 130.7218568359952 129.92181209360939 131.78053151831696 130.68378734739593 130.25341834962902 130.95985638304958 133.92270285660948 132.11277732661097 132.22562453203511 131.09683207811747 129.56611967593952 130.83331684978521 131.31091160276856 134.82327696227878 134.22580014982594 132.98510840687769 133.40393233595736 129.98919344649116 128.6138729394296 129.79378946283367 132.47853228162123 133.51487206514889 132.54076808410659 132.19953571299945 132.29833045688071 129.36466661669934 129.98361625435894 136.23618309051091 136.3586832921014 135.23492350579119 141.26779016186723 132.95723346955859 131.8837570813769 136.13540287091288 136.69488145069454 141.09975994830251 136.6214150454411 144.34570497824578 136.71048985189219 130.81421641364932 131.03087629099218 142.03861656984196 142.72124466648242 140.98473490745087 142.83464288176305 143.25826206918984 135.79265013707197 130.52608226936854 142.38397659060348 142.94220164414384 143.71971100730133 142.18171332598877 139.64713119821994 129.75572549109788 144.68128253066033 143.52116814652547 141.23696544719829 143.16937883709087 144.75337765374235 141.9522069092958 145.28665143246025 145.9536430428488 144.02294215124073 145.0314665762256 143.16990305570224 144.18252898604234 144.29913216703852 143.6302179049286 143.08732962346213 146.5369604154678 144.21637130709874 145.25852804287788 144.8345529590222 145.66342655281613 145.36998771969081 143.77244995515608 144.84259134772768 141.72961643595826 141.80193400284946 146.23143504078973 146.03351215658242 146.31812010630193 146.23716963385775 145.17491765494137 145.57694177285842 146.53065370591364 147.2037759831482 146.79657315769879 147.61966093011887 147.32352982707846 146.98899387514621 145.92883573971159 147.62120189270897 147.06533517205568 149.71554706992089 147.87676158430807 148.28227276221673 148.04648068112951 147.69219617958782 146.61838953918289 148.68044270828855 147.56852474904022 149.90283162488669 148.75487920373649 149.18438419195036 148.75861946682218 151.03017160145168 149.78116748561121 149.34536070769894 147.80429920287636 150.83040550483938 149.57769756245199 150.34630886812502 149.9134678946269 151.07673968580443 152.13607165347696 150.39792921689693 148.14910651536553
