# Created by Octave 5.2.0, Fri Apr 02 16:03:57 2021 CEST <br1@br1>
# name: ptcls
# type: scalar struct
# ndims: 2
 1 1
# length: 2
# name: x
# type: matrix
# rows: 2
# columns: 320
 124.59900679649974 108.44511726036947 105.74498683230279 101.39973801231589 111.43128297471019 115.9443966635492 96.889021704578383 105.221716975411 117.80768650874688 116.16505772275958 110.95074444137327 107.189823073181 115.04138189812686 115.50962683166382 116.5679911864156 115.17244449291788 119.72393413061511 118.52280717069807 109.58634447857183 108.64430300690869 111.49795042175963 135.3255085744548 114.40330338160297 134.55981074671655 131.06215058108424 124.32200212969943 133.58085522487309 130.87165454561176 136.9239213755188 138.40478886169402 134.23055868365685 136.39768579644218 131.22580288980026 122.46014767858678 131.26355065568029 132.21003820046346 132.62669148284903 135.44092882840897 138.43232580485579 138.33426538028414 132.41257731814977 134.65089394378816 133.71530501198959 133.84196805762124 133.32517407610419 137.28292271222463 146.54788259850588 145.00050713369907 134.98288293012328 133.21783163134796 134.28518536000911 134.39710877581678 135.44722755499239 136.20512620092597 147.08772772593241 146.80827237328307 136.97137198001829 135.2193581030881 144.69087240778879 145.82399227883292 144.58593298868212 145.23967768656001 145.4901495840453 145.72661843036443 99.844634130554155 100.78660011308168 98.32329167364388 92.394855534697541 97.542347169867199 95.90513113177677 96.707106049821689 74.582654373149751 101.83504454182601 100.92555981238998 99.39135273796893 98.537661338485748 98.777600655886246 97.751707818885023 97.712410206133427 96.732371605785275 103.99848129277193 101.86320910396338 100.46952437657664 99.654919760101109 99.884730439457243 98.834214304707729 98.79776696308042 97.791566447543332 102.87867754783028 102.66272234642122 101.5092553909232 100.54667678069652 100.75223661066794 99.771517518243442 99.797287826747365 98.841834516799025 106.84741970137773 107.32062428770521 103.79491877269751 101.46313097000785 100.72506286070978 100.9428292207552 101.78202059783258 99.909264893126448 108.42560214896626 108.6484541339841 106.27051395011854 101.81444379811273 102.81907195564895 102.71011034845534 101.86240572684615 102.81265483592517 108.93831542586557 107.81195286073944 113.43335382589569 104.75787100895073 102.42945766148502 103.82929917642485 104.72427084322675 102.74238982474553 107.98538654962317 108.99926677304956 108.41691496057602 105.81671290691735 103.50440262098206 103.8685816806116 104.76253636008418 106.80676318158488 108.78717528839185 109.44145483225084 107.55782328230028 112.52679762423487 104.55690167189488 104.05955441302056 107.79300183309334 96.462780278670564 105.84112915037429 104.78361187099831 107.35109242333297 113.92989806515028 110.12366101542968 106.81026547389689 105.17388951390848 97.042035292635234 112.79446055397189 110.40033409426243 105.95072517528065 107.78862646080047 112.64460529169253 109.81939384227775 105.63787617244222 98.129192037123204 111.91926236246853 110.8324941045456 113.02585764568909 105.10061466303199 111.72352266088232 109.77737967973954 113.70527030189429 118.55813611147597 109.65165662925094 111.56634986863521 112.67693301617098 114.08390792214873 114.69401516685029 108.6404303953606 121.63446470444335 120.67093027357822 109.3080089927295 111.76077478020098 112.97684551851621 114.02291975291159 115.37480206938719 116.39856569262072 116.05448257649685 120.03494398337241 120.35918555060979 112.13265014555607 113.33184290581356 114.45019847387771 114.14423959959841 115.17870879412094 115.74893788717328 116.411817132823 120.95100649579631 135.15459225731206 135.44620189239964 115.39895072357967 130.06489495146309 117.41542978872421 118.60904229394552 117.45726050995181 134.32716893124052 133.17788858190801 131.84724181324646 130.55289100646658 132.35907322187447 129.44359187307998 127.79168864229217 123.69943549160469 131.43624407332644 135.50348067559091 131.49198474634363 130.11441442324769 132.24100924636662 131.3736039182831 132.24013348080447 132.01674434159997 135.93820498879708 135.11622174160925 133.35888562322006 131.48105239641714 129.90732989938655 130.67466876453764 132.46285341594361 135.75490464140483 134.58333358591292 133.45668051507676 133.37477416117343 130.43614611417797 127.90074655699539 128.96565327619518 133.30568618356997 134.40214422780187 134.30873150892407 131.71846239266947 132.49954290865062 128.3894525296682 128.97848872343783 135.94332031901041 137.37412485248112 136.30887081898095 143.31332516793216 132.49074006721577 131.50277569471666 136.99946546073167 137.53102545624 142.31309260464741 136.62591996092925 145.41029072944008 137.25417683414582 130.07852579338228 130.92428371777666 142.49699462853886 143.41964685512414 142.10110879239943 144.40577833357483 144.3676114588477 136.14664865361138 129.56914461466513 143.6740971412955 144.30824079125028 145.21348360448991 143.32631207429188 139.66214830290454 128.73007894848203 146.05353554594976 145.20713835979137 142.40018807356066 144.81642157926981 146.1630441428556 143.20621401066214 146.57959289289076 147.3017620922129 143.98641023344177 145.8952253947196 143.0937506224634 145.45129400467155 145.53938052876811 144.37402492912778 144.25028122392351 148.03863949509562 145.31479584137031 146.48780799675671 146.3296795132907 147.21483126222626 146.59613236645265 145.42471946862042 145.76093381009414 142.97093142304402 142.88828944453167 147.53787881588869 147.44638562159918 147.80177450140906 147.67749655148273 146.49343215567509 146.62787069520365 147.73663568284056 148.52341162838579 148.27362142199249 149.03657638188812 148.71392863588943 148.38747619553638 147.33509149336547 148.84041100100222 148.63336288734402 150.60491556245543 149.40979891202844 149.79235417308962 149.53731241519935 149.12021097527705 148.02164862179944 149.91048611689885 149.54063432426005 151.13047746877987 150.15485181638087 150.581576942829 150.34241763334006 152.28509229962688 151.27581829845315 150.7405028769027 148.62707513533618 151.96531531839398 150.85761450418559 151.94934485166462 151.37911152881904 152.3477269761097 153.75576417850243 151.8089339776306 149.64367459269982
