# Created by Octave 5.2.0, Fri Apr 02 16:04:29 2021 CEST <br1@br1>
# name: ptcls
# type: scalar struct
# ndims: 2
 1 1
# length: 2
# name: x
# type: matrix
# rows: 2
# columns: 320
 128.19762551680935 104.73563047061999 103.21861193301176 95.141204916782968 106.49259849966231 114.24624425937424 89.489955632626149 99.43184850654194 113.34259703360074 114.51152302120762 107.02245611034927 103.88296856102302 112.59688376277649 112.09713244407153 112.50644988628494 113.1935671397824 113.67459108667876 114.47494868657817 107.25871605181923 107.0904214428032 107.5931092823748 137.28156968084147 113.25368443510344 138.2935003129771 136.21095277913832 124.82454267005022 136.95479476499284 133.86960915102992 140.31905274483461 141.42111486787709 136.61957001138367 139.06141439828937 132.93926552041171 121.94692489102597 135.75725486388282 135.60234824117197 136.4642122086822 138.20203881955857 140.78163597895139 142.39566463823436 136.90869923843667 138.37201914611032 133.74504622735208 137.83801482995665 136.36860421748341 142.06240450785381 150.70950013000316 148.60906575560631 137.94138169507428 136.02141987384047 137.02502100933333 137.14081250041485 139.27109493221053 137.74431829609017 149.68777628111084 151.6319698302346 138.73206295980845 139.73506389858207 150.17282324620214 148.52486914381879 147.09701710211664 149.80788140254231 149.40126503078349 149.57740364524906 94.911194755198181 95.749243981743746 94.562144365556861 85.622672112040931 93.428060309813375 93.834444391881789 92.341850887149718 61.840531716084016 97.812094121497793 96.71575475457405 95.711230955944089 94.276720662299965 95.430478990150547 94.457832059900326 94.044898280326294 92.257263277944048 100.0615346364512 98.558615863715673 97.485356746434405 96.573125566947979 96.458261083696883 95.397375252280597 95.058481230431568 94.334615168162287 98.960250265740612 99.686609325354112 98.370980829503921 97.470464233664785 97.148323128684567 96.165195380189346 96.146232550741047 95.145073295025568 101.99455348210238 105.01272412719079 99.611915382815013 98.491073209954806 97.123501840283097 97.356850668695955 98.494769632658915 96.185532124859805 103.90483768191069 106.85055144411092 102.43307825933967 98.148680689431785 99.232284497811023 98.852286970590484 99.28677176872921 100.65350620062691 103.76808172488778 104.20397505591811 108.40980610944862 100.6315805777898 99.303860678292125 101.02518765038512 105.66505974539535 99.712668772877876 104.69749424527728 105.58695538138456 105.42258156652802 101.29910401608434 100.65469572191967 100.03808253573935 101.21334622179846 102.47540448815346 107.61629727083682 106.08962330022659 104.27973174586424 108.12530078898371 100.90784372353978 100.29030869213817 103.71795140340865 88.476975316006929 101.68947078839373 101.05277586872398 104.89763459388593 109.25806646575765 104.85951783614514 101.72890355451477 101.47850800109812 88.715655170751404 114.73615743021099 110.0480875989043 97.721241890148121 103.9129526531152 110.27185127311633 105.62032550174848 102.13970541100471 90.44867270176664 111.29318490569743 110.36656850269839 112.42664911092345 100.58459776973349 110.19140497706228 106.39376446224755 111.27909208912563 112.53278332972288 109.31162699002863 111.55361708942664 112.21840043075308 112.82173215650025 112.45214915093273 105.37560711606928 116.50183485333778 115.67151584526319 109.89206409866355 111.12156586070724 111.7055365838158 111.41550196576677 113.09963546839462 114.19475430646126 110.88581740082641 116.56626360556497 120.18331145131307 110.64990451052159 109.04361091627926 111.90679389042998 109.79271852578322 110.21526295738047 113.65205609247182 112.80731443141107 119.1885300073325 140.20640771222048 137.30265428889487 111.71123126820487 131.60473189653524 112.14284766620808 114.76153501272888 113.85311687304585 136.62903848460022 135.47643209365063 133.96248469175012 132.97386152057607 134.37087503130067 132.42079842508528 130.24555733107331 121.73755878114237 135.06168267745485 136.27739712541884 134.23371750100586 133.70926797898269 133.75339903301148 133.05377818319278 134.58034047781405 137.12491745372213 135.77506368011299 136.1106127508211 134.9961891374312 133.26249385336098 129.52208049086039 131.53475387952579 135.88004877379515 138.06934562112141 134.48292853108424 134.95026874754655 133.55491061652808 130.02860800235936 128.39907357779947 127.29713661694989 135.03771496865079 135.79335201154828 136.3669140740794 132.16881546819104 133.51755925872098 129.50036309443598 127.78043512064136 137.05076470629683 140.09837127854507 138.99681992854448 149.3362893524567 132.2974237954021 132.77125483660598 139.17065246612262 139.75250589665643 146.26903810329546 139.02216406998886 150.02780791711851 138.49704791644913 128.26181896711046 130.92898079452391 146.19903387614278 147.26163956655392 144.23243484842939 148.11167701408169 149.13971895890853 137.54696265108794 128.87979461771266 148.05308203157284 146.93628121445226 148.29101268696266 146.57773954337321 141.39459381711904 125.71011968410744 149.64008306518042 150.62535923575186 143.25791917323534 152.42981039929433 148.65260601600264 147.29788578139784 150.53371105708962 151.92982621092196 149.78986685937699 148.23166126537404 148.54738062171612 149.14088706390777 149.10412937389324 147.37846406693066 147.81692097138631 150.39869188745604 149.81833622784879 150.36925067231934 149.41610823057201 150.59992623394783 149.92423782263566 149.2909017698768 151.07805237856405 146.96167584811565 147.34645102896502 154.192703633761 151.29907445675099 151.73099554826044 151.38622527161257 150.64229454473363 150.89584622650199 151.9186984816692 153.19745560773364 152.06931377971361 152.87177471063205 152.48079997613931 152.53795851454973 151.46665824414069 153.03487164097271 152.86433611387957 154.59030093533596 152.76199723175125 153.76607847569849 153.34332979068981 153.36746971619812 152.11256606906679 154.10658657502688 152.75491231888307 155.27145933778732 154.05042066719216 154.51366772782373 154.17451427146776 156.20607282957229 155.1360983167516 155.04657800666482 151.80787690930842 155.37476863353919 154.6467906023243 155.60108036201294 155.23750299079754 156.36449380444577 156.35584769943139 156.03495761435036 154.22673887813792
