# Created by Octave 5.2.0, Fri Apr 02 16:05:47 2021 CEST <br1@br1>
# name: ptcls
# type: scalar struct
# ndims: 2
 1 1
# length: 2
# name: x
# type: matrix
# rows: 2
# columns: 320
 140.27982708105139 94.893291630400796 93.731939366942285 80.144342593524826 97.549348696355096 109.51867329873583 70.245599899796034 85.55801274151608 101.87786371340113 110.54927949107368 99.164848484181903 94.779606849566179 108.419433765447 109.1190802087694 108.42465750569625 109.91198217151046 98.499487112035254 105.47097076466858 97.698292728038538 98.557715308437878 99.702070698999293 145.38610761105701 108.65124538949205 145.15831069501206 141.32367371154203 126.02874358749457 143.35525246547107 141.05338716778664 147.76861757523736 147.60920019250153 141.02303749244194 148.20963660818589 139.9584236290942 119.18055426387549 146.94496330599958 143.76287110097843 144.55660009126117 146.46525003471766 147.19685939617554 148.80826679983537 146.63669403642965 146.79162254222175 140.54405694667489 146.9798307048288 142.83437734643789 148.44824916904682 158.17838137661349 157.01765800507326 144.46706009391966 142.34485091580063 138.9376035865468 145.86702299930687 145.57743372643904 143.99384239130967 158.02140226250148 159.05991892396344 144.87676062316822 150.20685728293623 160.30416561512345 158.12225622138783 156.92917767134418 158.77288752337194 159.08706680442791 157.60442829009972 83.356678815294103 84.264384365409455 83.519156158857598 69.394987306807167 84.356653393309031 82.832428543069483 81.861034877892209 31.307520820843639 86.499723234167973 87.371507711899397 85.471640451996421 84.295679793196513 86.562247476514898 85.483532249180413 85.686371304839 81.790111599428329 93.069929886301878 90.749670494882253 89.666012766422071 86.576508627156983 87.508926216044088 86.689671332623178 87.575754195387688 85.794363148143972 92.938547129318493 91.908233382521715 90.817347532000696 88.64846625645535 88.695358047192514 87.51856798314256 87.52219171850362 86.576086168056833 105.94120809056291 95.655452003278072 91.818320204406575 89.797210659430661 88.815873373404074 88.49470984947024 88.460923624035019 90.681358416416799 95.854525221120639 95.673486055510153 95.139698336593014 89.683153436567878 90.730977791569131 89.799002242510269 89.519415785309576 91.926903018722697 93.968590067739683 96.10102920621803 98.743208950941408 92.811135603075385 90.631004181791624 92.689334657623988 104.39551956624831 90.751061631152695 95.509325265110093 96.276392795878721 96.996963080187683 94.015832731296385 91.757670153186723 91.635218687667077 93.066181934683186 94.423850666065633 111.67667644039599 97.061667295421202 94.885988550207784 97.627344108571592 92.798363746313996 91.597135872125307 94.569520133036463 70.843586044312289 92.183231216046082 90.961869182161493 94.849075230041294 103.20465333296376 98.122078881876405 93.979746749148347 92.459863452425921 68.763763180576944 127.75568586011104 107.75384502626187 76.732987552920036 96.033821898565762 96.742255597779661 98.599280579450337 93.575671951071257 72.056520027300863 111.42292522695952 109.30829129795333 111.51971142752458 91.740652952268661 95.713671824735542 96.623271175129574 105.46541976796298 98.875009811536287 109.71221162014129 109.33087563059399 110.53092954897657 107.949851138822 106.47558810745517 96.408600883377858 100.97647190313401 102.63543490493127 110.84951410146473 108.36454101498819 107.51454833301274 106.77015469264137 97.883331931070558 99.430370052790408 103.38919369005082 103.79563396040626 117.8069976442505 107.36369820016762 104.88129099597535 105.73857083637525 105.8083488152031 106.20093548019467 109.06415946784809 104.75500873720526 116.92011693428877 152.31170134945387 135.65987053216421 103.23345243112344 138.22661656175509 101.54528307616458 101.36861491628869 104.50785324946295 139.00258159221298 136.92770920569151 146.11049006301749 138.71296238683763 137.1741355985566 137.03481743815396 132.66648597353702 118.57303061114246 137.98579200126929 140.06927938548807 137.58230068258442 139.51046210644392 136.16597206966412 138.96353012972679 140.75891670807431 142.23875037587342 134.66125940091118 136.75800912897557 135.75186856886666 138.04430761374215 130.33712133879234 134.03848226771001 141.7809203760074 145.19121814619402 135.67283527759773 134.79148287005412 134.49344457811185 132.91658366629994 131.27574192198108 129.40463942919365 144.87247457445685 139.58228306343509 131.29597574969446 133.45802768189395 136.50812321961615 132.07902242789925 132.32794733102344 143.64070761658459 145.13279688053913 144.03929108494364 163.76867522858154 131.54246230125401 135.3865508834964 142.92598427464569 146.10480162834602 154.78074241812683 151.3040215648135 159.33514505039298 140.62769105461362 130.27207217161822 131.25889782015034 154.65131250120328 156.20512910571657 149.27720827477484 158.09810996896937 159.26518897971894 141.74998942107612 133.31388602677796 155.37943081506378 156.03589656006616 158.62062424805646 154.34896241822469 149.30776368777296 118.47361352229981 160.68173539275489 161.16117079854143 129.92236925583035 163.63157720658913 159.61648146160653 156.96562121445041 159.27239336008125 160.25207527524685 156.50324448808314 153.83029061581016 157.56415883253058 157.64152389753349 160.60870863121551 155.50671845735769 158.46663670895268 159.14844238622868 157.58708070317826 161.81515045360698 160.7827117414972 158.50047732425747 159.98313155425407 159.28093164102413 160.99483883106902 158.24414449961301 156.64193983715154 164.74950000641317 163.33208925527518 161.58992191577488 161.41808394978159 160.33226118095121 160.21767711819575 161.31680743591218 164.43299265389953 162.69122794529804 162.32542481061645 161.44316763558157 163.24849199271475 162.09941750702302 161.32555454975758 165.66440427813274 165.45277970366513 163.77932502427043 163.0408693949081 162.46281273302921 163.86629228367784 162.78564946670221 166.02889364249592 160.09735210585086 166.69398200487586 164.86715601886826 164.1075412302973 163.59079880602167 166.51066299887779 164.94782661543351 165.75722048587966 158.77878475876929 167.69207457733501 165.94494316729737 165.49853329024654 164.63713334596866 166.74699351493379 166.18336859517481 164.94254970537477 166.84936910288064
