# Created by Octave 5.2.0, Fri Apr 02 16:04:34 2021 CEST <br1@br1>
# name: ptcls
# type: scalar struct
# ndims: 2
 1 1
# length: 2
# name: x
# type: matrix
# rows: 2
# columns: 320
 128.80871171459899 104.03300983625624 101.98071701165733 94.078435145843414 105.75214441499399 113.35159834520327 87.960965851595859 98.448663294847194 112.46727093363876 114.23073410962333 106.19562888292306 103.57264683481652 112.60909217731859 111.65141726317268 111.85065492416018 112.61726405895124 112.7065107973355 113.63356915294084 106.59700233663119 106.77531768735579 106.93858306518062 137.67857767420202 113.31003623892778 138.46528881348954 137.48694797294803 124.90987974293998 137.45203789933794 134.37869578213866 140.29281239235345 141.61897539758255 136.7542698488902 139.77108084241559 133.85614990271853 121.343065437227 137.04002336909477 136.43542019999572 137.02307216787366 138.52574465302277 141.24609507221479 142.87024360720733 138.05441626279222 138.91594622846821 134.06247237982581 138.05015220417906 136.7193908362708 142.42113959746973 151.18730567844273 149.18819688698892 138.47633527808728 136.35680867684192 137.35361195887413 137.43093516719665 140.29822095433732 138.60066651763805 150.13658540387337 152.19798968782547 139.52349486944692 140.47398976866182 150.89188726163243 149.09251030952677 147.81960310216473 150.48913426361756 150.0708275918166 150.27092665032097 94.184035595563216 95.028653603636315 93.984287326392135 84.472678700646412 92.807347002945534 92.993069845452453 91.432478752873749 59.676775038468548 97.184181430821056 96.122011041175313 94.876178773830517 93.827326745105552 94.627002234861138 93.611905889568504 93.327043944400188 91.600356308811868 99.768652618606367 98.065528795902267 97.041089100283244 95.876956911792917 95.683579540259331 94.7069895128149 94.960401929089514 93.888065714026254 98.103971224399444 99.271161562939866 97.917446984296333 96.738792566749197 96.602265468967659 95.668635874167364 95.899346008313742 95.055736246790644 101.47066269491623 104.38540065649623 99.181368630142174 97.570278832457532 96.647040997726762 97.019226767209645 97.997681865752952 96.218726046857199 103.15214245562196 105.61689226623581 102.15039411610418 97.535711731036045 98.656426293926145 97.921951964371914 98.750093503664431 99.851249046009357 103.07225792017177 103.31116221108742 107.80231091600665 100.37659782691834 98.75752079143767 100.11599318811257 106.38891246110174 99.100460047558244 104.34202081879559 105.01406753578482 104.10808236525635 100.84070213997356 99.785602088700855 99.524104350605199 100.43722733972264 101.60244698944375 107.904063401206 105.21251692717499 103.85944678276307 107.16608930512605 100.61812603588709 99.514965709837043 102.48933392596055 87.498550747605648 101.03190508728633 99.896855169993316 104.5955651948626 108.24455954851781 104.12190771555224 101.3692378363333 100.62883857359249 87.30174156514849 115.65880117721179 109.76929258544313 96.233885283572903 103.97756941495442 110.40407501078107 104.93504252438889 101.42314297911146 89.039322648750115 110.9447660714555 110.38085346501467 112.2405172328493 100.38257377833244 109.5393150780022 105.53177364687602 110.86709956242906 111.62900362259295 109.1365263089572 111.80150522701918 112.32648242518552 113.03119831857002 111.84726395586878 104.70566902094656 115.27994924784706 114.67180838118793 109.764189202344 111.14310848047252 111.60412917486285 110.80924342199785 112.61965906415753 113.94416388605734 110.32847279395489 115.06733451137802 119.75764745804121 110.44595837653189 108.79451201999058 111.29527733781353 109.72325837880327 109.87149018773955 112.99041639768605 112.23343900921797 119.28504012721109 141.06426316682757 138.26660879213472 110.60992169088847 132.3815634660215 111.40520638726065 113.61896170278304 113.43921496846463 137.14102111196274 136.01931848714599 134.36865503654869 133.52993989413577 134.84938166701102 132.97359583842692 130.66225201407389 121.9211183201826 135.31105546827806 136.47562209954697 134.21425098940506 133.7973806536539 134.31857246878153 132.91616115090235 135.04776334277491 137.83410446620778 135.41039976802372 136.76222680701488 135.43146043968426 133.42850550546495 129.71000271533984 131.35683883310381 136.66932563070242 138.33529850860623 134.31303313894136 134.59921919564712 133.30122957298411 130.18144023916506 128.12155128461606 127.18654986892037 135.18675854190471 136.43918839797607 136.43585773331409 132.32460236575602 133.45059041211573 129.33804958146018 127.83819238732163 137.55372084607868 140.23694182263395 139.4077937889432 150.35905685548917 132.40424550292002 133.02386186391681 138.91980544992694 139.99191382250135 146.6757305614945 139.40151989549165 150.81907083961599 138.76746770960548 128.51650152688734 130.97207415475339 146.97142040395542 147.72358114015628 144.58993847706805 148.89983825679187 149.88100265703429 137.72538560732841 129.03212514694587 148.02541746792633 147.26604197777493 148.7436046781811 147.71508068412825 141.71909484905993 125.19729641279824 150.52482774980436 151.26972616540587 142.31288020271057 153.28688186392603 149.76360285445375 147.70829910846666 151.15482552346373 152.24673329004366 150.75139383488985 148.62841452642857 149.55384746436789 149.17425699094585 150.43737834994855 148.62498974245867 148.71884457013812 151.12342888153782 150.43282398491326 151.65801291388536 149.92515905569135 151.14188906966601 150.86825153286927 149.9695156276847 151.89505307774186 147.99402067305775 148.44729012543129 154.64875751040498 152.13414683122036 152.33386823351171 151.85343460381742 151.12146628505059 151.58883148144551 152.57330424618212 153.90264972098112 152.84881678830178 153.01878750684736 153.19575804110843 153.18705787521046 152.00777819325046 153.75689832288569 153.65430946794748 154.78665272899167 153.41477358858896 154.13941202770044 154.16416195725199 154.03847012425038 152.89530115495438 155.0403483814539 153.19753587683715 155.68418254449807 154.43812693084806 155.14212194726673 155.15692824614405 156.97471370802521 155.98934213496716 156.21847280644019 152.17784034771861 155.76572775009649 155.22575809285854 156.14066012342482 156.15575523020215 157.10629921577831 157.14108876664525 157.17772293094274 155.47085695947345
