# Created by Octave 5.2.0, Fri Apr 02 16:05:26 2021 CEST <br1@br1>
# name: ptcls
# type: scalar struct
# ndims: 2
 1 1
# length: 2
# name: x
# type: matrix
# rows: 2
# columns: 320
 134.58008136038995 97.449314518479014 95.762581344177335 84.041165086969855 100.21295290014631 110.3056588936717 75.174131558119612 89.163025184396815 104.42783588382397 111.57883883354943 100.85328244537341 96.898416424356768 109.64239257652986 110.4393152381074 109.17757951796828 109.95236702236771 104.41403851167966 106.46180505099373 100.0709638437352 101.34449061731641 101.67696966998551 142.93759590995728 109.43370214658955 141.78807500831905 140.40720132158685 125.7158409868988 142.00914608967292 139.18673618705458 145.44934805975328 145.92934914527214 140.37590113437139 148.23360691003268 138.44974495523914 119.06272717871551 144.90111923926563 141.38445018801812 142.77327238768075 143.96766508803941 144.83012722285707 146.03877769566375 143.87344850102539 146.34020062899344 139.16516402873845 144.91590326609094 141.65771311308063 146.758841269388 156.00702551829818 154.94513193880215 142.69311903201827 140.9228527548965 139.82649479694703 143.95842089695199 143.90257818031466 142.15405591362563 156.27334210136308 157.11142377916457 143.55742052866236 145.87962840048124 158.36659490498312 155.36552849347507 154.26160834467018 156.79435117470729 156.7627414103963 155.86546710357456 85.066741498049538 87.133690070615586 86.035742994795925 73.611629815253735 86.956268203251085 85.560090541147204 84.981288858319814 39.241295305433582 89.505675598435062 88.757882520903692 88.239414399098095 87.162037730005608 88.612793303420446 87.861523722768197 87.659965368095186 84.42686284141574 94.914865250152261 92.56328949759876 91.624549004494568 88.893994261507217 90.023555650552069 88.828571774229815 89.873506823377653 88.095430475855466 94.320566426374427 93.655909976533749 92.670258836372767 90.804378015613565 91.16485825345903 89.673036134821544 90.371322109244403 89.20439494228502 104.13314466232477 97.82710834536914 93.272388447566527 91.903117024776122 90.701548864239143 91.480718166154986 91.288899409079278 92.41475014723369 98.711622564698629 97.978816495862674 96.782307274208705 92.000083161821678 93.165831577112627 92.179203713448302 92.523570604441019 94.456909886031752 97.161751993353917 98.377547864625583 100.56625915175677 94.789080076148892 93.063996854290949 95.450809693926203 106.01641259182421 93.209555807454038 98.282219809358793 99.091056438775482 99.623454842977665 95.782895207106719 93.875383794334709 94.383588631661993 95.540357624461535 96.839333359692887 110.62162364130049 98.280296720844774 98.012465293336604 100.08475450081667 94.848429690727059 94.015962851327757 96.900311299601881 75.577756985528183 93.439178118580557 94.567618894438979 97.015738845142792 104.76083982988264 99.765312838527691 95.965325163669974 95.235105259362598 73.948113067787631 124.37265878777481 108.07771942981374 82.186628443695838 97.84091273806547 99.533068736938915 100.83171437641991 95.946927582480924 76.755286903404652 112.13141063872648 109.62152470647116 111.15853406456876 94.269161105333865 98.987101721158837 99.19466026975995 106.97605903251706 102.29051774594434 109.67849084695467 110.28890819800746 110.05229886302028 108.61867485621285 108.58742658514717 99.32208901639774 103.36031737161483 105.48903770412078 110.77554887441164 109.09056460355276 108.95805794139191 107.85196197020079 105.45704373206446 106.50837304379782 103.88615887795385 106.03842300820516 117.83605745638526 108.12874896357503 105.38466992094521 107.52551824435253 106.92129855040938 106.61472550203558 109.77514111455825 106.61586598237064 118.09795465792979 149.16623134922787 137.27781950083977 105.56279830230181 137.1685562576663 103.48584636724235 104.53732837050771 107.64961684365608 138.01343586402285 136.93919983027999 141.93139511604011 137.04743013943437 136.04133033434465 135.8937883349206 134.59770179796817 120.23195738375081 137.94313128860213 139.02188478477936 137.02375323359342 139.0615506082714 135.43701416395396 137.88357549458684 139.17373637505722 141.54737875142683 134.72104547154913 137.69339612724352 136.63335853764738 136.5606279762803 130.81033089782088 133.31138574327548 140.2198243583284 143.56851178621821 135.79042601261551 135.61149870836311 133.8459971941345 131.76777894837878 129.13844747157859 128.41916994331544 143.02273192943647 138.00183331432871 132.81838053289172 133.53013083762062 134.95819542323912 130.27066011746501 129.712694655386 141.07313124087918 142.47241564257848 142.63126364719491 160.01852771746249 132.83425794422965 134.40841273435643 141.43272498748922 144.33245520943308 152.41380695728293 147.21785254672952 157.68845692538906 140.13812340149391 129.46589481925139 130.71166132261263 151.52750635796662 153.44003428831837 147.96636163643311 156.29990349982896 157.34578238008305 140.59380032640809 131.24266186700663 152.5894338848382 152.9939306897131 155.58512004577767 151.39394877957156 146.81429571089183 120.35396551710022 157.71818694797921 158.51797665763209 133.38751214775448 161.73631645749174 156.42640010645198 155.60119234344103 156.97539760468138 158.099659027695 156.71690950738184 152.37552865861022 155.28460311626421 154.78890807304367 157.76983836343965 154.55806706942326 155.64926111799272 157.44678969668158 154.79200059734177 158.57356967665339 157.72459169036441 156.18740849399671 156.51823759225681 156.89156203121982 158.77544549957409 156.5545740844629 153.72682165756876 161.65707638669431 160.73809385648724 158.73793225149259 158.70034464044178 157.95315782029328 158.0593731964893 159.1620777457714 160.71059608889178 159.63447098719396 159.8429031371694 159.06764762625042 160.77077376795725 159.62050171524481 160.30904967647098 162.5615295572228 161.73736592542446 159.77080363952729 161.00569119591324 160.25663697140882 161.1697966669505 160.14768850683939 163.17882210071548 158.39668010846015 163.10027196166263 160.84687361315363 162.28648523888734 161.67885331341708 163.93006721834422 161.99785425989745 162.95510078619171 156.9974767599756 162.67281941568783 161.81774537995045 163.71527728694585 162.06229631505695 162.82584438394804 163.62506008357138 162.71284817952258 164.15560617134247
