# Created by Octave 5.2.0, Fri Apr 02 16:07:32 2021 CEST <br1@br1>
# name: ptcls
# type: scalar struct
# ndims: 2
 1 1
# length: 2
# name: x
# type: matrix
# rows: 2
# columns: 320
 178.79132135154254 81.106259082584955 81.597037180830284 59.125118234942548 85.799767742844764 106.61369676318137 44.786817825689774 66.112794110219994 56.832532173540024 117.1431514898793 86.937171247539439 82.102121397072111 101.82286805718186 107.45468217483261 105.3152329378002 109.40535284452692 41.223384089333784 73.566638807996299 82.195755639412866 83.667980357707833 87.093784174082586 153.87275643243152 106.29492040892849 154.9284700280817 151.2699932056583 140.66676024911169 152.38837331053088 151.12198942749291 157.64211901802409 155.76141643199449 142.96997056189275 154.87146462105756 150.53195155335155 129.4712048126847 156.77095379920254 152.37673327840363 154.29757887339389 156.2699582307738 157.07886105072734 154.68438799099297 155.83330045279104 157.84121231105001 150.48306607210426 155.98653435213626 152.69442604154884 163.62171798698958 172.17202730565194 170.829705366827 154.74732773970354 151.67024375757578 143.52489334041235 155.65561840500948 157.91956242788567 153.45525975055708 173.16277982220251 174.41020376017886 155.62899281732805 169.42812755782177 174.31581585129626 174.6573885859566 171.91163554878688 173.2025095284898 173.24994488004111 172.17347583438018 71.133002585552674 72.834074568838105 71.547563127048818 46.650673170337797 72.823174356045385 72.142402002909705 71.053490855949192 11.486777914211535 73.949402224721325 73.218085531052765 73.247864833499747 72.165476805209849 74.445723666759136 72.803798431891877 73.319057606032985 72.12139669942691 81.615405411589194 79.435549294937829 75.537286838386734 73.854530951559326 74.373605770504057 74.008419724760998 75.866760105100283 74.983536540289094 82.766171972564621 80.309725100438854 78.456105202300193 75.082093323946395 75.471300953278401 74.942857596489276 75.493565625335933 76.285020861647524 106.3697522841303 69.214673922674692 80.545348561259374 76.170576935635452 76.379988130914015 75.449866675027906 77.133287550669422 74.347206139683337 83.390064587309453 85.425524839423133 82.83181109880158 76.428076924856413 77.335272813868713 77.876881164490925 76.690156414850193 78.921384832643938 80.574952405495722 83.533735446776433 84.672108242531337 81.164692273935472 77.247212322714887 79.792602786613941 95.652520822232873 77.494937453538782 76.579490239830676 86.268872752630941 81.380553167523345 82.433888150968301 79.289001215028236 78.254496293306275 78.659069740736371 79.660386291764084 117.36756729612327 81.244985419773784 82.358666918970243 84.748069041410261 80.359629492081837 78.208106950767828 80.685012233642667 44.84820620307886 78.585889865192954 77.732973077904589 85.12736363775953 98.371947474960336 87.047492438373155 82.420002845911867 79.221749486270269 40.79969409198597 126.05535711161009 120.45446597497907 47.316379111765713 84.269973120295603 83.377236006830529 85.889171087474267 80.942154703985537 46.045785983110605 200.70880826627939 128.50149076978948 138.69403784092333 78.704573780648559 82.456885351654108 85.854328998227572 105.96957702457459 42.194287376885889 122.4187067753159 119.38656141004756 110.51532171751208 107.21711539208408 74.599752811829333 79.508790304482744 56.91948170247165 73.88253782040232 118.27857454905541 121.45761289120273 124.63139413741283 75.58016177151714 41.316073787386017 41.981240590397555 92.547459344107807 72.643926500915612 117.1220913494746 105.12434476294202 97.238607267138804 72.104996708694927 96.811646317542355 119.2653348713423 120.28654706162831 91.715221325505141 89.531131931614055 169.7726583005857 139.60554072430241 73.490522384370308 158.97841957081366 57.614084419961429 56.274129590719788 71.518275038683157 140.76308033700897 144.33511947105603 175.82483938673761 164.09600093625266 162.89799286136289 150.51947084469992 119.88009478310211 126.90904204239942 136.91623815647202 135.71537538168135 150.55789818923586 161.65899138718464 158.03469103068724 149.56319563456108 151.61843278108827 153.15607854978981 127.91452289601936 131.28673763240656 153.57830597310272 153.65073013820984 151.65608812293883 122.02081667041858 151.08030432891388 156.7047016542725 154.5324017769006 123.4417614232194 152.67262771098981 126.69086273735427 129.37156644674957 122.60673184003853 154.94830537290417 150.03952364486591 120.86117004969934 128.23920220524423 150.80466776180475 122.48008721515112 199.48020870396527 153.89693270609567 156.13251654340937 152.76429969512893 183.99674362189037 123.31627017068809 151.71837838310992 151.59810372500667 156.75266861827069 168.59719026845806 165.63635759402479 173.26215312753482 146.18969258124559 99.00322941183731 129.01505163616864 169.44880114058063 169.98950147435528 156.34783559673932 171.26182266159893 172.18970177724452 145.29067931911266 128.25598889739518 168.47689202605554 170.41515560384315 170.78996998247536 169.65961926774244 153.45335337970999 108.33110882307338 179.20676716355271 176.90755430184345 111.2315985054517 178.2531228695145 172.56411714577411 170.97814081257167 173.19084296988319 175.33016287431309 165.4943543025999 161.67745488519873 161.74172455073605 171.97927233042395 173.17511691166678 169.96406548830331 170.83045250580548 173.50188704690729 171.12517741463293 177.43305236644042 173.64601580705045 171.86455945025997 172.99058273842908 172.63687501224194 174.02950086649167 168.91462306364616 171.57711438910945 180.47671331598406 177.55017626697654 176.33135098205145 174.76007162693102 175.70416820289171 174.22308714314531 174.1952555623109 178.7041953266982 177.07934105163244 176.39827333444404 175.1286005699717 175.43746504753943 174.66354481299092 177.19312369166562 181.02516190167702 178.2292043963979 177.70522284629436 177.21575800007258 175.7371172933338 175.9530022697669 174.7477432740271 179.72143331325731 175.28404204311687 180.91465277353495 178.91708654425946 178.29451514958853 177.64491014859851 181.29368182280771 178.45388965816991 177.16969248477554 168.38705214620194 180.00669207988884 179.65556843336867 178.87170963172454 176.52274181340616 179.85699656690963 179.66616483237942 178.55276454693609 182.12197271283929
