# Created by Octave 5.2.0, Fri Apr 02 16:06:00 2021 CEST <br1@br1>
# name: ptcls
# type: scalar struct
# ndims: 2
 1 1
# length: 2
# name: x
# type: matrix
# rows: 2
# columns: 320
 144.72962428817675 93.344186849747331 92.396643093079888 77.782631991436929 95.794981749138273 109.38984098282025 67.186148922299665 83.373156715527756 97.163597714126723 109.92530413199746 98.387620174940622 93.596534038583229 107.67824660721496 108.65418485609409 108.07866229663273 109.23430239447076 92.045292204839569 101.66372391143049 95.590848804342329 97.536642716020907 98.598967382256674 145.9149072274393 108.03523951419683 147.71435419712438 142.27118379500286 126.21838152724959 143.98647025365935 142.18469079247274 149.82967331955976 149.47972465242799 141.09963465796747 149.51908211646196 140.42652934089736 119.08417119530628 148.05504152618198 144.58549220813657 146.09168854829815 148.78905118017946 147.83650670766377 150.35976782392672 146.97838528573348 147.64640928877046 141.31056411450635 148.53394800826871 143.91997134393336 150.21063355418269 159.93852691253994 158.76430836728508 145.04047268918055 143.37372079544457 138.78103201042674 147.09132607269194 147.08772039379912 145.09870573330915 159.68841671653894 160.93941745647118 146.13411745723215 152.9755098024651 161.7751256683035 159.46055317275528 158.69164378185252 159.86791297739228 160.39190063793535 159.16532921254361 81.622385210037237 83.08599536912979 81.784878964332378 66.839446392597125 83.058231558001779 81.621268847378204 80.609271981516315 26.499172648365533 85.18863448931198 86.020615501144647 84.122558304626168 82.660320106051529 85.283700336253929 83.796132047561315 84.288408253949939 80.508096306722067 91.584682755996596 89.195472747591253 88.14703724430214 84.883375980146241 86.142069908225835 85.23232096710511 86.269867116279016 84.341742164421078 92.024114181308136 90.102443441037863 89.174219380780656 87.128416993771935 87.175099480761034 86.191013444957761 86.171860713476065 85.226419799501542 107.03830097433263 94.388457929548892 90.424292743727733 88.133275727309154 87.265174729403569 86.807836674530265 87.30214131617582 90.431018049124845 95.330409027106413 94.755381605869943 93.79479769822936 88.235159004582556 89.20499298410715 88.459403450078469 87.701758305515654 90.984192899814559 92.312999059275157 94.652699769402446 97.782529176465644 91.257372891275509 89.126440820802074 92.069511266004184 103.41316015680837 89.25191050580986 93.11344571430476 95.736226730360897 95.400544341875218 92.917485551085974 90.115412360679287 90.020819439791268 92.048626252506949 93.369581707607068 112.31610237924176 96.335766394031097 93.298691113422677 94.746104594175932 91.161060232699612 90.034764325737527 93.281753958954724 68.381476801539478 89.52473746426972 90.3072436805205 93.604926212956997 102.26151000149777 96.507309478938055 92.602849521336864 90.957284439110509 65.621732945903801 129.80600529789058 107.76182778306811 73.427750649419551 94.590364779815275 94.470643993425711 97.595377887075173 92.009101007551223 68.874159353240685 120.25598947167983 112.40162368010462 115.14329891651997 90.57486022515458 94.38822284533218 94.604024774487343 104.5498808197484 92.934315044238787 110.90833453977298 111.1837217666683 118.67752036247273 108.26607617340387 102.76703512686548 93.891835759560777 96.809852637662331 99.837212410311238 112.1645803100016 109.31809274438216 108.51895394883856 103.47085461884426 90.807005900887162 93.240440400352114 102.30901185289046 98.134279293642464 117.89885894007753 110.57175176942478 104.65510994568986 102.26831388724814 104.64427784217365 106.61993940902728 111.89837859608866 105.54130082364348 114.74899462209096 154.21804680413629 135.61204424365462 100.95079264307823 138.50825687219989 97.922046685597223 96.599017597079992 100.60963789943713 138.54641594516514 137.000815802891 148.64327487936743 139.76032323017964 137.87669525862788 138.97153658118901 130.84456475728823 119.08322183352223 137.18800094295503 140.07796353471375 138.29187412595289 139.9693159649587 137.28340870438916 139.45530696751274 141.26224242471531 142.90820456240326 135.35546898494479 136.34357903247857 136.03102699026888 139.06242207165766 131.23797349753437 133.92659279403341 142.53807507192468 146.07131164816943 135.89553567325106 134.56537741432342 134.90753160305343 132.85613880220708 132.33830692558695 129.33756937324219 145.94956040161284 140.13622091227646 130.37330618412037 134.13807038510501 136.77416556145658 133.06299693790646 133.38463772501254 145.38091892414317 146.50915070949191 144.44948710981294 166.04149190198703 131.23114488355557 135.18483198909593 143.60902828301988 146.9410134275096 156.31724466815214 152.90792406932664 161.15362891306557 141.07364969300491 129.57584056629642 131.91078040347151 156.65173552763295 157.49797453016365 150.07166078286073 159.39551882238888 160.4849047509399 142.3014591146771 134.10189282105679 157.40307140233094 158.18385821472899 160.19725466196738 155.5123563980105 150.36540194597211 117.33400625272381 162.94198148078374 162.29895052001848 127.82228265466421 165.69571777863811 161.22022069454451 158.51332627186179 160.56250375053455 161.95448882402994 158.94290596725207 154.71196452926466 157.67094894009952 159.60843597367162 161.49694772813857 156.2595125375864 160.35992340816088 160.51075297551819 159.3165127385235 163.32489673952588 162.36147414125267 159.93096914775202 162.03716653469385 160.78052559257998 162.28472880185637 158.33472832612716 158.56046742364256 166.77035053259189 164.49586012098436 163.42922270378295 162.93746711116611 161.94257466137933 161.69718067458859 162.67201858343304 165.56196646885999 164.18773201059133 163.48480563915155 162.86186482686864 164.82915705281891 163.64293394101543 162.76855704190848 167.9799225354225 166.72869336177601 165.25951516544148 164.77326854390995 164.28911601818771 165.31504689697908 163.94139088078927 167.64685017670905 161.73342551141008 168.64745651711485 166.68868871553093 166.05662664712247 165.34436273831042 167.93503931536267 166.57508912618269 167.18975850433753 159.8583653640988 169.12051829011588 167.5781520760209 167.32828610229038 165.89473017911683 167.62885596575848 167.8194790865148 166.56826592439182 168.23544976037769
