# Created by Octave 5.2.0, Fri Apr 02 16:03:36 2021 CEST <br1@br1>
# name: ptcls
# type: scalar struct
# ndims: 2
 1 1
# length: 2
# name: x
# type: matrix
# rows: 2
# columns: 320
 122.22256047176725 111.00605177428226 108.65019799654479 105.53273156596971 114.38028543921611 116.682561628749 102.5455938579794 109.04521502089057 120.7730162706206 117.25584814796352 115.1665386757989 109.88424464774853 115.46793320195006 117.51652704422735 118.62194573658161 117.72862353922625 121.97020223206457 120.59225469534188 112.09130045702103 112.04591929089547 113.17691944052905 133.69844805804073 116.35893799110676 132.89344832925826 128.68222559670693 123.99013573512815 131.47291390714511 128.89187320241109 133.49425586556697 134.5002702579541 132.35935002023902 133.54599068859591 128.32290049962492 124.41240338978074 130.01449193210419 131.06327933223977 130.27937452890274 135.16919783517415 135.95395797966208 134.55904753305174 130.16875653513853 131.9351344087159 132.42948652995875 130.63311632888204 131.36237287399595 135.10752457295743 143.0254191935507 141.27120354805498 133.55038611321726 130.6767748697435 132.80286539322657 132.77851702956289 133.97148987610666 133.22757945428265 142.12113403877723 144.11416749429517 134.8168207509656 133.89924758434086 142.55636311231157 141.84638952574383 142.69144438432389 141.85552038498236 142.96724981948296 142.92169758480421 101.56991445622653 103.20477909603659 100.61873397789581 96.867052134565114 99.939494531859822 98.994880498488712 98.965332623879718 82.997263674985192 103.67348811350035 102.62334860789265 101.5730432928415 100.95645759782842 100.96094105320306 99.944315140638309 99.888320611746281 98.021724700129127 106.64167100834121 104.47557874333322 102.90551492047693 102.03740486619647 102.01207024986671 101.02119055213407 100.9413364602798 100.09387027937656 105.65175581106371 105.40798901845783 104.1494028460873 103.09144163813413 102.93954332964405 102.13541223314218 101.77681835414435 100.8454662510925 108.75241639098205 110.05522873920502 106.53537903590585 104.06971445815734 103.47643873223043 102.83094131738531 104.05347866767627 102.22650398694883 109.54194151113094 109.77288852425714 109.57194323306399 105.03672305933915 105.96130530397288 105.23160602314995 104.59783970273583 105.3009260417802 110.63845793730695 109.47207780020345 112.69584354486074 107.50279171993944 105.16377202997457 106.24004452214334 107.31963346734973 105.75712814936949 109.22769190365382 111.47527934833337 110.91947780271957 108.65740328770295 106.34606327670934 106.84697464483448 107.52820172352057 108.39877005584542 110.11254032209609 110.87550893645744 110.37275463009391 112.81280566465411 107.6135843546385 107.33863863383124 109.22564023666345 101.40099412032758 108.98875098949776 108.70139349424818 110.37083049125783 114.64713798011819 113.95474627705865 109.71161729078898 108.12253111945307 102.54058820331323 113.96155797425193 111.61326331077755 108.99476699275945 110.87644603964952 113.80408875075459 111.0233662406214 108.67300044698622 102.76626760714134 113.45035383919128 112.31516387194833 114.58992070612035 108.65243704605933 111.73225698811625 112.52717037359162 115.30862991444948 121.36305040453421 112.09383141756841 112.85851651599083 113.97505723317157 115.31653852297468 116.23453571236851 111.43148498106792 122.34331624927957 122.24962358556323 111.52768650517162 113.37817015639662 114.50535516900908 115.57673598673559 116.66634898543296 117.74327730236338 120.0482003626568 119.56486873180435 120.88201026607658 113.74831327418984 114.90295115180696 115.94657110321879 115.18747674810771 118.15016026939512 117.22593141772923 118.99088894417434 121.7082246213034 131.81848771161782 132.54975598635156 117.03931640381585 128.52245473490368 120.09823209555482 121.1816118414671 118.29962966237855 132.52659807528553 132.26939695092804 130.62181927324548 129.33388336668261 130.55151035039347 128.02387151683558 126.20353835403385 123.38167944891684 129.99500568869288 133.60451553727978 130.28450443335669 128.83504962423376 130.97643921447684 129.87238194688464 129.30062387696069 129.67350092906605 132.49163287652286 130.99272347089271 131.772152949054 131.06059459728442 129.94226004410538 130.52163183754121 130.64614502485455 134.22418550657832 132.97790536466641 132.32903984955396 133.29902377585478 129.79974880650201 129.37038516905511 130.34479416535527 131.68869042644937 132.83741436743179 131.39390324403277 132.28553298664616 132.30507420504546 130.35623087987577 131.17766451858432 135.10899716974103 135.67931451793595 134.94757478732063 139.33589598947256 133.30036223319919 131.71652964516727 135.64373554275718 136.51709779412016 139.56422294030924 136.42785136229929 143.64754898290647 136.0955164146761 131.74741497632243 131.12844371038869 140.50100066368583 140.90335504039669 139.73657711443178 141.85307330250123 142.33179601695642 135.55980949209442 131.50507862587435 141.11291719181094 141.42343460170437 142.60510495630231 140.65864431647438 138.53843048581413 130.72439167023506 142.81128045834481 142.50284828076073 139.54580823372291 141.70711436000954 143.27843983017723 141.13957859538075 143.48324661855389 144.39042466703353 142.4939220618846 143.88006986191934 142.42033789648741 142.37631245601071 143.13557543234234 142.24271726461586 142.06152298304994 145.22940335148741 143.36493693447909 144.4685419165281 143.75709109821116 144.57702740440931 144.29980475013724 142.74127374042342 143.58415275773515 141.59777312664028 141.44109028540768 144.39458442495035 145.09976564643006 145.35311437509267 145.00717765920677 143.86603435527027 144.66804830879744 144.60865338335361 146.20852353034255 145.67672344824842 146.56940077191257 146.24355966583389 145.97468486997684 144.82158523115797 145.96003424128978 145.41172241703657 148.14996771892925 147.17164543352425 147.4712196298787 147.02799986628003 146.78344033194315 145.80379782558819 147.00625376023828 146.72274676597965 148.53591323395349 147.60058122003963 148.25814583411892 147.8661715834622 148.95102753116029 148.15679750301533 147.96856285686638 146.54227240414406 149.46629808549568 148.49267158895694 149.28297464150401 148.86734185177968 149.99697217355384 150.1005772660624 149.08127504902109 147.55605438731425
