# Created by Octave 5.2.0, Fri Apr 02 16:05:31 2021 CEST <br1@br1>
# name: ptcls
# type: scalar struct
# ndims: 2
 1 1
# length: 2
# name: x
# type: matrix
# rows: 2
# columns: 320
 135.12326909175852 96.829672606217628 95.341999907407711 83.096480846134696 99.612371291632471 109.92457861691472 74.432819482570849 88.289082774001486 104.41286095304332 111.32924868991894 100.1368554118084 96.100248946299587 109.34591771323704 110.31400024393989 108.82139247413508 110.14017055064835 103.42988541798761 106.02173570375311 99.743304420571093 100.53714458103936 101.60837470642643 143.26816525055054 109.21563626773303 142.52916660189504 140.62500609910487 125.7916961628008 142.12671758476694 139.63925763692902 145.71722834457321 146.4576977333428 140.98980565102895 148.69449719277131 138.72749963426799 118.82311280988635 145.43326496857301 142.3876533011707 143.43765199107582 144.29615558929461 145.32484688365329 146.3578129091992 144.77021528950769 146.31224774257987 140.0273270421124 145.50690939863071 142.28837661244322 146.91388242025425 156.61547384877576 155.76162464290778 143.23347205959399 140.98209199347588 139.95459535248801 144.2579100998461 144.32704342541112 142.64249649115342 156.74426725891104 157.61454776364701 143.74371062619741 146.35047509654339 159.07353457764344 155.91831696466309 154.93081237947359 157.15296405744797 157.29718388005989 156.32577362124312 85.181136821260125 87.372424544438601 85.176034499632195 72.589413449569719 86.112073270628812 84.679179776108057 84.05192912692705 37.317956036442055 88.615235550391532 88.424955328729908 87.497151651100623 86.25133519271661 87.875055634006586 87.152905869282563 87.05004370776247 83.600096377684949 94.253129253250151 92.103421858029606 91.150895752466653 88.329842230328353 89.302692420432976 88.448220471029302 89.583048296994903 87.566168987878427 94.448748547433169 93.147239687152393 92.26650770640714 90.209377374488568 90.289544273185768 89.261070191794062 89.740740093180193 88.567544193549338 104.57146306917038 97.550548714659087 93.248040173488207 91.485515292873345 90.576647770616972 90.827898267917476 90.565072051956548 91.89919293907532 98.053540428800517 97.277208312715345 96.180400452184671 91.426544724474468 92.592462476095051 91.624160492428047 91.628483653638028 93.909125475787675 96.242210851357399 97.682002250998281 99.768485369316153 94.091859740684342 92.366142265736741 94.785367566123313 105.62346882804823 92.831023486325805 97.555052735434089 98.349208737260227 99.333931727373596 95.503105600281003 93.393446007667677 93.660170356151525 95.038745034711312 96.489528893194603 110.87739401683879 98.161562433097046 97.092078016984644 99.569161023328775 94.369149798659564 93.380507071050545 96.383175958633359 74.290110549615292 93.188046542111522 94.150765883006898 96.252489623902306 104.38358249729625 99.061298746001569 95.048603897652015 94.445092641817482 72.691300973918374 125.19278656288662 108.34628669569337 80.864533682295644 97.533857809261306 98.899222471102547 100.48078458002814 95.448121683036661 75.302677057134559 111.55731078328671 109.45194732111561 110.88009829977531 93.145580901022328 98.338839341813497 98.588638344699106 106.60984345323122 101.95264600572921 109.82539547560981 110.06186394108137 109.77330809090557 108.02662128726989 107.92531290560009 98.651151241804314 102.76104724907267 104.48927234836832 110.45246973440747 109.01155390319467 108.61563796496763 107.33573325889047 104.31012288963959 105.18749045702488 103.83613096562492 105.78299481086657 117.85484415712878 107.91563498903955 105.23819644841697 106.96932612338604 106.6024627901902 106.28417537388849 109.22619106173849 105.83491172839143 117.78658673639204 149.92876953110084 137.25318973473512 105.20225336639169 137.1776639486103 103.18229437598573 103.91987966209528 106.90687296606603 138.48716676904596 136.86054526051583 142.94450904258008 137.388891232394 136.25056374623222 136.42786011027226 134.96809707174646 120.0979718283501 137.68692811044727 138.81386468730716 137.39497288228731 139.62178647379386 135.58711044740841 137.92540828164985 139.51017640348928 141.74534914978375 134.57527050750804 137.64885285288361 136.34372030596677 136.78681975098863 130.6023722833481 133.63615644991768 140.88017866834866 144.11919230982718 135.7361821464398 135.1680295333625 134.27643759501461 132.36295207478904 129.47453837219859 128.54698973813635 143.51251258677584 138.5346451824179 132.44931270666208 133.37111693564754 135.33349725646391 130.65332370060992 130.34264939258946 141.55397826005989 142.49154009744947 143.00175658749666 160.92765438682468 132.79348300519521 134.72504842045822 141.94359413541409 144.70075253851979 152.91951673582861 148.14869793955236 158.18914981420056 140.2618565011833 129.75027220434498 130.68668332116445 152.13794371010712 154.03408702770645 148.28414263966746 157.00099835480765 158.04589873388989 140.86903855951567 131.61974124550838 153.1215842828278 153.80664015163555 156.42750085373646 151.89132723356434 147.26584013788951 119.89812260926982 158.23765234899619 159.35772158041755 132.54747750728802 161.85123632198832 157.51143217597695 155.94474010677195 157.48226896061794 158.49824927104615 157.01726540019516 152.72819822399202 155.78578114599952 155.54205949778211 158.45339215860713 154.77782681021745 156.45933255437015 157.87005136634073 155.88113105198244 158.99920942012935 158.34921067443395 156.96847469763352 157.53985932330991 157.36434269902671 159.29199657581159 157.16276114292086 154.53541252940192 162.25720841614921 161.14827920108465 159.37512187415967 159.66754186555565 158.735369277134 158.33607508054561 159.4366379345183 161.35079156939958 160.28592207421138 160.7681188359422 159.77536712872401 161.14591922579527 160.05894635139748 160.34837064533463 163.52327565970532 162.4382059776643 160.41436387747672 161.83539878859747 160.98423347321727 161.46326834739543 160.39964073501559 164.45754330117953 158.71490085923921 163.9016136593288 161.56832556476661 162.94241886382412 162.04574174752682 164.5506069606358 163.33837924270779 163.42817270107483 157.4293090021074 164.23439818709778 162.8215663832338 164.091436874089 162.3311860823442 163.52777554635642 164.19777960891128 163.08394702768294 164.62987810903127
