# Created by Octave 5.2.0, Fri Apr 02 16:04:08 2021 CEST <br1@br1>
# name: ptcls
# type: scalar struct
# ndims: 2
 1 1
# length: 2
# name: x
# type: matrix
# rows: 2
# columns: 320
 125.88907765849737 107.55616162972645 105.21071945287095 99.156112940332392 109.94750258248936 115.96783200766683 94.330667174631714 103.14610375072209 116.62221526913729 115.57228113163718 109.58698871690234 105.08389796230951 113.60464511101256 113.73111382339316 115.28759586263537 114.84309732150921 117.60188010669073 117.5794867823186 108.62470867054347 107.67600126867418 111.20296330099764 136.34882342258589 113.91885149766679 135.31198773867342 132.21054469377532 124.50215817246669 134.99119782550301 131.94639298906355 138.16471740837449 139.36509483388298 135.2484328520637 137.44582332062376 132.53293198994291 122.77666945117792 133.39956278572504 133.1621002247461 134.35537686214559 136.23795415984264 140.30168866491405 140.46292877202731 134.65407517897754 135.84622560570423 133.55986344692451 135.33436600599748 134.29016591354292 139.38948165766286 148.20914797606684 146.32556497669776 136.39823108038729 134.18638500626068 135.36156602165121 135.29660091125186 136.6217532670789 136.8098244877292 148.00192142449959 147.96438359382051 138.65816153067465 136.92894496598387 146.37450203309785 147.25254272949911 145.79442644217821 146.9271477830724 147.33560037723254 146.86931701165494 98.072305414114908 99.153393016583166 97.118865737951154 89.967091666198002 96.149114455098783 94.658837588986074 95.447066534877052 70.014723609296226 100.27129746828271 99.164275460622122 98.144664669483888 97.254746147406948 97.558771041535493 96.461149916071776 96.300079284346808 94.17791321600302 103.06149557283754 100.50382715794511 99.416126314021128 98.525620920940042 98.432227714374022 97.298896959987658 97.103318875578935 95.985191609761472 101.80647406787513 101.63354387690174 100.52454873714036 99.580804514219352 99.490871946355227 98.103126856158795 97.994094667233071 96.764309593527159 106.10685345601715 105.22626155420912 102.76091811017956 100.73397319070325 99.13201984917238 99.21491407752211 100.28140729203929 98.367213847800983 106.56354094575303 108.77688087799996 105.20193825257681 100.51442753908637 101.59541544220869 101.38143133082252 100.82491877565961 101.69953194497728 106.88983457918009 106.35455379736847 113.00867066145467 104.02258753414374 101.61522548979353 103.00149113118776 104.16529697416479 101.87029139645635 107.28179812553333 108.31294111399625 107.88471283210453 104.07727304753848 102.75518909653049 102.58655753121288 103.77824279626201 105.01855615342502 107.49817997727077 107.65030326370039 106.25492549897919 110.65032548329607 103.6786376074765 102.4863166049235 106.05443791941484 93.533286026886117 103.09986638884187 103.23009158895596 106.40179164460565 112.15194477633442 107.7422797294427 105.13608826495184 104.07409434248355 94.057106569695748 112.956745328483 110.23070653986989 103.7388825384471 106.33551713043632 112.49419206252664 108.76309932036142 104.79634512237966 95.348315969241639 111.80939406050082 110.26980465582466 112.76853781146295 104.21229890360944 111.2821751453553 108.58424865417567 112.83550830109043 116.59917312429855 109.13220516591949 111.08961710245477 112.08100417613748 113.47939985720339 113.77620558641702 107.25417220199864 119.93848448595121 118.64286861063776 109.38532532389766 111.23367275144059 112.74334303748959 113.11963945527916 114.18561933015536 115.54782728054948 114.4472033876193 118.5004879065455 120.58168727083945 111.99876247322096 111.64501411377024 113.6405738602158 112.60910094179106 113.75696871947299 115.06276934808497 115.67344822968487 120.03362437618084 136.96562043926036 136.42820691666094 114.65645046497318 129.80608128356243 115.41724441901354 117.04851817559782 116.56803232866164 135.48508976581346 134.46259754411122 132.97416410006173 131.24341854380461 133.46047129061822 130.35897625983259 128.6713774175156 122.49561389896749 132.66264671498476 135.41772589359331 132.31687175410528 131.514037928471 133.2707783952149 132.1785433815316 132.98497865237098 132.98438892289275 136.23085219972305 135.38396144494064 134.32528087513344 132.15777855468875 130.2778722639614 131.33348938302726 133.05715195194483 136.18259799892598 134.62311291122333 133.93675379141695 133.58150736830746 130.55278433573073 127.31513671912103 128.09421335893791 133.8845815837532 134.91490300932239 135.10323871357662 131.46860250787989 132.82633459333184 128.71146078893423 128.16298310840932 135.84734314479689 138.3585877588842 137.4520039260012 145.47250100766738 132.42298145769789 131.47800531190779 137.42623054443987 137.95875928796019 144.05310212696307 137.26652100773913 146.81374210024816 137.81955307989261 129.43413793130128 130.37547612333603 144.03821846623643 145.25140511630383 142.96074887947054 145.75141572356674 145.35119976376396 136.52882932325718 129.34658810057698 145.07253848462696 145.53897678172154 146.19647980751381 145.08699549365622 139.35235529373713 127.64745204238665 147.19088454681059 147.29791387796155 142.8127370439818 147.69769554364976 147.46365384779929 144.61941116191326 147.85232802148204 148.91243914840919 145.84356846664386 146.73281561250138 145.07534087708868 146.46097281997982 147.12271400068255 146.24535961582092 146.00688301604706 149.31636758704153 146.39866142842584 147.77279259079756 147.38488403813412 148.57251744560145 148.30279923136192 146.75746467510339 147.68748633061622 144.41807069915413 144.53511741265322 149.59929459500532 148.55172854018701 149.45943799268792 149.06132953437276 147.76260738489233 147.92707860315576 149.01787403817039 149.78263202509052 149.57342335453296 150.52238081881183 150.23042849160441 150.11311195482716 148.48963632174522 149.82772138385869 150.1376087739558 151.80894342190689 150.78273853378639 151.29888160281286 151.11913204678305 150.40992422288335 149.30212028582579 151.42498285505906 150.2978830162233 152.67935538099653 151.47763067257722 152.1933970725614 151.70165590466448 153.66817537747269 152.60547527129071 151.82037172028225 150.67196601502255 152.964359509448 152.4037973906793 153.39480815334844 152.98043811715056 154.15420035629307 153.83377719995548 152.86233489442949 150.72636112888281
