# Created by Octave 5.2.0, Fri Apr 02 16:03:26 2021 CEST <br1@br1>
# name: ptcls
# type: scalar struct
# ndims: 2
 1 1
# length: 2
# name: x
# type: matrix
# rows: 2
# columns: 320
 121.20879879679586 112.71472991635702 110.03690414452224 107.42210004764003 115.21344414436886 117.53475341819176 105.08448487480227 110.79309984168123 121.2905432209423 117.68354171303594 116.48283249342509 110.98293332828527 116.46338953678662 118.07783046533886 118.99633199944948 118.61878358886888 122.4506045809684 120.75899775734253 113.40797637827751 113.53896489301621 114.7697008723211 131.43356957874974 117.13681599037771 132.06851882496051 128.02025975742029 123.83842538332414 130.04082269591117 127.98683030266223 130.96553495496843 133.96094703370127 131.91415597354393 132.97673912215367 126.84376394428692 124.79713487394986 129.44829498053676 130.76645009458292 130.04990791958357 134.61558917684337 133.72442069330666 132.67799911351929 129.55363675451292 130.69814493659183 131.40034866683234 129.88291511607326 131.03977801735823 134.3105608253511 140.31516749025832 138.1642512599131 132.50035751146723 130.67836068894445 131.89537308891522 132.29911845956732 133.5101145372243 133.04422210142883 139.25346764096196 142.80569089239626 134.06883674641702 133.4965415382803 141.69874620881896 138.85291078539936 141.70115263621264 140.52443418653539 141.66873180339118 141.98263493789466 103.47459192977377 104.55995811630271 102.31863602570293 98.911484865933147 101.08132506928222 100.158761877491 100.12044504790852 86.843942212967107 105.54829913334224 104.29618638411196 103.33316653595078 101.97050413835851 102.21910347516379 101.04109545520458 101.06933813647673 99.028111083198738 107.67911376499286 105.1304149446885 104.14897001560671 103.01135448076413 103.11898729217629 102.05820857162122 102.07117349484464 100.96987241660948 106.46809860000903 106.12373371293032 105.23882035020915 104.12074956678666 104.1067993727316 103.01761195051544 103.03015685204139 102.23295774503026 110.18868293264808 111.26326016836845 107.23182999260885 105.12716140619892 105.39963247862572 104.04050508930375 105.10611843537734 103.24358096062382 110.22077147156197 110.39705715254422 109.94337309155478 106.20677007632301 107.3133312388109 106.35119840394513 106.4788315505514 106.42830583267552 111.35677898487054 110.77019926916617 112.45924933661625 108.28079104784192 106.2661106385781 107.30509852835218 108.3209315779001 107.32573539581485 110.85567766160952 112.9299797155775 111.93486534637641 109.28642522959326 107.51627206153348 107.74923065079238 108.99593832609943 109.45618221774882 110.38781989245261 111.40397717098965 111.2671955955732 113.55733940293291 108.54194581500175 108.22196992891278 110.13321191025918 103.75834263835732 109.17949412504943 110.40757605484529 111.95171123023921 114.49166997437354 114.94984545600138 110.42773156188406 108.94041828041156 105.10155324954162 114.53898343202253 112.7990596897135 110.10863262946195 111.79649595889094 114.55712046628389 111.53179450188995 109.62108518807409 104.78582392926272 114.74541575457121 113.82409651943868 115.58373647094858 110.57640796237176 112.36379085040647 113.46093688376733 116.11254779521123 121.43950086455263 113.12922430109414 113.93043353896344 115.14760584489566 115.98717531158788 116.85473968271283 112.33421790550668 122.46265458205043 122.55760992645504 113.53792396077637 114.28528931110523 115.21543600623484 116.08842620381095 117.39678591585411 118.51993689256224 120.85825269835945 120.07429146971096 121.70691201124323 114.5436577851312 115.61116648070268 116.67826403744894 116.68733923195022 119.21705515469874 117.94235107425132 119.60117512207518 121.46848531772496 130.29341134787188 130.79964944462972 118.00870951742199 128.22531344618736 120.49639381376676 121.6265641024861 119.2722697028515 131.73955673746852 130.61421047462639 129.43272591859863 128.26051331083335 129.53495727931227 127.22366865550516 126.20742928648485 123.7441478132075 129.32332420629703 132.55592794884336 129.48090553530034 128.26540578626185 130.23758010857162 129.02252187257952 127.99492917143699 128.98851012211625 131.92884634468194 130.43114400555388 131.17226819679834 131.06728886729846 129.65071727223793 129.97375384746766 130.10339071165455 132.96026520169738 132.41615917519076 131.80777427253096 132.98641560861654 130.5996889141349 129.29036671116367 131.81964844331773 131.22858215763867 131.7285170782055 130.43813629250431 132.64441775649894 132.90447908796682 130.40561677017993 131.56792269867532 133.69964696933289 134.67448217336263 133.89262450685965 137.51764265074817 132.67758179518037 131.62740569176131 134.58888059240002 135.79854386550116 138.53201645079551 135.55765044323527 142.70513351967415 135.58683599439578 133.06128851243753 131.68175568229859 139.53508730482713 140.39279768119761 138.65698329243426 140.77231091693562 140.73001718433864 135.269272497705 132.64570665087444 139.99864653543426 140.18730902310946 141.34105777774172 139.74096059385187 137.49243125086534 131.63607748589359 140.94181919736619 141.65388889413464 138.94150304825803 140.5940683746725 142.39081279850157 139.59382554576518 142.08714512146304 143.00988279350412 141.49247645913468 142.45366442124316 141.28334551611832 141.48672295907807 142.22817823067234 141.29482131079021 140.68514906210874 143.90583769233578 141.57461395269576 142.68881992703598 142.34200139800359 143.25941692673112 143.43259826165595 141.89085515892148 142.72819004978652 141.67422052256867 140.3253792938134 143.58592098880069 143.80140107999102 144.47813240388214 144.28326717209788 143.13441341509431 143.62662903218643 143.35021296482174 144.65064518092055 144.66706099732909 145.62735306832369 145.47379784174584 145.22610729512962 143.85801568164587 144.31220764135662 144.31556578051732 146.80063407394621 145.69941955230718 146.4988074452051 146.25532441251895 146.00891214813535 144.6737041586789 145.41973441287402 145.39236064685693 147.71430378990871 146.73396097802819 147.48445124747985 147.01492794370563 147.93111594300191 146.85337624490836 146.37363215109156 146.20602030453904 147.72908591496741 147.72086131885558 148.51520431816584 148.08687681750354 149.07121145517058 148.8950762691934 147.49400137850637 147.22461835704564
