# Created by Octave 5.2.0, Fri Apr 02 16:03:17 2021 CEST <br1@br1>
# name: ptcls
# type: scalar struct
# ndims: 2
 1 1
# length: 2
# name: x
# type: matrix
# rows: 2
# columns: 320
 120.53556177557621 112.26998677723157 111.06975504538374 109.19338299920595 115.89950672610205 118.1591621655992 107.89725741254507 112.43174186117247 121.58424752670446 117.88972630510087 117.31923998013795 112.6005652527984 117.2657779210662 118.32442944053301 119.06387777317228 119.74074690941153 122.75874984887422 120.54797783577246 115.21136271609372 114.39315165035828 116.06175432387852 129.85645549347467 118.44707565533012 131.43092117237512 127.06829483838077 123.69619692850787 129.40239543442277 127.36292907508852 128.57204941886778 133.1827144291932 130.92372875099559 132.62281790606889 126.6660339327112 124.45174359687769 128.08973384425622 129.8231636236998 129.28077602394103 133.84281920817998 131.97355277769381 130.91196531049425 129.13502803357719 129.7193693080084 130.46280840413849 130.01662360102975 130.69980023720098 132.27949080830658 138.00395255293103 135.89705825777506 131.61286585290438 130.18177656250336 130.88282779854171 131.74517979325847 132.64600464526362 131.92385391733524 137.01447237252819 140.98664782197113 133.599279331052 132.82272446853992 140.56988343561045 136.4087724753266 138.9664935576252 138.74411251523784 140.26328140070697 139.95559769827653 103.8521341650787 105.01255868640479 103.90498713831914 100.86380077917794 102.49180893689547 101.41299613493108 101.30018614773081 90.450203342325153 106.03772378078395 105.12946995771325 104.21781526146073 102.98491212627729 103.4570353990606 102.43752117604737 101.9672080002762 100.70629589420287 108.85431777560588 106.21872744455557 105.20948849348501 104.1703340522314 104.34870860310156 103.33799536516622 103.39301642582022 102.1882988564235 107.35817639087385 107.16733316118854 106.25025691398993 105.05458806358253 105.32478308100458 104.55902129746696 104.21543378665595 103.05291588268446 109.59107148960676 111.68952935967016 108.16884442364928 105.92392002368084 106.40148951153792 105.56951812252503 106.62980813616963 103.98181363114716 111.20637355683863 111.9200328907999 111.03195171958247 107.00533521886369 108.27799865858145 107.56324946763833 107.62008534114405 107.06103330538608 112.41793968519104 111.60957146937221 112.81004633642712 109.52684442076944 107.82840655773362 108.5306659246891 108.87442008908465 108.17103531592333 112.40097610358768 113.82628988763024 112.68671217512053 110.3833262443265 108.8159619982026 109.20926280183673 109.63163912813536 110.14014432862437 111.41803436713067 112.08137219811736 112.86400940758634 113.88004820613394 110.03695609651939 109.35046526444057 110.86092140319796 105.42892206129214 109.75407359108402 111.50724538764638 112.51469210166132 113.81115321128138 115.14916331587011 111.5175893923435 110.38053488886776 107.86913456740243 115.19462132057134 113.77736677724413 111.13948191869366 113.51505971791612 114.80125629627032 112.34660973572387 111.62644919026542 106.41935399747658 115.64273068099392 114.28619686394129 116.3466709173846 112.22552726797332 113.32359317598767 114.97393039566566 117.06099893361564 122.04233783941258 113.91198347028453 114.86083479287123 115.88395867528193 116.69840633572038 117.77025527759339 114.1319398212419 122.71038087213934 121.75685228656471 114.20684921737754 115.10923524770709 116.18130074646969 117.06978473075065 118.09950551969079 119.29869825022195 121.47479755947511 120.6061560745535 122.4000919647434 115.40598105530225 116.68146335546619 117.36816111964657 117.80726817005349 120.33647809874809 120.09069454839835 120.34494936717033 121.32389515321363 128.86365225686006 129.61467468625904 118.54374963410362 126.45074230653897 121.17341583800291 122.16313154862534 121.09907148191463 130.63116488493679 129.72968570676179 128.96582069325262 127.70519575293345 129.43992869429144 126.86512514695879 126.7917613774035 124.79003894821079 128.68214126982019 131.19598923238973 129.03504945817477 127.88809546466439 129.74235586860999 128.58143071749396 127.81189574312944 128.13721176418881 131.12605612052766 129.84855960527412 130.59178471122419 130.52775535835184 129.10120051566707 129.63620419676354 129.14032563869571 132.22697046448934 131.61529513884295 131.37831525903133 132.42349809812089 130.89801810517184 129.99638139670216 132.24824232029022 130.60219240178995 131.45997232470222 130.08126431598382 133.20103129700121 132.33116858313861 131.12445026547911 132.22613996358078 132.53222251493696 134.44903173836551 133.28137176096058 135.81303014569406 132.81960948669274 131.4940207627327 133.63829328287937 134.75987321786269 138.26970438328604 134.81224466735259 141.49646779725722 134.91003287209713 133.49670506451363 131.95816425209546 137.81659002013001 139.44288344524139 137.0035270561896 139.45138029998111 140.90016839808814 134.6204954513039 133.35525377091713 138.51101701040849 139.47168560364457 140.44142738890142 139.4153601105748 137.57880731961473 132.49078293807347 139.47123031832677 140.57595841604419 138.00411084857222 139.6631310724641 141.43280734847681 138.82253050201666 141.117935619658 141.96457847190857 140.73694185429349 140.87150721258681 139.80099909415716 140.59040534687287 141.26851490532476 140.56573340671099 140.04891239417063 142.02570590439541 140.92236920654557 141.66775449542868 141.45364961638788 142.4449257001267 142.23831207749427 140.94803421873982 141.75963943376271 140.19877304668586 139.66268928309719 142.53509688896091 142.56450159286084 143.23488249356663 143.13929981714756 142.03063170108072 142.73202326118763 142.40777868839086 143.50773743107678 143.48550802551463 144.30184040483675 144.16405546014767 144.02676851445938 143.02542689609285 143.57808427907631 143.45145096182972 145.59838477486761 144.51403067286859 145.19116902302758 145.18900692002029 144.92982152839116 143.95444340314498 144.90503900622107 144.57232376836353 146.38826423504059 145.27762618173784 146.27874025847399 146.14180400302089 147.00336768418796 146.1960048397751 145.95938282909509 145.78793039679707 146.58508460208159 146.21940868314769 147.47881339008654 147.26268223249343 148.29317204053032 148.05974456758409 147.44460770553835 146.88143717942287
