# Created by Octave 5.2.0, Fri Apr 02 16:06:29 2021 CEST <br1@br1>
# name: ptcls
# type: scalar struct
# ndims: 2
 1 1
# length: 2
# name: x
# type: matrix
# rows: 2
# columns: 320
 155.16081212840641 89.703790615211688 88.942117633084408 72.232612076530373 92.315140231673325 107.80127313417603 60.515603961857828 78.238745054455194 84.734361821559972 106.38603766629815 95.108307773635588 90.240763738547031 105.93645678536967 107.56176465742524 107.66609417190749 109.35631733859104 77.463793262037427 98.502302598766505 92.351040791479292 92.961576741734618 93.570023307664073 148.10705629411211 106.64693439738957 150.23242040122562 144.12190537471423 126.66403068567388 146.45555765989278 144.84325431048507 152.55336363688181 151.68726209024825 141.27963799695246 151.26979879636309 144.08908697050981 121.40380636663511 150.29774010175979 147.27837925343985 148.22914306796159 151.34682889037981 150.8890797701514 150.77426053673688 149.1369416359139 150.90554799341155 144.10285253289871 150.60359693694022 146.23598545310159 154.20825622385328 164.526750908862 163.45377481470325 147.82853101708454 145.61199620898799 140.40413788597544 149.30014485414344 150.51162225440854 147.19980234675299 163.77150251214456 164.57623446994822 149.12243654911765 159.0403742302959 165.8619105636599 164.1653989942516 162.51777804861999 163.18778884500063 165.19045316675249 162.88554595783117 78.590892131301075 79.730046974367326 79.24108441150257 60.833925244203527 80.13219781060323 78.522905490024755 77.848885800892376 15.199554443041986 81.580958997115033 80.353131944901889 80.797437060296289 80.13194885301634 82.213022381968798 81.131581526448485 81.129308505811352 77.60072818670524 88.273869931239062 86.237592506958009 85.173931186926708 81.807509415883345 82.720711501992284 82.346775192553778 83.281884325193673 81.715117491174652 88.349530631635631 87.196206934667273 85.549408617339509 83.229428835498666 83.870535723848903 82.874809094566274 83.49200340408062 83.316115592096963 108.72780555043894 90.846012348500892 87.284349342408817 84.322110758433283 84.222075751816263 84.138120495400742 84.365786025018565 86.345919563455396 90.84220920634759 91.827910497544408 90.439745691519775 84.888155001948704 85.256487584306015 85.204140319566051 84.472503111870026 87.44709316650281 89.425897023609494 91.202183421282825 93.803766295332068 88.05984134759008 86.013577728565082 88.772717725594774 101.10461554462452 85.403714891432003 90.055063470150188 91.704993960905256 93.024876400683567 89.456819340308243 87.049275017491908 86.348968912371902 87.79899167929355 90.025272158324839 113.81875333552929 91.800166595875837 89.203517028944134 91.246254171509207 87.93288519626239 86.619668897419061 89.747943458300099 61.967802885362254 86.536524621649065 86.063440367747077 91.486155499316808 100.04512317255269 93.731112926099556 89.388240967145975 87.658264270288313 58.237961894421915 133.27041400588632 110.25858374063158 65.660443926193409 91.269303582796226 91.100326326280381 94.094423541405916 88.886479806687191 61.504164128186254 143.26196776574233 118.49479858792218 122.15814328014807 87.281433226299725 92.499462163921081 90.626670533868761 104.3865220829979 78.800594138321031 113.42449848040023 117.38297308274996 130.66266187274121 112.91533707155037 95.118042419678119 90.453962447571399 85.743574930283145 91.59117818450369 113.53957418133469 113.83919164030044 113.81292977642896 94.084639045836283 76.671836881082513 75.909391406871862 99.177971511676645 90.523436590365364 117.0733964508218 109.39293694676189 108.35264654529431 93.50432611070255 99.467747791396761 107.55985063388529 114.41316738581321 105.51322356399622 102.78442516465235 158.69795862263999 135.07010900057102 92.916953809369261 141.75860954116953 85.187721289985703 84.478724399149144 92.292922011349546 138.50445334726155 138.96831309018174 154.59531919778976 141.28708433048851 140.62918681532756 141.9009247274866 131.23369977561512 125.63980438186672 136.2095943359792 137.08591789802389 139.77963079996036 142.2330868249482 139.34971641895498 141.29718623654929 145.24822314364377 145.36912682961804 135.28427351691195 135.10078324686489 136.31242609716739 140.10281680977423 138.42855654647033 134.14314810703939 144.99792344440633 149.79891156881288 137.29487860930016 133.25508539313245 136.85327116300448 133.03145583400331 134.50969634797531 128.32452288190777 148.17602985881513 143.33019404063984 128.20503270502124 135.18652769580001 138.64990586269761 132.2956034878757 143.08845322837928 148.65552609026105 149.43727305884511 146.69091383567712 171.38261108448992 133.61183704099079 137.87160541899817 146.09845473799612 149.83666311523413 159.00338879199202 156.67709495493253 164.57398517861108 142.33811078909898 120.46819613170958 132.81572245336116 160.7200311272002 161.2571535635623 151.93862417686259 162.00725859845352 163.75079421633598 143.38095459876538 135.69482946059878 160.43493696019365 161.53881963465972 162.13852353263798 159.60790673215931 150.73379821877009 114.6559291692202 166.5676098653995 166.65868278774204 122.88707914192378 169.48385080250594 164.28831740197927 160.98654580143022 163.89923634230018 165.47552950476464 161.21987699969657 156.78389822588275 158.88195511961308 164.04082614296749 165.11765902826897 160.22737496570727 163.27514603272851 164.82866773730134 162.93937514910667 166.23917351122412 166.24091630364495 163.45110521435842 165.18477371725999 164.84607966723178 165.5780596464225 161.87012469590113 162.7855344467157 170.5376089231427 167.84525631134872 167.35639690233327 165.91711024595998 166.84821841947007 165.14885107635496 166.24858042932803 168.53117864836938 167.87713624428278 167.89261599287218 166.97219794112874 168.27082022404375 167.13921796739746 166.59358894676595 172.29604089055047 169.59368733616685 168.99337890886014 168.91536296818231 168.25627353657339 167.76834820169998 167.28943092318167 171.29667696255501 166.22203448818752 172.03836798179034 170.15939531898903 170.00387356122908 169.77704716702425 172.32607244169503 168.86757446340329 170.2121557225116 162.39537978662315 173.05984867448009 171.06997052059029 170.97565523875375 169.38514885196778 171.4074525558236 171.54064670344343 170.49340386330593 172.59648507473355
