# Created by Octave 5.2.0, Fri Apr 02 16:06:21 2021 CEST <br1@br1>
# name: ptcls
# type: scalar struct
# ndims: 2
 1 1
# length: 2
# name: x
# type: matrix
# rows: 2
# columns: 320
 152.05364979301885 90.788163961669113 89.949914162490117 73.8858094979919 93.173807948070333 108.16075311964391 62.484353165428594 79.768144272647021 88.260233560624172 108.09606866150715 96.181666338311373 90.991466568446128 106.4552877961321 107.76075729030151 107.50186763888676 109.29285537093979 81.571916969055607 99.724366999584291 93.467282404024076 94.186339012943563 95.142125790853243 147.39136678731072 107.02952069832445 149.54437808143825 143.94803788351521 126.53128412784537 145.62496710398281 144.0513417732048 151.99106947236339 151.31995828933105 141.22601998108459 150.5385753568157 142.76092001485466 120.73536035403239 149.48215756063288 146.48761381961887 147.73003968765852 150.92996456096762 149.85536221796818 151.11756767128264 148.55406124494252 149.50665655714505 143.10007528184877 149.99438749054133 145.40461825828496 153.02097275823249 163.07431874899592 162.24176968734886 146.79497049406916 145.09518215377616 140.01548786961362 148.7157216571691 149.75103710100547 146.37338321826493 162.94736217551514 163.80214426194186 147.88240487215887 157.23381886881438 164.67846696300737 162.72383374162897 161.67029376925359 162.32188550449808 164.00292107177901 162.020198668131 79.816262031267726 80.656755876313071 80.070310319403092 62.622803884150557 81.146134960571061 79.251164789538251 78.988738545096751 18.56539816377666 82.424738783641828 82.294749407084993 81.790651852230255 80.919720239373405 83.069739409751207 81.918893078686068 82.031138386352467 78.211154586339546 89.213144643888825 87.200706536353565 86.135600642096421 82.797654083370603 83.70338557527424 83.158714251042909 84.170204476998251 82.155523103297497 89.468193428627657 87.89975097180394 86.791817744874649 84.610751233624498 84.731216911746102 83.942520422358911 84.294588148120511 83.737061462933326 108.80985608418656 91.988348121659499 88.364541755664192 85.745033578005462 85.059636405845922 84.98786681523228 85.770458338075727 87.463115914242977 92.338066016506716 92.732281091509265 90.939642819066719 85.813215842891012 86.64987441528487 86.746806220532662 85.400394527027757 88.438551860155812 90.219526880874938 92.098144943241493 94.579462413380853 88.872570886632388 86.838329310014814 89.562772690937464 101.79226713123248 86.276997228563332 90.802755980778642 93.0682965005998 93.866571861302788 90.261438815734564 87.887278516595956 87.599919951010989 89.506076011549638 90.80851913922335 113.37115517833726 93.335980837243397 90.784254336893795 92.228291941110001 88.842423287493176 87.833313727475144 90.858224783084381 63.717125643260822 88.385181095874643 87.243125824009994 92.029756450037297 100.70532350457889 94.317279075504089 89.945637874994716 88.648482593891174 60.437383058693115 132.63398339956188 108.53033782207488 67.974109758643749 92.313648360187628 92.665516855986979 95.1996162755255 89.872464223349368 63.87883679274735 136.01642031522414 116.7014225238339 119.9762387185325 87.388329682183141 92.527515116314135 91.717722756334226 104.18841356762177 82.776298297574272 112.66812872872806 115.52739658596364 131.21482872534986 111.28155453476793 97.978310119485542 91.415967617792361 88.864322456788102 93.47269810544222 113.22304412328243 112.59971567819436 112.24403176787978 96.577448135466554 81.195419042907261 81.228367124904636 100.01425232560425 92.529462979128965 117.29676974961558 108.75738048931773 107.28991932226138 96.141125961255995 101.36924004369658 107.68191516446335 113.65277539439006 106.44250321554063 106.34833947112342 157.36351680436229 135.78418244167938 95.514244643509514 138.98782523995371 89.451115684982682 87.758423925609748 95.012427619506852 138.26677678370018 137.48128622560588 152.82236982634481 141.09339691543491 139.20426855883531 140.27199708081508 132.05148329889269 123.68677979299815 136.76869134596413 137.93129398668523 138.85030319203909 140.56522910323528 138.3584451391736 139.55933599265541 143.90951372980911 144.38077355101075 135.1078067115119 136.17353945041873 136.29741783214303 139.93835732457327 135.94947072273425 133.92469673978957 144.40537333265377 148.67775890088203 137.09615036460883 135.19603582954176 135.99231687853131 133.26001877837271 134.28653538983727 131.02618071073925 147.40971197606879 142.1331746341188 128.85090140092311 134.71616004893886 138.21130112118925 132.36995946151342 135.44601398202431 147.4195793153979 148.47081673084884 146.35921157939921 169.79163941310608 133.46422510264611 137.3307655237351 145.62404236723069 148.87041943548022 158.40560975430671 155.55436320177333 163.81311358609378 141.95530884683774 123.27022939829777 132.9355500625376 159.94449660558493 160.33742547670562 151.38250742120246 161.17636158523973 162.54815837126833 143.06555670863185 135.40317248710105 159.61909600707995 160.82526993930705 161.43378054180303 158.76258432221297 150.88853441521147 115.4536542579234 165.7832043845809 165.06447020190632 124.35713976274008 168.42815437477839 163.2031679603725 160.01638703256739 163.1526124692586 164.71944380019704 160.78935186437184 156.1667264864646 158.5212298746516 163.10407298508642 163.76208642777902 159.28603036821525 162.6108149186131 163.98515882857549 161.95309545583888 165.4812622144461 164.6903915321291 162.2561721072889 164.46592311852754 164.1498064533497 164.84282665028019 160.97648610104531 161.4467276987221 169.11376160762973 167.09963647123837 165.78328582009189 164.98241130329609 165.32471758566143 164.09700893668449 165.28004296180356 167.21303867279977 166.07777351071377 166.42069799134913 165.77395289315163 167.12810961409284 166.06192275424073 165.72030231510138 170.99249035319369 167.99856803272093 168.07744876487996 167.57501434487025 166.83676149213559 166.8262371550052 166.43409601122866 170.33171561089688 164.80511893569846 170.3946827886119 169.0334239385129 168.66674388187496 168.25251052358934 170.78459102473764 168.500065294221 169.37978146142709 161.63967336289249 171.21347153223147 169.72886124712349 169.3560345960434 168.3033877331336 170.15252798820427 170.30660070574814 169.29637655784035 171.35036481956803
