# Created by Octave 5.2.0, Fri Apr 02 16:03:59 2021 CEST <br1@br1>
# name: ptcls
# type: scalar struct
# ndims: 2
 1 1
# length: 2
# name: x
# type: matrix
# rows: 2
# columns: 320
 124.80270219576252 107.80484221199215 105.66130086970549 101.04548142200271 111.0569261937063 115.73735128651288 96.48788998568179 104.89398857151275 117.61439927955686 116.07146141889815 110.65038620166501 106.97004903467752 115.09852000802871 115.49147902261042 116.17260444844938 115.1083091957634 119.22127032588415 118.5291905562004 109.54909687981429 108.35840281550823 111.66899935093439 135.25706777648449 114.19624751969171 134.74458711798007 130.97823664520325 124.35044782066268 133.7464039637122 131.04135008931468 137.29599311342386 138.45976172823615 134.47339165254655 136.4255007672769 131.50845900530146 122.51632951818436 131.39689295693069 132.2106755064342 133.01003593198334 135.46745781537726 138.85982522767583 138.49273018283205 132.5522922724272 135.01201536629276 133.52680076907049 134.11747094936464 133.48733991486844 137.64876488978669 146.98983817393892 145.56312179879833 135.31776272134596 133.39428397957272 134.57955838122066 134.55281137006546 135.73109153879992 136.42426459347669 147.31448999687703 146.82837924042923 137.1951810064262 135.62848592526626 144.89815249035661 146.28333170987659 144.81799288132419 145.85086486592971 145.72339434423432 145.9224690545002 99.543445097293585 100.53161279462643 98.490373100730608 92.011524397566035 97.409052350239676 95.352011579711672 96.40912566301995 73.861402147278142 101.60698890928238 100.89396010445805 99.306583312350057 98.251121929335724 98.355622900130911 97.442185929925429 97.800808845508726 96.563116719152518 104.09062202358032 101.77948342636462 100.37141646512494 99.339234359447815 99.394853386887988 98.577146950229192 98.736396365006726 97.334106807965057 102.82840886180865 102.51449939149371 101.44490659821282 100.39984243325141 100.43714032668979 99.573892441162087 99.666519095938895 98.573493629365544 106.97481035653897 107.04305225677636 103.56443667409636 101.27643139571585 100.53292865843034 100.58335920163145 101.63897075526127 99.670178160972924 108.01835840611578 108.82284266423203 105.95557953307804 101.6161004078629 102.65155653664128 102.50798383058913 101.6468919787507 102.72110270921034 108.61481406264151 107.40759633197956 113.14773543398078 104.59531464770353 102.20210769973293 103.41423076582328 104.43256906898283 102.57211721028321 107.76451218650085 109.16506776868768 108.39154751466894 105.53430230677046 103.34568660101665 103.5183738048629 104.52519017897284 106.66523505751968 108.45346455654519 109.41058754424273 107.54503694532882 112.4706157951688 104.38516330099429 103.69962553257064 107.48931241549386 96.145072192975505 105.35341919091864 104.4170240666125 107.11159072714587 113.92203233613476 109.7536491368087 106.4768025397122 105.05073942634426 96.570730757434262 112.67057221445519 110.45501933718641 105.91247262987946 107.43840243194261 112.67640294467419 109.56978777599987 105.44163387414126 97.542443707565525 111.97934775680426 110.92829379125338 112.9538954692746 104.82554263966976 111.64970875720694 109.42383670698504 113.5679394596621 118.14663851984102 109.64614496491018 111.59226816479895 112.64378939112041 113.82144282698246 114.41222231232793 108.51038895827797 121.45329490457675 120.39347949969304 109.30380659639549 111.75153628908377 112.78024721030432 113.8584007187481 115.00760555898498 116.16475830289041 115.92689824071152 119.60470264168413 120.31759488060686 112.07341765039241 113.15932301432444 114.29825251849826 114.1323502442722 115.26128020204177 115.54581741123378 116.31840941990866 120.8828792080015 135.44054407551442 135.65398600181922 115.29830439321718 130.03113178048147 116.99679183477139 118.35453028351854 117.27238345896997 134.64283957269896 133.37875987610207 131.91461957584738 130.63243703855505 132.54986916367957 129.51980637662967 127.93058686995903 123.50315368042087 131.54413287904345 135.43363754000472 131.39046756139837 130.48028332724809 132.62381897990056 131.44233802083531 132.47052357519092 132.09194273559856 136.19988515280238 135.40951073893521 133.54873899191099 131.43433353594156 129.73125911768193 130.77496801628291 132.47593195956995 135.91911096429752 134.40608154464348 133.58432499493802 133.47567642299708 130.4874241798048 127.75608437611129 128.89580206167008 133.27516513849395 134.65470687732807 134.60604189564009 131.78756115314872 132.39185601100576 128.32456387727353 128.80463390800449 135.91998008819454 137.79157587817869 136.41067466460248 143.65424766894299 132.47158411120901 131.38515060939835 137.26798885574252 137.56639913754046 142.63391993134564 136.56153340820848 145.83856425408936 137.31240544501736 130.07133441501253 130.90494972777776 142.6842370440832 143.7105018840935 142.19731486826532 144.50780714121666 144.34690966116855 136.23803429253869 129.50500450133902 143.51043003012879 144.36491820129231 145.38688599428286 143.44895447261791 139.63901693390414 128.55913785804606 146.33088240720878 145.43949536995834 142.73708448979181 145.18084380162878 146.18565406408777 143.48839822994782 146.90130996159274 147.54697217530881 144.27053190668013 146.02747648173778 143.48994865359876 145.61452960950609 145.41787271360562 144.56383440177072 144.46709555644941 148.45421867084079 145.49759869032926 146.74247830525456 146.45463325716435 147.29439017898821 146.86036184041964 145.56602690365403 146.24665374973782 143.12430323755351 142.99044084280101 147.87685676434421 147.78893514101622 147.9440729433488 147.72610240989377 146.686624415138 146.94687071470014 147.90754197756911 148.93832213988526 148.42072278314504 149.28464733128135 148.9043457170234 148.57233451771282 147.38877328091672 149.14838741297561 148.78074613527062 150.92447035286813 149.70240437887912 150.09056109645152 149.67091732683036 149.37981829558896 148.22109294704291 150.13060461641393 149.55211028716084 151.54852043323206 150.40782156657119 151.00116129105692 150.41190815417909 152.49995129577337 151.17287908786409 150.92190524288583 148.85786792720373 152.0140618200866 151.15374625484895 152.19002763004011 151.57375722109541 152.61112614328135 153.93642729135416 152.16611600068254 149.85989467619441
