# Created by Octave 5.2.0, Fri Apr 02 16:04:11 2021 CEST <br1@br1>
# name: ptcls
# type: scalar struct
# ndims: 2
 1 1
# length: 2
# name: x
# type: matrix
# rows: 2
# columns: 320
 126.16067152418108 107.14438972087245 105.15468003160285 98.683770819914812 109.64749230543919 115.8493164717751 93.844833821744061 102.70913254552443 116.24663134417025 115.44748605982194 109.17794586290653 104.60128643271537 113.21598945406353 113.67508386081396 114.84648025213282 114.72260850757111 117.03423669266196 117.47528385764352 108.51333202516108 107.62522298761282 111.14471063588563 136.44922935035285 113.93081311323448 135.81647942201917 132.41205856963674 124.5400857604177 135.4496984831768 132.17265371400077 138.54033835005561 139.72864463432919 135.37670365292817 137.62664610841131 132.30926579170367 122.89769075946704 133.70172590203063 133.64583744459102 134.72113107279668 136.5656574376834 140.63875776704893 140.89052214575241 134.58930672160375 135.89838671685141 133.45489891117577 135.71214579259248 134.37076164461294 139.49356043741287 148.36806864140581 146.42269517509143 136.49062320575692 134.39590183029517 135.54993812129877 135.5072145996902 137.06861905681529 136.7993123812837 148.40807777295271 148.52684812383063 138.50444945364774 137.33275652263461 146.88913667535425 147.15556519066283 145.77413976915491 147.14902730520137 147.59894200061976 147.57584429861686 97.781752473116882 98.602178137010128 96.784718292759734 89.455983483355993 95.776202859777527 94.448981775003034 95.013933553758733 69.053053974800747 99.803653608457694 99.027374079274438 98.029081018479218 96.963346424207657 97.283138050039128 96.220520304970975 95.870544845019808 93.607672442687999 102.48538754697003 100.22769046401554 99.328282685292891 98.39806955486516 98.060651710215197 97.004720682795025 96.882846489952058 95.551757648673515 101.43460816718297 101.36410786108185 100.41862849612733 99.621646614585543 99.156823563694729 97.891809352477821 97.818395381041256 96.469233449339569 105.72816968080619 105.20693864417561 102.4017252471552 100.59009072512477 99.003964411540167 98.805430471005735 100.09613231259212 97.918954476033505 106.26191107956454 108.40306589739646 104.98685520146252 100.33387083487901 101.52792856456122 101.0996399250775 100.8234641383458 101.60637379421092 106.40290390493739 106.43590165894452 112.59633478673801 103.4330628447475 101.44990012319234 102.86368808336103 104.03059323559194 101.79753808740385 107.14166275713261 108.15238014310692 107.6836675523862 103.87185009284656 102.60706456374659 102.2751924944085 103.42566143366389 104.52378110086612 107.31014496252098 107.29764456649951 106.08521108799114 110.28784847611399 103.55126737808752 102.35414499355005 105.69828492197639 92.799071350444663 102.73327711278613 103.25747825714802 106.12641407123706 111.55215920430074 107.46403416363543 104.60892605093476 103.50131952529397 93.428700522761119 112.7066388228742 109.99277904097424 102.81181259046731 105.9543651146422 112.13421493326852 108.54048665551562 104.62745018803693 94.827579819704894 111.83527127235232 110.25659723522131 113.18177471325535 103.92174168264644 111.20510701675492 108.52850271890195 112.65240051144751 116.07533615729486 108.9365060456263 111.03658157608197 112.20377718512219 113.51700408003353 113.66317338631652 107.09033088406166 119.30053307369337 118.25782701797894 109.25654538586745 111.43485017086975 112.57534132565505 112.85213890539276 113.99500414426582 115.36826948174371 114.09668672834499 118.42963700296144 120.5381406853467 111.70629030178515 111.19197449973208 113.26527069256488 112.2039424312069 113.1020467105791 114.95343229976339 115.54855991902537 119.93088035127658 137.34688953019685 136.49389538067035 114.36649399065323 130.03020279339862 115.05972509305992 117.11649149588389 116.63698935660408 135.67781721334632 134.41320724762207 133.17345367158822 131.22154557083772 133.76239865512514 130.78661989772914 128.85657505440474 122.1877926285635 132.95436611746035 135.51334184127015 132.57980830335669 131.81030474402607 133.19092542178524 132.63932044389051 133.18749182201751 133.68944140595127 136.17265325985258 135.24143389681308 134.20535743332513 132.07130438027809 130.08846884389027 131.34145336810397 133.60578751336229 136.47035376273249 134.96438353168207 133.94536191902839 133.66377408492573 130.26906863356874 127.65222341189977 128.21408446134532 134.04781895168597 134.76374713877391 135.08965909607099 131.56153000014177 132.7751967889813 128.80782224220968 128.07700214426455 136.09682660368063 138.60646978279826 137.63499700212515 145.92706434234847 132.53621370348944 131.61800632970002 137.52308988023958 138.28042096181335 144.29287058374925 137.56785209091075 147.08039969702205 137.81185669201002 129.40836694606375 130.416638953019 144.66907326678827 145.78528089910085 143.0669418453511 145.44335461331178 145.60884993583042 136.73601137753835 129.23676702920861 145.51162140875692 145.60057487736137 146.53781327764668 145.51150952937317 139.28172538094029 127.41953058847145 147.37838355144396 147.79002003522925 142.99987409782241 148.06542053260426 147.82474054934039 144.66110722592461 148.20795276149377 149.39644985053957 146.13334186232902 146.90915039519228 145.80494448346946 146.63124598712159 147.54943639414961 146.75694216756759 146.49808579710458 149.45245500696376 146.87095838650887 148.00443965594039 147.67070632291453 148.81485426790832 148.63163839319469 147.23852444411807 148.13788418289568 144.73164066704547 145.12207447090719 149.89314953504146 148.73588845877671 149.66708606417134 149.35998228450774 148.33469707585189 147.99866022204111 149.03188442263638 149.75945544381437 149.96225521997036 150.69848164707392 150.58532302144553 150.33593350155206 148.53907110572575 149.94577621146877 150.15486222195997 151.97513115382782 151.02187904122056 151.58481506380335 151.4427575627987 150.75842487086777 149.5929903163254 151.80900757292721 150.5940740421843 152.96489431446912 151.8661462676622 152.52968171344548 152.12565265291676 154.03704332615615 152.90234821388381 152.27452048576438 150.82191941189032 153.22961474006297 152.66762092662495 153.59612504460293 153.28858197820819 154.40158717704344 154.26564177579201 153.37984328828648 150.9623742247
