# Created by Octave 5.2.0, Fri Apr 02 16:02:32 2021 CEST <br1@br1>
# name: ptcls
# type: scalar struct
# ndims: 2
 1 1
# length: 2
# name: x
# type: matrix
# rows: 2
# columns: 320
 121.14399168122753 119.754329536935 120.4868690256868 119.23261084275939 120.03004073183264 121.22503298089356 120.23192776435634 120.74861755092122 122.15411231696693 120.73629968147205 121.84342603774964 121.31414363177679 121.41631240805144 122.63889691008104 121.62943136518432 122.37033225615795 123.64414927804546 122.51293065466834 123.12830571414862 122.466567120001 123.02188485546922 123.98736613760769 122.94194552361334 123.72048147082252 124.71343639281902 124.05120291262712 124.38859573876171 123.66572304383284 124.33075877886422 125.13636308036176 124.32637838851008 124.98339902822092 125.74851521702492 125.08596886759631 125.60973908772134 124.99590270274919 125.53818962711958 126.3789241024248 125.65069001545173 126.06112124675558 126.9077588610805 126.21813551634951 126.73225185872077 126.16642153154098 126.60398242691235 127.4047594629793 126.8241935325142 127.45525438201946 128.4285628018967 127.50922241531947 128.1273960444889 127.24172519325779 128.38210282548226 128.4274243046039 128.03719949464968 128.62729556114866 129.86181472062029 129.083818538728 130.2611673572693 129.48159574890607 129.46094185332308 130.17879247751142 129.09936348231003 129.8356115806279 107.93133189809767 108.17626608786946 108.18350706200947 107.45610937440961 108.03103724636622 107.4908962772287 108.06902059966207 107.45824144939675 109.04007982383423 109.21259394218538 109.27653698170199 108.59611853868591 109.26298213819908 108.64689108072488 109.27656655078705 108.61912417739289 110.09630060747935 110.21906588581821 110.31043550609401 109.72421248100768 110.3670863457685 109.80560774807998 110.33909249270395 109.73838625368012 111.22190830707169 111.21588953078957 111.32146121149601 110.81164152811459 111.43933942580031 110.85863077966394 111.37170796935327 110.88441978808328 112.28919449745064 112.34068919792261 112.4378915748181 111.88516876495652 112.46124510730004 111.89821177826985 112.46194723239655 112.0125583475327 113.55676444468391 113.19432015583401 113.56748538570611 113.07790208375316 113.55410739940172 112.97090969955147 113.52826544568002 113.06395127588635 114.44709566905702 114.03664965635593 114.59280804045974 114.11198855031651 114.62493587340109 114.16244854547415 114.71265321109696 114.15829092715053 115.43730820693723 115.1084039562181 115.72207151759923 115.21073881257647 115.69634259010979 115.2316315724872 115.70666913268212 115.24810819597418 116.62579219619788 116.13876219040701 116.80991718077901 116.33626490672279 116.77317034252282 116.30800951378983 116.77825243569769 116.28610559111776 117.54888616570591 117.13609787960125 117.71770912376239 117.50876646843402 117.88767565105475 117.33962225159368 117.86768888011869 117.47452117514739 118.60526846157686 118.17350052076372 118.81748203887011 118.28783029463094 118.95052079263478 118.3951210298511 118.84702530892335 118.82542035463382 119.74507823545227 119.34686662416297 120.02494827852081 119.37822915948446 119.91352736625493 118.91656673892996 119.47143212421122 119.84571507042864 120.88734443298888 120.41680575604443 121.11534055063353 120.6399050233687 120.91961366045611 119.93495389071926 120.67910728071858 120.44229314142562 121.96927463544939 121.52831506786423 122.16250915726803 121.71217220924544 122.2985434335189 121.53023295228802 122.25245661989001 121.44750853094419 123.60984829839724 122.57068056131256 123.41481865901096 122.81477209183159 123.35050797830324 122.76629854891763 123.56838080770979 122.93710666077951 124.91766538494531 124.25959382766877 124.50534434406195 123.89390593095807 124.71302391010906 124.01328726540898 124.77026320249577 124.39448746548852 125.96503384135542 125.4519617423111 126.02514332373738 125.36595189835107 125.8502434409743 125.46856507610258 126.05538003447656 125.39312222158519 127.16175388928261 126.56834682522251 127.34052947575776 126.46756057669251 127.12518900694474 126.79511902700665 127.09743670396165 126.45063046276881 128.22440009269172 127.75904728738064 128.43439868630938 127.92852447510199 128.6582418763268 127.73914243511285 128.23065451546461 127.77693628519172 129.23484707892075 128.80180069013164 129.37754278998958 129.06427234106505 129.6272177648807 129.33895492801091 129.74135497669263 128.85409351101572 130.32508510615494 129.91830535200845 130.44293295890779 130.30175329083215 130.5700922089643 130.55517398932946 131.18774229557386 130.27868110133386 131.41278500581868 131.1023697620881 131.37762313348716 131.31430562221584 131.96618018427807 131.62529956514604 131.71215586670928 131.14121216145003 132.55539960894436 132.15721019930115 132.39660185966659 132.62233646631259 132.98465560121207 132.18260624439736 132.75808646549388 132.30945807273395 133.54060398489418 133.20615246139317 133.35954097847855 133.66712320816092 134.04360936069929 133.18369531579708 133.85875229379943 133.39521705969628 134.63382288852722 134.18973118504775 134.37912020508693 134.67733763101671 135.00641724754067 134.25593286950888 134.98389001005364 134.46832536137643 135.79080682558725 135.24371235215591 135.38695518486225 135.76629032123216 136.02743515631317 135.3854461346379 135.9648105793834 135.52047616873827 136.86888037946758 136.24506952528577 136.37959390423981 136.80673644515437 137.03950324687736 136.50461130255007 136.98248219627396 136.62696911156655 138.03110941543974 137.32794736297086 137.34352917133407 137.87958027939183 138.07907568198425 137.59753474537465 138.01062758889003 137.73154813750008 139.12682798692262 138.4339674503139 138.44395106182404 138.99518488658558 139.10414249522444 138.6538790181327 139.07561643810394 138.78268578596186 140.26375225197299 139.62940334362852 139.56657051609392 140.11618018548319 140.15450151811348 139.67449496791946 140.3151708795659 139.79271462112212 141.35197502441753 140.72505824756433 140.6671236049678 141.22985096091 141.2171763058146 140.74731515539784 141.39613526335449 140.87970119318859 142.51334304957732 141.8119535940302 141.80131748052008 142.31043103400339 142.27198139237234 141.88537849712486 142.70109037083128 142.0515216793253
