# Created by Octave 5.2.0, Fri Apr 02 16:02:38 2021 CEST <br1@br1>
# name: ptcls
# type: scalar struct
# ndims: 2
 1 1
# length: 2
# name: x
# type: matrix
# rows: 2
# columns: 320
 121.48155471412041 117.43852809827335 117.03488268878476 116.67204194705386 118.31181242590067 120.55304808515776 118.05589636650789 119.51276457472079 121.78523279110449 119.67997620193613 120.46674381008117 118.58886217958202 120.14579608703066 121.7228482971035 121.55927012453677 122.2071047939565 123.45792394801504 122.61080786713661 121.71014820808652 119.59654457162593 120.88674588958006 123.89479712513537 122.55546202165343 124.61136000443389 124.45387016299847 123.60758878824603 123.91758084975086 123.46406267472615 124.81291320354708 126.476782317342 125.55874375915687 125.83092005338963 126.05172289694892 124.62350816467655 125.76121657747143 124.57966263768539 125.79204638420929 127.58891522520538 126.75581038226473 127.16474537337953 127.06313294836633 126.6674532887405 127.75285302418722 126.71047209786447 126.69921137426219 127.79566833892832 128.78060298206466 130.0042812889568 129.94982054234629 128.26565352856798 128.93958144828281 127.91935107207846 130.32954985802209 129.57849489743069 129.66651914558236 131.8944604916947 130.58761548981533 131.04670432596046 132.57233841363367 131.78338421514871 130.75071672483929 132.15633581305013 130.91750777801198 132.51855764275018 107.86726589041143 108.03530371056013 107.72114297563529 106.62135531471256 106.90255576232128 106.31226313112998 106.82532927052374 105.86886083689811 108.93666853497473 109.10413517269184 108.94466793014693 107.7047270204957 108.07099056036381 107.47017612679471 108.01000614953642 107.43584609542607 110.07914855776515 109.98592167905493 109.95986671636554 108.89286924015063 109.32644200123516 108.63569644319271 109.13351011061381 108.67265808888291 110.97197569864508 111.20061350876765 110.92206287295397 109.90492209117785 110.61616289489517 109.92012932320695 110.20228642956234 109.53507111272719 112.05155556549833 112.65705022326564 111.99539501740661 110.82551738700569 111.59553318854638 111.02135208634441 111.37572616809047 110.70348125627432 112.6724421036768 113.12936328416255 113.08521651853354 111.85484771243996 112.72828773167114 112.2365385991581 112.56912166822048 111.89883490379226 114.28291408774921 113.75473708007102 114.25120949329792 113.62471122774464 114.17970671147187 113.35182515301176 113.76837676433091 113.05644813467366 115.43770914148479 114.92901419888393 115.45994776526423 114.48644000039944 114.99993211881112 114.6443457161951 115.04299257316671 114.27823469687917 114.68122465970997 116.31351305460682 116.74830734410646 115.63578230989998 116.11332439394575 115.65755076165627 115.66031201888578 116.11095594100466 115.39918886527407 115.88529220796818 116.49157125463614 116.70487063304486 117.70849452957053 116.5711820974105 116.45359144561021 116.05948881648212 116.90919519202528 116.52455367575851 117.08937531889896 117.56585248034727 118.06087851086718 117.8381725975197 117.38886221003679 115.9719357740382 118.27429398092913 117.83878755401167 118.96664962606913 117.81172739524843 118.37960826134891 118.88573993786504 119.09872061656601 120.28368667864397 119.42476136848286 119.42070390846615 120.20175478308406 119.81483041619298 120.41627221458462 119.07916421944918 120.03302399707799 120.62309642735428 120.58964411126277 120.57078320990033 121.3870365346942 121.07691757264521 121.72323792888956 120.9668163862387 121.9409073131485 121.1959907141339 122.98676471436191 121.5323508703172 122.43499839789986 122.35682050026318 123.83226126701284 122.74129965228708 123.57436300522626 122.7584061072675 124.06212816591552 124.46331019232353 124.90613028573948 123.38147869723616 125.24614154546173 123.88119586899367 124.9119943163107 124.03579300481758 126.26919887145442 125.89215467525182 125.93821753660644 125.02967367656554 126.7328558610003 126.09090694912449 126.30229872495822 125.91787138469542 128.07821891003459 126.95248786762181 127.04389704766939 126.08834299116374 127.92481144130721 127.59001662060011 127.53490148246146 127.11788969795381 129.24449350338892 128.29484443375358 128.03094756638444 129.12601121877628 129.06199230598921 128.59010794447258 128.51349279046755 128.17890532912182 130.48597082995647 129.43479050467266 130.20781265409826 130.44474645540939 130.09293291647657 129.67352503349503 129.58771128547332 129.41158084837036 129.96572215581543 130.50637520483377 131.29690544335051 131.21077192223774 131.22430349451238 131.44833348479114 131.90420961912716 130.53407609784142 131.00876442252977 131.80087045718082 132.04757747287294 132.2862079425887 132.05452708281132 132.99508150889534 131.54117150119879 132.91450621818632 133.18435709288752 133.61178630205663 132.92022159204191 133.13859624523553 133.52455127567097 132.72185973653652 133.81820494618233 133.69648454967196 133.93482826686997 134.17309557270781 134.18586773799518 134.22283980806876 134.47830669981894 134.06598307365215 133.87634642395966 134.36305963089021 135.36674924832462 135.11952844127609 135.06075586625192 135.17481521563772 135.6844759340679 135.12325123083102 134.9836758823443 134.62993456051345 136.08487616416099 136.1928996278906 136.08447727802306 136.04133121755987 136.73790740435794 135.89403273690573 136.22491959184899 135.68303373806245 137.23117218507625 137.08015806241966 136.93223032679941 137.1402357339615 137.79962579975157 137.27286955712009 137.70517732970194 136.82763981666483 138.36618577415388 138.190282150169 137.97498050534847 138.42753520594616 139.09722976798412 138.369625467123 138.87200106141171 138.27158254870517 139.24478031883717 139.00323741881084 138.95894465278406 139.77281377175473 140.215716972553 139.42038173052222 140.09653408151121 139.54490746211212 140.27268570036586 140.02650766844999 140.3840649934892 140.81920794291185 141.43894781943791 140.64918061440812 141.26795381277921 140.80516985634262 141.48641529491331 141.17172056617983 141.35656832923129 142.03546865848929 142.58793425605873 142.011062459101 142.51652239746289 141.96356547769204 142.69344343151582 142.40453785124478 142.55160167772451 143.22423370780822 143.71232900185001 143.06998586227266 144.06425387239503 143.23531309418769
