# Created by Octave 5.2.0, Fri Apr 02 16:06:15 2021 CEST <br1@br1>
# name: ptcls
# type: scalar struct
# ndims: 2
 1 1
# length: 2
# name: x
# type: matrix
# rows: 2
# columns: 320
 149.83424812488488 91.562716351995846 90.966404511528225 75.066664799035848 93.772674658271896 108.39201753799246 63.965867935083438 80.860572285641183 90.980170959704225 109.2060930019388 97.63750001240075 92.086761640220644 106.82588137524812 107.68865879193275 107.77928279445679 109.2825300944298 84.428348338443641 100.33350134881552 94.014199570415073 95.395471933638433 96.581699321483555 147.24002631557499 107.33189438789732 149.27434217909141 143.39918500376831 126.43646515796786 145.24480425104295 143.48568996086175 151.69112141933491 150.86427138948599 141.18772139832183 149.77432126299087 141.39543192532761 120.25789891645903 149.07180912878474 146.31577657301816 146.95317184083459 150.4117030072801 149.45439042137377 150.92276551366905 148.02637986607192 148.80357535149719 142.40836569304813 149.63959919178183 144.87745356805476 152.17291313993192 161.97105007868419 160.92539742352849 146.47883381284166 144.57444884759266 139.90821739750066 148.21686380349394 148.60151708567514 145.90240233079626 162.04490753194193 163.00583744854006 147.5306512816492 155.94342218204187 163.578726870331 161.76491106977804 160.99648523253421 161.4206791125161 163.11342855443786 161.18178717174371 80.453772036437542 81.34117983844456 80.614442121387356 63.900574341255577 81.706136156173869 79.912171319011335 79.489165172038781 20.969572250015712 83.58947569928209 83.904404523943271 82.291267337936162 81.50593451717269 83.833839517379502 82.753112319959598 83.095296383207881 78.744976874998713 89.791980944984516 87.931799058527048 86.828489913144836 83.533566279632808 84.597706382240716 83.563819478431157 84.538396297718094 82.457050093688906 90.091333275662038 88.79618074028194 87.563140756522841 85.77044231444728 85.672538606112084 84.645366734525709 84.593412859136478 83.956005409667682 108.64938441868431 93.171215223387833 88.974543043003251 86.566704039969693 85.311930224187236 85.028831629528753 85.912663767764272 88.242947585174988 93.169139825406191 93.367514279572958 91.847831675270584 86.432862427901895 87.430746884539673 86.880269920288924 85.929901458556174 89.212591457217286 90.817320212556737 92.973295851164238 94.636882522275641 89.67458773000854 87.68765794742319 90.199766454837714 102.28344683595245 87.263429764005934 91.683108782987503 94.042277615142837 93.837713312693921 91.005341486199441 88.588642085929536 88.305533652757362 89.622371308545723 91.449820789305832 113.05144220891438 94.437654382886208 90.891863695500774 92.668449258324969 89.462793432010741 88.540422186413352 91.952884245245045 65.143300136923472 88.782137473085044 88.672852275914792 92.381971327931154 101.17689517031188 95.483379459016589 90.796799981931684 89.409526836306654 62.008398176029687 132.15027939966777 107.74174543057745 69.626728210393992 93.106426238570663 93.512424281081422 96.376265777438078 90.557437469986667 65.323107976594457 130.87013998880332 115.37129588746129 118.51171150580143 87.801102843333666 92.791268630260319 92.719503893071433 104.04690748521024 85.731999881822205 112.20376027505303 114.25112853599718 130.49378606995137 110.18092549159476 100.11744633966873 91.96300240239843 91.171120285032174 95.278331069141615 112.88157961681672 111.76030881884506 111.04327794796194 98.6216778035744 84.443533426579066 84.972681034832021 100.63954808968646 94.277262353507993 117.45632210589685 109.61793443675489 106.32197630659746 97.831112921800639 102.68277181738382 107.15882645134016 113.10963825765924 106.28373548849092 108.89399254717419 156.41034407702108 135.50019160431424 96.862530813385504 138.84260627411075 92.191245922330452 90.1291885219687 96.797314347587445 138.320279899301 137.54876948966253 151.55597741816985 140.92306670549945 138.68176827605026 139.84318107529489 131.69796497412665 122.2917622295206 137.22442755298599 138.5712895047686 138.56923085059572 140.67537046666294 138.07692936740912 139.40226002008021 142.43536924364031 144.17645025911835 134.63127731319059 136.5822525262902 135.79287657460381 139.70682097850599 132.95874619523889 133.81814576460923 143.58797214076966 147.85933666123512 136.60283624728075 134.73667897735839 135.3056848514403 133.36649386873935 133.59723856223948 130.92256976334738 147.29255534631233 141.37075235652492 129.31223618371016 134.43048426329068 137.56804645519446 132.4340927551581 134.35264566036366 146.76701077743175 147.63317927770566 145.67726232758392 168.65523107640334 132.3974107755615 136.67792849034802 145.06611852796817 148.4095840142283 158.1347309803015 154.75241194951676 162.95712938171903 141.60953964800891 125.17770568600884 133.03262880701433 159.11048245489414 159.75996204920088 150.98528116715951 160.47394507426247 162.16532607084395 142.91261174146427 134.86435497405733 159.18409907434145 160.3529584477343 161.3316646086449 157.86575992642949 151.05211115117223 116.02345789271141 165.16323214765325 163.98542953408116 125.40718306332315 167.39345086756964 163.03017195239545 159.21044550142395 162.38067255563379 164.07005440688064 160.36623333663022 155.72588952973734 158.26356898539339 162.08648276831707 163.38253813942595 158.69571378566911 162.32564676612418 162.9216474185674 161.34786869252096 164.95414990529329 164.06983306163636 161.45673167623201 163.97970042753016 163.05393920031747 163.98707077053675 160.08419114394931 161.16389934486565 168.21179182064935 165.97696457622655 165.28758240230951 164.46486102463896 164.28369667592744 163.5171659075277 164.82936921948118 166.36744474827111 165.54175983953203 165.36504436396945 164.67103513844106 166.23915764241906 165.08429686374291 165.07301500763685 169.97281435494529 167.34341096195925 167.21950667200235 166.47360665762272 165.85073867286704 166.99198761312914 165.84917787201491 169.48730464640866 163.93793047849184 169.8532849191275 168.27929858202936 167.77931970530966 166.91302524356402 169.35933400342367 167.91136838150948 168.42208370815007 161.09988306022774 170.31243935487436 169.21522599260177 168.70127234972637 167.33551152517623 169.19360503032203 169.17623423688917 167.87367931399689 170.29995888144441
