# Created by Octave 5.2.0, Fri Apr 02 16:08:00 2021 CEST <br1@br1>
# name: ptcls
# type: scalar struct
# ndims: 2
 1 1
# length: 2
# name: x
# type: matrix
# rows: 2
# columns: 320
 190.32021911122189 76.691310457722579 77.420678939470051 52.394243018992043 82.062126152811857 107.16692548031259 29.875154595707947 59.885954436155949 42.172418915435699 115.43018406849832 81.698460106898665 77.816131671681063 99.710484656220558 106.07331902609056 105.26184756496299 109.42090072901932 21.787988296050166 60.793204216521985 78.750936551253503 79.759872436020757 80.65040462413323 155.49049114731659 106.32495855245175 157.47927104091931 154.36756236493028 141.66510087899746 154.52375631383703 154.34620475784828 162.80600837675743 157.36313115636645 151.55672030105569 156.28711577164813 154.86409843971919 144.41545993290168 161.44678961777888 154.31330053166056 156.59681002916753 159.93423246115967 159.45587397568664 156.37794249339839 159.50005952223847 160.21748466360489 153.7235046167861 162.65143779185846 155.72899213901871 168.45565781130281 175.79490207247645 175.41808784807179 157.53949352193334 153.42602293566139 145.1274434386367 158.47783331680353 160.31573006800184 157.26279242938639 177.06634149333334 180.34908655887165 158.39898717116114 164.13945259225974 179.56771039431482 181.80498610361875 176.56940837360111 178.1767790823842 177.48558765616036 176.44992732092248 67.266205468024538 68.059944132348079 66.958025428156716 39.367381564839178 68.245915417158699 67.987502256984229 70.078321222821856 25.190570205774137 69.442248603464051 69.331776481319949 69.225755228924982 68.407497409047537 71.072863431811996 67.930679282901195 68.747612648875219 68.776330637146089 76.982249329365246 74.948457183043971 70.67812907908241 70.176062847997258 70.458943811176383 69.069328545903602 72.058784851616352 70.165669919743507 78.4124036473345 75.830381499747929 74.751053407043898 70.483347286212691 71.437276664397587 71.30683012664872 71.87109344905349 71.667743680711212 103.96718646883168 51.542279418031228 76.080950706758742 71.551635727000573 72.331735582615096 70.581606013356861 73.084739560496885 69.485049786401888 79.273772484614682 81.595295728374282 78.261086789613998 72.396108843158274 73.233839467522444 73.913322965682681 72.852723480371452 75.042749319430115 79.140966319926378 86.264361151027941 79.908551381002255 76.61281203335912 73.644383053907063 76.218958403981318 92.852796505329053 72.875949723112797 63.159252598863304 82.836408047206206 77.57420024925932 78.040051453616641 75.57632877165733 74.076028895922974 74.275072945743702 75.577824383597104 117.4905029965504 78.27257992504785 78.193874450042273 80.604182057960386 76.217048538881969 74.318340504146377 76.778556865626399 40.510835739187883 74.472181754562399 73.419134060958839 82.587796752554354 97.619096513947937 80.53285965037459 77.632905313440872 75.109617016161948 31.844907923167476 121.76947077229234 123.7194502301176 37.896453936789328 80.492481233809031 79.244910465834863 81.021706188985803 77.140493164498849 40.488645128144675 230.20853717196059 129.06453760556471 147.18544127475673 74.367221763709992 78.649446780794307 81.791873685706449 106.79344847858331 23.031680751763822 128.48629935370329 117.1665572457691 99.406190049240905 97.551845151569069 62.340971650798764 81.201346522039472 42.853528996406645 62.97359733219988 121.79067181408969 125.78468302897129 120.24653201822109 64.783432761582844 24.006811633639835 24.902506053309583 89.142601744545431 63.702296988178375 119.11736807859862 102.66293979781365 91.359454331215773 63.742274734141681 94.650883194138018 125.68693370900776 123.12563124016171 85.425253408648629 91.127121474778988 175.12043080459716 145.8566918672156 61.95119251277508 166.94052001803709 41.895909971810987 42.945966313001144 64.380050906127963 144.80106820476598 148.35249569754399 185.41249415343253 176.20702183691509 175.28456165925741 156.36157299298139 124.73543967587214 126.0343218352223 136.8449098653158 138.01007665983053 154.17322300065254 174.33476857043698 166.20736922550128 153.89390072007467 155.2974218928945 156.70363265337596 122.73738443839991 130.74455778919415 158.74110456678656 164.23377533058232 157.94945738886142 116.49584950921071 156.02234785448741 158.11718547997842 163.86452917587789 117.4962306592566 159.03217524502847 123.29119749228157 122.14882207079107 127.13992978676242 158.36290443899568 153.85524996353217 116.76253289039032 121.38230446270836 158.8033760402152 117.69637439300379 227.38699605891236 156.58934153001536 161.36994953838283 155.83619883991577 190.47427114109601 115.17526518983085 159.97320145534007 154.80631234917246 159.25746215452315 172.60409517474642 170.24804046113934 178.11207187035833 147.77831171474901 87.96972946634682 128.96264567976775 174.32780166474814 174.27844719443326 158.61202524478412 175.35604463463747 176.72188215096602 146.86982011057415 123.52510356349754 173.54556816383061 175.68597284432369 174.97300774548773 173.84633445548366 155.29004579905978 105.08322810478177 195.83441752942744 185.87018079887375 105.2463516921282 182.93492099250415 176.61910306258858 174.75516364593514 177.58216923960637 180.05964846971696 166.88647251481939 165.889369346595 161.03407835299726 177.89888890315248 178.41340842210266 174.27473800571141 174.90588462990087 177.59931344138911 175.61831294309488 181.23798973960365 178.54341461407694 175.9381994288577 177.61561133976082 177.33723959388411 179.2018057179753 172.68776979659961 176.35121312490389 184.56249452273434 183.85170861664545 181.2960259860794 180.16909365814706 180.75854380265667 178.82124672836019 178.68571356765693 183.76519938147663 182.26278791493414 181.81245243754128 180.41871838135796 179.19392345479901 178.72794362619581 180.67683669497282 183.42989100481759 183.54234185212857 182.96359114168641 180.99942525188891 179.84355352035223 179.72968452732198 178.99694220505125 182.27870266588704 181.18722117545059 185.08881104679682 184.07139125251049 182.2253540053527 181.52759329701965 185.29008133536584 181.80605429260615 180.92694924178261 171.46385687139104 184.06402865623042 183.42246251293884 182.70940528201393 180.37553665769184 184.64722963076238 183.03260365351966 181.97012243917354 186.04309107279187
