# Created by Octave 5.2.0, Fri Apr 02 16:08:01 2021 CEST <br1@br1>
# name: ptcls
# type: scalar struct
# ndims: 2
 1 1
# length: 2
# name: x
# type: matrix
# rows: 2
# columns: 320
 190.72474183963169 76.536399979657233 77.217632718918111 52.158071958783253 81.923890499397046 107.18097963785721 29.254093650622018 59.667468833557258 41.715462206192974 115.37008340919108 81.417454705677599 77.684645600893802 99.636365940397354 106.07955259396354 105.1309443370299 109.42144626882607 21.194227346609807 60.345013529101834 78.580819648101709 79.731287169483295 80.446379576248788 155.54865662054826 106.39046293219018 157.41982800347756 154.53921296923758 141.70013037478293 154.79042243632355 154.45933512031689 162.98476187786414 157.52376649516759 151.85800976558772 156.48849337908752 155.03490022535027 144.9398192972547 161.42800496381835 154.39997754800658 156.66248733033459 160.08090210404109 159.53846110023642 156.28886495341573 159.53677308178581 160.26300377221872 153.85542138219211 162.93048120775586 155.86923347334101 168.62526973496293 175.97239490571695 175.48014219879144 157.82936007122237 153.54110666618757 145.18367326664458 158.58523644805871 160.28965187760758 157.34338583441013 177.22711526059493 180.32407183654769 158.52605765375162 164.27238813975029 179.87448649012649 182.04466066406258 176.618937630933 178.32577704951078 177.73365121875389 176.65548723615299 67.300339631035413 68.038092634690415 66.885006353285888 39.111827473418174 68.03390960470557 67.849714662726356 69.785136622607268 25.671405023021947 69.32988489299521 69.256797455394391 68.946885103921332 68.202472327341155 70.859587798196458 67.904110574722452 68.448262529637574 68.766181973847736 76.673362236039537 74.848107729252334 70.47496320261429 69.898879634371113 70.263088262535206 68.893099196246027 71.965319798846309 70.048347761253183 78.372783069527486 75.66213440621695 74.543120282053451 70.260612735718922 71.24024515758785 71.035738698681371 71.583523592079004 71.550884619358058 103.89812048717984 50.922195400324398 75.958992358498534 71.553006867291145 72.0712927668947 70.443194094048351 72.912240890366206 69.335496213306968 79.351342063843802 81.476418977533598 78.036088800571051 72.423598151306237 73.108876711712128 73.868980249781245 72.732225347692747 74.907993491249456 79.311826439662227 86.347996815438563 79.719874472766989 76.496289856268021 73.539310474665541 75.951904428688366 92.754560564385059 72.585008798894663 62.688367067601291 82.61589388888774 77.374153930222448 77.810784326071968 75.40811630548167 74.11776332916854 74.167296205491951 75.446005984706503 117.39860107983107 78.052570989571294 77.942753829219015 80.419321570500728 76.157356746260987 74.232424492054506 76.704637985189706 40.43072410060855 74.099688264567277 73.337792985937185 82.449446647079455 97.59268069075452 80.330994231841103 77.597910855972614 75.088823711914074 31.53070489970009 121.67923028334064 123.79055957961923 37.565930246439279 80.393662901256477 79.126909065537617 80.878044230395318 76.913997695023042 40.319425622377018 231.24361537917747 129.08429409931668 147.48338525489123 74.373165130673627 78.484687873190978 81.585690808652245 106.82235624889941 22.436368226518113 128.69941965658447 117.08866236281196 99.016395955617355 97.212712862428191 62.031750547301961 81.302717900594843 42.157847582443175 62.68094618437221 121.9941545635301 126.01768533945088 120.03800852147667 64.404600164743044 23.224920858414098 24.312558053774396 89.023133056841488 63.185876452009552 119.20334197200341 102.57657471131792 91.153168263288649 63.472578725559799 94.575066944194006 125.83094319183526 123.22524822888218 85.204552779986997 91.183121107872495 175.3979128455029 146.04942361905725 61.659238745546709 167.2175041197809 41.419843268709926 42.547569255447428 63.984567955723676 144.96935887435137 148.49345626689444 185.744799452336 176.50702531704931 175.85808028302731 156.56655903327197 124.95088758699411 126.00362989812837 136.83925921600996 138.09374039639914 154.24741741048467 174.76557512905237 166.49651770768861 154.09851437680149 155.57388579075541 156.89213033447956 122.44576521274796 130.72531161737183 158.90780486223227 164.61094400051292 158.18714186994984 116.51658869362322 156.15176265492082 158.0707431179101 164.20008080073052 117.13964561017356 159.16625552355882 123.16218967458664 121.91081251457152 127.26551409284062 158.63591782839723 153.70432363097768 116.46163498272659 121.33717609239176 159.23020978678517 117.64251623567418 228.36618158013857 156.61984907829671 161.50922244750799 155.97334906830542 190.70155280843656 114.8661678536612 160.18937251105012 155.0014832057322 159.16234673305345 172.64425656355564 170.40985389507318 178.19968606465383 147.77010054222131 87.582589117382241 128.96080687428 174.47845225177127 174.32929351534884 158.69147049559271 175.59720311082307 176.94957122105987 146.98918075415315 123.29432456307198 173.75979255869518 175.85814862081182 175.03338175267152 174.08674526724459 155.43702802322909 104.96926737782417 196.41784385805462 186.18876256185538 105.03634303201159 183.20254303760925 176.78533435370394 174.81254795336403 177.67423148549381 180.32993457781194 166.93531876787972 166.17238679492175 160.55551459571012 177.82032679976552 178.66549489379142 174.44945422122274 175.00409681930537 177.77429308057245 175.5220753480703 181.3042438118332 178.71854458650182 176.07375632714965 177.53285588159159 177.58112916839039 179.54231366769486 172.88004159882499 176.3890176330888 184.73792775298369 184.32787919958506 181.53784357783405 180.25318619675448 180.97543248403204 179.07214151070988 178.9198213203519 183.9648795026099 182.36930856757621 181.75890561548067 180.635193494135 179.37037706901035 178.685369709398 181.02696595927614 183.26946119262618 183.7504528866792 183.10469068142874 181.21133405848346 179.91908215929848 179.70199099946382 179.21582074581303 182.39440590750274 181.4871374186171 185.40872751825643 184.30072358826911 182.40154514667185 181.58956477755729 185.46008492804367 182.20588822461542 180.90757535093869 171.571814931924 184.02022121120089 183.5685134618694 182.93616438052572 180.45285279860227 184.84309542029214 183.30891863112936 182.19570939140971 186.29522884996103
