# Created by Octave 5.2.0, Fri Apr 02 16:03:19 2021 CEST <br1@br1>
# name: ptcls
# type: scalar struct
# ndims: 2
 1 1
# length: 2
# name: x
# type: matrix
# rows: 2
# columns: 320
 120.63950690530815 112.38222836683428 110.78987348323957 108.83912640889277 115.84827775058231 118.05030573858789 107.46574884465235 112.10401345727422 121.72520063718645 117.88468146391152 116.96455889246636 112.33096088351097 117.26184804871774 118.44358667947141 118.95243645217475 119.36183990090552 122.66628798425353 120.68870012481332 114.97178775081316 114.21347129071412 115.84633865210932 130.16232098892402 118.09642007203519 131.48444648700521 127.14928514138721 123.72464261947113 129.56215509345415 127.47633535958157 128.7171820764722 133.41999483167459 131.43812335243152 132.8122519785725 126.61368424472855 124.52218796762652 128.42068409898425 130.40145857727123 129.45949457914895 134.15451431341887 132.33902541496153 131.27074637084957 129.10459673023558 129.782588276811 130.64588224273137 129.89106504117527 130.7978094671563 132.55181030665221 138.27299177677202 136.13213669611528 131.70646234393692 130.43976426264291 130.82499096703884 131.92444581771946 132.77149105720181 132.30637875931239 137.49207334191203 141.45262668484429 133.65370624173548 133.01132356031988 140.90076159277237 136.87042428263572 139.3765321598101 139.22539234179897 140.57739871926421 140.34243360402689 103.51947306921807 104.63426965330768 103.77391936494448 100.46251777977372 102.34633230884516 101.27115514609353 101.02445022273716 89.728951116453544 105.88232646543217 104.87809327235976 103.93154024599009 102.96466249418012 103.2118045920876 102.16910224454533 101.74504812385493 100.26577699488169 108.74900740525017 106.00218327053139 104.87152732708824 103.92927727825698 104.20559266410457 102.9824544941312 103.071934370455 102.1618616877587 107.14085449591597 106.88441583189054 105.76327457488568 104.80980289180263 105.13886075473992 104.10352205384967 103.96858525860804 102.95174398488393 109.97149197651072 111.61419861896692 107.98732981800771 105.87841636819819 106.19786992828783 105.25017044793682 106.37503159675497 103.80383077823873 110.98518145093713 111.45379530664098 110.88696155924154 106.99858987088503 108.01746628281742 107.30350912255192 107.37191018335403 106.83068407881755 112.2868116568947 111.28035187358002 112.774548290336 109.33166202869207 107.5382617389258 108.35778863206492 109.05984361576422 108.02878916784934 112.2570267511698 113.56054751605352 112.46045154332191 110.0943399951898 108.67472046680535 108.82709991722147 109.77540896974463 110.10979109650128 111.30093304233091 111.90043971822375 112.61870235344141 113.87212114651958 109.81480350355299 109.13279249815251 110.4277449311848 104.90190885441257 109.58717471621299 111.23751567462304 112.33273035914257 113.89068399850682 115.10296493489349 111.28828136149117 110.00928159556773 107.30819100006823 115.27503499041325 113.46092201497541 110.96373710961574 113.34603834866201 114.84440852930197 112.09381732150351 111.13198251271186 106.16192667023266 115.35004055216672 114.28650579426591 116.27899838184818 112.04101141338548 112.78588824085996 114.8032111894708 116.83511662871111 121.82797918427619 113.82620748328419 114.59425874293692 115.67224443155473 116.45145692989094 117.61625783838772 113.73700403834934 122.89583436330292 121.91513701704584 113.78772128914652 114.87258736649888 115.96168866573511 116.9861913834705 118.13894950918893 119.20269331858061 121.18136977680419 120.30152119144995 122.19694821073276 115.35410557324174 116.508306667413 117.20360266368556 117.61223445206269 120.15584692444949 119.70072678524831 120.10190811841272 121.4173209494265 129.14960407506243 129.83816312085244 118.50613270330095 126.66450533951799 121.01501249155044 122.05970284205918 120.54907838152866 130.90358100374763 129.90202811942191 128.92591536874835 127.92812645320967 129.17453914562344 127.17316443780101 126.84477603439446 124.57949460587578 128.80878448159277 131.42965100565903 129.04700607365626 128.07021976851087 130.00117934686227 128.62035282431631 127.76757309576212 128.31251181509174 131.22508171544791 129.7838774713203 130.62317778992565 130.75923681632696 129.23556792475483 129.82150794325739 129.54811700213554 132.15666294463864 131.9937160667225 131.54081255684963 132.75052764759033 130.64908466511469 129.90768046929523 132.10083550045076 130.57873271612598 131.60895114718963 129.92403886511161 132.74951744708818 132.40517808764787 131.10698786855352 132.10617070318415 132.77517207816405 134.50791022268356 133.69125056289155 136.15395264670488 132.73158847696416 131.69129538643946 133.96630078143545 134.79711737691335 138.56354499044855 134.68274863945479 141.9451076487743 135.07533221268181 133.48243052460739 131.77753303044696 138.44852870985875 139.61449016438115 137.23049299273907 140.07657450697468 140.88332221744432 134.80614615360656 133.19936491048688 138.99417688663934 139.93686753132755 140.80045213486551 139.57392924405639 137.63011159037907 132.31984184763749 139.67126012497744 140.88563248081934 137.94490525495976 139.87126246714399 141.57536889779522 139.21122235795465 141.40136144350583 142.13202311977216 140.88778479374 141.1749837400167 139.94788134431775 140.77565910856038 141.40033560977369 140.53283866439756 140.30855216403802 142.57490148370462 141.04537389336306 141.91475668934106 141.81130132937989 142.5891737290705 142.4559772567184 141.18990674071702 141.99240772684468 140.24493557318431 139.70189603742656 142.84582326310201 142.70028434353026 143.51170210341135 143.28131029076067 142.18958548484554 143.09450989582805 142.69981001223505 143.68585247627374 143.59264520635082 144.63625535567846 144.40867555240393 144.27321177648699 143.10246233529975 143.67659895421079 143.59159370504773 145.68598695418694 144.66025262617836 145.47816764130945 145.34797355323016 145.31168420392504 144.04745236825133 144.93518354625948 144.5826187653596 146.60347462775107 145.51660593770234 146.35505923213918 146.26531468121487 147.29810248276729 146.23120535818649 145.86471546354556 146.01726855004847 146.83212368247749 146.46082168088753 147.33588610080699 147.26260404724971 148.20736776301374 148.21249394182871 147.58311857366991 147.00531736299087
