# Created by Octave 5.2.0, Fri Apr 02 16:03:12 2021 CEST <br1@br1>
# name: ptcls
# type: scalar struct
# ndims: 2
 1 1
# length: 2
# name: x
# type: matrix
# rows: 2
# columns: 320
 120.35414803892346 113.29625541315029 111.08430846977254 110.01998170993672 116.10968997948703 118.37812186082657 108.53320966864982 113.19644147026838 121.43147223851003 118.02266253640957 117.50653000179952 112.78240699307283 117.45351089662314 118.49161438315474 119.14949165065835 120.10316890991797 122.92806645261003 120.79007825995686 116.28637874522747 115.31770644873725 116.59803332026077 129.52073913633095 119.37263910144451 130.84793238071967 126.70498110451517 123.62982364959362 128.60734081799814 127.02394032224707 128.47855741534892 132.2103777157904 129.77913145754158 132.08209941702424 126.93324590044814 124.30236929838237 128.08210327882568 128.73883619096881 129.1289940708626 133.26780935848259 131.30023720929248 130.09288240372513 128.66701966794869 129.40145237734899 129.79397296446149 129.83665976715866 130.28550556103482 131.9036775806949 136.95080185268179 134.82214252277407 131.13192017560905 129.83532966401856 130.58599093479626 130.99841753930858 132.60243395663207 131.81994998204985 136.03536230137729 140.04475975360936 133.62089873055285 132.67642337879269 139.64644297443664 135.86142795415222 138.09157148687106 137.82347222842998 138.92159639981398 139.23070499462349 105.01972325602689 105.63305069483074 104.7535726653531 101.88900446950001 103.08134397232816 102.15231146724868 101.85274362797239 92.133125202692241 106.5518488902508 105.63797257207686 104.62890695973871 103.70640251796725 103.89337774646008 102.92023308577028 102.76074306949484 101.68528915781283 108.36857115157973 106.60516318599828 105.59406413220019 104.76619345373294 104.90141622651565 103.88084526104988 103.69735710007681 102.68223622804071 107.81907593834192 107.68561274009248 106.64289007676719 105.73903462124572 105.91542472415514 104.71831119635861 104.48125648610345 103.47046714385128 109.62895732984707 111.64097961067117 108.87215001824794 106.73675907598104 106.83826918265656 105.77326433411436 106.78654133221606 104.51108510025885 111.35749679065707 112.20072902221524 110.56496701820065 107.69689263700126 108.82960495911171 107.86199353716428 108.20682737216464 107.37123276850407 112.71948519474689 111.95487846577913 113.04462479274426 110.10839586204079 108.58167816422764 108.98000040758082 109.45169606587358 108.61928693672249 113.01780222757104 113.87787153455302 113.15076235667942 111.12329725677748 109.69473249515688 110.09043577427272 110.12096116885358 110.3135009058069 111.39692159327616 112.51805793901234 113.18478036188056 114.01265544103425 110.62642481412189 109.96173249522728 111.08180388351259 106.72365247643874 110.19381990175434 112.16340690530896 113.42493372208459 113.86117315698434 116.11703256280359 111.6667859912785 111.3271439700553 109.21448638423084 115.23573744782551 114.27041103180953 111.61190048309038 114.17124419671649 115.35372201849952 112.53313875765244 112.16396325321718 107.28940240454781 115.29979136164363 114.29541586751481 116.44846834975031 112.58119144977606 114.5007881219352 115.57841918191349 117.46599689769856 121.98651077450674 114.56809854677981 115.12724156953716 116.18283446820361 116.88173886931537 117.96647284234884 114.06548845626473 122.44318626129983 121.98020341964974 115.02061211921985 115.61003320297065 116.75771611436608 117.50074925954296 118.64366418453685 119.65786523974283 121.65832114501887 120.88594971165935 122.57651773842512 116.10309948561427 117.31074107372277 117.94504313262715 118.56293449103744 120.8372729594671 120.77476077655125 120.17191074913072 121.40347794772677 128.19643134772122 129.16951950589672 119.23641123194071 126.22930079621399 121.62618720120039 122.66243177434674 121.88061109642619 130.1513035580922 129.1069846045873 129.06197270655659 127.33313693736326 128.9542742673124 126.6020762236907 126.67241475532659 125.27335287775431 128.5144742649903 130.3077817536936 128.93552178490589 127.92118321196276 129.71250945135395 128.32956484275184 127.71630753373097 127.80928605055418 131.14456448545593 129.52719225775246 130.16111988275489 130.10126065411279 129.07040903519442 129.02348697973633 128.84098430623467 131.8056928998067 131.45995066688994 130.7432543960077 132.10776722830224 131.03715995981815 130.32879925232805 131.74624052235291 130.9164306389539 130.850548457164 130.02707779847151 133.45521068163666 131.97086385943007 131.40184672410373 132.51191668562274 131.99455028494688 134.3577194246802 132.83266999872447 135.01754431000214 132.87552905581492 131.8269809718507 133.22442570009125 134.36361895942929 137.41875662107347 134.38972722423577 140.59190241610636 134.39557364471023 133.94538225152058 132.24004328939594 136.80448128509087 138.53452613706469 136.32346970597965 138.59270397710179 140.42414790829125 134.87780902723719 133.63097616327246 137.94071924703613 138.50292693221073 139.73582745027974 138.4698002884636 137.3344488855877 132.88964548242407 138.90339737980966 139.9544823212342 138.41399149666492 139.11257976980758 140.70735273966568 138.30940715844946 140.76063183017607 141.90940378577838 140.21543155258189 140.51341142170122 139.21888570597386 139.85553575207678 140.70797389550822 139.76869636090993 139.61091572884737 141.8890408910539 140.13806926611983 141.16632728957325 140.85508703754482 141.70689433286938 141.76171807875622 140.63779833756826 141.55121417281299 139.43402774904436 139.48701510406298 142.26771931901817 141.9508851139687 142.89741832108163 142.74420904263846 141.67858866299781 142.44796954166762 141.71601377225031 143.03929146803128 142.85614509045126 144.07587343215204 143.81463914672858 143.71306865026449 142.58675843491901 143.48946570108632 143.30339665851517 145.50489594188289 143.93019687470351 144.88699978154008 144.81234432185732 144.61515232427584 143.6440145106763 144.96004852686005 144.51332221322272 146.14666301203434 144.99460266270063 145.81812964297418 145.62185222403664 146.75031708242005 145.9357700607697 145.56886022818048 145.47881248729416 146.51073474291724 145.92386117680562 146.87282550463826 146.94401199334305 147.85446290352846 147.36386940349783 146.80486417024289 146.50688806067507
