# Created by Octave 5.2.0, Fri Apr 02 16:05:34 2021 CEST <br1@br1>
# name: ptcls
# type: scalar struct
# ndims: 2
 1 1
# length: 2
# name: x
# type: matrix
# rows: 2
# columns: 320
 135.81667706560754 96.442396411054261 95.029975086974673 82.506053195612722 99.160827366873846 110.05665655994054 73.50724092862842 87.742868767504405 104.23258118349879 111.17325485014989 100.0776227520964 95.960555280365625 109.16062092367903 110.03340725000645 109.05270705529897 109.78710950626977 102.88071049081157 105.22235462169562 99.31690803074089 100.12094593468375 101.20774164096736 143.52954492154441 108.92786986602189 143.07634030603444 140.62649365380869 125.83910564773956 142.31160797992322 139.92208354310054 145.95585360864976 146.67928295132705 140.94966189556035 148.513747421197 138.52034276042181 118.82538979822777 145.63751124582376 142.70982750062731 143.64255992743401 144.52302769029532 146.12771851100385 146.71967837700154 145.18477324277728 145.87512327825795 139.97978360470239 145.62375748563144 142.52983471503887 147.09243304664079 156.86606503555555 155.68775050092134 143.46431652030253 141.19419290029498 139.75866217997236 144.48074601982637 144.9671776670242 142.65095118966306 157.42570025088335 158.07423171427769 144.07204193971296 147.13587881114805 159.41495232542243 156.47019128754016 155.33512297258676 157.28124541634062 157.49130716879543 156.45381837370147 85.190952262079406 87.058492017367769 84.890807376052095 71.950528221017208 85.550066870215346 84.490787617174334 83.665117968416126 36.115868993322351 87.875900438265717 88.07256316253914 86.913849027875159 85.812920832239215 87.882415383447011 86.938203462505172 86.369954336998347 83.127788446495885 94.076361472742619 91.805657858767177 90.847048935658648 87.902235297483912 88.821743675128261 88.187167337386214 89.180603792289219 87.248666046379057 93.959269724789181 92.848285270199113 91.934100214951968 89.706797807356423 89.908839629729457 88.915478386183906 89.346385228042763 88.237102278576103 104.84541207344888 97.1783654727531 92.9357125798835 90.871333898042394 90.116382678249607 90.454147749746298 90.220718128506675 91.886172394969151 97.905157720295847 96.862107576941284 96.203981602542939 90.982511532159066 92.255703996207004 91.246851542621769 91.221474636959968 93.473793800266648 95.747184756671672 97.155702180691534 99.557127748128593 94.098848051818749 92.030899934870916 94.351298454616256 105.37787897568825 92.30798660578138 97.060834048355233 97.756555735357338 98.878710845413835 95.104590294823637 92.990644861460495 93.188100414642719 94.661633927446871 96.255445767479429 111.03725050155023 98.172618289755349 96.798977630889453 99.182076206773033 94.020536046128271 93.186789597187001 96.021895374022918 73.640763322529295 93.217726746463995 93.653785649149086 96.007427622324158 104.14779666442975 98.860450135852673 95.009722484200481 94.067713029218055 71.905793415250088 125.70536642233151 108.06107177657016 80.038224456420522 97.299993177437798 98.359148783883327 100.11835712061432 95.109846496808544 74.701622614580614 111.29265760705275 109.23090571979181 110.58241120352957 92.493152935394818 97.530025846041084 98.203290156980401 106.38095871617757 101.88293546651785 109.7456396470449 110.0868369677482 109.61490404243952 107.9820899883491 107.78237856536103 98.165693313060657 102.31340463464437 104.11929734479848 110.40932464629161 108.68838379397108 108.54758203067004 107.40835259505221 103.54239409357888 104.45483387004676 103.74481269579631 105.24382645476096 117.87090910782703 107.48211666618705 104.89138467931261 106.93063862834312 106.49040666282129 106.38099081692704 109.12001735517748 105.62161860047392 117.58765852269752 150.40535589477145 136.91753936306773 104.72006785283514 137.6393719821796 102.87796889887392 103.56957060133206 106.39026431985928 138.34246238091058 136.87752739419093 143.57770524666756 137.66259061077207 136.21432051304396 136.10188392762529 134.84567847611382 119.86219488736498 137.63755067471064 139.17037677177876 137.2938058587383 139.71162727088537 135.76073293443531 138.07840666533878 139.91001475144296 141.65893436082084 134.59073840894334 137.43463465876414 136.19038385435704 136.8185920114241 130.50330466698821 133.67630724358821 140.98815252284183 144.48616167967097 135.75030208977003 135.02368067956166 134.41598873225524 132.6693230497215 129.82986561792023 128.90896515265143 144.30033985417487 139.08204987682151 132.21864531526856 133.48753409301278 135.6168921750988 131.08312383532592 130.74237998645248 141.93502201278389 143.45337444523943 143.11966294812643 161.49585855517606 132.78673244046399 135.14681633152404 142.06595300365862 145.01793381113004 153.38370617325828 149.27305696360037 158.58422174918516 140.31249003490984 129.93342006114122 130.7030687199406 152.5768681292729 154.57130081111984 148.48275576668894 157.01386745777614 158.15574265729703 141.06776210878724 131.78957998850925 153.66089498488435 154.24028643325434 156.79206928301537 152.42497814244635 147.83283493531971 119.61322079187582 158.68808836580334 159.7567920159868 132.02245585699649 162.28347444727731 157.89681827018899 156.05648871753263 157.54957765273159 158.81491167674469 156.89101751941723 152.94861670235565 156.40299569046485 155.58192890522051 158.93546790923611 154.80804306521452 156.8438655838946 158.41778262404037 156.13940119673734 159.50968301215855 158.8500333784423 157.29462153118845 157.98487393029376 157.91229313213245 159.56937430397079 157.15380289511296 154.69701885327694 162.43714869754129 161.37135198740373 159.90691971793706 159.9975755117851 159.03011050365222 158.38830965776509 159.4868707711671 162.03484384524597 160.80981117875885 160.99083089498785 160.27965309409839 161.59268701960664 160.5134636138574 160.40235617568857 164.01953026990822 163.19339264276707 161.19899449021429 162.14023670334856 161.34546363528273 161.78709390455572 160.72988550541206 165.12591827077642 159.20136125164018 164.60037937927567 162.41737522493412 163.13596529621199 162.43516124480885 165.31957685088702 164.04451711361654 163.88111317346886 157.69920415343978 165.03934417933087 163.43693505915834 164.3100124522941 162.71528729618436 164.24447754234464 164.76865114932284 163.46685298024602 164.9292766831332
