# Created by Octave 5.2.0, Fri Apr 02 16:05:24 2021 CEST <br1@br1>
# name: ptcls
# type: scalar struct
# ndims: 2
 1 1
# length: 2
# name: x
# type: matrix
# rows: 2
# columns: 320
 134.37638596112674 97.681680235577033 96.147402953623498 84.395421677283039 100.54810544424214 110.21683472969677 75.569322614048659 89.490753588295064 104.54101796611594 111.67243513741086 101.17195705043423 97.263819999599946 109.75357065026466 110.76829165954332 109.19379116482679 110.03379867038848 104.90296565055429 106.80421040771078 100.3758536173614 101.71495883503947 101.81920235364619 142.6035007153861 109.43072334374941 141.53506750199966 140.37131217478705 125.68739529593554 142.14937975236251 139.01704064335166 145.40549683330875 145.65158863002446 140.33146594795619 148.23526097822381 138.52847811421961 119.29015607520844 144.66963118800697 141.24228649760423 142.48075684849508 143.90758366616998 144.56879691031793 145.99652130859678 143.37657470535754 146.28592091647465 138.80049055493063 144.81983048769357 141.47287288513419 146.74852910704664 155.88889689558596 154.67238651944564 142.64047724515569 140.85808048039866 139.85088405715132 143.51977932373217 143.91908953112326 141.76772267788894 156.05869026568189 156.85458251787631 143.20362098825896 145.84969534406136 158.36698034234576 155.15117502762152 154.05725179115421 156.7030433515429 156.72670862001297 155.71917903230886 85.227956567995349 87.352753718898413 86.29996736119196 73.994960952385242 86.964571795738422 86.067300776388265 85.106819605535648 39.962547531305404 89.637289172743564 88.977930130337526 88.327676709830811 87.331038111111368 89.067025801512372 88.049462079283046 88.003892620201142 84.782678206362718 95.057232501800371 92.592461642289067 91.704187136887086 89.078389801057654 90.146779301614359 89.108978988148124 90.263066045686188 88.211056603842579 94.407451540806107 94.080553536660872 92.943276359223034 91.019570001975893 91.352973056519374 90.113860390501884 90.489425571255026 89.368166097566657 103.96877525975766 98.026834331848548 93.352814861332959 92.138440457966141 91.146827284638533 91.498746158849883 91.295130498116876 92.556263851464294 98.71992590504918 98.221393666901207 97.007395710892155 92.421250627039868 93.507508829687154 92.416009087667945 92.46388774845893 94.579519104357658 97.277474357897503 98.295564629558356 101.00623920608189 95.060890097967928 93.232964869567226 95.568647326767575 106.1637665032402 93.570935635744689 98.422904533313726 99.344029321930321 99.601810186448034 95.835321849534679 93.943375987901234 94.428782550614599 96.160788967679053 96.987962797079945 110.52570975047362 98.505143627175073 98.173312478467722 100.52788579765777 95.198950436616457 94.251381669345335 97.152199721243036 76.054390848782589 93.685874868051656 94.587146283776747 97.297490385282771 104.90231132960254 100.05624966916423 96.112735489852469 95.309334010856446 74.419417602988602 124.06511087210788 108.0076344824723 82.682413979220911 98.035170819240605 99.821527495903155 100.63097282485502 96.188173187515915 77.189050118370659 112.03413858909512 109.64917341080252 111.20311191350464 94.674773763604733 99.225953630749402 99.741926676360123 107.11338987474925 102.41797065160054 109.65108189308944 110.36390000174735 110.15949075017015 108.81194196323409 109.02817133823588 99.300661806920999 103.83006555812484 105.96666897438139 110.87470962678671 109.29966067378425 109.1084890869338 107.89145134646354 105.85462535810102 106.8384562415943 103.80875030607534 105.97284146163106 117.86778896596751 108.31020858471602 105.64662581984905 107.8968589246044 107.29318601757893 106.5743362489151 109.86911646927408 106.75988391459951 118.17594110614536 148.88027953102551 137.32202101475974 105.66051290031345 137.0265031690177 103.51379564318617 104.57330417671493 107.81898881447226 138.09062417469383 136.82999710242555 141.55147739358762 136.83077277835685 136.02664423919606 135.74539712081761 134.45880357030131 120.14462845884411 138.04212782564505 139.28780321750108 137.28505123737264 138.99140432057985 135.4485070771683 137.65718266719534 138.77802342077555 141.54437423248717 134.62160542118266 137.62363385243961 136.55602591696984 136.43425735763762 130.58790467730594 133.21453230155805 140.18317369384738 143.3544434550476 135.64192052799248 135.56537302915822 133.73711332820974 131.63520015521664 129.07918193433522 128.2471895769678 142.65707963549508 137.78714917143708 132.95678096772784 133.58297868947764 134.90559670258554 130.17812014077143 129.68160099052338 140.96341936686051 142.42997965565738 142.29902396607048 159.67760521645167 132.67904564109239 134.26304989327375 141.23731619710185 144.00363968726276 152.10706003310455 146.88303757423446 157.59679278747967 140.03233748177189 129.53270467801363 130.60489139486324 151.24503763176133 153.09302255724123 147.84719376022022 155.9782163694554 157.10690133635657 140.54997199633127 131.31469561364742 152.28435762938656 152.65663339243585 155.32171026522573 151.0723909551738 146.7394866579439 120.52490660753662 157.45116147124389 158.27529826294162 133.7025251379294 161.42821977750756 156.06719097762812 155.47196833915356 156.78179335825834 158.17274980984899 156.4933380346217 152.24327757159205 155.16910243672399 154.56571826131579 157.32918491178731 154.0886056892806 155.38623004536771 157.15017622592075 154.6552578728641 158.28565419595984 157.33546233865621 155.73851178524453 156.595148632215 156.4722947667166 158.62323282417745 156.39739400401822 153.46933923810172 161.43671177473792 160.31014726720736 158.23160630320427 158.34220044795487 157.6092884990648 157.9351492442286 159.02160413297375 160.57498252272046 159.44867493429419 159.80875685090612 158.96400917191173 160.46338500265873 159.43913102076837 160.20745645849712 162.11241408106673 161.56022768443347 159.53353914661625 160.88691279611669 160.10557285538428 160.90830643904636 159.65207285248309 163.12192235186797 157.97267900254607 162.95615026717221 160.59534937538581 161.91635252961251 161.16443886987375 163.78717455955405 161.90473249364007 162.75083100514641 156.83553966917617 162.46418918887346 161.84509383125973 163.71283279716872 161.69039906465648 162.63342778181368 163.67276303229588 162.30443874975748 163.82762035161628
