# Created by Octave 5.2.0, Fri Apr 02 16:07:57 2021 CEST <br1@br1>
# name: ptcls
# type: scalar struct
# ndims: 2
 1 1
# length: 2
# name: x
# type: matrix
# rows: 2
# columns: 320
 188.90438956178758 77.233497130951292 78.202902190881616 53.220841729722807 82.774121466891529 107.22490110297346 32.0488679035087 60.650654045251365 43.518304612575093 115.64053637607365 82.77977281694757 78.398340837320433 99.969900161601771 106.06693487267847 105.22827576971822 109.41899133969569 24.07290037940168 62.361871622492515 79.314785129841766 80.199608586901803 81.352078101863484 154.92773843893764 106.41656078156781 157.19977156525965 153.78343943220446 141.54249764374833 154.01662715197762 153.95024848920815 162.18037112288394 157.12492881823192 150.50220717519358 156.25178591447596 154.33508642512379 142.58020215766612 160.85813556689732 153.87129435731356 156.13559755176507 158.89657637044218 159.17314815059945 155.93879138183632 159.22779500661466 160.19588389330079 153.38648392430898 162.02364531775967 155.23878665935428 167.86201607849242 175.22643380139925 174.67783962873941 157.13827952601648 153.22076068576251 144.93063904060915 158.10865685567265 160.2766009186615 157.05932102462987 176.32843544544392 179.71270982240586 157.99291970237019 163.65759070719702 179.13023020270111 180.82814035226025 175.93335865652591 177.47721503082309 176.98191805572196 175.69774415706505 67.618174864609685 68.561529564829272 67.695428317579939 40.261820884812693 68.927755480247683 68.686671486269901 70.216646864842389 23.5076483454068 69.532965631413958 69.516554327317266 69.583926756713652 68.506270279213638 71.358400351872092 68.415751453526013 69.482407601184846 68.964340534631219 77.512582322971866 75.497252956708834 70.970601387410554 70.486586558119313 70.69075904864728 69.879507488191194 72.29358101712063 70.890888194007687 79.269087769308555 76.52102744231027 75.07765176887861 70.858819718560071 71.760279890145583 71.498951142376029 72.402213178861203 72.130595488389844 104.25718443121276 53.712573480005133 76.664559282550428 72.084746811524965 72.607013347153895 71.067446888016278 73.476798799487938 69.949454830400867 79.846060272715476 82.138845637919331 78.68048684119853 72.870660217868846 73.889167375073939 74.384089334726184 73.288498453423855 75.45684328415021 78.757081680791188 85.971636325590765 80.516570998982331 77.342894329922146 73.889032342457455 76.657747100943965 93.196622298633031 73.805558317910638 64.80735195828035 83.123197611087249 78.209201387386855 78.663217536920811 76.240786245303227 74.653425840254172 75.003317385383127 76.299049685509203 117.81215970506808 78.4377053461467 78.914018019786255 80.942647084921845 77.201799148592173 75.055051724397003 77.366043599440104 40.777228270518613 75.254157617962264 74.143063342586075 82.822986086624852 97.711551895124899 81.067964047045194 78.495352797181297 75.856767976745431 32.944618505303112 122.29618451649355 123.47056750686191 39.053286853014498 80.959900151231821 80.247445722914136 81.736897571693333 77.656263615206427 41.094911602028503 226.58576344670149 128.99538987743281 146.14263734428596 74.428935811868982 79.071883933296306 82.032419755017415 106.69227128247698 25.204423021773575 127.74115640547971 117.43918933611909 100.77046937692333 98.73880816356214 63.803082846079192 80.846546697095675 44.850680935811553 64.327300932353424 121.07848219104825 125.25720750226618 120.97636425682656 66.109346850522144 26.40794403702127 27.006912169631395 89.560742151509231 65.051469300080171 118.81645945168182 102.96521760054871 92.081455568960706 64.524042778368994 94.916240068942059 125.09645469799779 122.77697177964006 86.197705608964341 90.931122758951716 174.52976109779738 144.70080795803764 63.279612533933289 165.98944033240826 43.838862385394812 44.754832856386493 65.368865031384161 144.69337363894934 147.8591337048174 184.19731607061445 174.91199471286063 173.6943200356101 155.64412185196437 124.05306504788278 126.14174361505107 136.79173508062743 137.79020563909867 153.8118023570436 172.65488699931998 165.17698486737106 153.27949313072722 154.62669734777876 156.15084590976286 123.48951956294891 130.81114127871146 158.15765353272658 162.92639491386629 157.07652182405502 117.51095157567235 155.46975689575351 157.72242860894841 162.67738856085268 118.16363388968233 158.25273552002025 123.53185282134353 122.7612634317565 126.41235215551531 158.12252291027951 153.05466085175578 116.58536328136134 122.37409929157297 157.76670288088948 118.60814545896892 223.95984673462061 156.65696940712917 161.6303475118635 155.70197774325098 189.67878530540409 116.25710586642465 159.11055643783479 154.82526277393609 158.76259840529073 172.73714170418745 169.68169344237089 177.37643307639917 147.6201639588983 89.324720687722845 128.96908149897487 174.05228464201454 173.80465158762823 158.33396686695406 174.89039783828471 176.21164261355585 146.63894471774478 124.00286154344235 172.92607833721092 175.13376058254281 174.33611937039902 173.23082722109149 154.86226377043016 105.48209064913337 193.7924253792323 184.80725416509418 105.98138200253635 181.82656456152108 176.39048816585054 174.16329711682241 176.91301679883316 179.33044169437576 166.71551062910822 164.89880827745139 162.72563897234878 177.71555002213046 177.91715861956141 173.46770247569862 174.21822268785144 177.13512443539432 175.30338741567044 180.76912679272525 178.32421983239595 175.48959725184605 177.07147867956382 177.21149774503172 178.78361826704219 172.01937495279796 176.18977504975953 183.97079716387222 182.29647965609001 180.78069362767684 179.74909840979987 180.21106032728557 178.54569451973538 177.99422536884839 183.46538023179096 181.49476560930523 180.91175421484914 179.8606274391995 178.91926481208688 178.2864324783082 179.89307061188231 183.65804173840047 182.62545314251366 181.95344322805795 180.50136098086384 179.42991925397283 178.98515864560346 178.24942737723953 181.98381487901651 180.35436817911335 184.60560400795416 183.33819098302737 181.79801640283074 181.1716554637263 184.48130423937803 180.95122252435351 180.66670712959598 171.08600365952572 183.45340322810625 182.89394124917592 182.2931632644808 179.92591740315879 184.03137095095545 182.56331307399853 181.80965935168095 185.61915831005493
