# Created by Octave 5.2.0, Fri Apr 02 16:06:46 2021 CEST <br1@br1>
# name: ptcls
# type: scalar struct
# ndims: 2
 1 1
# length: 2
# name: x
# type: matrix
# rows: 2
# columns: 320
 161.15319663236812 87.612499161329509 86.770019020904371 69.044302763711713 90.793021962137601 107.04122647897857 56.576308469370282 75.289189419370956 77.835258582693157 110.08750858665083 92.816979496539673 87.908035108291514 104.93585412175642 105.9387191123491 107.89403424728263 109.38244017264337 67.911485962425687 92.390647679642655 90.60897829140967 90.588118341471713 91.821167671426039 149.49873195355292 106.75592361509925 150.59504074254184 145.51394375710458 128.12829030725663 147.44538671248233 146.3705142038113 153.83887556681196 152.68756836796302 141.38304417041192 151.95373613861949 146.38399466328957 122.6929522480832 151.28277605285041 148.47491193488824 149.32022671490748 152.79778798699058 152.93525126228192 151.06201321244313 151.9303983444162 152.25712675262844 145.51950683345487 151.75935862808225 146.85807175205468 156.49801719326481 165.48704766875841 164.71426280198523 149.67349576475647 146.19770120149144 141.16324056408172 150.22206093886672 153.08274241033209 148.41923753279261 165.79193685045112 166.72498704458548 151.37983129832563 162.52444528458167 168.127590150473 167.78228453215806 164.50446121546631 165.94413036160105 167.37497832611763 164.37554702974464 77.014974802723344 78.239875056187756 76.740071289493883 57.383945010019971 79.009987233826692 77.554653006132767 75.945600189486797 8.7082844101965442 80.126880842237924 78.625229596158405 79.245495933050805 77.91606492225911 80.779338829459235 79.043788614017458 79.6001593690834 76.584269426897606 86.843302875849304 84.132904851710819 81.956331366554295 80.066500564234644 80.424992841763213 80.518021557526907 82.142712193531324 79.83005431778642 87.690117924395622 85.691420500590326 83.197626898526522 81.319593213236686 81.685493118862965 81.122178353949423 81.609067815883364 82.191795933847388 109.21381950117683 88.223383712578666 86.571284966420521 82.387895156451677 82.231371333840215 82.717735248829968 83.162481918233425 84.357736802149788 88.237878770658796 89.905384934939903 88.627796263420791 82.808023898104921 83.413189027048873 83.909230612589127 82.757902663715669 85.014303783269185 87.253845725374617 89.282870419966699 91.768354483318291 86.130814457465561 84.040726595142331 86.196175005334766 99.778430341880608 83.615578153247256 88.700581163807598 90.553583082255315 90.0928834773988 88.284035236485209 85.047594048900137 84.13752808719002 84.591046123729001 87.297720660650612 114.68197835297107 89.431573026209264 86.99970953831243 89.770184543847847 85.629769259917396 84.508707558818514 87.293492299882502 57.622053974700826 84.515868336539484 85.199068637115758 90.47414441885509 99.481412049083872 91.443796696636142 87.371636310210221 85.25595751999164 53.996221077613171 133.52103054601241 113.66591588548731 61.198374106467753 89.397230176143012 88.218040240813806 91.522784817873557 86.26496552527081 58.03891532399075 157.23552356317026 121.9852311564981 126.18039067527236 84.119930068323114 90.446892917382812 89.571203707289953 104.76858850550902 69.197283175772185 114.96727141420138 120.92980616728937 126.6791283979412 115.71976699040111 89.748716968350692 88.202078299898247 78.625788097408645 87.759948332860759 114.12415504603298 116.47986089840326 116.80234698394426 89.216057348513573 69.183030553995948 67.981500628584229 97.565144227673414 86.492006025496224 116.64260508886238 108.75167839576277 105.90262212007801 87.414547473450241 99.527604830204851 108.95969006516883 115.87963765498642 101.45297171427809 95.201629485305389 161.27152498646126 135.32898194044878 88.744701994968011 146.13193182945602 77.381568347492319 78.935891981260497 87.523035535773062 135.91834101085269 138.41477555833694 158.13368781040998 145.45946206076027 144.6591974320188 143.20173294743245 125.68673208852542 128.19810340034465 133.78826394260327 135.15295879836376 143.44177832287551 147.1956106000317 143.46996256633861 144.52618233837737 147.44347030800162 147.268268629592 136.28131746533924 134.44523675442292 138.91120318117103 142.60812658876804 142.33705785764323 131.10461795009809 146.58232473874708 151.84691171738567 140.23271154035459 130.82507751560308 140.48025637184554 132.40668150684292 134.663605767532 122.81945457772598 150.57442221821091 144.52973866134408 126.95942879149621 135.66553126397835 142.23604937736616 130.37929446505902 158.35352750441791 150.70374903108615 151.14132515903441 148.51363217107544 174.45091359358733 132.61376295442159 141.34038655958616 146.65121391466516 152.60845957064197 161.64641980144759 158.84236333602527 166.835237819707 143.18979393672188 115.2499862341393 130.99477791853951 162.76543979616011 163.7673036265717 153.01113506277855 164.83746498621696 165.72721048685599 143.87579969933225 134.31417656360227 162.68178329509115 163.78631939439009 163.86713614249587 161.73709597499297 150.95629239742047 113.1174593552926 168.38209307858591 169.43153441738897 120.05196223034949 169.43002049378765 165.54254323630056 163.6333471456129 165.32383108474966 167.80077889916893 163.23430748512106 157.97415800904633 159.57763952061023 165.99438276789056 166.82999303107968 162.69941636673704 164.37891511247281 166.95266571334216 164.83207429203031 168.62023539447364 167.68093063614884 165.40089996310783 166.53918289599278 167.18651312228295 168.03662159634266 163.29892043812345 164.74988197782397 173.54931140535709 170.16689904703665 169.12641090645744 167.98805116144271 169.11627518321933 166.76265379182817 168.01680408469602 171.25681581216907 170.07012360748064 170.23439484982407 169.22417262582758 170.19877599321688 169.0584516686813 168.69894807574047 174.36924898879721 171.41520583035287 171.46444678611218 171.32745481541531 170.28085358380937 169.77273756230213 168.9037838012662 173.64367679912672 167.76382637986154 174.40660364844754 172.41904829265809 172.44412894500587 172.26801949219086 174.84804897357571 170.93602613871113 172.32152823303605 163.85281360381799 174.73281311111884 173.72577001549755 173.3118499174436 171.31686250167655 174.06376537845276 174.04593498780184 172.95602449893781 175.04085590112552
