# Created by Octave 5.2.0, Fri Apr 02 16:03:34 2021 CEST <br1@br1>
# name: ptcls
# type: scalar struct
# ndims: 2
 1 1
# length: 2
# name: x
# type: matrix
# rows: 2
# columns: 320
 122.0867635389254 111.04835638812769 108.87323136739295 105.7689026261785 114.42475371724896 116.69593609146914 102.82891256088274 109.2637006234894 120.85601711144145 117.31554281507157 115.46745063062872 110.0753321406786 115.52680552743156 117.60804254034623 118.65395197718689 117.88731154056164 121.98573962600472 120.7637390888374 112.23231799605406 112.3923176481585 113.47086039797966 133.42737447149901 116.5609034469921 132.58404018846988 128.70498138119842 123.97117194115265 131.53853197637289 128.77874283994248 133.20436186212459 134.48040655271674 132.19973527214324 133.3920357279338 128.2106008097094 124.51174515173051 129.8924057483475 131.18569411464244 130.15999197744659 135.12632540020959 135.75688285610713 134.50111538300135 130.06211352065773 131.72135125423705 132.445232673015 130.41502426179818 131.19925155206275 134.94084581200423 142.73795767167937 140.70776019085187 133.53142333920357 130.569425556341 132.78964342367971 132.44461739520588 133.89988872741051 133.18417944746091 141.69333340948381 144.00239024885749 134.83468248884088 133.95274657703774 142.42377350500001 141.61610937840868 142.64840301986294 141.76038268410909 142.82348756154843 142.95904010081611 101.57140545913832 103.42429942232823 100.80916579520689 97.122606225986118 100.17114365668438 99.159627157458587 99.063613864598977 83.478098492232931 103.98986284278671 102.86438282819545 101.84249078056907 101.07649990996994 101.14153621433996 100.00964029041346 100.06670261211147 98.151626291009222 106.83316893441187 104.57080486641284 103.09853919757556 102.07465579772122 102.08510467825363 101.07633985615524 101.01298288214406 100.16247726980772 105.78798284160678 105.6416017982306 104.29957976783646 103.0272017454446 103.11306067236117 102.27053591741465 101.99333973696092 101.10492661506272 109.05302942897221 110.24039427344741 106.6680932853403 104.22273320027314 103.69033465901622 103.1387834866246 104.18225679239988 102.32847039090585 109.5399372505856 109.90822284710308 109.39063475720313 105.09540374301473 106.38506496985764 105.27366890622672 104.84866352351601 105.49514668272415 110.64432822583311 109.54244828814677 112.67465950807293 107.69644412927867 105.28835869749308 106.580262567999 107.22989069845386 106.06533639161633 109.27038921469544 111.49935408015301 111.15373717339766 108.57887868686161 106.66523321022424 106.97477558029389 107.67910342164855 108.4377868692132 110.17826424842529 111.02968114523772 110.41792919194546 112.8585230043239 107.66605318475784 107.42510691765067 109.27827331782909 101.82535340618493 109.05454279210026 109.09919288954536 110.55675972575153 114.5673822535406 114.13132211117045 109.77288250246397 108.04840118023212 102.85479122678055 114.10752757487798 111.64766899167829 109.12089246231365 111.02688188505751 113.8562725218672 111.08356982585082 108.68147153390063 102.92898170781356 113.57723719612329 112.42447064158746 114.69220319041476 108.89393323227014 111.70146372583196 112.80701525557791 115.40288667807073 121.15839596413316 112.28089762203375 112.96972561510611 114.22171307479307 115.37471599683943 116.33019990912392 111.63267471177858 122.39535282258522 122.36494904406321 111.70538486624091 113.44167228231311 114.62244191956465 115.6902425472401 116.68107742153268 117.75323035601987 120.34126707705795 119.6414086672857 120.96465054244688 113.80224197374935 115.05475371728978 116.10167098162451 115.40429391985909 118.42157701615622 117.3396542467688 118.90515852943714 121.69872965013157 131.62785316614958 132.29737257645721 117.22569670572912 128.33518185479414 120.05019685358434 121.16372624194621 118.45472424688931 132.41471079476909 132.16673333010405 130.47392121791924 129.30376868594055 130.64162878235257 128.04700391718961 126.14794686134404 123.37573766802456 129.77613733935291 133.53394850842631 130.11183760708559 128.67787092274111 130.91253210347548 129.8026263294511 129.10407544491429 129.59186018486335 132.3791564996346 130.86560593779973 131.79664903334842 131.17403032878084 129.86642471111895 130.37828612968028 130.67051888463394 134.17199017185217 132.89999894265171 132.14108793352952 133.25840315366858 129.88087818321185 129.56733672988619 130.63202529454878 131.55473866284748 132.66876612091096 131.28648172948624 132.32011145653149 132.22425547363085 130.40217369232133 131.31054599993155 134.8395467772757 135.41928566390487 134.54268039400404 139.10861432213201 133.29439980673038 131.89124458697373 135.5645294959406 136.51382182126954 139.55858764232977 136.44725134953094 143.49101953020846 136.0829732323908 131.755253446903 130.98679338406959 140.29756818500303 140.77282622868725 139.6091875079143 141.71176595104521 142.1419013380727 135.47260984118043 131.50098280860405 141.14499057478932 141.43291042153618 142.41124093335063 140.48906850842167 138.24846943720885 130.83835239719238 142.59247907567288 142.38184708248198 139.34365590790938 141.67003942580138 143.33156631173799 140.88114558681133 143.49550959230291 144.49131930318327 142.41425344477528 143.73264826448047 142.20428862480557 142.32620554139271 143.04339870289641 142.03101169994 141.95646280010584 145.11049222475552 143.06402829105471 144.24398397339036 143.68567591687409 144.38055451183956 144.09342696669248 142.62584654585763 143.61237351262761 141.52534018424484 141.14419070794432 144.36039368432489 144.82825574856216 145.2756415135822 144.74420253150137 143.74660974068462 144.42062082610897 144.56883077271505 145.9250116851008 145.63883053977932 146.38113732990217 146.13041559871527 145.86928254289657 144.85244256603218 145.71601985881455 145.58883683127814 148.08685773327099 146.94984456073379 147.13353391968332 146.97495930353887 146.74712807975803 145.5763636370753 146.72251023518345 146.65262424750182 148.52141964867073 147.42889544837169 147.96278660680525 147.793780485697 148.99494031029988 147.81621028214337 147.71149198850802 146.12111864127607 149.19619915696654 148.29092645079166 149.17781851135152 148.90180185195723 149.93653978172395 149.82535550322623 148.81626305136368 147.5137677747598
