# Created by Octave 5.2.0, Fri Apr 02 16:04:13 2021 CEST <br1@br1>
# name: ptcls
# type: scalar struct
# ndims: 2
 1 1
# length: 2
# name: x
# type: matrix
# rows: 2
# columns: 320
 126.36436692344387 106.83188054548941 105.23893281522592 98.329514229601628 109.54025187352399 115.5170290431724 93.500847328089051 102.38140414162618 115.91925663427345 115.35388975596051 108.84808172304976 104.27783219974651 112.90613273528599 113.62134265931469 114.40106472233403 114.92135375710536 116.7684206021095 116.96518048853733 108.36519484196026 107.57200908299937 110.79181827999521 136.75737773282535 114.03873576915878 136.07546241266965 132.95022322296941 124.56853145138095 135.41637416882131 132.34234925770369 138.9443605939 140.00414563135291 135.52259687373481 137.83115604540211 131.96215174691204 122.8567183698233 133.80829151927415 133.77724583059586 134.79774959637192 136.76933586843069 140.77847403793444 141.09704723748689 134.97329779945443 136.14366751947969 133.49447547275821 135.78967377178435 134.58900796383452 139.40341174322532 148.66766910948073 146.4467685214382 136.5738070495415 134.37835699843816 135.49567817240626 135.62604003785671 137.33471207023371 137.0725939327977 148.63419206877563 148.95544903020934 138.72918184704417 137.79770694736288 147.18344235478958 147.30098131362439 146.00223409553902 147.2668439632476 147.75887251351503 147.60424376195769 97.697352096617266 98.444259643681519 96.599298689206165 89.072652346224487 95.498455210062815 94.38572841813783 94.893809285006483 68.331801748929138 99.464888141083563 98.725917211777031 97.744186259662655 96.589418589037621 97.134601538234151 96.00920783210492 95.700564318043419 93.210563678414744 102.18894014697192 99.992731323069336 99.29831771123321 98.344946711194325 98.131521425375965 96.791016780334473 96.649980929255989 95.647414093385308 101.09705828406851 101.19653013240833 100.32876468320688 99.358332427360054 99.103098126562301 97.645645542398469 97.358999183506427 96.381814711937153 105.25434434845774 105.35237482658565 102.1536366140368 100.38451108718814 98.59722778423702 98.615173073647441 99.857590480409129 97.396038206332463 105.95778057505444 108.28999927128427 104.72574557500604 99.898004822276178 101.25935759783145 100.95528293037708 100.78019057192728 101.72445424330411 105.81385452194753 106.48111251051739 112.28295656628292 103.22054122714081 101.35653980547013 103.0172517537998 104.05549845517542 101.84205035247899 106.837469102358 107.98683977192746 107.54214196129502 103.45971246833729 102.23607728949864 102.13362842556728 102.9175032127431 104.06061001705399 107.07591414840812 107.24180350908911 106.21813954012323 109.99962927603305 103.60311886883984 102.11994692732269 105.31236099410465 92.402986487594006 102.47301607941161 103.293663513097 106.02286683620152 111.01715127598921 107.11060926460969 104.23636235122872 103.18846221148227 92.957395987560147 112.66175807776814 110.08252446397643 102.24620946060121 105.9500117536891 111.92924167830866 108.24485219431139 104.59018393393131 94.262063042061143 111.8976432853636 110.07990387246932 113.29636156290965 103.54379825733326 111.16707916271129 108.426236504527 112.51506966921532 115.94195674600017 108.91420027900598 111.098854150764 112.40752360597125 113.40295376213457 113.63708717349232 107.06193307271126 119.09261831718877 118.05759157910454 109.00024882343268 111.58858414134106 112.56336356899837 112.65066186968288 114.05175945994246 115.01338604983879 113.77251538393107 118.51882410164198 120.65359376120294 111.60510801467544 110.9939529750346 113.20591972969663 111.89868553464188 112.62167673748176 114.67318714680071 115.18198848468072 119.70570931762256 137.63284134839921 136.61736499462799 114.10504553581484 130.22991468840601 114.79529937547018 116.96843613525975 116.24359718769136 135.81620290650409 134.56196420046052 133.34134943119975 131.47103076077028 133.72536005097834 130.82264500827102 128.9954732820716 122.088665046621 133.05806435174827 135.37470540595805 132.89481853424113 131.97295050926536 133.21118700936708 132.62674082859792 133.16059500718504 133.91210212431096 136.37759798796552 135.26220925470247 134.31291778201444 131.93779825927732 130.11779095720348 131.40205240454102 133.79696082984466 136.73155000205546 134.88584313016688 133.95139758815517 133.60935452520198 129.89493619652481 127.85318352849335 128.30280018508074 134.36728165549383 134.9538258851143 135.35265098048316 131.63589903955639 132.86816986982325 128.98741991898851 128.12267196227364 136.05595605425222 138.75698022162769 137.70923718392882 146.2679868433593 132.44673858701037 131.74052646568941 137.89831529125343 138.33671384577755 144.43301239201125 137.98185107762373 147.0726618282809 137.9916189442296 129.35120214655407 130.51683025477698 144.99215095725322 146.08244348526688 143.16645865241722 145.7167363363076 146.02709115102775 136.70586337511776 129.11105016341961 145.89136067608558 145.77289428682141 146.86475220462609 145.51576252885184 139.18015588270129 127.24858949803505 147.58514254855288 148.0929649095462 143.14897163210904 148.39875620042298 147.90673439929719 144.66181898313747 148.26881091185606 149.43286152653647 146.5427664369706 147.04140148221046 146.27934088508565 146.88842888660747 147.69919879972176 146.85420876577371 146.57972455497517 149.75765281270708 147.32697883432033 148.06703532457948 148.03346899188168 149.06193567825244 148.74956189083656 147.48586680233748 148.0671442096718 145.03505729805678 145.21994153132832 150.08331811593803 149.00685568953932 149.92205992443567 149.83010523779285 148.68183205692907 148.27515898046161 149.36049725411192 149.96267122600852 150.01490097800644 150.98075220929118 150.69888331495895 150.71382377230807 148.7969300830469 150.16777385636559 150.42097133084226 152.36469586450778 151.11918584889568 151.82095539693114 151.62136915088149 150.95636869128654 149.83842611634876 151.96861801975956 150.8452670702053 153.17580341188028 152.0791464955401 152.5611920956554 152.48278681589315 154.35170336029486 153.11890224326967 152.52158331516256 150.78369950865059 153.3663517261617 152.9879150061937 153.60728607277832 153.58000531312274 154.69459142502589 154.73841575466554 153.7556851588092 151.35442547087604
