# Created by Octave 5.2.0, Fri Apr 02 16:03:34 2021 CEST <br1@br1>
# name: ptcls
# type: scalar struct
# ndims: 2
 1 1
# length: 2
# name: x
# type: matrix
# rows: 2
# columns: 320
 122.01886507250447 111.06831176891119 108.94086449580787 105.8869881562829 114.42861891513233 116.72418376805362 102.9909395808364 109.37294342478882 120.95536551205019 117.34478840905983 115.60240919943395 110.2312037917483 115.58947562575912 117.68985445702178 118.65307775147801 117.98444583619148 121.98064134273717 120.84000921072128 112.30262386642667 112.56394444672631 113.61056740795658 133.30943005715073 116.57012467655683 132.48385928740592 128.70977463917359 123.9616900441649 131.38804578731106 128.72217765870818 133.08480262696065 134.38772425738756 132.1638554862476 133.29614274472749 128.11341844271846 124.52457839982198 129.83529380898545 131.22786513284527 130.01330640693953 135.12885982542164 135.61194078881346 134.41860655869283 130.001018973886 131.72738621560214 132.43705237165449 130.35881199670737 131.23415372244139 134.913803129982 142.53768591113223 140.44455276617452 133.45060555058615 130.49335059971582 132.73889446755686 132.25273669888512 133.86957361884998 133.17013320554 141.4964733172086 143.84694627186261 134.73354938841965 134.01235999970345 142.40556710922252 141.47788915506717 142.65212404238486 141.80153740363994 142.74918095558488 142.9875618461918 101.60058039540044 103.52169565572102 100.91475101253731 97.25038327169662 100.23911845908081 99.177579320793555 99.183681134201038 83.718515900856801 104.14694288247847 103.02875196553795 101.9788908207661 101.09511076696579 101.17443740660249 100.17507916786181 100.0942708764121 98.160911114615075 106.93782694110995 104.60773013547251 103.21287126796872 102.08888890746343 102.15580351248357 101.11630559660655 101.14735457133688 100.25028243058962 105.84639299444204 105.76021449164448 104.34829923070055 103.01412901549121 103.17811683584426 102.29861035196133 102.06663920723527 101.27941718061504 109.05811808136987 110.27379084583895 106.75413911147818 104.28060646551707 103.78727472771652 103.24780367148377 104.33923699225221 102.35746039525731 109.52800300592143 109.95927773213069 109.34729573939181 105.16949228468303 106.40532545063739 105.35697725765745 105.02279898847628 105.56796047860101 110.59734919755586 109.62349153616424 112.63467939010857 107.74556888891357 105.37823554743824 106.77973821364156 107.17976494867186 106.15863504535402 109.32705266002775 111.53366185450143 111.30078695410691 108.6192293551352 106.71251394086879 107.0360454680871 107.82121092735682 108.40777822725823 110.15181064439643 111.11981030330125 110.41730992242798 112.92325480939772 107.76929032694736 107.46971619054125 109.31791078901776 102.04147240877087 109.0853967804988 109.31612636321617 110.61296836575987 114.5542412701737 114.21647732420882 109.75323372464412 108.06271243784217 103.01189273851421 114.12701479962038 111.66782408850381 109.18787722399721 111.11606203838383 113.85189210300825 111.23311184620015 108.66780365475198 102.98603172999046 113.70840213435483 112.55562214898954 114.68191890284808 109.01709641582151 111.7985767163659 112.85707991770002 115.4506167994471 121.10226054804453 112.28977059595886 113.06781067850775 114.34838273546028 115.39680310038368 116.46326841178691 111.73802032404079 122.37934671195336 122.39077458691416 111.81803013122142 113.51547357256798 114.58959752354328 115.64423748184861 116.7015994211567 117.76685253556902 120.38238989600033 119.70442989708418 121.02760102969728 113.85797594770101 115.08212417755371 116.19222715864973 115.53110216600949 118.54941617099244 117.46972358824586 118.90040171557509 121.67235181548045 131.53253589341546 132.17962786032524 117.30323841976997 128.25577851479105 120.00906408462353 121.20452191297535 118.50787392338749 132.34705446240494 132.07944223470761 130.34761722406444 129.23736368854415 130.6838181059062 128.10331615603792 126.12592991744761 123.40960441046184 129.73230594832702 133.50418548148554 129.95585701437227 128.61692583624534 130.95197247901939 129.7953035022218 129.03070525219707 129.65384069061869 132.34126041942744 130.80885016400285 131.68034181863516 131.15721294323347 129.90420504123003 130.2356719076873 130.65571412518261 134.12263735569303 132.93691553247237 132.02732258316593 133.17695316595248 129.95333961749967 129.60897626856476 130.785426497369 131.5377281694845 132.64148444886271 131.26062523458123 132.27615092054242 132.27243399063522 130.53644206958413 131.37183045675474 134.75872212037095 135.3330558467662 134.49266627334143 138.99497348846174 133.25286433481568 131.93364617101739 135.45678409150261 136.47467403809949 139.45730648493387 136.40941588636957 143.36636797396335 136.05827016627882 131.72770524382966 131.04537824299604 140.20313847344141 140.71786879848511 139.57754870771632 141.626269775672 142.13550138435704 135.44744149069277 131.47854159921502 141.06489432270382 141.28867071316694 142.55763358381552 140.53480976544796 138.15375181824206 130.89533276067104 142.47513865062433 142.32928621705517 139.28012592801736 141.58848616879553 143.28892788023359 140.78989365816008 143.4075380788081 144.58184202219743 142.36345017185235 143.62275453961416 142.1677373968771 142.32990225033217 142.89447463019044 141.91422042652232 141.83990374358478 144.94103716379391 142.96569602273573 144.02861613909636 143.64957120903199 144.40885496096629 143.99907848076379 142.56049982740811 143.59132250289977 141.49825825463566 141.05415033152622 144.32262210939729 144.71227199293989 145.14495755136227 144.8002685740617 143.71662064550293 144.32599170590842 144.54213971361631 145.82820523967087 145.4529209061572 146.28970682411531 146.03541496094354 145.83768892132159 144.73911701511955 145.55198529470485 145.57891159620792 148.05094464506445 146.7350390915297 147.06049729152892 146.8762041358948 146.65058503587528 145.52191815503619 146.54722848483087 146.56458238416087 148.54993529364654 147.45897883732849 147.93073395223252 147.83091774047506 148.8384171224416 147.72917860078206 147.64460921460127 146.20861852105114 149.03179983108933 148.19660846762187 149.06639660847142 148.93091200114031 149.94401120453276 149.7459040241489 148.63120143672725 147.41663347821071
