# Created by Octave 5.2.0, Fri Apr 02 16:07:11 2021 CEST <br1@br1>
# name: ptcls
# type: scalar struct
# ndims: 2
 1 1
# length: 2
# name: x
# type: matrix
# rows: 2
# columns: 320
 170.2963440549367 84.359379121957232 84.151583354446302 64.08471049932713 87.95189506528807 105.78102046773444 50.695999210704962 70.700991764795475 68.538663546257723 114.26378934760234 89.925550024117769 84.6974024632636 103.37936108946914 107.34779805403089 106.91062293783624 109.39389650858514 55.245577226523721 82.978643243819477 86.170768411726627 87.129216408779271 88.986312747445254 152.27010977296462 106.67221466975748 153.54123234140883 148.03792743710954 135.0301344263205 150.00516809474328 148.7462518156521 155.92159539781687 154.48191186242394 141.54389821801553 152.71210900484218 149.11176857845439 124.69829028589135 154.00932916744159 150.36192882077736 150.9179363611758 154.95205434966019 155.04853377949297 152.93500686231391 153.27127494840713 155.73344800924451 148.00943483429924 153.94759771359034 149.44873195155776 160.0598675901272 169.55591113909628 167.01687707342307 151.94282809341144 149.13300613516623 142.34406695224703 152.92125708526419 155.43728119405583 151.13006072217996 169.8505009087701 170.9920348765493 153.58932667559358 167.94663725063876 171.16212754297428 172.50544276010899 168.35937085461433 169.96950434485925 170.10528968983741 167.9025796083142 73.716730225451641 75.11399383572207 74.678965146613507 52.017309090178884 76.102157333799866 75.626237306818581 73.654560376068048 1.3892467520075074 76.84785789924797 75.80859576801619 76.57908211865302 74.563519764762447 77.831437552458411 76.130773435433966 76.760027367751221 74.882405568992468 83.496088941378957 81.177110693624542 79.209151998877743 77.389858093124317 77.683275506016031 77.387105233744649 79.241826939791792 76.710562603611578 84.407932491987722 82.299038246268424 80.438385427305448 78.630253544773552 78.667677323644497 78.469232981892731 78.470197375344597 79.059345483193326 107.73434763252071 82.236438294515139 82.994901933725359 79.983543674418598 79.655450602807548 79.543726719375627 80.370804526105218 79.902820623477581 86.991970255750871 87.871049423476492 85.192545109122875 79.720355306818362 80.721458609908723 80.808114789569728 79.689116676337719 82.040666944667663 84.221359986531951 85.726581616219093 87.267572147440745 83.150841466662357 80.881643917991198 83.499158667156095 97.71547558205674 80.327426403258315 83.199068746944008 88.899730071212744 85.66781203083552 85.371253916279727 81.953699170720355 81.401380752490795 81.528402346095234 83.031073891382221 116.02477282454717 85.975552079097625 84.923534781162644 86.805918952634229 82.848646595867294 81.777707378157359 84.682666442967999 51.729665785462451 80.8649291346198 81.670478397494676 87.537795288483949 98.926679762022104 88.076790308887212 84.179086399961037 82.49967997519849 47.39795758479957 130.04499274583708 117.69116067759656 54.257376609116733 86.890965851747666 85.755190466661134 88.153360219500456 83.576839026822185 51.533378893803089 178.97216591472483 125.53088958138756 132.43721425809872 81.893744350747625 86.824880543637306 87.721946160131452 105.36291405163742 55.664765677161235 117.94980091953302 121.02202177022703 118.73477435284875 114.33889346404251 81.406375272506665 84.295461781298329 66.531853864408063 80.198586120619396 116.68119500620401 120.1341685683292 122.1266200642893 82.248684841845744 55.604820124900463 53.978980053805152 95.056301785890611 79.881399221727065 115.91361611526027 106.93801157935239 101.57061469360841 80.519033297423263 98.403787566366603 113.96479654868091 118.16081362925587 96.349934527399412 88.355139636650421 165.42294725737349 135.84033991305202 80.95750771232116 153.08211373039529 67.531055852942046 67.607794184166053 80.148006891469734 136.2277666977603 141.37494751469649 166.79910520663955 154.64372100187461 153.57611068139877 147.01349827256564 120.88330097803227 127.55357272137203 135.12990917831945 136.579545632904 146.76178453787415 152.98312018565255 152.10134401151353 147.48999887195768 149.430384774136 150.22696534571733 132.94090108451181 131.11511675146346 147.54245070055299 145.94352388488437 147.64823164760205 127.3836428763163 147.82903982220733 154.6669137570438 146.43745517180167 127.86112271425944 147.42553316134652 129.29197320507231 132.10386509127792 118.88223287686876 152.47590942063562 148.50980739917719 124.65601785317276 133.20979150025479 146.66081678384509 126.61059598929971 178.91731275821479 152.85648258580699 153.91092623871768 149.64277797489785 179.22382860773885 126.7008531270407 146.37846104837607 148.9355010668022 154.34023274599042 164.7169161485086 162.23827548141406 170.23180528340797 144.68287769485127 107.13277653639275 128.96019741670204 165.73112766418481 167.05839436995484 154.67948532975893 168.03898727086238 169.17725603569593 144.47769632965495 133.90259299798299 165.53290647324926 166.96766733191532 166.70978423255673 164.93417197037618 151.66188367192353 110.72428408918299 172.8905629221421 172.0589187737956 115.64178036790059 174.33936348769905 169.43339038098384 167.97347773928192 168.82275020000731 171.55893108075412 165.04309749228142 159.8256732273008 160.65981525549469 169.10569006670099 170.24232053319486 165.88913063053954 167.29420575407789 171.42616898333827 168.25266814242622 172.99928686658652 170.54020728198574 168.37655935421199 169.39887615471937 170.10034018661642 171.08645244876058 166.99967926395152 167.88118393836763 177.25843790910622 173.76873557093674 172.6951058409991 171.28974352495945 172.26486482334829 170.74393774421495 171.02209655295107 175.29322478022092 173.66552981904428 173.31610473129089 172.17435216269905 172.91199165973117 172.06976050197881 173.5493137311276 177.11026898217543 174.68499517354394 174.47664578385968 174.06120517284685 172.97019064664502 172.72871830997485 171.84738793494788 175.95454277427766 172.24932148606166 178.10261924475756 175.70856851868243 175.21102693535408 174.8392793276457 178.45121301733968 174.45756498997702 174.16454994598209 166.11993287500997 177.1133693773352 176.33606164646881 175.84529675650631 173.76225775653955 176.91737660321539 176.32682321122354 175.378525542945 177.47311764618584
