# Created by Octave 5.2.0, Fri Apr 02 16:06:43 2021 CEST <br1@br1>
# name: ptcls
# type: scalar struct
# ndims: 2
 1 1
# length: 2
# name: x
# type: matrix
# rows: 2
# columns: 320
 160.04349579830114 87.999775356492876 87.235572853876107 69.634730414233687 91.207215050974185 107.31695518598512 57.222265832302213 75.835403425868037 78.990362725963806 109.51073092938068 93.591550082849253 88.421286746397968 105.12115091131443 106.05520868665624 107.89158849429496 109.38107632312649 69.846870266445265 93.511124398193033 90.800091376488197 91.090874896418768 92.153290212380284 149.40596827152996 106.60524846090142 150.53794445857378 145.51383130722672 127.31623743972014 147.1291747583883 146.08768829763977 153.41894137776887 152.8061110737622 141.36389487903054 152.33757819363541 145.93919955752682 122.45422152929652 151.38296569920922 148.17953656681533 149.19673083539828 152.32684422888474 152.65411209226951 150.86681169133033 151.4734999313855 151.96552245079937 145.1559645965157 151.6416449067064 146.55412500206879 156.07398738411453 165.26070559447501 164.70537611671321 149.35332540523717 145.81827085887187 141.02266599406204 150.26111204717245 152.54431217913535 147.91942122607023 165.23826309329297 166.47304063099872 150.9645343979542 161.87924694119542 167.76102518879668 166.95295452167977 164.03467703578352 165.39664870063214 167.20042195774255 164.19102347877262 77.28836414671153 78.340985717663429 77.192982951729746 58.022830238572482 79.130887511821243 77.971251463035415 76.283405113695068 9.9103714533160705 80.276256885401537 79.030370554624866 79.685793974542733 78.240460755375395 81.134042243012487 79.264514710755762 79.955123761069629 76.759000320734955 87.337278435694401 84.747099677737125 82.651256862034288 80.519780871744516 80.94005412137156 80.669147575292314 82.117866306173383 80.491946041986935 87.961256396405247 86.223121074662018 83.751608807886427 81.428562415931921 81.957541913266681 81.554173827519477 81.739462657734734 82.757834263558792 109.26016488812076 88.950348581183391 86.827947113656748 82.792043906403251 82.66002555075579 82.888947953328866 83.209002213233958 84.726216270988758 88.440632864455281 90.306764150582424 89.048321642626163 82.976967046251502 83.749893327566497 84.057290594339975 82.87819624323744 85.138001728658978 87.774072035697642 89.432003775204393 92.228090490928921 86.734162339776077 84.111828416188189 86.326417484790298 100.02402019424059 83.769291278775782 88.824984141893538 90.514405918457001 90.655365407021065 88.563516863102294 85.579735000308716 84.276455870568938 85.419775660940545 87.69603464800467 114.52212186825963 90.034627511246626 87.194543887248372 90.07456724806346 86.125242978987202 84.961817583557604 87.885359147484479 58.461608731797178 84.600840610432314 85.634430147312059 90.664525194570842 99.547451607067416 92.001881686827133 87.869388419281051 85.45101268146378 54.781728636281457 133.98072672229171 112.99832924936972 62.024683332342875 89.695583156954967 88.7627189415673 92.00720353004543 86.709211158319491 58.729383427544782 154.64782804512805 121.3852587403866 125.43553072493539 84.719324279366873 90.907258572001837 89.466914675323778 104.69783546430325 70.839221655957246 114.73109848824389 120.22658124023138 127.99990568342466 115.28288840879178 90.57338044745444 88.718244517623916 79.951464004435735 88.830659150926351 113.97889150484639 115.90471996623366 116.27650028101729 89.850071680377113 70.312037962941773 69.67745105905135 97.863815946933272 87.498600733070731 116.72238126700302 108.9675911120021 106.41833728989582 88.722817012615693 99.527831422824008 108.4434454314314 115.60806908662101 102.19403731817233 96.644202298213727 160.79493862279065 135.16079875120636 89.513029128059713 144.98923317444326 78.860639806403412 80.043795181704226 88.046100803277326 136.63219677638369 138.03625619888751 157.38116957863747 144.26551169174118 143.97411999925987 142.72573260458444 126.79721357220851 128.26523800120299 134.37611580365953 135.29530490459851 143.10329745682958 146.23146223510068 142.7568272223823 144.09670930976782 147.02245818629282 146.59015954259499 136.10530321218994 134.08258539045917 138.43954265538321 142.15305398505217 141.66837989388529 131.80187791507282 146.13928684712764 151.42600968778575 139.52538737975462 131.66517241555667 139.78936805156692 132.73664243357686 134.89396007167838 123.83891167109302 150.25072455083145 144.70137970014517 127.19009618288973 135.72586570161721 141.21987258685445 130.75885874357721 155.6263787540455 150.26048169578797 150.87989806192499 148.0319587430549 173.88270942523596 132.75221534111299 140.64346707329565 146.57261169429779 152.01761139687073 161.09330580170919 158.44138770989699 166.76146961937275 143.04852705344175 116.21632072196627 130.77632843850799 162.25971213855206 163.15215251856492 152.81252193575708 164.25002955123756 165.23162293176409 143.76770949961437 134.67402431728337 162.14282276036747 163.2177593729073 163.46910452377446 161.20289695166761 150.73522432550257 113.4023611726866 167.90634249786319 169.05777854573515 120.57698388064102 169.21952395143197 165.34771674112065 163.05829964012227 164.95385267538657 167.42391983407592 162.77595879472412 157.75373953068271 159.44880907598113 165.55611598303202 166.54574101800185 161.97399680868025 164.27203471363487 166.46933817664515 164.35932208124382 168.48401150431695 167.58628024840664 164.95734290227526 166.21727557198003 166.63261784723548 167.89090694634626 163.08455928843435 164.14805891624275 173.12556730646239 169.47096254948679 168.70133466291483 167.62388312338942 168.77317607400428 166.21019155516743 167.36990111062008 170.55579629065053 169.77836530827051 169.82141544816125 168.84461427114707 169.75982276748678 168.95507112683751 168.36958323549052 174.17910288278745 171.07002265411788 170.97439762254697 171.05347156413816 169.99412054716367 169.51306445307341 168.44610502275938 173.22525530632822 167.48771114792262 174.17537088760392 172.01099785233041 172.10904922696429 171.95010103964208 174.39512326748982 170.55903714274595 171.77679866803078 163.58291845248561 174.28937978260879 173.3249277408685 172.97566232214859 170.96453044306818 174.12994813984034 173.75921670532176 172.66481540559568 174.36212811512758
