# Created by Octave 5.2.0, Fri Apr 02 16:04:40 2021 CEST <br1@br1>
# name: ptcls
# type: scalar struct
# ndims: 2
 1 1
# length: 2
# name: x
# type: matrix
# rows: 2
# columns: 320
 129.41979791238862 103.33591268496218 101.54284434613534 93.015665374903861 105.19172047423865 112.6170700188366 86.475548249492093 97.465478083152448 111.55192581263501 113.94994519803903 105.23268827871117 102.61748734769883 112.39319393817966 111.68221212861924 111.53393426543884 111.72262714329149 111.90801325692594 112.5924569384938 106.26523106389003 105.62468588344258 106.32948567436422 138.0359139731859 112.93712659370848 138.43242596954497 138.00286618227975 124.99521681582974 137.98715323966917 134.88778241324741 139.90061256949892 141.54607961034529 137.04597476807984 140.91605476844421 135.35184354459165 120.87461785657321 137.87600283359714 136.58937286898524 137.63435081686328 139.09626634691315 141.57959231395313 143.54939088293924 138.867805454733 139.9792140995481 134.53779929962889 138.6558196438439 136.91203263583563 142.4993902176117 151.62962643258081 149.80840417687378 139.153469221146 136.82791790288115 137.76548608139296 137.72223977953962 140.91916596973027 139.49043072061934 150.68054186557788 152.82331239521204 140.28410744194508 141.26100501761161 151.5954574095978 149.59532501463448 149.16911838144065 151.07625658263129 150.50108709540058 150.76902634649073 92.606058318112659 94.259330980386011 93.09481534560237 83.322685289251893 91.810859415436084 91.821457401963272 90.237783844081719 57.513018360853081 96.528484221111853 95.50788071742781 94.103188353963844 93.033015805019701 94.010931867329575 92.898968644778037 92.867363740448425 90.757347387916283 99.108973553789085 97.776385685263236 96.925306127590858 94.985434860274367 95.078673229444675 93.969990717206301 94.283565255703849 93.27849090927657 97.447576834980737 98.974596903069767 98.038950227743342 96.06986342624451 96.178520857156798 95.056881038941768 95.428363389794612 94.80088213216176 101.58106922877685 103.67215030960213 98.444314505842783 97.081722238341115 96.267820904907154 96.419095779500097 97.351575394522953 95.847006299284601 102.13717849882055 105.46944890513535 101.29860901262479 97.250138409757525 98.2565503292047 97.257536685660341 98.085848093449002 99.07249226295653 102.63479501745961 102.45673895665529 107.40766092856173 99.725703407406328 98.174549289796005 99.919420338254639 107.11276517680813 98.357470118595174 104.33227109000146 104.6791990759186 103.17118729434532 100.368243001157 99.034078674781014 99.201073941019658 100.3229892309611 101.32171262907617 108.1918050736866 103.97886187614621 103.25408730794614 106.17113615310578 100.07782697829322 99.192369152903353 101.41447142779113 86.484565201981326 99.759644664956511 99.235769768226049 103.50986800193037 107.50936349742847 103.29216730439103 100.69463603734974 100.23575714758296 85.887827959545575 116.58144492421258 109.62403528862028 94.746528676997684 103.5575886997667 109.78065254218079 104.24179680315351 100.4819779198463 87.621961394030151 110.8502606896007 110.34836993598839 111.94157051325409 100.30040921119034 108.68856606645585 105.20260131624279 110.4551070357325 110.54688283721188 109.32626308709509 111.68962556622816 112.04051711275291 112.50774753475774 111.89413778835905 104.27874300399085 113.74658713424292 113.63190374772859 109.69351431251134 110.93626266452597 111.49735136788242 110.83637412638291 112.09591560317894 113.21227757878977 109.42230798799595 113.8298113636606 119.32992782980386 110.38199850911194 108.9008847928269 111.07392777632263 109.50757331645038 110.07111962550952 113.09061175907422 110.96133496775845 119.38360588205509 141.92211862143466 138.24262815538751 109.94863252849642 132.79572299087619 110.47387533152704 112.4188328463553 112.48822752865392 137.76269299274023 136.12420473376216 135.14226342961453 133.93398805942451 135.00548794420371 133.24436444347486 131.07894669707446 121.9692659860776 135.60248093473626 136.86526770309868 134.51292712395608 134.41387645022465 134.24701171124619 133.78566459145983 135.7827382913193 138.47208799984492 135.27626824339188 137.18447970103293 135.45064736780725 133.67470069076316 130.07598168931906 130.93231691387891 137.36180929077489 138.82782603084564 134.5881392784396 135.07380960226567 133.35271559678205 130.16237782156321 128.22240265223502 127.14375619264095 135.74685481354339 136.5078156434314 136.50533012990124 132.26111690338138 133.95803664268496 129.07922251206912 127.77549327852824 137.77615464030686 140.1708140722871 139.86146331215505 151.38182435852164 132.32307728229989 133.06423969721632 138.94455341714868 140.40230031921433 147.65317833406544 140.16165702897359 151.38329632023385 138.95746478348045 127.94164171009471 131.35745432871263 147.41100853277288 148.25892728345184 144.9474421057067 149.95657045865329 150.08106528815819 137.98423128285012 129.10398199402758 148.68639562474237 147.96130424434509 149.35337689480764 148.55831192656305 142.37729608398544 124.68447314148904 151.5488218569198 151.77484367256812 141.36784123218581 154.11359817121109 150.57855279923294 148.40140156208915 151.95148632646286 153.18349770822471 151.96142899185944 149.0251677874831 150.05401645831296 150.25400657516929 151.45426015916476 149.56163257771402 149.46604961448989 151.85601066436186 151.06862930716881 152.21635542594956 150.41347828669919 151.51294114627683 151.50046727064299 151.09036089476606 152.47066693187671 148.92095909037778 149.08718555110991 155.24404195534794 153.0299010499491 152.71311256298077 152.60649411921867 152.19214597460092 152.15640274835718 153.45089468112539 154.52030887494192 153.45081626872113 153.47972602118685 153.69154047465315 153.90966554072494 152.79862594879398 154.51744762463173 154.43445248472588 155.70825633660138 153.81109515426303 154.4316064980664 154.71426142045584 154.73148504875081 153.66437646513126 155.59462793525327 153.94515298591804 156.23819526078094 155.11252444642014 155.76989267256192 155.57538539905639 158.50597709176543 156.52328512237324 156.79852011291376 152.69785274625301 156.29150429816582 155.4649669257569 156.81776633166447 156.7310465690324 157.7764297237845 158.03120362236984 157.65468987987381 156.6136514285258
