# Created by Octave 5.2.0, Fri Apr 02 16:08:04 2021 CEST <br1@br1>
# name: ptcls
# type: scalar struct
# ndims: 2
 1 1
# length: 2
# name: x
# type: matrix
# rows: 2
# columns: 320
 191.73604866065619 76.149123784493867 77.056400854136911 51.567644308261279 81.482039476267289 107.10497855773673 27.701441287907194 59.121254827060532 40.835904398275837 115.21983176092299 81.226118011192 77.572587576858908 99.451069150839345 106.11027982750188 104.97476703068178 109.42281011834295 19.658911569977906 59.224536810551456 78.283942722315885 79.469810028291434 79.820880128799871 155.69089133759448 106.10404587307546 157.72832399833933 154.6920007467661 141.78770411424659 154.98250623491421 154.74216102648842 163.43164563063092 157.99819525167806 152.61123342691781 156.81768254000212 155.4151564160878 146.25071770813724 161.55557900919146 154.60317304270365 156.94614773960282 160.47818620533749 159.70684347229482 156.56824783527367 159.62434896206935 160.48304363825955 154.26411188656309 163.52745945636207 156.04222915843073 169.04929954411321 176.42994441722902 175.89545647716065 158.03724419124762 154.26888236519724 145.32424783666426 158.91524353124879 160.49262534198326 157.62885652750049 177.51311634982673 180.71754802586088 158.66715949897272 164.60472700847666 180.32661682289705 182.61345901284787 177.14962386957788 178.64568998288485 178.28716715996509 176.92819424308962 67.145594044194397 67.708136503204415 66.887700276177242 38.472942244865663 67.844859004921091 67.129511125483418 69.709241863369783 26.873492066141473 68.947341790450608 68.965748444037885 68.432945479429236 67.712710459905324 70.201432366185571 67.356918002616155 68.224502782024601 68.134150686859812 76.607134979804215 74.357593605205935 69.983341780458233 69.53099544075657 69.91064280178702 68.122424531718622 71.346562641849488 69.335953266543598 78.112714245925986 75.230199473926618 73.999926248266746 69.985999919312206 70.984643062108418 70.588118236470294 70.925784636020865 71.149916335871822 104.10054593815264 49.371985356057323 75.553310307376293 71.311476895682617 71.735753982069085 70.072154655614796 72.406440581444869 68.938048647074666 78.880071706622843 81.127360376637412 77.722266453955967 72.096116039628001 72.909085275607779 73.177124082842496 72.081834417056584 74.499892265025409 78.939809330938488 86.557085976465117 79.383809299687584 76.251091216363747 72.738264430567042 75.542195668137353 92.508970712025075 72.223646552378369 61.511153239446259 82.358550468908675 76.935319585970817 77.791999692985584 75.124987440677799 73.916853825986834 74.012210845014735 75.266416714506889 117.16884628803273 77.489060688293932 77.656931093573036 79.970913503435511 76.022301629927099 73.933470029873391 76.482340869489789 40.229194419339834 73.427902764593171 73.08063912463146 82.207114192424385 97.526641132770976 80.351108342001169 77.292546832654168 74.977722680092626 30.745197341031627 121.59697813881752 123.96833295337329 36.739621020564158 80.094940984637489 78.75174788714628 80.371404267960443 76.654516274436617 39.897627442778195 233.83131089721968 129.1336853336966 148.22824520522749 74.182376496820609 78.070651428299072 81.16863561181205 106.89462567468965 20.991958091148778 129.26832634111204 116.89392515541911 98.04191072155848 96.364882139575997 60.757666893495831 81.556146346983269 40.755315057292997 61.911243548288965 122.50286143713113 126.4150041265456 119.51669977961562 63.457518672643545 21.3825595346261 22.732364665946111 88.72446133758163 62.295703491816639 119.41827670551541 102.36066199507859 90.637453093470839 62.768751256404755 94.385526319333977 126.23222850264712 123.47429070068335 84.652801208332917 91.323120190606261 176.07771808031785 146.47711435848194 61.133870387971413 167.90178130431661 39.900352663447428 41.281395484124801 62.959159248266651 145.44422418849425 148.84585769027058 186.61694823069058 177.24815663974249 176.853434449399 157.07902413399842 125.44824576105594 125.92690005539353 136.98558611236197 138.14244621820444 154.50676155716275 176.28991129628648 167.22757198298069 154.53619039652088 155.64647151837897 157.20904818058872 121.78025854233732 130.64109026049061 159.32455560084654 165.5402559786248 158.88484064152047 116.40678164969908 156.49437220552679 157.94958407836293 165.05256955957677 116.13405143085195 159.76090458080628 122.69632105249323 121.81958836568447 127.76466184714039 158.81384811409086 154.10890436585714 115.85112307335329 120.8649577487533 159.821029606504 117.64192454413356 230.81414538320411 156.86151543589961 161.43991237970883 156.44569733588736 191.26975697678793 114.09342451323705 160.84312876725983 155.40351631406719 159.41937304593228 172.98812650018226 170.81438747990779 178.47991977775456 147.92051895272485 86.614738244970795 128.95620986056062 175.18353982275877 174.64695814497313 158.89008362261418 175.74897085425525 177.40822256789215 147.11663602127797 122.50943334447416 173.99949036796792 176.25830511001263 175.70329088841385 174.66235151058325 155.60676389113547 104.68436556043017 197.87640967962258 186.94383143821372 104.51132138172005 184.22657188833142 176.8773262975032 175.19765857568873 178.07293230301551 180.8209675324492 167.05743440053055 166.87993041573861 159.35910520249229 178.39539499250338 179.24962465825354 174.4162279838269 175.17639605230448 178.24117768162156 175.80581852709528 181.3989833909587 179.18367268988615 176.24116052815458 177.32233461841275 177.81190059617089 179.89200621124812 173.64378846697809 176.7063798518611 185.06300107688054 185.13030389987352 182.42189380424378 180.9835348636056 181.56282536614907 179.47349239000397 179.19928974986544 184.29134002337992 182.86872794518811 182.10817561161153 180.92713063529547 179.61159694954142 178.94619252298213 181.67239735701563 183.63134126778635 184.04187145670738 183.17655324667621 181.2467518205741 180.1594134570397 180.15526112765914 179.63841530446675 182.90272397601919 181.77307541829089 186.18854462084755 184.53204606915705 182.76005743991817 181.8841527045065 185.62501435116431 183.12268363970603 181.08964438331125 171.84171008325637 184.12948472566677 183.96519316661227 183.04066276517406 180.70531802666395 185.24341573921237 184.22403983434427 182.32204759438875 186.66067799555836
