# Created by Octave 5.2.0, Fri Apr 02 16:07:44 2021 CEST <br1@br1>
# name: ptcls
# type: scalar struct
# ndims: 2
 1 1
# length: 2
# name: x
# type: matrix
# rows: 2
# columns: 320
 183.84785545666506 79.169878106768124 80.197971662052964 56.172979982332677 84.422593246423787 107.62360555117397 39.81303447245125 63.381724077734994 49.666344726405953 116.39179461741413 85.718377029433213 80.670189253945438 100.89638410939182 106.49951521970935 105.02454596282314 109.41217209211131 32.07840200023584 67.964255215244407 80.940717014505452 81.855705211410523 85.394324130726147 154.1158241408564 105.78289721774516 156.05389729586312 152.12789316435743 141.10462894643001 152.80425564713164 152.53611895835053 159.94595235905004 156.42060487051711 146.73608886854316 155.70028779381241 152.85476000804275 136.0257101032534 158.59190241355202 152.9142030003018 154.85286171158643 157.2969180473996 158.5275098108346 155.31937497467305 157.48343693600799 158.96638170977846 152.28796910910683 158.67569233044941 153.71698051095566 165.741867032741 172.92220649339421 171.56863814601945 155.62673069660835 152.1312932551192 144.22776619051075 156.75056051099742 159.14147003716164 155.27513025493562 174.22987755375925 176.9536689457052 157.01438384474977 166.899248424478 176.83089033318828 177.4376959170886 173.82989551850119 175.53248213053945 175.1812732064206 173.46837474450027 69.168918175382416 69.958179708708187 69.298356115454524 43.456247027575245 70.855403995269583 70.260904490895484 69.753419174248677 17.497213129809168 71.138038885741693 71.245834902746608 71.113659332807629 69.925504542326607 72.615865821950834 70.316987972047357 71.293762231922102 70.212912188337157 79.538525008844402 77.402749481536645 73.161225248234501 72.082522808007482 72.13181006003569 71.789217410925644 74.249823276783133 72.730294347024369 81.420084265615628 78.349187209954081 77.180096058913179 72.752985056470308 73.393535339999985 73.112747197489298 74.229692424733287 73.78639863905012 105.69050681206018 61.463623701340509 78.670390533885666 73.812419811695079 74.577075274067226 72.743664043175144 75.674649182873608 71.727778934262844 81.349536885117132 83.675127445429581 80.816985488170147 74.442699995434879 75.507832051067169 76.458693552576619 75.350613702078903 77.591882952574167 79.728036053594892 84.926190520457993 82.072076125448405 79.271021697792406 76.120040791286357 78.70945441901668 94.424571560432952 75.913741926170587 70.693421099055513 84.717851629794296 79.789406535593997 80.462643302406249 78.107034014459288 76.785084003842897 77.08619353027774 78.353500766143569 118.16684971968047 80.298608357149476 80.711236461383848 82.42101319683735 78.97938770742519 77.112532431165391 79.586716725858096 41.90619928367618 75.881979621625987 77.177403993501969 84.000395906262412 98.041749685042618 84.287362224773887 80.451203333739315 77.889067921757885 36.872156298644541 124.72205156188427 122.26029244515304 43.184832982390105 82.696773384935241 81.669412312521175 83.302812159826999 79.758850813138267 43.081675137840215 213.64728585649044 128.74843370553319 142.41833759260464 76.365413132953705 80.677787602672623 83.389249162606859 106.33092415352579 34.037683547098375 125.07993159039781 118.41287537308332 105.64289554721771 102.97796177782311 69.358696499224337 79.572215717980612 51.502547618629855 68.965860339548385 118.57718528766726 123.52384002918919 123.39410698211863 70.844754311019642 33.766332316978911 34.821164861602483 91.054100747808519 69.728624936879541 118.49363226387806 104.04478118174536 94.660031418049755 67.578051483630091 95.863943193242207 122.45740811947837 121.53175942063419 88.956463467234741 90.231127345282886 172.36177201678345 142.75135471828264 68.047154522375351 162.47277268046534 50.782001775253612 50.350560218140998 68.61880456188976 142.13004661086663 146.09712658793671 179.94451924033734 169.49915286288035 168.44640807404483 153.08179634833215 121.71088146760417 126.52539282872524 136.9275335830321 136.6792435459077 152.45683542468333 167.01153252937004 161.6169952201748 151.14935923110053 153.44750266451135 154.4690337460566 126.25382182932121 131.04893945555901 156.07389983965524 158.29135795744591 154.28148912616581 120.04683528615595 153.95101732445556 157.04459095157947 158.40342183248271 120.03379501642885 155.31823960090949 124.05443557657463 125.29295766651589 123.96575013103239 156.36752355879389 151.44164995195666 119.17816327791968 126.47931327657518 154.43296473448467 120.24166762832328 211.72002771929294 155.8323914933039 159.45344079561775 154.1665730387586 186.83776446364723 120.12097968620093 155.48920367750628 153.16049713189764 158.05543161613784 170.92588539579012 167.65902551819784 175.26305446021266 147.09379472327146 94.163975049780078 128.99206656757175 171.95149754169688 172.52930173430454 157.34090123184669 173.07968863644641 174.07800407891642 145.77594556522931 125.15886569940834 171.47043267114424 172.79228722723639 172.75020435129713 171.8205964689422 154.49134371825664 106.90659973610337 186.49959627139251 180.92396272180744 108.60649025399402 180.2293715626806 174.85770820596716 172.27690682757876 174.82184869192159 177.48517141096539 166.10493246585406 162.93999662681773 162.22542742408183 174.91729660623909 175.78749725174001 171.22349706394277 172.97145190487419 175.80671189584857 173.89006198426426 179.24989939060242 176.1555418282482 174.11235437286263 175.2411291906638 175.07142942143642 176.06535732337866 169.84744811570428 173.99761895163053 182.14049789622257 179.57026254510643 178.32381197266506 177.16459371321818 178.04805736812239 176.3281965380601 176.07257268677438 180.62895506011782 179.36469493716095 178.38316289345622 177.20225765770081 177.07888309410757 176.33345703412695 178.55713171228945 182.22638963892555 180.51884195623362 179.4826004973859 178.8958998871546 177.64964431883837 177.72884122931114 176.67074260021494 180.82849514564199 178.15828665085832 182.58318422473764 181.62213408800602 180.05378530830279 179.39383623642266 182.68372764504042 179.64868292189979 178.99804020886768 169.73652790286383 181.50325051756957 180.98256813235795 180.49812729526874 178.26008656690493 182.47958847398971 181.19028067861018 180.0971762049671 183.92645034951335
