# Created by Octave 5.2.0, Fri Apr 02 16:02:25 2021 CEST <br1@br1>
# name: ptcls
# type: scalar struct
# ndims: 2
 1 1
# length: 2
# name: x
# type: matrix
# rows: 2
# columns: 320
 121.07028757921557 121.0885706223835 121.08695934665246 121.08121057365331 121.09617517201465 121.08798330277004 121.09722792715537 121.08989234117969 122.19288620857347 122.19661695589573 122.19585604247813 122.19121308569669 122.19829187886386 122.1965671015238 122.19825327153877 122.2117426288828 123.31827980244441 123.31416383621664 123.32209538784558 123.31322528883686 123.31527095236416 123.32737902142469 123.30641583730606 123.332471401552 124.43733654780962 124.435330170683 124.44803119786143 124.44159203355817 124.43852015460757 124.45359746753319 124.42578427253645 124.45285728114905 125.55968966533615 125.55643346187431 125.56518530877973 125.56845712824557 125.55946209582488 125.57129150985588 125.55486939401256 125.57040916102395 126.68274464891216 126.6811644849615 126.68406071585572 126.69086938259979 126.68331736907622 126.68213023096499 126.67455387372 126.68268344734616 127.80309773188557 127.80671141972294 127.79926569234323 127.8025832630568 127.80976925429664 127.79467525732375 127.78889415744003 127.79804995014598 128.91758625153105 128.91644321724786 128.9021462318351 128.90320960008782 128.92579213508836 128.91095394668992 128.89816817985084 128.91417215291301 107.61491803444822 107.61946178396801 107.62332468424739 107.61667985125176 107.62377018214197 107.60846743200486 107.62645141401644 107.61101157276093 108.72374700523517 108.72633539734113 108.72492596909554 108.72794968902889 108.72899006129479 108.71125665717878 108.73328274584082 108.72269452343517 109.84516507726184 109.84268451278419 109.83908013120561 109.84984546125671 109.84781324220742 109.83329405148105 109.85024124591946 109.84261817305817 110.97603518845519 110.96374657162055 110.96270431122045 110.97408183383915 110.97198305516429 110.96544492209122 110.97410373529905 110.96760616649946 112.10259770523601 112.09034717726379 112.09296082191996 112.09959648380726 112.09424606696979 112.08602213797016 112.09491344313939 112.08709521405477 113.22370286050065 113.2190523849759 113.22132027599993 113.22195575669636 113.21827890509118 113.20360918288105 113.21339252546721 113.2065323473517 114.34447757691588 114.34374238790262 114.34505475297232 114.34125405329785 114.3435586966998 114.32840650136643 114.33945967208517 114.33075668520355 115.46572995499378 115.46704403676334 115.46583786425379 115.45681519919324 115.46657480077276 115.45888047738291 115.45959129134805 115.45562191188152 116.58537994627405 116.5913544549576 116.58526854882261 116.57458648201386 116.58652943527962 116.58678458186485 116.58014431973031 116.58002311990968 117.70655771093638 117.71157766386615 117.70757700502912 117.69642717167096 117.70764097265648 117.70487357677649 117.70194386266826 117.70459018512182 118.8340937170758 118.82782578746153 118.83117556400306 118.82258878898375 118.83524135012748 118.82271634351308 118.82651654254008 118.82317912403197 119.95848848958701 119.94702782460702 119.95493394993775 119.94438884293101 119.95244320942099 119.94914399760997 119.95407840394762 119.94395222612627 121.07946529737823 121.06571023216388 121.06967557421689 121.06403202340522 121.06786501321072 121.07357534439423 121.07078412125162 121.07397104013414 122.19980898877293 122.18545965766319 122.18778439005401 122.19019746694961 122.18981140454284 122.19089827796527 122.18778635594745 122.1975156638871 123.31851119104756 123.30888216591966 123.31413641615244 123.31175418052945 123.31692945645555 123.30346233081433 123.31283531111823 123.31430754832374 124.43808056617172 124.43537265852643 124.43631134994894 124.43426356930286 124.44516562433498 124.42408109479189 124.43959396332833 124.43485975245815 125.56041637656182 125.56252124240523 125.55515155151785 125.56027912593854 125.56716011624738 125.55384584322842 125.56181517281782 125.56002797793946 126.68892282458344 126.68359289053333 126.67898033335287 126.68317787137134 126.68691142839819 126.67642442400636 126.68705920680875 126.68424848116797 127.81183745918433 127.80367455215398 127.80955120584044 127.80667856321658 127.80626884644172 127.79950067707728 127.81607316823596 127.80658239170549 128.93675493296413 128.92844295679211 128.93358751134099 128.9311583588653 128.92760827745249 128.92146686975548 128.94011166092346 128.92492230364715 130.05917014538002 130.05096584519561 130.05059223815005 130.04812806017082 130.05074656419654 130.04375601979066 130.06070943385237 130.04396924233654 131.17547311936056 131.17336625228899 131.16912756412239 131.16907245814807 131.17709745627059 131.17475247977279 131.18185514886142 131.17562640831369 132.2924967766873 132.29595975617363 132.29056347073342 132.298875078197 132.29592853486571 132.30086317365135 132.30237324561534 132.30483567511126 133.41555357897511 133.41648717498882 133.41266668140946 133.42384109631936 133.415022631601 133.42453400470879 133.42499790143057 133.42468698454772 134.54474545181273 134.54167447042724 134.53821851656161 134.5448694118258 134.54569888545575 134.54681853585808 134.54458420284584 134.54015420314678 135.67211612695158 135.6649971779008 135.66437125219957 135.66563733023429 135.67123568899399 135.66349069655786 135.66604011233835 135.65548985214551 136.7925065947453 136.78232238466541 136.78649422903808 136.78408163457902 136.78624146566401 136.78282569710532 136.79217064386773 136.77838251082611 137.90912188112765 137.90205552277223 137.90756295918715 137.90576113243259 137.90159115841291 137.91037472710013 137.91997853032109 137.90182704195013 139.03096703767778 139.02622398306133 139.02772064047898 139.03310947809646 139.02503333582143 139.03031088124624 139.04019677312732 139.02352974139609 140.15755447970403 140.1513137054705 140.15042026987814 140.15858379904719 140.15761784867198 140.1458355632094 140.15523120068519 140.14964006072847 141.27849302026195 141.27432961469813 141.26824930488633 141.27250581181949 141.27761572082889 141.26249587581762 141.26672303538842 141.27039963459404 142.39180917825925 142.38209225558515 142.37385926096064 142.37466612905496 142.38054211639923 142.37066779916955 142.37426517401781 142.3817986657975
