# Created by Octave 5.2.0, Fri Apr 02 16:07:09 2021 CEST <br1@br1>
# name: ptcls
# type: scalar struct
# ndims: 2
 1 1
# length: 2
# name: x
# type: matrix
# rows: 2
# columns: 320
 169.48729859811709 84.669200078087925 84.624918492232993 64.557052619744709 88.228675111769931 105.7115830348168 51.117803975634622 71.13796296999314 69.527650439875771 113.90153389221837 90.371127468543094 85.080489553698825 103.52759852111555 106.9787208687636 107.22736771655426 109.39280542897164 56.138589622871265 83.875024618659779 86.586828666065273 87.434156451082117 89.529749190818933 152.31785778739982 106.76816526570539 153.40217862460179 147.85473837823645 134.37281593879061 150.04412766462659 148.51999109071488 155.9480971613589 154.11041596258318 141.52857878491042 152.43879797069047 148.8159174850847 124.507305710862 153.71240945328188 150.228644324203 150.69925539211616 154.40652203943409 154.83113088800556 152.94966542758959 153.26610229937089 155.57249921350967 147.67703303699315 153.54847752010346 149.0552584320979 159.72064374280697 169.46115007128839 166.56878961649088 151.71952447553551 148.78479432807865 142.23160729623129 152.62124003724574 155.4021573645646 150.86980805281078 169.70058461334446 170.65478509798334 153.29568581177941 167.38759883611485 170.96749100672301 172.37613698238775 168.34948823680224 169.4701779854189 169.88507355653485 167.42630461453874 73.793762952564379 75.412599498251396 74.70955336444645 52.528417273020892 76.256549230887771 75.733390924462796 73.753789395736547 0.42757711751187744 77.144688708160757 76.165867169348616 76.806744996831725 74.862216660472782 78.02481477031229 76.388489222552366 76.947819257299017 75.338266979357201 83.725439254239205 81.61260588538606 79.739108320031221 77.525040552538925 77.859999389639384 77.555190418102796 79.109748355686335 77.093579361129571 84.572795070149027 82.780446204778755 80.71888204072873 79.473572087489259 78.969713782952098 78.659072702966 78.832185677566457 79.318936465471921 107.98852108489737 83.476606329928515 83.440604477658127 80.565933498381114 79.62145058520322 79.986419683442222 80.308078372765735 80.38703055586295 87.137502124663058 88.083786389796487 85.664598792913395 80.102667617866885 80.745872518067671 81.04578971377407 80.036525676778211 82.347823041656326 84.068538022498885 85.849429577421475 87.702944852009466 83.600335190091783 81.273892967498611 83.740195759895485 97.911947463944728 80.785026900782384 83.760036310863939 89.248807343387966 86.014470497174642 85.460450048957995 82.337279548668192 81.544316998832258 81.858731846095111 83.253349758410266 115.89688763677802 86.438894136161764 85.442742085774753 86.818253876464823 83.188081937631082 81.783534957344557 84.776737504603418 52.327047316470058 81.161449121348213 81.722957401649438 87.784584594708122 98.979511408408939 88.331517369822336 84.65400073644733 82.939034298971507 48.026363631734199 130.07184245453891 117.65628913028831 54.91842398981683 87.143529956939688 85.893757671464499 88.3951479125042 84.052793721090808 52.25497677673166 176.90200950029106 125.17747319207683 131.84132629782971 82.440527755970749 87.104946633612428 87.631686313436688 105.30631161867281 56.971079828607536 117.42273257615714 121.17669147705698 119.53238341734723 115.02098489016969 82.10996235923291 84.889610585724441 67.575499750422253 80.971707495744283 116.13107569416545 119.74492927323959 121.68925588705955 83.049247988718207 57.277170986745773 55.22912714306004 95.295239161298497 80.373576466037349 116.19268431497085 107.11074175234386 101.98318682946265 81.181955880091593 98.555420066254626 113.45263417125879 117.94355877456354 96.791335784722676 88.242921681517075 165.00868906278185 135.36606038555442 81.558382039741616 152.64239632563505 68.412716711690791 68.747704313507057 81.023277349442338 135.8912019039409 141.09302637599558 165.97374266337513 153.9448597370102 152.59722190922929 146.60020876176432 121.0753125411679 127.6149565955599 134.8221666537433 136.74793728474663 146.4144326489855 152.31200105463827 151.14900809142026 147.25730224329223 149.53800218907119 149.81332504534635 133.2590203509194 131.24886453298001 146.66391747893127 145.54361076967902 147.24087718062324 127.81646351446486 147.78678614341896 154.48840456290142 145.67948400995738 128.21518649085505 146.77031398134011 129.89281360131787 132.45726544451381 118.66961108730487 152.12339308457646 147.57648144160544 124.95212696193207 133.49418165940332 146.41103229893668 127.08152057169043 176.95894171576236 152.56748774836754 153.84863249721514 149.44841965712288 178.76926527305775 126.94667362904546 145.94217380490576 148.82656240353228 154.30998191675729 164.15057754124499 161.91464861354638 169.92623173206596 144.53808700295019 107.90584412665433 129.16441376536019 165.46861249651315 166.47645394462967 154.52059482814175 167.65673392169919 168.88119552825665 144.42262046388959 134.61811367342432 165.53739147351834 166.59632474277876 166.53340696705496 164.2514484433384 151.5104301794905 110.95220554309819 172.44389232085524 171.82598421318119 116.06179768813382 174.04856181168245 169.01266912624303 167.62384998794897 168.53160772776346 171.27191607731203 165.33665820960027 159.6493384446099 160.55675089979141 168.88162362618166 169.99353462734302 165.54007113977718 166.9577798145076 170.88142379087364 168.03181939883413 172.82940051083349 169.9957104879594 167.95673657819896 169.14964908969233 169.8408576216336 171.10349330341447 166.54630051247628 167.75569011496083 176.83265979358981 173.60830008479485 172.40472083839711 171.1716065392192 172.13018934145416 170.3537988562662 170.68939401340046 175.03080497419492 173.12171421090017 172.98715058987929 171.9619940009062 172.81188250916063 171.98783092000033 172.846462249491 176.92069040770653 174.4223923421537 174.04085834122134 173.81621253493032 172.8156312477596 172.52430671174935 171.67373103920082 175.78743237095787 171.7021103109272 177.62682089988724 175.03613521596941 174.79588966599928 174.5843313524592 178.12504799962784 173.53622538544863 173.9285055150913 165.90401675394406 176.85583671541997 175.91487930619638 175.63178522589604 173.44306831753914 176.46523655417283 176.01293548371814 175.17766157648001 176.92158184994381
