# Created by Octave 5.2.0, Fri Apr 02 16:05:17 2021 CEST <br1@br1>
# name: ptcls
# type: scalar struct
# ndims: 2
 1 1
# length: 2
# name: x
# type: matrix
# rows: 2
# columns: 320
 133.62950283049497 98.533687864936439 96.747160496779671 85.694362508431382 101.46397848447619 110.41411019901703 77.060495000849315 90.692424402588642 105.22955333914064 112.01562158490277 102.22671725810298 97.696941396256207 110.16122358729228 110.99237280511471 109.26546265345027 110.2743015807096 105.77189331787731 107.33627234991884 101.01648870789431 102.48577582668948 103.45933062082094 141.99027999685163 109.92485374474674 141.05780587998629 140.27668508041538 125.58309442907029 141.50007823514534 138.39482364977431 144.39072682745419 144.64803487976516 140.33286991155347 146.99040246359016 139.16531930015077 119.99146434992235 143.6959374267866 140.93424923511813 141.88233608762908 142.87289060128364 144.38666979733239 145.13402363768338 142.83455545641914 145.70027477907914 137.90532381794748 143.81758417747261 141.25464971622159 145.5628382267582 154.93295758556252 154.09313509559485 142.13605867690421 140.45658411346187 139.58629534440868 142.6662884742513 143.15165337861924 141.43629730017574 155.36113596817012 156.05276646876291 142.72686305057462 144.85374812903038 157.36982912231844 154.13803491954693 153.11017752706564 155.94049937421914 155.92531200149048 155.25244290733539 85.978908657887288 88.213996114721624 87.160227432594311 75.400508455200765 87.723368252347484 86.881793926114796 86.126817976001831 42.607139026168753 90.71276612457423 89.723048149869726 89.040297312289823 87.988631138523829 89.904622450050866 89.007421515773913 88.766248437165302 85.877050257117915 95.460301087293331 93.268562081480411 92.443658711807615 89.91300101468623 91.072735943548508 89.884746820315073 91.289204037766083 88.860693391106921 95.390487740890194 94.341085232358154 93.602407034641075 91.604456988284056 91.994901113744788 90.911370142266364 90.785221707234285 89.777848720952761 103.36608745034495 99.074619392968359 94.207746640144052 92.682285661286002 92.005043863707471 91.932522170560247 92.701083385341775 93.002355905269525 98.68329933352193 99.654889196895738 97.940435625773688 93.065620191896087 94.19007015976149 93.170273922646146 93.628585532145763 94.992682731642589 97.95175220787381 98.808534585368164 101.8785966329967 95.772739040966655 93.812248264442502 96.435340347346425 106.70406417843216 94.100363057584019 99.492613255470673 99.667694194136743 100.05811773984534 96.469544605745895 94.767867633329047 95.395302188540938 97.401533193889023 98.087088929050708 110.17402548410845 99.416722519173689 98.991966334824824 101.87594005913157 95.903729768698923 95.072180594100558 97.919173208239727 77.65661570834672 94.89541134367316 94.706998392769407 98.801863315916918 105.42104016190883 100.17988457832935 96.808196019157165 96.38312748059289 76.147534232058831 122.93743518132914 108.69427538950417 84.500294276146178 98.190478697970363 100.85476193845557 101.10901502403533 97.046896146170297 78.882809363887006 111.6513172561782 109.77088791227987 111.87948861333636 95.808786768282857 99.881569929960804 100.55465695032373 107.61693629626727 103.33144303145092 109.30743201654697 110.78875219146013 110.61909864273933 109.43338156169348 109.52360132885019 100.33741436763908 104.6838552523099 106.88259619540574 110.596030571003 109.75287869001845 109.43068251390675 108.38678426255476 107.90801878990322 108.28614373139924 103.97593624746771 105.7469969825199 117.8237241666846 108.30195946075916 106.53163375913758 108.5308524356762 107.29564655325365 107.62130400314615 110.64689064946222 107.60409916449495 118.62230508402016 147.83178953095018 137.70048392502434 106.39269801181094 136.35115802171075 104.59889179638964 106.09559373743693 108.53787522533545 138.09859154899871 136.95713503008929 140.15844574459516 136.49644218684284 135.91541931608933 135.34349839416407 133.94951006885617 119.95702007994623 138.01235087296743 139.35684365503315 136.86155378281686 138.25837333670313 135.27913185568909 137.14727746990866 138.23275206290404 141.06823116953902 135.0062359342171 138.01164971314881 136.89241401841974 136.12294459072533 130.10536172784575 132.37019850786092 139.04716790377236 142.60437370489012 135.96905650343308 135.85534204893546 133.52866318401132 131.5765165433825 128.65282853661816 127.90838926360868 141.92088538937591 137.17191539844711 133.46424922879359 132.75105384628208 134.76425997467561 129.99438376672663 129.11696729820778 140.43804312159494 141.56502836147652 141.9772262623672 158.42755604607865 132.28827605151213 133.70893203984949 140.8876407980456 143.35940146639899 151.40652232006767 146.75238106537742 156.64319606605969 139.89998024652598 128.93454256886289 130.58773264316301 150.72017238464213 152.56803431019162 147.41024488077298 154.96321037041685 156.20230445476031 140.13374364898132 131.30721860114346 151.88163248166722 151.20422660594869 154.43113381312813 150.2530026044966 145.83717608338628 121.15169060580342 156.87982710781725 156.97771843113978 134.85757276857078 160.28822726979516 155.16424359105449 153.99851150441708 156.40289870119912 157.52416640168477 156.02680298506135 151.75835691919207 154.30099257021243 153.26919004238516 156.07120283734287 153.20154879335971 154.53377183334058 156.71404688554213 153.64123732908968 157.20255214548345 156.14358973305397 155.31634547250948 156.28200261396313 155.42122693593001 157.65684788030373 155.53175051944504 152.65097406040761 160.82424118146375 159.23700149761311 157.40809191183567 157.88091849656504 156.7632189789104 156.91185343425761 158.20455869635731 159.78643842596543 158.30479435273554 158.92403382003411 158.06342169091812 159.55909973031098 158.398024508368 159.39741778919881 160.41598874254333 160.7255329234726 158.56652851860227 159.99259996880932 159.17300637910958 160.4716435535662 158.92423140192764 161.47843779388191 157.29153650021428 161.82932220729234 159.80443196959246 161.20776132278326 160.28826264643155 162.87556371824346 161.59664767902598 162.2411466463839 156.24177033624494 161.90387927019697 160.76403664208615 162.26972043073584 160.9922567822091 162.70239411019926 163.11451729279446 161.42500444062085 163.00194239218288
