# Created by Octave 5.2.0, Fri Apr 02 16:04:51 2021 CEST <br1@br1>
# name: ptcls
# type: scalar struct
# ndims: 2
 1 1
# length: 2
# name: x
# type: matrix
# rows: 2
# columns: 320
 130.77776724081002 101.78680790430872 99.417726520427053 90.653954772815965 103.97406966593998 111.47745083859692 83.181778734530354 95.280622057164123 109.34045333572629 113.32596983896282 103.54993487972251 100.36199076420318 111.72496868321582 111.76180637718986 110.63724859188221 109.85926270887055 108.86259814269444 110.6204011120291 104.71122334748202 104.43842268767978 105.19747623114162 138.60197309495237 111.79657392520272 139.35181497362316 139.81288487449487 125.18485475558475 139.60277524138681 136.0190860379335 141.10750459555715 142.63523448720875 138.2095687809497 142.12521520807041 136.75205563984719 120.80942702827384 140.67063570123037 138.07479430268819 139.40371089051999 140.03440445441294 141.96510816479926 143.69723355409664 139.88383555638706 141.92252385877694 135.80103347820753 140.6377439824723 137.88062704374826 143.3876738887746 152.71918720633508 151.47070188815206 139.91395614631401 138.71724947811362 137.69591903899573 139.47101060515749 142.74934227042016 140.70517709633992 151.9073958019282 153.88321266855436 141.26976789034623 141.77691590541568 153.33843980904587 150.80038761219444 150.64695629883445 152.57911589459769 151.68499644061342 152.15004363319784 89.889070371130131 92.15476647018582 91.164437266413216 80.767144375041852 90.418550452448358 89.990383712750614 88.124311618259853 52.704670188374266 95.242081262193693 94.263721304004022 92.386499945494094 91.184997013230273 92.589784612053748 91.430725823771184 91.761465453702797 89.328506542305831 98.266710000294253 96.251400832428473 95.325666199628159 93.459875596937849 93.721116972236771 92.910045255401428 93.37085778665778 92.127685098252371 96.734351220341608 97.328793092102856 96.347210724581331 94.669567777323508 94.864203613786714 93.959307078683793 93.999862684544624 92.672129498901739 102.31946280690683 101.35761295413747 97.178856978011225 95.670202180249518 94.879806679537481 95.077362255591353 96.227459797789905 94.968424395176498 100.91367164360784 103.29306461449573 100.3847919272619 95.827743415578752 96.851754992668432 95.924820618982167 97.292792705964743 98.143089095188841 100.63325618138808 101.38933114702145 106.3244420925071 98.409082951481224 96.637976575809873 99.320548821908062 108.78595990891722 97.094190955739123 103.68352557229436 104.38453356240805 102.34128339489817 99.392977060665046 97.460912900618609 97.969132861860615 99.900677109414957 100.33465088652565 108.83123101253236 102.74427038057668 101.19658328249572 105.00478462538068 98.397887511556902 97.679100646702508 100.59871934515775 83.741005858388817 97.738248899702199 98.843854097454027 101.00398293228096 107.16676094354021 101.81813660593807 99.411143750772666 98.968403969644342 82.745797724872432 118.63176436199211 109.36806180599605 91.441291773497198 102.54905168760476 107.12014004573514 102.18686313929689 99.413351861998152 84.955369358255155 110.47726416752383 110.00022380549808 112.21551983501884 98.234808666685197 105.86812133634574 103.93644106642084 109.53956808751791 107.69470942677957 108.9841173514275 111.10464123172247 111.69781441715007 111.74049329119273 111.89846154033293 102.96984244450057 109.78086993460894 111.35807152751525 109.42301938251454 110.60984500046465 110.80582424475715 110.18366494292788 112.36275954348621 111.91941333827121 107.6840600793099 110.89627470936486 118.39301059736492 109.66971236935727 108.40189136841995 110.57300384126835 109.15793136382445 109.46297323120133 112.91530867292063 110.13792189603907 119.58907006250874 143.82846407611709 138.33019607108994 108.75918581854754 134.00791365847618 108.63883977244556 110.14570468350421 111.40933274173226 138.32789178550806 136.53464496059732 136.16521928644909 135.0451928916635 135.41028671376472 133.70028772147157 132.00493488152017 121.10045700380202 136.40944076643433 137.58186016159374 135.33815640665946 135.11983810171222 134.2145235423697 134.22710305013453 136.78969098731631 139.22962420547987 135.51207522837805 137.32170472151827 135.67873265160955 134.82317534213732 130.00950801893478 131.08139560188405 137.67113398127495 140.71697891406805 134.69386620647043 135.99047799382075 133.44057810980703 130.91135043877557 128.24070175026642 127.19186934307068 138.44596510197562 136.72680107791487 135.40186538882722 132.48385131045549 134.65228863706 129.21027849402157 128.93395873428364 138.07123190124221 140.00556276220513 140.24404147414211 153.65464103192713 132.47965552829538 133.26694824474126 139.24879367869485 140.94584970574519 149.0635067325446 142.06030608111658 152.9060533749074 139.26156607838041 128.07279652321591 131.32884302963464 149.0678118629196 150.28949521895905 145.7418946137926 151.363574894474 152.28028170230053 138.67755831994268 129.45637580030561 150.0574991946194 148.69532823101088 151.46127319521125 149.82177585829322 143.05638558329068 123.54486587191303 153.86375208787646 152.85793925111759 139.26775463101967 155.66395709198366 151.77097798283421 150.30167998043569 153.25008995446706 154.21294469117336 153.3936816652224 149.9068417009376 150.98692805856271 151.8483101223143 152.97357697113452 151.01008269220131 150.59068845094436 153.20444357474597 152.70066624296058 153.92884605549895 152.36774851030708 152.85105353903597 153.37860721056973 152.60330827809139 154.03252817913349 151.25344740938425 150.02552552261415 156.8974375580988 154.40389429244604 154.05336581429907 154.35317622131205 153.70567699892831 153.77232799853834 154.89299079342695 156.12856579769326 155.01533065574023 155.50283499664033 154.68226651250879 155.63539551237599 154.65244756353854 155.95835571920762 155.67294959736927 157.22269754322511 155.19378268595437 156.61799815342019 155.99694105524938 156.5334465596431 155.12879876172923 157.23136845696547 155.06234132908673 158.55509110329911 156.37150161785812 157.42239006683701 156.63536903392566 160.16291199007071 157.70997131231525 158.81896704255925 153.97465106505297 157.894772913482 157.68088944861114 158.72042492416884 157.65991493760339 159.53141357007939 159.83841735393011 159.13718003559327 158.85359302026365
