# Created by Octave 5.2.0, Fri Apr 02 16:07:16 2021 CEST <br1@br1>
# name: ptcls
# type: scalar struct
# ndims: 2
 1 1
# length: 2
# name: x
# type: matrix
# rows: 2
# columns: 320
 172.52121906119061 83.507371492597827 83.214395084902534 62.785769668178787 86.76827406280573 106.11864632543566 48.848934983757012 69.499320950501897 65.879993948911519 115.2445239691273 89.326336422967586 83.910653276808404 102.97170815244152 107.14195622841535 106.59533051390437 109.39689697752227 52.009945743260744 80.513594463008644 85.205330646631296 86.616637161494836 88.321040464687442 152.98518407361772 106.45920003114522 154.06918651695804 148.95618402310683 136.8377602670277 150.6648972589239 149.36846880922946 155.8910427715486 154.66836844176734 141.58602665905457 153.38187207170074 149.25011959702846 125.22349786722205 154.32409938194584 151.51348974743942 152.26700827200779 155.26322048938454 155.3965506839742 153.62344232000672 153.52639112605939 156.41184693977007 148.53711488028102 154.43880838037316 150.730717977674 160.99273317025782 170.10443691334979 168.03427298168006 152.43684648213966 150.23683327393127 142.65333100629033 153.39879543219899 156.08322244084468 151.64685392441785 170.76438637450022 171.76414114822055 154.14855992866248 169.48399289057951 172.25066815595284 173.4864855325543 169.5781522683429 170.97519129117669 170.87431290445082 169.03761793577848 73.500818136858371 74.311729620265012 74.390731317402484 50.611761587363361 75.567548557157664 74.857219197005705 73.309560968010203 4.033838246870471 76.2878615525904 75.132304890294662 75.681960742695495 74.332919132240207 77.12197036344908 75.350287377636405 75.90805416870279 75.055356236755159 82.886523462360159 80.466256686064028 77.693971786901969 76.494358992925754 76.866256689527091 76.591739181622728 78.29085100006202 76.401039573146491 83.186321098795332 81.811223108284977 78.788717949930472 77.264112862290759 77.964439176189344 77.607727543858687 77.657874094955986 78.008280887490088 107.50289658862017 78.825976197128355 82.09452148630848 78.368545827061737 78.733534871887656 78.732390097383004 79.511859627264982 78.501700069171406 85.979720658804609 87.255722968541406 84.553406714896695 79.140302291868935 79.809802156629019 80.094341869460195 79.005026678199499 81.282123613205954 83.364602564875128 85.046759825993703 86.178446640197819 82.622017127137298 80.394372649057644 82.391478126646589 97.175177906864775 79.613987995469415 82.457735728231711 88.287256321708213 84.524563959336632 84.391364590802027 81.492002287632971 80.669391266291612 80.767996051731004 81.978133136202658 116.37645709091234 84.641615054380267 84.104889983119506 85.741869271855137 82.02473542251532 80.891346565953839 83.790627009214433 49.821801268569963 80.207361085162361 81.34177577365088 86.845988766695811 98.781392734458308 87.915310040650738 83.749573416393957 81.795376165590852 45.669840955729342 129.49188273534631 118.11343362042125 52.439496312191466 86.239850289696378 85.031721315511774 87.652860591273253 82.837468469011071 50.501151145762506 184.66509605441769 126.50278465199204 134.0759061488385 80.416613434756599 85.695252695563397 86.808474802345174 105.52147122618022 52.682882467465312 119.11878800461433 120.59393209588322 116.55713016867711 112.47366587376769 79.58615978751169 83.586823857053545 63.641854871583156 78.457060220035899 116.99846357569929 120.39541940805735 123.31441277655297 80.492286890553402 51.02635313421554 50.689944365490355 94.399224003518924 77.930485692507972 116.33121427309167 106.46300360362586 100.43604132000922 78.589149290135694 97.986798191674538 115.38871096737262 118.74248373646103 95.136081069760436 88.663137618664706 166.5621572925005 137.44604697076304 79.078570553501763 154.65559808192623 64.780652425705782 64.757805840337852 77.727461315654665 137.081023054979 142.15023064612399 169.0688522006167 157.12903989829275 156.26760777993297 147.67101445022013 120.35801715997158 127.3847670673554 135.84469542001654 135.82341876901248 147.78269980104213 155.0322825508249 153.589418155337 148.01686899109114 149.42619812642602 151.35273117297297 131.19339332481371 131.04040592694841 149.47667615673362 147.89628047905245 148.38449902605643 125.9249054908443 148.33515608276937 155.2156608607246 148.86310707942221 126.64962783424227 149.13564326184078 128.11893542695839 130.97417278762185 120.24513346653086 152.78014397506161 149.20107615013819 123.84171780408465 132.186462303762 147.20318029098129 125.36557069303872 184.30283312495897 153.05332889307394 154.26550558407507 150.66557744741505 180.47387777811187 125.83729310654516 147.96503898496792 149.74205045159226 154.96087581479583 165.59643992375834 163.12824936805021 170.92623245782264 145.1090227125357 105.00394017928318 129.04355312122877 166.9318097762937 167.34650888005953 155.11643420920618 168.72524629196377 169.83655132036307 144.64853238652606 133.10789272121153 166.23412876820785 167.92941140257633 167.60302492313716 166.11409844067632 152.36417748994197 110.09750009091618 173.93797967785022 172.88041621331587 114.48673273725922 174.71862192923021 170.25620462669443 168.43473072924019 169.83988574020623 173.20810103502245 164.8139032167102 160.31059387970078 160.94324223367872 169.93423050112102 171.0888307193373 166.5432728667156 168.16898069110835 171.85756453424472 168.98594400616926 173.80575654053047 171.53378589890656 169.11406549663241 170.55539722777678 170.68433986116722 171.80415311401879 167.62959248899028 168.94594285298857 177.54454848374166 174.80616545526385 173.77677700721131 172.59976469196937 173.40975854820857 171.6821954660407 171.99178644959477 176.01850144957712 174.61637216511787 174.18332175097538 173.20390348963014 173.19782700258295 172.72644912760433 174.3913043115046 178.57097665944107 175.69190772401205 175.47748332519095 174.99399293478561 173.80625194016224 173.60488992282424 172.54919134140837 176.65868822066071 172.80185676162071 178.98786861259165 176.55075336008602 176.08838327482516 175.68949049847706 179.28997958711406 175.45485359658534 174.75117521438327 166.7137022079412 178.03664006436421 177.46106657158839 176.76846624658924 174.53870574907646 177.51210716402665 177.340670186213 176.08505341396011 178.99635643859068
