# Created by Octave 5.2.0, Fri Apr 02 16:06:42 2021 CEST <br1@br1>
# name: ptcls
# type: scalar struct
# ndims: 2
 1 1
# length: 2
# name: x
# type: matrix
# rows: 2
# columns: 320
 159.59961546467434 88.154685834558222 87.459504564368444 69.870901474442476 91.394631109628278 107.3392368089762 57.637826846218914 76.05388902846687 79.518595790443356 109.27511862112753 93.782549031160798 88.486400045059639 105.19526962713763 106.2487010229908 107.94426183769733 109.38053078331974 70.500807667438323 93.959315085613184 90.909704876650679 91.286229551812909 92.32910049081805 149.50857717171843 106.5862048837941 150.59638085345924 145.36571504176132 127.04667552617343 147.08920684985549 145.97455793517116 153.18279476971355 152.77259335243241 141.35623516247799 152.34665218241716 145.79589036073367 122.35872924178184 151.33807189548241 148.05811913300923 149.12001759579056 152.11242517155205 152.48763786082228 150.78646493671357 151.21611160708332 151.90294519594809 144.91347355035086 151.67809380830298 146.44030321399393 155.90437546045442 165.34776322026141 164.47469991858492 149.29254528403334 146.01874924962056 140.96643616605417 150.35374016359671 152.34321856590006 147.90720189138392 165.16365044709229 166.29300053669181 150.63997738153347 161.62116760384092 167.49440445245631 166.6334775689825 163.90004610851824 165.18224019294007 167.12199516488482 164.16401582966921 77.378628549549589 78.541739040075228 77.388677778404514 58.278384329993486 79.190907991665668 78.146285660184503 76.211264335269846 10.391206270563881 80.378641385384057 79.351316044859246 79.750630491555199 78.568724029154382 81.116179272938027 79.471168681389869 80.028385295312546 76.963993844257971 87.492590901243076 85.210304426310145 82.913090746055403 80.457402568387621 80.753398230436858 80.708561727638283 82.135784251959478 80.811288995377353 88.006153738742412 86.269763158980851 83.934230013753563 81.518512193675036 82.054799217058161 81.712869662880777 81.76742677032928 82.696001044895723 109.12493826692905 89.248540004909344 86.890429996485992 83.0147927676161 82.833054828835955 82.968002134085793 83.371650614200945 84.827732073517055 88.449722737837533 90.452922425837073 89.259978351457889 83.271051647196458 83.984259425699264 84.087909655104554 82.89349341371593 85.189923771160323 87.957721394886022 89.771614377378455 92.377988029218656 86.811846528250925 84.234462439362957 86.262266865181743 100.12225613518459 83.954415005477088 88.851315682090231 90.558664355515376 90.740758376086745 88.629850449124305 85.723020506134972 84.515129715575071 85.764463806236051 87.690201155652815 114.45817927437506 90.209633310281589 87.403999289240943 90.253168557002851 86.271830259247693 85.175939724447346 88.117448187396235 58.667662447996832 84.620113506835665 85.702900743401941 90.684235269570067 99.573867430260833 92.227195218020341 88.079078105658056 85.696824403297711 55.095931659748771 134.07955995656982 112.74046088798956 62.355207022692923 89.885759995569188 88.980711849619269 92.218346142749851 86.94500605731956 58.978160786861359 153.61274983791117 121.09462680980673 125.1375867448006 85.079471984926798 91.166920938660738 89.378118640570094 104.66953424782095 71.660329319951884 114.55371549760122 119.99593423354347 128.51478085921457 114.97961400823876 90.868707629084582 89.01480418304088 80.349199440898587 88.964408123384146 114.00001361403341 115.79104238168051 116.07282578097235 90.13564091667692 70.934720694052132 70.140635512400294 97.983284634637215 87.961238061253596 116.75429173825927 109.05395619849783 106.6252663381745 89.247176267551566 99.527922059871671 108.24120584292999 115.49944165927485 102.49046355973003 97.221231423377063 160.60430407732241 134.96414008597191 89.822858332178427 144.73301598177662 79.464349546051125 80.541218824975033 88.488887736199786 136.89121107815168 137.8929668810851 157.12810401413969 143.95000189505993 143.55190897510172 142.50622735530987 127.25484190408527 128.23683260807834 134.40283426052534 135.70270942041552 142.83091789597347 145.72805720803973 142.58148590589022 143.8740088159303 146.78751313480345 146.21669399511211 135.9989950997217 134.02451734495688 138.10358065613002 142.00649541230811 141.3549635818494 132.04537076106399 146.07759829079771 151.22145293603887 139.26884448143045 131.53561158550281 139.56700708346176 132.9852970219363 134.9906065225527 124.24669450843983 150.00192202695743 144.70312685258679 127.28236313944714 135.81303594125745 140.82126217604872 131.00718503354145 154.4875775256854 150.06632766192718 150.73236744983078 147.79330515408137 173.65542775789541 133.14542601543917 140.44152670076627 146.51600296684126 151.9010129807167 160.98227432814994 158.28099745944567 166.70370236609287 142.95011339891582 116.60285451709706 130.7570922376278 162.13121894239208 162.9463077398149 152.73307668494849 163.99675280023385 165.03988404001583 143.76638032094101 134.67478187075665 162.03768277289083 163.09328442560016 163.17253498167915 161.14656200888172 150.71733801167858 113.5163218996442 167.81732688641668 168.80699157623098 120.78699254075764 169.21081631736811 165.26548758351953 162.71716761637845 164.9483602644454 167.1945425218554 162.64369861844295 157.66557213933726 159.39727689812949 165.32753585407215 166.47940135616295 161.74604744829995 164.10841896187685 166.38643766422905 164.21407922915958 168.28396069165467 167.45065472263425 164.60231231471573 166.2213380677984 166.36273599516309 167.84041390285245 162.96997938951219 163.91042819942501 173.00395386113681 169.32552273424085 168.43759982691364 167.57199418514131 168.53238652731287 166.07950356234886 167.12680551611635 170.42535142793889 169.54488361886365 169.82168869964886 168.81932375192142 169.71041536539988 168.74721394365497 168.15250891385472 173.94402759347125 171.00274983924487 170.88459629292225 170.87819302164249 169.78696157950449 169.23768056931243 168.13724481006605 173.09301640217939 167.41208778067181 173.88105404730132 171.95117965445363 172.00434959591098 171.74867931381738 174.21090097567136 170.30313486686347 171.54259645765285 163.47496039195266 174.05764933714215 173.06056210106792 172.85872996701193 170.75962865428147 174.0946810534563 173.71521753420055 172.57304244600348 174.27996136827164
