# Created by Octave 5.2.0, Fri Apr 02 16:06:19 2021 CEST <br1@br1>
# name: ptcls
# type: scalar struct
# ndims: 2
 1 1
# length: 2
# name: x
# type: matrix
# rows: 2
# columns: 320
 151.16588912576526 91.097984917799806 90.245811835092624 74.35815161840948 93.532480574469091 108.07646690717435 63.035638352060246 80.205115477844686 89.308097608352995 108.71445314587307 96.85169491791892 91.267251775646031 106.6035252277785 107.80728616737302 107.87855658974267 109.30027578603816 82.869416347132386 100.03909438222645 93.72157543129515 94.742690073448543 95.841943820729881 147.20620621110641 106.91030707153999 149.51711032195155 143.75846056713215 126.49335653989436 145.51259640752463 143.82508104826758 151.80189553191224 151.23298922129501 141.21070054797949 150.05681759228807 142.24446736772802 120.54437577900305 149.56613455719 146.41894772590959 147.39753866616095 150.60103323621831 149.91728856787807 151.09906625412219 148.41831166083927 149.33690381129668 143.03123672196574 149.95291246803566 144.8985855958143 152.68174891091226 162.71968185852057 161.4721162290999 146.57475933515929 144.87108365669621 139.93315520312115 148.5163803178126 149.33580801646872 145.92772876497128 162.38868395635103 163.46303558112507 147.571955292947 156.71766019410538 164.12227711236818 162.48688762833183 161.36160933073742 161.9831482381276 163.57006669589174 161.68563788375187 80.101213052554627 80.892294100629599 80.362224664209336 63.133912066992565 81.401753907508436 79.542772000291322 79.217338407732669 19.527067798272281 83.062232247747176 82.94013140732379 82.032455783069054 81.154522341037847 83.306166465681017 82.334187131713861 82.559383706115469 78.613069934970284 89.550172085354461 87.339367629313458 86.352668218784601 83.030284643405295 84.099174970427612 83.43851981367078 84.044340279859526 82.474681322299034 89.578489371491614 88.428796253885494 87.276427320793843 85.211852231740025 85.14150387209952 84.165190623993325 84.56316175842548 83.711914868650808 108.80998080965891 92.428026980029813 88.513561901941898 86.199349590727863 84.876424001582222 84.846170858758512 85.894942064960659 87.799667335504552 92.554688507375701 92.973991140394887 91.492385542529405 85.907389977026398 86.965481051771491 86.820409504312096 85.667091225800974 88.607758601587634 90.283043694951061 92.657553855923553 94.64825191978494 89.430612191433283 87.006938093647818 89.911876168846248 101.98873901312047 86.662067126531184 91.127246759610571 93.496475897252068 93.726387191453 90.538712933521168 88.121877113097383 87.674047358951512 89.51099391928031 91.031909247635269 113.24326999056811 93.624976748777939 90.954981917282396 92.455135912173233 89.054999775947195 88.045294603595025 91.516515254445892 64.267865219861875 88.567287837223645 87.815185103430565 92.195203683038486 100.89395217087208 94.680935040239206 90.45312033113207 88.703901205692958 61.065789105627744 132.45214608346919 108.04052611728268 68.635157139343846 92.618581456037035 93.045015765616668 95.844197076683429 89.816204365635983 64.517596208380496 133.94626390079037 116.12716153232404 119.39042783344007 87.529946057519865 92.748129325662376 92.021346676759734 104.13181113465716 83.636405823469772 112.39030275424506 115.05909970293787 131.81418143154039 111.02672018721795 98.800838455880609 91.402350143626919 89.832694874854212 94.187482350935625 113.1870991317325 112.08749730098971 111.7491250823354 97.480863354810978 82.676387041131136 82.711616721602539 100.25321073601589 93.139421858965036 117.36059069212808 109.1952501163006 106.75946603009946 96.80121671582161 101.90581264839268 107.58733821910415 113.43552053969773 106.31104692601856 107.36660070154373 156.98224771342581 135.60970073418093 96.020916225575561 138.92982785721793 90.488349154722627 88.759157757796785 95.748736449495141 138.27529736279462 137.47599565178504 152.31581286307483 140.87442516756133 139.03757923412979 140.12941884021819 132.50983322986508 123.12877276760713 137.20004562182521 137.96434206854946 138.49379412041338 140.88491924221418 138.22956269038437 139.32027129762142 143.32260652041666 144.31686344451819 134.8180244935329 136.88232993722139 136.33002310437763 139.78307849178199 134.70133376766702 133.68668482927663 144.16545514436694 148.34396274744566 136.66104334612928 134.92880102284971 135.57598192539635 133.30182669696089 133.64006559952071 131.25270491702457 147.33952629591926 141.87471726439111 129.03543531403793 134.39211437656382 137.8606719131522 132.67136035742411 134.74278905086749 147.2631719550711 148.23478917034603 145.96571589263903 169.33707607842499 132.77476980016689 137.07584381529728 145.18116333308745 148.70528470827648 158.31292480346892 155.2335827008707 163.43015234985998 141.80758029416683 124.0332199133822 132.99787211823673 159.71110625181871 160.12855448811905 151.22361691958528 160.84992646583976 162.3129753656392 143.01379959490416 134.74263139161397 159.36022838272265 160.57059593131208 161.66485622759171 158.54085997435376 150.9863474728885 115.6815757118386 165.55081189156147 164.61725753302468 124.7771570829733 167.9371958700971 163.25433582923043 159.74567487480752 162.83179563139953 164.67440802974207 160.6577143107159 155.9903917037737 158.41816551894831 162.84532094919467 163.75970241348088 159.09366736493209 162.64177489205267 163.43487735861632 161.76875668179142 165.45501609745205 164.37842993877649 161.58519399760232 164.18713700212609 163.95939474818326 164.55686644191354 160.24903027694791 161.21954693807177 169.01371994881939 166.7933622410379 165.44183724778318 164.75102141372315 164.98659842757158 163.95607659495062 165.2847277944179 166.69587954896193 165.80368595677388 166.02508314256119 165.1961729717693 166.91983724032366 165.77400107429304 165.76210012700443 170.67840512084479 167.75142597652362 167.48406818655909 167.07368809983626 166.49613157692428 166.98116282380363 166.31043374568071 170.15430882009284 164.74026723556403 170.0118927449868 168.74577576871826 168.21385456062021 167.69574229805653 170.07542740807546 167.90018439662239 169.0024213058619 161.42375724182659 170.94109124500935 169.14523322039008 169.04088255550889 167.92148865060227 169.76798253142093 169.75491323305891 168.7193686866527 170.81014777004211
