# Created by Octave 5.2.0, Fri Apr 02 16:07:28 2021 CEST <br1@br1>
# name: ptcls
# type: scalar struct
# ndims: 2
 1 1
# length: 2
# name: x
# type: matrix
# rows: 2
# columns: 320
 177.17323043790333 81.725900994846342 81.98769264852551 60.069802475777706 85.88082338065874 106.18398265442599 46.035297641809287 66.986736520615324 59.392521869986965 117.41835756489412 87.510898904729558 82.511049578122623 102.11934292047468 107.62224238154737 105.56520075906653 109.40317068529991 44.201476557345543 75.359401557676904 82.970872226664952 84.288005349514592 87.107178005966915 153.49368578043737 106.62212208058567 154.80399359060277 150.95385024149058 140.6166356358336 152.0791247849624 150.66946797761847 156.69648156811539 155.5077324721484 141.67481933390039 154.5460541299226 149.98845322426843 127.39833670296073 155.89641679477239 152.50467577158224 153.68439577381594 155.99278234801091 156.62718068918406 154.39562410924526 155.52638095342547 157.31790774223069 150.35928595169636 155.5710797676777 152.3249051284464 162.94327029234913 171.98336228743497 170.33013356175886 153.83381089970609 151.2633400824096 143.29997402838086 154.79880314224428 157.63440789894389 153.2190723562972 172.6848530860442 173.32402767916781 155.06769364231641 170.23736888049177 173.75630109208012 173.95554219041745 171.37196467198683 173.13546774494358 172.2385447563066 171.0963637671027 71.823475578881926 73.267745226924532 72.261605827199944 47.672889536021813 73.491680265269636 73.126952767824577 70.78625270104196 9.5634386452202929 74.273292066154156 73.589215294193394 74.005520546419106 72.640018130082865 75.332810798624479 73.448495030768129 74.194131831222236 72.564372018433232 81.998665316236625 79.771270163179295 76.142387589777059 74.556200580719022 75.108808565832476 74.630644013896031 76.377685880915521 75.705579101386718 82.873675805376621 80.909525606210181 78.446662338533713 75.473733472718052 76.218018808368114 75.71237943029351 76.141641134740411 76.924518548040851 106.51144511096302 71.695009993501444 81.267498574952398 76.555135178854144 77.002288996490293 76.782396646940271 77.621344347619569 75.567558583919848 84.127121021545193 85.91729554644273 83.089776441758318 77.342921993161909 78.040637364494572 78.312077293508352 77.226751378089361 79.44375619643678 81.087299973144184 83.499093860799789 85.292246588296933 81.120589811576664 78.427019599376464 80.449622965345398 96.045464586008848 78.088398486848519 78.463032364878728 86.986052095628352 81.902272937363833 83.579457694135911 80.03190814381864 78.734400945578358 79.093671579185241 80.178240519623799 117.11179692058496 82.236509344581023 82.250479421200041 85.114636937613994 80.788207156639814 79.124699436366456 81.322231247193983 46.03316636615007 79.547926675571418 78.472535902268632 85.56283025817622 98.477610767734006 87.665739452740581 82.154519645839756 79.855228543484728 42.056506185855227 126.29470310402073 120.26023670924768 48.638473873165907 84.766916548331622 83.648003014084637 86.454259856429985 81.463159694748839 47.093914361651571 196.56849543741185 128.39789544709225 137.50226192038531 78.794538938118635 83.327130620654813 86.20859092699078 105.85394594331021 45.249713903590667 121.56711483448969 119.69814094187612 112.07449809200628 108.57364454864759 76.095893190582444 80.69597657093739 58.496383478178835 75.109316053460205 117.75701949946483 121.08753652241914 124.85820605215892 77.09549215887634 43.451089856684384 44.056354524170715 93.025334094923579 74.069008817499679 117.10919787010032 105.46980510892494 98.063751538847299 73.51360071470468 97.114911317318402 118.302035473732 119.88807910674643 92.598023840151669 89.30713339924003 168.94414191140243 139.06834306496651 74.758691165530323 157.88298260009222 59.41498790793478 58.444742166036235 72.995203377949835 139.85618831063681 143.77127719365421 174.57306165329979 162.17784899796058 161.25384850691376 149.69952668353761 119.2011354481876 127.03180979077516 136.6380881145765 135.6814730745252 149.85911553304206 160.00397302984729 156.86559766568419 149.14674602451908 151.10508286586494 152.71863350977583 128.74248877613027 131.36090503310675 152.52783656051267 152.24071331181014 150.73834229296818 122.82701084703953 150.06447889116521 156.17497922826209 153.34201239902188 124.31243645486558 151.80130115673197 127.70689695483787 129.7547184777867 121.68114869923996 154.44462572802897 149.75176710451129 121.81882436023348 129.10214325519283 149.79707255927696 123.09915745163511 195.56346661906042 153.80402130842378 155.31333520738653 152.44133683970489 183.08761695252818 124.06242077658457 150.58916097822478 151.38764016871554 156.40518397618521 167.94631643194876 164.98910385828941 173.11698503532097 145.93946549812202 100.55179080769562 129.02240685811964 168.79150105958755 169.28080424871743 156.03005459350496 170.83351799637074 171.88404066873744 145.09630851803058 129.57468098373803 168.09384754222413 169.9242972495247 170.32966562752677 169.20533608015251 153.21268328830374 108.78695173090378 176.87306184904398 175.55578378774092 112.07163314591816 177.67977427514987 171.81987211836119 169.94152031178604 172.39777539622045 174.86690647538174 165.29896929035857 161.32451888017346 161.53586227897259 171.36923296891601 172.59168911855468 169.31216302330154 170.03195947773713 172.93084595305686 170.7811289682837 176.53346415455948 173.00707397623157 171.11908731733601 172.23965511972992 172.1300912236708 173.40372114172766 168.5837879554779 170.93394421060952 179.72626490446507 177.01292560191652 175.94271333453193 174.81268245886002 175.13673739361147 173.83056077201002 173.56045570089657 178.45050576979776 176.31901843671935 175.70052932098619 174.40762835915262 174.61334754542128 174.21128030957422 176.27626394360263 180.58451208820199 177.45718481692413 176.84541112902565 176.44637804071371 175.39620934182133 175.47896180026891 174.36928672723016 178.70307584295873 174.4997292071422 180.48880669813133 178.03609840901058 177.51483068387992 177.02508662562832 180.89125146769612 177.53384948551522 176.56561637496031 167.95521990407013 179.47118000610067 178.67752249372734 178.24531488811326 175.87182438621662 178.85917275326744 178.71057383638504 177.64590983489271 181.18611704719819
