# Created by Octave 5.2.0, Fri Apr 02 16:07:05 2021 CEST <br1@br1>
# name: ptcls
# type: scalar struct
# ndims: 2
 1 1
# length: 2
# name: x
# type: matrix
# rows: 2
# columns: 320
 167.81101368083162 85.288841990349312 85.0233029284705 65.501736860579868 88.819348060138296 105.82971788354305 52.287836620230543 72.01190538038847 71.404123445987111 113.15777564565055 90.934708855313275 85.569153000874238 103.82407338440836 106.66473925898313 107.37556077213638 109.39062326974464 58.795347788840537 85.667787368340385 87.649984949962729 87.842630252576768 89.959762936628451 151.64744374283819 107.06460815398241 153.0742212547527 147.2340228768459 133.05817896373082 149.225343439141 148.06746964084044 155.32449569595849 153.87678405176317 141.49793991870021 152.11348686805042 148.72680877946806 124.12533656080331 153.28056008172553 149.63507887023164 150.454319042702 154.17258812620406 154.20940940345324 152.3857235550868 153.19030142645559 154.78260717392237 147.01120959032843 153.24869177749568 148.82365748736413 159.04219604816652 168.51998949623899 165.8492247871493 151.41060627896934 148.3750289404295 142.0066879841998 152.17531366501447 155.11054889381154 150.39149167047501 168.75259789458636 169.7691075952736 153.06455769126771 166.32771601071371 170.33689610251238 171.08592521318678 167.40590013368632 168.98771586213545 169.38334168671659 167.029861656561 74.261363347557406 75.698881285120649 75.089966658893005 53.550633638704909 76.814442754469567 76.186561587040032 73.70188273938922 1.4957621514793817 77.652431290446245 76.553191550985602 77.313248775369033 75.493117136087491 78.600944738741418 76.693038896823666 77.280357147202238 75.763466217936298 84.509141866272103 82.2769380966634 80.676524252140013 77.858362967254763 78.357745518611793 78.185322640904559 79.795855706620969 77.633508110080854 85.738899666877572 83.380263136713182 81.879123114402205 79.53686205395455 79.375430634724609 79.07001033121621 79.36597130630291 80.232168904318542 108.19644031980799 85.946611765840572 84.05263288562081 81.124877931649195 80.343959922497561 81.153832501980204 80.923353237306927 81.398035234214021 87.207209283886328 88.511205604275375 86.183400902268488 80.545712071833734 81.345265331325507 81.916686264318557 80.477150995808188 82.923717480364331 84.724555976800232 86.298691896887803 88.784523074996272 84.312903240130836 81.821885950225251 84.075391698778731 98.304891227720702 81.272174261026606 85.696368929545457 89.319266670383811 86.744618725599992 86.317192846621538 82.927813951292293 82.009448753085522 82.526903074719712 83.723089024450218 115.64111726123971 86.745059922099287 86.134012238570065 87.525363011715115 83.882619770801369 82.510503826573839 85.24945053242287 53.340102536825327 82.293343511447759 81.877126794330707 88.280155972756049 99.085174701182609 88.7799982418464 85.358769115751684 83.291702962080649 49.283175725603456 130.029396425307 117.47050766329026 56.240518751217024 87.644720119885307 85.888897564918949 88.989705077805198 84.483247349806021 53.553457269512123 172.76169667142352 124.50510921206278 130.64955037729169 82.946028765402559 87.715629071198521 87.880520654405188 105.19310675274359 59.369882552428919 116.16940697929083 121.48182765530267 121.12760154634421 116.44632419725458 83.624446634716307 85.858231994972641 69.947793138900977 82.21584754698938 115.25579662883929 119.12377759938158 120.75823650007833 84.563426051795133 60.532493039766493 57.161893198036736 95.773113912114269 82.026887703440025 116.46538392783691 107.45620209832678 102.80833110117115 81.903272796644629 98.858685066030674 112.44755675221454 117.50904906517889 97.674138299369204 87.947782356321568 164.18017267359858 135.48985286395796 83.1203672183061 151.42929882950071 70.212568935060645 70.807493230991199 82.630894069307118 135.44424419178986 140.52918409859376 164.3230175768463 152.35601459678495 150.73437473165595 146.13081835454815 121.4635389028534 127.73772434393564 134.34738436437715 136.66770613888818 145.7356107712433 151.07960172438669 149.56435224980135 146.77526530339023 149.76103626589554 149.45986732903455 133.6805554314243 132.26367669685581 144.54623509452509 144.91513659828789 146.44525863273091 128.42364006931305 147.65587720898452 153.87978435099643 144.05935967693219 128.89647886411652 145.20950153320317 131.19063984044396 132.81678999819766 118.4578796798472 152.14225461123115 146.11340044188577 125.50987638084329 133.92597814809639 145.91921672913554 128.13756225276083 173.04219963085751 152.02895467115437 153.22077476437059 149.08634250078271 177.86013860369556 127.93895425160021 145.22938689710165 148.09431651083821 154.11583982897886 164.00091957551129 161.267394877811 168.97557220664987 144.253295269993 109.45197930717748 129.2807672232652 164.63938108916133 166.00492837239545 154.20281382490739 167.11333899251719 168.14178053987956 144.30844086404969 134.94113714499312 165.13246950303909 166.19392573380301 166.14962220638023 163.77299816328832 151.01262114131063 111.40804845092859 171.5121793801778 171.3984868300561 116.90183232860028 173.38053892236402 168.57973803078929 166.84525721351588 167.99240211094349 170.47474409536773 165.54463230982742 159.29666887922809 160.35062218838485 168.3895235983199 169.38687581490933 164.75421768719426 166.50704889334904 169.93912419387974 167.3245109864524 172.29304650065004 169.63381404424999 167.74196175687044 168.79246178769321 169.29258212943535 169.94267354820369 165.55031349078166 167.3738123849744 176.16759177612613 172.87342330113816 171.81532376964259 170.61985205141096 171.5722465400288 169.23144726831057 170.03597597428302 174.01547105191477 172.72649515780213 172.25925456586216 171.17546971999329 172.28788603338529 170.93576746960869 172.16654100103969 176.10022868533815 173.79826947995906 173.51817149776275 173.134724302211 171.94329746313559 171.67245240350576 170.97578545766405 175.25779192788193 171.02041956616353 176.87931654434732 174.84394064670909 174.27217609156085 174.01000674507438 177.45377908505267 172.82225680605418 173.67495116961865 165.47218451181226 176.37541380054958 175.76764650826584 175.2266797942255 172.91043849587987 175.34909659686437 175.85852148665595 174.76078575872941 176.52978655599335
