# Created by Octave 5.2.0, Fri Apr 02 16:07:09 2021 CEST <br1@br1>
# name: ptcls
# type: scalar struct
# ndims: 2
 1 1
# length: 2
# name: x
# type: matrix
# rows: 2
# columns: 320
 169.68955996232199 84.591744839055252 84.503619932180101 64.438967089640315 88.176178725892015 105.71211090639707 50.9952245871958 71.028720168693724 69.289982973566453 113.98703815407002 90.27642212025242 84.955321293632508 103.49053916320395 107.07383660697285 107.12386200102793 109.39307819887502 55.93293910282754 83.650929274949704 86.450508935647363 87.276989116411201 89.460048301505509 152.33162595832755 106.74045188604597 153.41584364618663 147.90926127411015 134.53714556067308 150.07682932272394 148.57655627194919 155.95543284293112 154.26741141638755 141.5324086431867 152.54928148424173 148.78827491858337 124.55505185461934 153.87576522124041 150.22540044149159 150.77349848827095 154.52029439046584 154.83290426609284 152.88802670117988 153.31335582353327 155.67091043233444 147.7416298653232 153.55399237828857 149.16332355503408 159.80544970463703 169.46154573972899 166.65318310926992 151.80229148642658 148.81561849180514 142.25972221023522 152.62765217811406 155.41844427872712 150.90574097039593 169.77150344624704 170.78742996596313 153.33336807953023 167.52735843974583 171.08319702424379 172.47619487519773 168.30844156976102 169.57082824773627 169.9645212407826 167.5872283550699 73.778572013261353 75.287437010124791 74.69907728297089 52.40064022731039 76.290243871052283 75.758110338983201 73.726944758732074 0.66799452613578492 77.058983198313669 76.075612565472198 76.698206229984308 74.716846827195809 77.982319802852416 76.424974013521719 76.813465148154449 75.206134665821878 83.798129087993033 81.493041767186497 79.596092861562838 77.530677353310921 77.847690796448958 77.470055991295808 79.126854224957825 76.977153274415045 84.567999257600945 82.677355162922964 80.604000836538418 79.28347471871723 78.934665151779782 78.532155275245458 78.807453241720552 79.206231899405552 107.9670080180792 83.166564321075171 83.307345629759254 80.413069012138365 79.711694135821404 79.878068291381169 80.333463952699589 80.273467308023143 87.06699341372007 88.042079676749879 85.574567733662334 80.019503066866093 80.711870126048737 81.088380801105075 79.941420589195459 82.203519439087842 84.080617898204281 85.849470428410001 87.665064039883006 83.513967209486751 81.168591434484995 83.618155042449985 97.862829493472731 80.680599155992169 83.611544812917089 89.153037871892039 85.967225572126125 85.286928067484496 82.256312308998673 81.520813040339803 81.764448364346322 83.193391812657424 115.92885893372031 86.364681748483079 85.240954994607577 86.763397361383625 83.111885312246727 81.779224640709586 84.805000112384661 52.210472345676607 81.078428716479834 81.681051244030698 87.704675547711616 98.96630349681223 88.211452289719219 84.522607178372496 82.797751152210623 47.869262120000542 130.07410538302094 117.66133101758766 54.753162144641806 87.087123122548718 85.947270705277262 88.367571663678476 83.93610952942042 52.058935091247463 177.4195486038995 125.26582728940451 131.99029828789696 82.341508719431275 87.071701151168568 87.631095099389213 105.32046222691396 56.650451870954967 117.64886924743981 121.13811489101684 119.33298115122261 114.84876035855847 81.954634779727968 84.725261442995176 67.270593378377214 80.73349398196244 116.27888889316787 119.87801481666413 121.79955659601811 82.901408018147251 56.8652952679519 54.886825214826686 95.235504817446525 80.225162157606633 116.11433556912986 107.06755920909599 101.88004379549909 81.032909091282335 98.517511941282621 113.58573436760865 117.99787248823662 96.68098547039186 88.271140187010161 165.11225361142976 135.5031644589875 81.39306902646284 152.74505669823756 68.181552922125761 68.507890999495956 80.800303468545039 136.00764009575244 141.16350666067081 166.18008329919124 154.11440647040644 152.86675523510843 146.7263797243707 121.02721880971663 127.59961062701294 134.85662945225272 136.71885770968001 146.47561034783655 152.46416128010728 151.39033805729881 147.3412318966468 149.51339838482971 149.93782672118073 133.09010063588576 131.19938171164418 146.89706767242308 145.60812377966869 147.34304605215468 127.73705947566351 147.86330515898143 154.48648597560259 145.86218239837996 128.12381936801077 146.92476748431483 129.73362814659902 132.41463016071617 118.59533756448161 152.19222857944402 147.83356944767925 124.87809968474224 133.47145424371919 146.51477042429408 126.95572373415217 177.44853447637547 152.57850245385731 153.90973757715611 149.52308945406915 178.88290610672803 126.90487048836528 146.02486884674093 148.86742595154738 154.36026425726106 164.24610996435803 161.9955553305133 169.99616081268996 144.56753331653238 107.71257722908894 129.07553243733631 165.50460039030526 166.569301653667 154.56031745354605 167.77138355126431 168.99967689634769 144.44304556690699 134.42949866610189 165.52253821395976 166.70999983994989 166.67136024322798 164.37553847689918 151.57509362628838 110.89522517961939 172.53268448326867 171.9070933412431 115.95679335807552 174.13761434019929 169.01365158183745 167.74750017787628 168.64992908002651 171.3671804264298 165.26442980352249 159.69342214028262 160.58251698871723 168.8333972262499 170.05389820611117 165.62326491651331 166.99477915836073 170.94999828651862 168.17204485694037 172.85270678220041 170.17369083655126 167.99293632169312 169.22527703605439 169.96542089529066 171.1029425015482 166.61616373745977 167.83087620939045 176.95567519292754 173.63424763683227 172.47583751650808 171.23899528733793 172.11510208396993 170.50619314231793 170.82559853794615 175.16328851944195 173.29310612895429 172.97712419148658 172.02591539893714 172.81806894229493 172.02762854383519 172.93131511337322 176.95941418425488 174.52250297683298 174.09497045903831 173.87138141242349 172.80446161779946 172.49131771015999 171.65977108293754 175.84679050253061 171.90505914037186 177.73676739787433 175.25982096423141 174.952796252524 174.59837094111549 178.20769650774841 173.78701162632484 173.9764642837672 165.95799578421054 176.87672785024071 175.96207138002151 175.6915774529555 173.49903311729645 176.60195675165775 176.15624855055924 175.25672291289479 177.05780868301301
