# Created by Octave 5.2.0, Fri Apr 02 16:02:50 2021 CEST <br1@br1>
# name: ptcls
# type: scalar struct
# ndims: 2
 1 1
# length: 2
# name: x
# type: matrix
# rows: 2
# columns: 320
 121.73257706084745 115.06981080893731 114.0962261940122 114.27431173153049 118.29892389227031 119.36525481526895 114.40054886767957 117.12918231704737 122.38869130221661 118.90082384229905 118.86251063565517 116.04424887559829 119.41170690019108 120.40395542323361 120.20003579034959 121.97528428693838 123.96100376486611 122.74263774745096 119.60392153722422 118.52035870634116 119.32814260872593 125.97516795435362 121.60790526528142 127.0704203474361 126.13526376829161 123.29236507866298 125.99132387483439 124.52935469933729 125.56091806720698 128.88370268274986 127.08690352780984 128.41748131237856 126.37439706889293 125.19317066354348 126.69432290189299 125.58570881586537 126.52887424072816 129.76825220289618 129.44712771799641 129.36896970419707 127.49131788341417 126.59623815881244 127.8858150689758 127.60736251376902 127.51931632410408 129.58094249637625 131.44002209867375 131.72955521901042 130.45498368145451 128.7423436183071 128.71619004716609 128.53623446552723 130.82988486245765 129.81028165955976 132.64152725417523 134.63030522311973 131.75267734444168 132.03034310078502 135.68898891761353 133.35832728517545 133.09394902002055 134.1646532937763 133.77977731248976 134.77383014559638 108.20050809529414 107.25048751657049 106.41768212027316 104.44022081111433 105.40136743482613 104.63807766431749 104.99616957937748 100.78815191315155 108.43579978445825 107.49644458339201 106.70999233378076 105.71361299551221 106.51690904199519 105.79536452764765 106.10706028610949 105.28544913187588 109.35792152351863 108.82343673935752 107.85248081701832 107.27601574518025 107.61713945242364 106.89231665869016 107.23980438409049 106.25956752425141 109.71004243081164 109.96827259819088 109.35147721742625 108.45450002787537 108.7121590670428 108.14152361996649 108.41997027301103 107.62814485687058 111.39373951485668 112.11787103750099 110.81718559903071 109.52267488903742 109.87523832803541 109.23349992714012 109.42897456930375 108.61952473095289 112.46710962180759 112.81197845383862 112.51667577996744 110.73456034993183 111.61455369839528 110.53314743115851 110.71157599806703 109.77446310317951 113.47718043091788 113.38158330641183 113.51176069761296 111.96354941569456 112.10502541324236 111.51438487429617 111.71532557239829 111.15009008019281 115.02206803307749 114.92614237704086 114.34925759389056 113.34885056938066 112.81993151280096 112.58976110986301 112.94621219129019 112.44733359300915 113.88458977977234 115.02207962004566 116.00192838410472 114.36923518998113 114.40328619851913 113.4153608937352 113.48032694076625 113.16078393408007 113.48434727661119 114.2757874763833 115.37396925941353 116.29942377113413 117.58915957699836 114.59464693674927 113.86137775595091 114.10165883559631 116.35799445300377 115.34451395538544 114.67061703535576 115.98437938613688 116.9679738949844 115.71625894791046 114.79101834006629 111.4172203908813 116.31075266090647 116.07542162423076 117.26033236179467 115.98449188126069 116.62386947151022 118.03520960881494 119.92277666938173 120.60699526933624 117.31822273412712 117.34288909151844 118.50910033319254 118.67539581930383 119.84170588350497 117.56190758246505 120.35965557804732 121.37641468368427 118.59571440689427 118.339369568809 119.3995640387496 119.71984181982059 120.82556589287644 121.00529072428424 122.45163228577444 121.14746079111725 122.58403474668329 119.27112371962795 120.2682966115395 120.66992290620813 122.81131977529829 122.09330528072405 122.94294419537218 122.15057772524118 122.71257643304213 125.22108447594843 126.08205450603457 121.72095310466128 125.62499191910356 123.44710089698346 124.06348495329654 123.62939640987402 127.12755721067948 126.7485848449207 127.6174270113215 125.88805230945951 127.74845382317872 125.97312461108733 127.00382237161573 126.53512907106453 128.66418028984944 127.60045641625246 127.73657760078579 126.78014383016593 128.80379738131708 127.93050567990285 127.68422882320311 127.22209505176185 129.46692231292934 128.60185076875629 128.68754387727211 129.81832234640567 129.04884425668646 128.86135299366006 128.43070241050864 129.77778257037389 130.65964345698117 130.02988587765333 131.02520323981284 131.01577804910278 129.93431543331434 131.47644672468439 128.72604647749088 129.59856047126826 129.68516614329567 130.96390294843297 131.99181677682142 131.23509676567596 132.59811934851004 131.14532922117166 132.22389655493603 131.18047891883481 131.93946446037071 132.9991563202565 132.2652481805377 132.0275289839322 132.26819833327468 134.77802577512881 132.97061909127808 136.82686086672902 133.66839276370678 134.80310091557871 132.1805911820758 133.94865776991639 135.57052878615204 134.35261686568896 136.07951856518426 135.60043779599835 133.96474073192047 133.34168385016108 134.87499488776615 135.54211511533651 136.54180392699575 135.70394339778787 135.09868849973589 134.94093856765576 136.95325304312905 136.08770513599532 136.03823056559631 136.54647873606157 137.70853620405839 136.55200974398559 137.60128367998686 138.78525724813375 138.10184779621639 138.17806112316052 137.46359075311875 136.60243903230912 138.44964965743247 136.88117907779881 137.7455777341961 140.29027615592642 138.48025300034769 138.2085525627557 137.60422864910811 138.45472226529236 139.5025901849595 138.87513399224727 139.23699184018037 138.38544641457759 139.81020183888376 139.29693163229481 139.02699160005704 140.27430667835722 140.78666385597222 139.98011840204498 140.33315030286755 139.48629720278515 140.35795157820499 140.17134709228657 140.89638421152608 141.46015841172073 141.82318423896544 141.04469600471964 141.47843238549598 140.59254122731718 141.49855841538232 141.2712080704319 141.99992252156858 142.79216502959963 143.00263746411596 142.20939730959333 142.52827410502704 141.71198433718064 142.59814397839241 142.33404298650689 143.08394376507425 143.73598381777765 144.21329457612902 143.41221007685695 143.82024784207377 142.9504570021378 143.80699446657826 143.39741497556281 143.85277278171205 144.95327295049714 145.29229406845482 144.54392285646011 145.40113469830339 144.51520465006141
