# Created by Octave 5.2.0, Fri Apr 02 16:03:32 2021 CEST <br1@br1>
# name: ptcls
# type: scalar struct
# ndims: 2
 1 1
# length: 2
# name: x
# type: matrix
# rows: 2
# columns: 320
 121.74681342832342 111.6307469437774 109.5095710600326 106.35933027670048 114.64044876845416 116.9052170226206 103.56439302481883 109.80991462998648 120.88081729933279 117.45760031416127 115.95031607625221 110.41298075836352 115.93495433031313 117.81754443288678 118.92669475642499 117.98066717655085 122.05453806143606 121.21450530848531 112.61193039136056 112.89708028036345 113.8915521923176 133.12986625751014 116.75892836055762 132.50699565848453 128.56830806077181 123.92376245621389 130.8528231957992 128.49591693377096 132.74414033572788 133.87919125417724 131.95700812796733 133.27881367355897 127.62029564300271 124.68666992776083 129.8227061170025 130.80679407383926 129.86144876464175 135.13446893183206 134.92483140183654 133.69379216311759 129.77627768058792 131.60844038935065 131.95071129521543 130.2124476167134 130.96773368441694 134.54324277240642 141.85417197835636 139.72122139722629 133.18567373652044 130.44828749993223 132.57301218269424 132.04278277448248 133.79528214982832 133.11254494334179 140.73564815186597 143.68492540585768 134.54981531657415 134.03949462317408 142.14997310449093 140.84745550951925 142.61512645749249 141.74742879403342 142.43598220769846 142.83846026571922 102.16732714017938 104.01009129044452 101.13335389849181 97.761491454538628 100.294251507639 99.344303961834228 99.570303477854466 84.68018553535228 104.72627802491306 103.51873185562 102.44084874621261 101.20452056492802 101.54503531144984 100.48522079750741 100.53807540103347 98.102796763544845 107.31083315738029 104.8770974449813 103.76360295593493 102.32859349377306 102.53451792563128 101.55476321527696 101.53360857667656 100.53251942755521 105.90202668242297 105.59588646400823 104.52607737519219 103.39417132510613 103.4527807568906 102.64154096412055 102.54362312641153 101.48293001362367 109.43485256697096 110.53722658754666 106.91924365458507 104.43869374986521 104.42911708887762 103.56477790993421 104.58604688655925 102.69894672686569 109.54221545576451 110.07878235382256 109.27299761686466 105.46427918081476 106.42177237756449 106.02607552827888 105.30129240907848 105.98125075305943 110.90509320887695 110.11038735105964 112.61978283701325 108.07015987986017 105.55440985169678 107.04255699627068 107.45133600237358 106.34052211321158 109.62484459040162 111.96185037006167 111.9423890971739 108.97809809972459 106.66136923626622 107.16031171697082 108.10772506893849 108.6441003086248 110.08216330430038 111.16715192567658 110.65185561533561 112.87690918096521 107.71199588418594 107.58402613656089 109.63858665859735 102.5278382073587 109.20607979733666 109.7697793955705 110.94815964149669 114.74495480469537 114.51720763033931 109.93138200524709 108.40786043491653 103.64025874926203 114.14338133583976 112.25188368419694 109.46293128906647 111.32512276676235 114.07409659844772 111.40485688703748 108.85535476689383 103.66703670247301 114.21769463747674 112.8457048494849 115.04833403065662 109.51418024811008 111.99796154361253 113.04966903652407 115.64570775580418 121.16422969886655 112.54426017126917 113.33706623358719 114.46873246829368 115.52808555364081 116.44027566297393 111.8594826534499 122.16550968837367 122.27630612176738 112.18872099667044 113.68191249976731 114.77636339663511 115.91329288781638 117.05773569946979 118.17603319087685 120.29994721366822 120.05263097672133 121.24097275854882 114.00347071353644 115.1845601798681 116.41926949490413 115.59743957157764 118.7260793214145 117.8006187232133 119.27109537013926 121.60527069702601 131.15126680247897 131.74088670445417 117.64064404951115 128.20360723884713 120.01465694025255 121.31998208229014 118.91826367130469 132.15368314796973 131.5386785689615 130.03988052941335 128.87050618192029 130.28592935671136 127.911703657045 126.06805848686312 123.43431284463796 129.6514907532611 133.23284772405682 129.57000536678441 128.56512122927418 130.83511214700803 129.53751230335891 128.7689350530016 129.53452492237167 132.21131709262852 130.68136264426201 131.67301871806947 131.06767410021786 130.05636830354578 130.00384672156326 130.52484011290983 133.74659574345117 132.79172335969946 131.84428129855348 132.96516258870668 130.29475251678394 129.59943951373347 130.89445610362037 131.52849285969054 132.71172907856541 131.07301540457615 132.40815614655452 132.60216123227244 130.52102559587695 131.49147871968549 134.50761090031781 135.05010323924361 134.33220938587567 138.54041015378064 133.07069712140992 131.89115408711734 134.94150761916165 136.38335603631612 139.04976352008495 136.27588627728682 143.23420700428977 135.86110765257052 131.88498112751131 131.27902962791188 139.97049043814044 140.51407441661721 139.33682447482016 141.44184853337512 141.84389189140518 135.44511833800254 132.11145344755468 140.76922784484415 141.27594592158417 142.27125456536726 140.05870119712068 138.07937469349571 131.12325421458567 141.98847970681672 142.13633999896157 139.1654961282118 141.36233659621681 142.90049818627318 140.68621076052105 142.96829650858172 143.79256973089772 141.95933453249134 143.11071998806187 141.79234517404359 142.07205490999542 142.65699416290164 141.63790398504588 141.58223714111816 144.74941298376908 142.46533345134898 143.37932086044185 143.23960511623264 144.01183099366358 143.9766675888381 142.32279207492726 143.18062332781543 141.31747681136221 140.96089813444036 144.21977024274005 144.40742802170146 144.87370141471956 144.80914459490896 143.37397288559723 144.27825559700821 144.09324880968322 145.61056411455891 145.13613662991514 145.94110195389277 145.77642823430008 145.56883358187281 144.21905084261437 145.1756691421019 145.06587430224616 147.3967816486691 146.39090391770034 146.9632796266323 146.82109702206745 146.37732812255817 145.32558001447151 146.20054039358337 146.50452690218813 148.38305322542311 147.17868522639981 147.81657057994121 147.74452949526648 148.53691725262581 147.33256680352417 147.2420926862419 145.71201561305995 148.71317749656777 147.97459078363875 148.82562632903603 148.88892359004754 149.5755629522115 149.54324691409983 148.31672623670494 147.41400056336096
