# Created by Octave 5.2.0, Fri Apr 02 16:05:59 2021 CEST <br1@br1>
# name: ptcls
# type: scalar struct
# ndims: 2
 1 1
# length: 2
# name: x
# type: matrix
# rows: 2
# columns: 320
 144.28574395454996 93.499097327812677 92.435540510230325 78.018803051645719 95.960932338979532 109.35590504409674 67.435048001505805 83.591642318126588 97.477002466597085 109.98770166790509 98.331944145297754 93.630993898605183 107.75236532303816 108.68927746116826 108.23484802647202 109.28065589959503 92.716857515225911 102.03212464266714 96.013887720297049 97.566972246346268 98.710543878312663 145.94373888559153 108.05592915131625 147.493281907545 142.01462744949492 126.19941773327409 143.92327272813819 142.07156043000413 149.73178211720264 149.38649585644737 141.09197494141492 149.43859561706986 140.28972729764939 118.89218423513083 147.80838224489173 144.59342244511288 146.02562731758337 148.52216834696608 147.64606633256682 150.15602198533273 146.75336017038788 147.4206993418041 141.29580154978635 148.53527090187927 143.7219456139693 150.03156703631191 159.61957488124716 158.58147389657509 145.02496123126164 143.13074617823904 138.83327857941782 147.03750156816093 146.92832014741808 144.96977694230185 159.5160671354279 160.50711782109218 145.90501976203274 152.7174304651106 161.62137615644301 159.3792187934163 158.39605460785401 159.83651623096347 160.19316413950727 159.06651008266519 81.719458022755461 83.193973017413683 81.878223857970866 67.095000484018129 82.932341800406434 81.813410271150431 80.803790803934135 26.980007465613344 85.178889004371484 86.137091156373316 84.162255302785056 82.783374336574227 85.474540947377733 83.912320369442696 84.416948814167739 80.582808604150671 91.879255204997364 89.348266101005635 88.377936590806101 85.066799473166753 86.27187108605456 85.534228486114117 86.405255733843859 84.397966955778315 92.083143911726452 90.367171210749831 89.36542463186214 87.305087058942206 87.261858444439696 86.33739977957508 86.311101210608555 85.151999277086787 106.927547000521 94.351553433076276 90.62384818772702 88.26329929799067 87.314872735000193 87.031307575730821 87.54177190776835 90.704362651059185 95.304264651742727 94.937806057624655 93.910102024944038 88.371879382972011 89.377737784959464 88.557078817845436 87.935743999541558 91.035411503163559 92.450926613347676 94.778406411544566 97.923902901877952 91.611030568205166 89.351037211057431 92.072179799248602 103.51139609775237 89.447527262713251 93.442062170851599 95.833434796163402 95.638838891899269 93.032150922857966 90.31125841616668 90.173769890252984 92.143000089052933 93.551241822481856 112.25215978535718 96.565077421909834 93.325036323277232 94.842959571727306 91.357125694522864 90.369270839721551 93.251448969641643 68.646340669134688 89.687016116293705 90.299893413990446 93.581393508805036 102.35582433464437 96.674038874425307 92.779806451171737 91.198129767769828 65.935935969371116 129.60097335411263 107.76371663694739 73.758274339769599 94.788767203990773 94.897166027429961 97.684180439284091 92.16202148563805 69.230788495872332 119.33390811958465 112.16999625838737 114.85039347397375 90.867823037713805 94.50043754461862 94.758624020485428 104.64143471456985 93.641173082788512 110.76558963032139 111.06377638180247 117.65160749185517 108.11506586474907 102.90735726122854 94.039462872731931 97.207939112405171 100.31436862112241 112.12753925074735 109.3017054349791 108.38313726573105 103.81121357745928 91.323052329779358 93.906882871970822 102.45628850345348 98.664271787129437 118.02725516767423 110.26611762840557 104.71925335107073 102.59689940442551 104.76689809282037 106.5584090979289 111.61754262792667 105.38066440722652 115.25812523730112 154.02741225866805 135.68830126319514 101.45903574377411 138.47918301116417 98.339417647683533 97.238747773919243 100.80933088593885 138.57971762393424 136.91487296211267 148.38999639773243 139.58862061889585 138.06463447555913 138.64789233358744 130.86303059853941 118.80422723714696 137.35068152701149 139.9257881457423 138.33870551878587 139.89604381790141 137.16117079300039 139.37720117953702 141.21617556359124 142.86285893178638 135.12613758752315 136.33872885837965 136.12923945161407 139.13186245253036 130.8357560051565 133.86554611743165 142.35178040674657 146.00889246731302 135.89053726601165 134.59709276253821 134.80780379657475 132.84517827558864 132.12298299850585 129.39080423973434 145.84771914683992 139.99190467525329 130.46557314067778 134.10764530152085 136.90487272495594 132.96771101587191 133.18054609986876 145.4091289849946 146.44633935127507 144.55564407648876 165.81421023464648 131.16962494451388 135.17865683543971 143.71367844364795 146.78743536879324 156.1425003840416 152.74753381887533 160.86040901718516 141.13687940537795 129.99229868938983 131.94174898659998 156.41403237695081 157.41931188589868 149.99221553205214 159.38957356140253 160.39547444737389 142.13848656910483 134.14337712369789 157.25083927240237 158.04799700004133 159.86283218967353 155.34547599102626 150.23451734465675 117.44796697968141 162.76889437332386 162.13223504652791 128.03229131478082 165.55198434163253 161.06588903409803 158.30798445472161 160.42750398597244 161.71021407255023 158.81983496516531 154.62379713791921 157.61941676224788 159.52019224167285 161.2507823975323 156.30935583422726 160.26646737192556 160.52237533690368 159.16951940589033 163.04369120344182 162.11693036144547 159.74984959286331 161.85050142364841 160.56103454367502 162.27735010587739 158.13708904230634 158.31464258959343 166.65659178282024 164.26083703089844 163.28320755834031 162.62755319950824 161.76272332288622 161.48823358289701 162.72055336356516 165.37446664667948 164.20205563806911 163.48429062253629 162.89184254777243 164.63331932027145 163.55756740407688 162.76659956201556 167.79596247554849 166.51533891702618 165.31491398190127 164.58322084940315 163.99316724684064 164.95672358198115 163.81933312874636 167.57022823500509 161.63921646670252 168.20023602000984 166.30177497685116 165.83648264247577 165.30786436094348 167.76148425875968 166.45465232854761 167.00521723981163 159.75040730356585 169.02124695515562 167.52981373022538 166.99079709416367 165.86450495799266 167.66995492816787 167.8512319470556 166.37625884260069 168.13287149217788
