# Created by Octave 5.2.0, Fri Apr 02 16:05:50 2021 CEST <br1@br1>
# name: ptcls
# type: scalar struct
# ndims: 2
 1 1
# length: 2
# name: x
# type: matrix
# rows: 2
# columns: 320
 141.17245411056967 94.583470674270103 93.458366257217776 79.672000473107246 97.033694558818794 109.41017146155282 69.573995743294901 85.121041536318415 101.00870169559795 110.42448441925843 98.978814201728582 94.473243899789694 108.27119633380059 109.07574114237309 108.3310685945446 109.91477503867573 97.07330458836384 104.81643941602252 97.675929103345993 98.615490730556928 99.530382625753745 145.50240942367259 108.44746000439109 145.96098211482325 141.4888146940807 126.06667117544558 143.54907732145477 141.27964789272386 148.22828753166075 147.92375957579924 141.03835692554705 148.58679376991444 140.16555141271971 119.30364839881913 147.21413113074325 144.0915299939781 144.78318777166868 146.87139577068825 147.55594295392706 148.88455225912801 146.59077348805488 146.94998345662685 140.36350235922285 147.52688336458331 143.15355163533386 148.56778167734183 158.39611519125691 157.4070875917989 144.64429504674419 142.47948992478271 138.84919511948468 145.81156139308507 145.64903028905667 144.08659268013653 158.39381149124665 159.30707856259141 145.13678778411312 150.73232172323156 160.61537709037111 158.41046384130507 157.31062923657473 158.93646710532803 159.40126913373228 157.93925420333483 82.98025803944094 83.716096648414577 83.035719068353501 68.883879123965158 84.065501950839959 82.51577972053876 81.439742356471228 30.345851186348018 86.237135123098241 87.458714942026219 85.132733979557898 84.077171860645507 86.279083543944552 84.922192683614881 85.134335270117475 81.400338273639505 92.761657682157846 90.785759650832986 89.751143683234446 86.134349315719973 87.226900462883336 86.439338418309489 87.231247914606783 85.361674675575955 92.746327178644933 91.584639728210504 90.57441736776363 88.212492291130445 88.239677830358119 87.274530555097357 87.372301892047545 86.224561886449365 106.16036729398571 95.429388868211788 91.784801274189377 89.330105189440985 88.3578405978229 88.465628959405052 88.318466098066082 90.554564333851644 95.602192258743287 95.612462101037707 94.9088818542198 89.317707155006318 90.475112393875094 89.511562670351566 89.391292924336824 91.810486551644573 93.901155661179018 95.610933834662006 98.486730772346561 92.550238551101984 90.276640309604417 92.760167997074817 104.19904768436032 90.599249660217865 94.937492012366079 96.330882960106095 96.598028803971559 93.68134294176231 91.417110873306058 91.444357278478506 92.869652714600974 94.296178015082589 111.80456162816515 96.609408437177677 94.710537383576934 96.77071527537818 92.39725711255835 91.340424933517525 94.256682654833767 70.418396910745429 91.675082252155391 90.599168320881475 94.595048961202082 103.01602466667056 97.766938414655712 93.64026297522058 92.212114705890627 68.135357133642316 128.16574974766695 107.77231349135219 76.071940172219939 95.621482353627329 96.507846021882074 98.633390189097085 93.275874618351978 71.412529138503075 112.97479673467751 110.38807752894755 112.62008786541462 91.715720381333057 95.4921793174219 95.961152030906334 105.28231197832007 97.921768552747821 109.86928363073598 109.80717344827178 110.7681528837836 108.22622805480347 105.83844348184905 95.592277390282348 100.15679563498203 101.83732860914408 111.09941675910213 108.73224618184584 107.49186317543278 106.39995238398164 96.244659735699599 98.283705189203275 103.57608996567163 102.59834108510999 117.80656924136115 107.88234327294799 105.09557480384258 105.07706440500158 105.61944682500229 105.8178167420795 109.82681046887656 104.70713217065456 116.77425472678107 152.69297044039035 135.781146090221 102.69756229357837 138.27788837785039 100.84879406666742 100.63344864572628 103.74465476864403 138.86389691536385 136.76368747003511 146.61704702628748 138.69127417594231 137.55837599886414 137.68464363187769 132.23065044659216 118.26313651408387 137.84240410157915 140.25214270081125 137.79713495951106 139.53502250483584 136.42631758168727 139.00962783648055 140.86690082936266 142.3146200893365 134.69046451110583 136.77126898969601 135.72835083343475 138.55773991214502 130.59477820687317 134.30451259026518 141.57851752081254 145.56192684182716 135.60824136630671 134.6245153781156 134.56213511813758 132.99603953982117 131.42096366095291 129.38266376533764 145.15569624496302 139.84475342325214 131.11144183657964 133.61004616335322 136.46173212717332 132.30086861297804 132.53581738469569 144.09025849137652 145.33996227351321 144.24021740258181 164.22323856326264 131.2418914091505 135.3297789271428 143.23390144189966 146.33210900438678 155.0799826134471 151.62480206571612 159.69379860782485 140.81298845413485 130.17360649025707 131.12269300293775 155.205511856143 156.62964626872298 149.43609877639201 158.56056327948832 159.55800872127065 141.76417768795332 133.3669183758594 156.02392092595434 156.34796923878008 158.90148912972924 154.4618585357685 149.59445494342921 118.24569206838461 161.11106702616462 161.41144432703285 129.50235193559712 164.04744962817048 159.86108362473942 157.43500896729699 159.4742225994558 160.63165178817709 156.9983144412457 154.00662539850106 157.59289509476935 158.09724832783817 160.83676017675106 155.81037460352979 158.8232012419752 159.45480996250691 157.87794728531389 162.22303344301162 160.92709042241725 158.62703079822128 160.04594113083814 159.68819133563613 161.16052543079309 158.12785776881469 157.09047437314538 165.09374869419884 163.69941389269036 161.78176928569295 161.5191315533726 160.40401725240113 160.2550279236838 161.41882256719649 164.76494604440614 163.02384117760107 162.52926980226434 161.70407136760477 163.67854150725503 162.46280947659028 161.7338487055481 166.07677052154037 165.90294359889373 163.93965341079036 163.51439728391935 162.86213736400393 164.11246102387193 162.77309577899109 166.53608053935045 160.29117767474662 167.09621417467804 165.37952444405394 164.73947283582356 164.124977363255 166.85451709933696 165.33014328124139 165.85717603633972 158.99470087983519 167.91918743760601 166.45512267955789 165.82980503958575 164.7441545202544 167.13551496361512 166.52892020766188 165.3115358197135 166.95546453230043
