# Created by Octave 5.2.0, Fri Apr 02 16:07:13 2021 CEST <br1@br1>
# name: ptcls
# type: scalar struct
# ndims: 2
 1 1
# length: 2
# name: x
# type: matrix
# rows: 2
# columns: 320
 171.1053895117563 84.049558165826539 83.702863302312963 63.612368378909551 87.521767351905908 105.64403226054048 49.929413432579167 70.26402055959781 67.617817159720516 114.61885919560045 89.879248345764353 84.517143925438617 103.23112365782274 107.27095110812716 106.86325972124706 109.39498758819865 54.183586246655729 82.082261868979174 86.04258402075817 86.958683484053594 88.739932354398164 152.56779591584802 106.69567480985685 153.81760796373703 148.34492852248411 135.68745291385039 150.1788259788174 148.97251254058932 156.09827717577855 154.68252698573667 141.55921765112063 152.97981031780705 149.18937172642001 124.88927486092069 154.11534362659194 150.8536467632056 151.38523716086146 155.03641783929933 155.11900335192178 153.16920212661742 153.27000408676707 156.04150563724912 147.91063926907208 154.03033868681354 150.26077061204086 160.39909143744742 169.82514337726067 167.42455605474001 152.07810914676386 149.59511562603316 142.45652660826278 153.13157642199633 155.54722900667036 151.40911230124226 169.82481258843598 171.40053181228276 153.7332123371929 168.50567566516267 171.58603584480645 173.05324291996158 168.72022451297519 170.36036926156834 170.37258631010636 168.61258832619009 73.703925070046068 75.116881255556805 74.792923026004516 51.506200907336876 75.85164368028704 75.373003403354403 73.648532732200479 2.3509163865031342 76.573311156311377 75.434405213924308 76.292029049523507 74.211373081779513 77.532838039282282 76.015701749055665 76.516976944531677 74.691743154999358 83.270814212656759 80.755720638031676 78.828321812139876 77.190226804479181 77.394436378196701 77.130359329939083 78.769343075023102 76.407835944660292 83.80829651384073 81.896772130411904 79.887627807261111 78.266507658060192 78.45414616951885 78.218865173423879 78.157111712151618 78.615626614564633 107.74373165325042 80.996270259101763 82.668280039897198 79.481123760465337 79.350063485084362 79.319398237770997 80.160094257765266 79.372653381174914 86.515254371839859 87.647382862679038 84.820315599862653 79.500486759614404 80.391267115670303 80.678298706270709 79.56328730407084 81.788085219114905 83.924322018736845 85.508894277662549 87.104573507322428 82.721234645570206 80.425718582836453 83.259386307036976 97.519003700168753 80.002945453745994 82.742400943337117 88.688668471981131 85.255925141427085 85.145531626018666 81.489422752853841 81.27673985606198 81.019531885307558 82.587315982761581 116.15265801231632 85.593890930983605 84.851854485479635 86.486724318398799 82.651384864561706 81.560508866447549 84.532007739830149 51.056690587908413 80.481618080862233 81.655806674010392 87.280972054451581 98.873848115635269 87.445010124047243 83.825993088034011 82.421390309380129 46.769551537864942 129.86332548720455 117.78213251043057 53.596329228416636 86.659365268841299 85.48902856171236 88.035165266046619 83.395220563811293 51.232155690617077 181.04232232915859 125.88430597069828 133.03310221836773 81.395944731883233 86.355456053887679 87.333194404362345 105.41951836112268 54.247416074653955 118.3736450563914 120.86656384061502 117.93718713621797 113.66062888576076 80.772806576497544 83.894705597880446 65.550192337461766 79.562294222673671 117.01165110497421 120.32919574982904 122.55858401436068 81.569859936046782 53.865030455581064 53.076285806605789 94.817364410482725 78.960809319747256 115.85038428097246 106.76528140636093 101.15804255775416 79.963718884854813 98.252155066478579 114.48414453348887 118.37804663608055 95.908533270076148 88.467138902837434 165.83720545196513 136.19558947610841 80.31934040902911 153.63674245550951 66.36071502491663 66.626439157952888 79.302247787968625 136.71433747581241 141.6568686533974 167.62446774990397 155.69669623517078 154.60341588216764 147.30601602982227 120.69207763767868 127.49218884718417 135.48631617452247 136.26231680791312 147.13741539946133 153.53861090680667 152.65186662408155 147.68493452924289 149.26532994835958 150.78681207050613 132.27974729248916 130.95723192096065 148.31351425845762 146.55314195688007 147.83354804173555 126.82962755688942 148.13563285337219 154.78301434794287 147.43168814529599 127.28406678785085 148.13495985240027 128.84595035875768 131.59053525937031 119.34159092817241 152.59314525865747 148.59367732918847 124.35990874441345 132.99893441789871 146.83731591146775 126.21655338941449 180.87568380066722 152.99711552140346 154.20019552791388 150.02447599877303 179.67839194241995 126.43142130189291 146.83813885975138 149.1055588807329 154.30126823124701 164.95334987036117 162.56190234928175 170.28320984489088 144.8234196142196 106.35970706961052 129.04730240476354 166.16367813590125 167.05624348721787 154.83837583137611 168.19811756098073 169.25104360339907 144.54650296663488 133.70943181576123 165.96871029030135 167.29137237279613 166.84249154821984 165.4843552282276 151.97328743713177 110.49636263526779 173.27275118418706 172.3563356736519 115.22176304766737 174.41276955932324 169.63661837264667 168.29989419649442 169.31576375895992 172.05268920524455 164.86728126534703 160.0020080099917 160.76287961119797 169.36076939920889 170.56933488153788 166.13829077585137 167.73446824078519 171.65085372161488 168.64182780612154 173.43989150292083 170.7239835521508 168.75049181882923 169.96755782318397 170.40052990659865 171.31636188527372 167.25958802589554 168.24485797393913 177.46490218701197 174.14316903765788 172.98948704465647 171.97400125986709 172.76011671912696 171.07662263686009 171.41770133856542 175.35799517997449 173.81174152944175 173.49171284704911 172.33744623542049 172.9766438660551 172.34037731413181 174.01663285283607 177.13747166650612 175.0213491749214 174.79248346198824 174.37941065085124 173.32706978075305 173.15407601845359 172.10889989646432 176.08972929723089 172.45605456080708 178.52887034215848 176.00499031398155 175.61277973037599 175.10204241627801 178.765068663899 175.06425572444246 174.5461447602525 166.33584899607587 177.40259189209152 176.79244829202864 176.28087584243772 174.11309048135087 177.12659228940703 176.78624320659185 175.6309792047206 177.78904164453007
