# Created by Octave 5.2.0, Fri Apr 02 16:03:35 2021 CEST <br1@br1>
# name: ptcls
# type: scalar struct
# ndims: 2
 1 1
# length: 2
# name: x
# type: matrix
# rows: 2
# columns: 320
 122.15466200534632 111.03028839276887 108.76333847938784 105.65081709607411 114.42095364147924 116.70129867098352 102.69274704145612 109.15445782218998 120.79674280277109 117.2858943426743 115.3093103858302 110.03749620985054 115.48613027189884 117.55522920201811 118.64767491153091 117.79712085314161 121.97982171925851 120.67519416213011 112.16388770339432 112.21499241527408 113.32241550264212 133.5697697504944 116.4672862233413 132.72427949461746 128.70150508151247 123.9806538381404 131.55833240790145 128.83530802117679 133.33651124769864 134.50220662973589 132.26897333498192 133.47542400727869 128.24803458014313 124.47378414430074 129.97783600128696 131.11159105849035 130.24996523147831 135.14964262586696 135.87001908923139 134.54091740599782 130.12962258648352 131.77730190040529 132.4089567158741 130.48330241791564 131.24705548763001 135.0257963618852 142.89561352013331 141.01301282333742 133.56137405161633 130.61240406879344 132.81984005356651 132.61591127574695 133.93392744503612 133.19191738954325 141.90841252806354 144.11459720691084 134.85199057267968 133.91914255551458 142.45846234399542 141.77600316229891 142.6159706386201 141.75865393513712 142.8961287651251 142.93074118092935 101.56527264513358 103.32136167173715 100.70076309281885 96.994829180275616 100.0723369935568 99.078272196962288 99.009192284503882 83.237681083609061 103.8114075753499 102.72975654424698 101.73125868093511 101.01038597507747 101.05003540351692 99.945460738732891 99.997704316825491 98.082158146096162 106.72839015136766 104.54121520467403 103.01187652079477 102.06091068745943 102.06128105002425 101.04044408733886 101.00778120049178 100.1165927944307 105.7286422127742 105.48528440878773 104.2301249203683 103.06023792699521 103.00976729165471 102.22330411709878 101.89041487793614 100.95510120514487 108.93481402404437 110.14732876057063 106.62021327154699 104.18694222042721 103.59011484884579 102.93011410967783 104.11128241660037 102.27948685946249 109.55951655453023 109.86272271134281 109.45679941192191 105.02618893833537 106.19376191643781 105.2591185478373 104.70451617211346 105.40690739969021 110.63385433788585 109.48670319714542 112.68966133367874 107.5677290974576 105.22182991917218 106.38592132664819 107.29197089232262 105.91144202506794 109.23513760073662 111.49316733906386 111.04201354003092 108.61874860213133 106.50638852306054 106.88380606921152 107.59349315725962 108.42789491951898 110.14767175183935 110.90412894268974 110.4447935701714 112.82596392294212 107.64914250313997 107.39758526193225 109.20429916017351 101.60535240597899 109.01597808845116 108.89642005574467 110.46176534247479 114.61887265238467 114.04396886298731 109.75423916558132 108.17669071766821 102.69768971504689 114.05848024911536 111.64871228564604 109.05827442794546 110.96416290561356 113.83579241038413 110.97028070560728 108.70070897745764 102.84995218272969 113.48865028255568 112.34503705975651 114.63478480000916 108.77668355518666 111.71406300656946 112.68168560578881 115.35555943510334 121.26360967931426 112.19907782932366 112.89416438000505 114.09215117588501 115.40246430321375 116.21615069317724 111.49797938868798 122.36632866468527 122.3197080729382 111.60797173876048 113.40150140285409 114.58249000814487 115.69009255263941 116.66016393399281 117.78767586352018 120.19021651107573 119.59591050867098 120.91610605387426 113.75542229943022 115.00205699090627 116.01523324077078 115.28802537336722 118.25726893735944 117.26643338065124 118.9678249191453 121.71070148610494 131.7231704388837 132.41864932805072 117.13965636536435 128.42570402586458 120.05840224394004 121.20796121092643 118.36106520524942 132.49104001633305 132.23248994441244 130.57326820472971 129.34494400278774 130.56316576098999 128.0110509070098 126.17363138709629 123.36699868492559 129.8648144797065 133.55076129538253 130.26991631561918 128.75732584212807 130.93212964242645 129.83296897729582 129.20336594342132 129.61398291575264 132.43668671796007 130.91168974835543 131.85188035765992 131.09660689087178 129.87834000721185 130.51030789329556 130.66718505228582 134.18272825763947 132.88605431764114 132.25970805177761 133.2931247238061 129.82198060205531 129.48488674927754 130.4613700227905 131.64790134613094 132.71254419484808 131.28163038686105 132.3297591606175 132.26995124685976 130.34341788189241 131.24857546060974 134.97423871075807 135.53156279493473 134.75445373598441 139.22225515580229 133.30165767999549 131.8114425418008 135.62786108964164 136.52074552731906 139.56653874625596 136.45404495872819 143.5835187561251 136.09415789402175 131.7661020485917 131.00615467184628 140.41289530398106 140.83454524608757 139.66099228282846 141.79928789227546 142.19842676325976 135.51129659614912 131.52891224816648 141.14991489266188 141.44915874162933 142.48612392502693 140.56009351418072 138.37526882045805 130.78137203371372 142.70499700394558 142.43923044468463 139.43287217293383 141.67634245668043 143.28858943168368 140.99696401826759 143.56282284851341 144.35530277057509 142.45823731665507 143.81683041350672 142.30420168946432 142.3305665579982 143.15964092656679 142.1345325369256 142.01778815193441 145.18054163997166 143.21314637323118 144.40713866438816 143.71353441294502 144.45466872264828 144.20044441256954 142.6947008268653 143.59630280127706 141.56691609652819 141.27043013597719 144.38764617446813 144.94202472702392 145.36135916600776 144.86037259210784 143.72775779566601 144.57292503544684 144.57423795951428 146.07214824800468 145.7015227956706 146.4731173277533 146.17438636714846 145.97799043158125 144.82991251518308 145.82724058081803 145.49877441576669 148.07220625785615 147.10115749406634 147.30635377188983 147.02860567511632 146.76579613552946 145.66980317644425 146.91601628298909 146.70963858640005 148.49924610101948 147.49596659043232 148.08388241568832 147.83142879915482 148.98607315328027 147.97220397983787 147.82448452638192 146.29421493101728 149.34570979055371 148.38986316080315 149.23853175212582 148.84945869409026 149.97720081909006 149.95646433225735 148.94869589549069 147.56692630351756
