# Created by Octave 5.2.0, Fri Apr 02 16:03:51 2021 CEST <br1@br1>
# name: ptcls
# type: scalar struct
# ndims: 2
 1 1
# length: 2
# name: x
# type: matrix
# rows: 2
# columns: 320
 123.92002213229046 109.07519708167695 106.74659659569936 102.58059331335984 112.33833784687843 116.3929106894024 98.551472877918798 106.31414498840516 118.62254362894458 116.47704540229769 111.36999153283772 108.1278580785784 115.13926531753991 115.89314683887041 116.99791563415788 116.05000528659656 120.83825644099502 118.99841827050867 110.38149103530264 109.89926447846487 111.77934610196222 135.12481681826452 114.94801059844194 133.76114663801246 130.21592990215251 124.22718315982192 132.90839818365038 130.30600273326871 136.18853947223963 137.08750831269401 133.54786379676815 136.15903919392835 130.66874001203396 122.83576240126801 131.09744582739046 131.41654381965344 131.55364141348215 135.39096508437979 138.12851525336245 137.34366927308432 131.80357237220261 134.01488779321633 133.44961050618011 133.09329153533685 132.37175576791279 137.15997294295474 145.29720226144235 143.65861723758107 134.65027034733549 132.5553765880276 133.90180664148986 134.08468055238492 135.07811850623705 135.01567745086251 145.83329787262514 145.93030281064486 136.0743072478775 134.64372434303539 144.22038161399229 144.63166788114273 144.09705375729644 144.32245527737066 144.73623896117414 144.77318820301713 100.23319455802972 101.18345858784522 98.423897631769975 93.672625991802562 98.147675441742464 97.09967135491668 97.29611213672689 76.986828459388448 102.22987133736245 101.11495976661396 99.565649892732466 99.202433654231285 99.503897129440674 98.379995962047346 98.538936337391078 96.72979621915843 104.66482923821923 102.51468795605439 101.4771689680268 100.2973871462754 100.45457696240268 99.453860939057563 99.287764245299712 98.328024396770601 103.57590052821027 103.4506728915989 102.47611165683456 101.20267833795664 101.31803306490545 100.33550396692712 100.18756700675357 99.154762055867025 106.82107338471253 108.36334143102077 104.46866909527699 102.17980579811362 101.43884472050357 101.40660956233302 102.4403149700224 100.43188284044611 108.92613987239753 108.59515656317659 107.43073623446512 102.49258074505705 104.05724338115039 103.61006263895106 102.4308012665667 104.12730360509723 109.93941087144167 108.12797732400857 113.83302396585728 105.49802349280591 103.26644755633185 104.49495944681996 105.26964307049452 103.38717117787343 108.01115559691942 109.32695159913985 109.08549063648684 106.63047050542538 104.40863305727738 105.15531513105157 105.61733493166497 107.93304857590428 109.79873070805837 109.89752412497927 108.76012607158563 112.8762861440365 105.30223164610516 105.41709014638582 108.40775543614926 97.67934865644834 107.260543399291 105.14181810118569 108.26323483978636 113.97009618091009 111.09140548325867 107.50021133783694 106.43243552714787 98.613050409971805 112.62586799697912 110.67173821936886 106.93637570685972 108.60104622050152 113.16752860288355 110.16403147513833 106.32429378332142 99.602132933169614 112.16981062815476 111.02886672767717 113.36121869339267 106.22941809436507 111.89050962870088 110.58178610533191 114.16303977600158 119.89336389946098 110.52923493781215 111.80454654775997 112.90479903891439 114.09003678502339 115.47476226303294 109.23692212779099 121.83253252294831 121.51097491243412 109.64275714214361 112.18361620743386 113.34673504364656 114.6715285844374 115.68396125883554 116.67835228938414 117.25511977799086 120.22330689530726 120.28223607163365 112.68263469237289 113.84782788508548 114.78864232346493 113.308301271838 116.39787653135596 116.49892738353839 117.56403662847544 121.39368250076504 134.20141952997085 134.13055584927551 115.64807881170525 129.62950169424909 118.26375404393329 119.30332648287082 117.77311905150246 133.75156158798367 132.90105636495156 131.80964168159946 130.57669860488824 131.5160176136732 129.41159647352981 127.32869455006932 123.79082067421093 131.49176645735963 134.83984695998021 130.47045820886717 130.17520838030902 132.22796448678335 130.9221713280331 130.79673391400266 131.30238328966911 135.00635445532114 133.45831980223309 132.62597111236312 131.43168424194673 129.55433060815096 130.68723042449238 131.78411138002264 135.4131476318982 134.50684362527988 133.27555173316347 133.51734755822218 129.95892688466381 128.17406835946042 129.3168281515191 133.11782137627662 134.21248490323507 133.38167543410069 132.07422110877917 132.46940545774689 128.83229989760011 129.80172055504883 136.27970372438676 136.85764395059516 135.76467602667432 142.17691683122942 132.6849620729628 131.56616033846342 136.44883067907398 137.26987679342895 141.63050693456853 136.08189257609232 145.07599015999162 136.98316944472481 130.49535782605295 131.09547059468019 142.27432878661062 142.91962436250478 140.68897236313595 143.24083002551345 144.26794287970111 135.91894187703636 130.06021863460981 143.03532663571201 143.68189162564985 144.44754171003967 142.80290138914637 139.68318959196682 129.29988258326861 145.41841344503712 144.14324755595109 141.74243520838328 144.00515951901528 145.14496152695969 142.40600574085485 145.55903422603475 146.34565455053084 144.08104039016729 145.45164436794326 143.39949223913479 144.84863235011849 144.54692996765078 143.87405505007527 143.41355789360713 147.03124807711941 144.40353239955044 145.81215959836476 145.63726196902482 146.52898233162912 145.91923886762297 144.21352546771328 145.53593095267189 142.45274078678835 142.51069492077207 146.92530163423933 146.81754165928817 147.02199881942934 146.7772767757632 145.5016734489713 146.15705061943663 146.85043996650163 147.91165992752985 147.58136949979891 148.32486909154815 147.94066249763063 147.69878344413115 146.62254328978676 147.90581693359098 147.51568078999742 149.87516353193922 148.73416374269911 149.07397427042216 148.67756043224509 148.30616795167154 147.25150982550383 149.12698129441344 148.76494964783799 150.71271003751133 149.49339413734242 149.68261381202672 149.34219752079287 151.60522009596178 150.24841821964671 149.98995008491391 148.23264918541523 151.59498532752508 150.16174989594128 150.97091566193626 150.64046689364173 151.90964104619792 152.71094176181685 151.12793746304706 148.76088205122261
