# Created by Octave 5.2.0, Fri Apr 02 16:04:27 2021 CEST <br1@br1>
# name: ptcls
# type: scalar struct
# ndims: 2
 1 1
# length: 2
# name: x
# type: matrix
# rows: 2
# columns: 320
 127.99393011754614 104.97945344163747 103.53112522645063 95.495461507096152 106.87922988326844 114.6374469822583 89.987369828507781 99.759576910440188 113.63253948819674 114.60511932506905 107.14884036002412 103.90618263538778 112.69008097372972 112.17420538843551 112.40584478002744 113.54927916301828 114.03524304394161 114.71418082273443 107.44929704237306 107.26360441034204 107.93973459932096 137.13050768651868 113.27173761314361 138.07332742796282 135.91446769676608 124.79609697908697 136.88883072763849 133.69991360732701 140.22250698227333 141.07679573282886 136.47866464452935 138.93020753056729 132.73439870529822 122.137114345025 135.50301194016384 135.18152442768735 136.40608338410581 138.09552982970149 141.02652432660562 142.36160027807159 136.58149599105519 137.99937914173987 133.76770511045166 137.49532031983583 136.19457524788729 141.73871592800182 150.33754215138563 148.4604921183938 137.82117198654166 135.79798508132274 136.92015793712181 137.08488238558306 138.80614171450134 137.70961846870489 149.47594309133484 151.29854124306752 138.5991848695696 139.9242870298807 150.02072428454557 148.59669489039155 146.81837878950412 149.37989546576171 149.34938734690536 149.39467980897402 95.188519427234951 96.104650657831556 94.676442010728991 86.006003249172437 93.695855402534363 93.914869765427554 92.785818566971983 62.561783941955838 97.965614731400819 96.903383418200519 95.899188748187782 94.724077914301631 95.764871460519572 94.570268040297748 94.329468750012168 92.559396996189861 100.07977286880015 98.798847240197986 97.73806160486005 96.798307777783975 96.531275042469133 95.556963242368198 95.287153268899104 94.255311800864746 98.95097812202242 99.676155348705066 98.658781976106795 97.531498197722357 97.416565226319022 96.498312576608811 96.246765650142066 95.259923014588537 102.47840092156471 105.04046171927895 99.88329965456056 98.427159128366654 97.244911505384039 97.55667016431984 98.643021294967781 96.456430500857763 104.04806070718493 107.34855998906922 102.4665829000997 98.315498222822768 99.343182705979714 99.276653880456379 99.678927693425024 100.92284092744072 103.92604026428141 104.52510104820654 108.64390216875121 100.91061013142628 99.513447134624712 101.08311252214966 105.42377550682656 100.03626116837023 104.81265811324427 106.04516831250285 105.99407066782794 101.39537635825994 100.66152667825615 100.33399526012585 101.33816265030117 102.76919365248737 107.51722234894257 106.16346851156976 104.57766514718671 108.24744938977901 101.33222677768887 100.42290259287294 103.86674691212795 88.876713981317863 101.83613240289012 101.49980877417903 105.01541676187766 109.34985666884999 105.12505401159498 101.99019393827275 101.67606385121196 89.186959705952376 114.42860951454406 110.17251602948312 98.217027425673194 103.78293969745988 110.49562130218354 105.76254277048412 102.5265733006088 90.857107974723448 111.23089221838143 110.30479462246478 112.36789759561431 100.66274004686184 110.35533781911249 106.56544901425652 111.41642293135781 112.91323186176218 109.28765057815104 111.69258567505614 112.40106915514274 113.03889606387979 112.70358064137362 105.66356440671726 116.87788805482471 115.88142750054138 109.80229971052032 111.24942702610133 111.93473982448792 111.50023501953206 113.20464004596715 114.2555304642184 111.19807041191731 117.05663872712222 120.32676161964376 110.50276827758357 109.14072366611312 112.04319581222951 109.78807099290452 110.24667557587988 113.82173374615613 112.96973187560782 119.15479779679954 139.92045589401812 137.44122937147279 111.77595876888401 131.71245646187668 112.2924134125071 115.34955222659251 114.2321337656397 136.5604473779641 135.15447262886181 133.63428043620041 132.74662332988669 134.01380790755343 132.27696313793669 130.10665910340646 121.68746929872957 134.76546466864539 135.89553315882873 134.13735270603732 133.77630741258977 133.94655653798114 133.09473383180421 134.21613255789177 136.79956941502195 135.991255777438 136.01309642658632 134.9429149076507 132.9110732155074 129.52047256984855 131.51445762624053 135.71258574328661 137.90354494542325 134.41616020055983 134.87614524270396 133.35551060182578 129.95802683867478 128.33598795339631 127.13347138626982 134.84330228065937 135.93657402233467 136.18311106041395 132.24867730942083 133.52570226136058 129.53401374292505 128.08006345617076 137.04008420026307 139.86799261281726 138.73364397153904 148.99536685144588 132.47889755635367 132.64048861083458 139.06139332607728 139.33617024400615 145.92241497468629 138.90565978557376 149.81053571862387 138.54837465824056 128.54781057948321 130.89375333402754 145.80086148804216 146.86667190449182 144.11326697221651 147.97287009830148 148.92138272164109 137.34602165949767 128.79891710960257 147.96035509205086 146.78248863778316 148.06852970390702 146.61125102889838 141.42215391504152 125.88106077454384 149.25707057384486 150.49866785566155 143.5729829084664 152.08640919626421 148.65956194787523 146.95538824804021 150.32039316386792 151.48783588628336 149.55113527279093 148.09941017835587 148.39051469602924 148.96772381612303 148.70763402503098 147.32685638342394 147.71165144090679 150.38007079450389 149.64880591770947 150.0352444032591 149.22580809703189 150.629096321617 149.79677751541882 149.05672580685291 150.85515996567003 146.90940053314361 147.12771450054777 153.85047405711776 150.9237857046063 151.72868748069175 151.20488359487643 150.10686806421492 150.21937965698743 151.59749269721684 153.03853281985099 151.83962092534364 152.50624146645129 152.36859809467978 152.09174057986044 151.07496115014706 152.78428921321378 152.66135676465007 154.15420287101355 152.73597225994311 153.629428213041 153.30267169789062 152.98150161534622 151.93501354470175 153.82190754661772 152.43573769459553 154.92219243430577 153.8139900728645 154.37944063118164 154.0763730862044 156.02676147913755 154.87418302227044 154.68697264663973 151.54620892937584 154.91739047163199 154.76029735395861 155.46390249395307 155.09645371521202 156.09197709306167 156.20346961507011 155.78902525175792 153.67874320359746
