# Created by Octave 5.2.0, Fri Apr 02 16:03:01 2021 CEST <br1@br1>
# name: ptcls
# type: scalar struct
# ndims: 2
 1 1
# length: 2
# name: x
# type: matrix
# rows: 2
# columns: 320
 121.35563798846988 114.26402784164998 112.84182932895047 112.14552125181582 117.27825772586652 119.41426788483946 110.97492439373686 115.16281189365787 121.33140120972796 118.62420108731368 117.92271766837611 115.36560758102767 118.21452216579418 119.77553817806907 119.39777212846442 120.4407909702404 123.57376898541401 122.54040456110218 117.99001202348288 117.35473874774802 118.4287195164767 127.81625254021969 120.71345331453658 128.99349479572055 126.42330799613212 123.4591495038141 127.68284409636007 125.73057212479839 127.01835791963823 130.11805001838741 129.11546962251663 129.98964290866331 126.32782905907256 125.15664666430852 127.73277264730886 126.6665538252708 127.88787624036846 131.49581769154256 130.68420218288193 129.53350148693903 127.90454315958651 128.06704922723316 128.70917506443104 128.69784592497541 129.1290970826802 131.07300616468018 135.0356738795723 132.91769417667587 129.8548543376094 129.18336649510286 129.39942223790769 130.00870905884966 131.73127650041008 130.58156358376371 134.00138997879984 137.10303521947856 132.87076948315038 132.45429034204949 138.25913514092412 134.28377762383613 135.53750754039527 136.11176795789046 136.23688002520652 137.1458789000408 108.19599985910361 106.69197318633933 105.68633774373434 103.71679854833616 103.95855650659769 102.9692684086685 103.22184682175489 96.460638557921897 107.67480606894722 106.54818272994122 105.58561238827633 104.76255777589488 104.99959964028955 104.07431424053749 104.23067833839002 103.26855818045914 109.40318607421862 107.55475339666945 106.61864960347719 105.90783499588588 106.08238472483266 105.24950481838275 105.27232368294368 104.35029624039812 108.78221217324511 108.70335183125708 107.67240733661751 106.93513389908492 107.01413566345296 106.18780142182885 106.4328168649956 105.36020245088038 110.17919166726821 111.811994770449 109.99011289488173 108.27457397052055 108.16121350535535 107.38068020863442 108.32411015424711 106.81190695655609 112.40541950888102 112.02658720232145 111.18551887013622 109.32789645619104 110.20445880390096 109.17144574399427 109.44155555211802 108.81316644183391 113.46474820949071 112.97056421400411 113.08018830665701 111.20538988144878 110.39886901028079 110.18387769224424 110.4534815220277 109.91503043696837 114.0763030113249 114.50864528615539 114.06906511572362 112.23317323456595 111.14700128725404 111.45750619908237 111.58223966423157 111.63387084454197 112.24922236652583 113.58089325719425 114.44382749894015 114.16732970734066 112.27680467627067 111.53157566572465 112.29223067864021 110.17339385706055 111.73589290356043 113.3665383094082 114.82020439194949 114.68397343041963 117.05723513070497 113.04555407171779 112.54890939080153 112.25411989752011 115.57816974806796 114.35515616095711 112.44374030186874 115.08657748003081 115.93715467669614 113.393241664174 113.30023055528069 109.01966880165244 115.04519963252613 114.57427584013386 116.61845435619513 114.6287095599926 116.26105017520577 116.34326342506921 118.47897531401603 120.52013565646585 115.79482995155205 116.17533462282405 117.40692607810935 117.8225946930017 118.87962254336632 115.57769650059767 122.28215905650238 121.41135761604981 116.84680352178317 117.06540282623467 118.30870163164811 118.75525975447123 119.92337269550572 120.95945153071281 122.21512824699849 120.61655654245381 122.8212560502363 117.87383708968916 118.90082473692767 119.45880395653498 119.87802086262033 121.60760595912018 122.18883764305535 121.59763529879163 121.81704738270233 126.49872701434491 127.82189314377334 120.5801088553856 125.42158768053518 122.88525069393958 123.31682652157784 122.78644624772222 128.87143132431137 127.08030231127984 128.25499831847651 127.43304196487593 127.9157906728406 125.57976731419235 126.438782989705 125.8681481924322 129.07098556413825 128.78054185807213 128.15969052612814 126.96724210025027 129.14727384317317 128.55886445559949 127.76642971780663 127.47302044472384 130.03935043943261 129.09131163173183 129.13047482535387 130.72298201462507 129.77014696930502 129.01232342994965 128.69251531739329 130.7035845209767 130.9426579912886 130.28977993157343 131.60147698384014 130.79116489365418 130.07246480520703 131.37791786458502 129.51351882914636 129.9613205922993 130.12975131967642 133.82848294305845 132.10680999002992 131.22637275106706 132.95540348965119 131.35207013636366 133.92673780919111 131.92067379619721 132.60286529713028 133.21891964897728 131.8393610822512 132.111898740611 133.08266211239663 136.37659016610735 133.59678325403897 139.42505856776592 133.73674196533747 134.50752956066498 132.26140379711603 134.92789212265933 137.25301979132649 135.55906021898002 137.12888050077981 138.20068170491251 134.56001862539887 133.54859899740183 135.96520649967536 137.08833450898928 138.47623352623808 137.41030919533088 136.58438062239338 133.91529202503992 137.69138687997372 138.11000260106951 136.65090260461588 137.60872842414705 139.4656709602645 137.61202338720881 139.70738942553533 140.88011719120485 138.92866605282009 140.2562057096136 138.17152978699238 138.18674906416607 139.58505313595509 138.37615218161733 138.64178034246248 142.09520993657526 138.91810830836394 139.15912421214068 139.34262029256385 140.32698205885865 140.5206760481162 139.5245645881333 140.43367095334298 138.66968685890714 139.8860235472373 140.27568883394082 140.23723672478272 141.3447375148302 141.77141630793153 140.67046821722013 141.5467576023278 140.72038494161916 141.19779510129888 141.23154682463218 142.25581536606617 142.57414755481898 142.89546039094398 141.91287937476497 142.70155134705047 141.70997549163718 143.06865050578193 142.30679205754757 143.48238343705961 143.67283313791944 144.10249999859226 143.35391011178231 143.82441861675943 143.11494631734811 144.0611164173317 143.35109870397909 144.56528715829859 144.96262477267021 145.20828944034827 144.54093418547504 144.93762022905418 144.43073516230262 145.29959657247733 144.36307861905172 145.54636095522906 146.11754008009237 146.26123862175135 145.82595619967424 146.581173786975 145.46237636223199
