# Created by Octave 5.2.0, Fri Apr 02 16:04:26 2021 CEST <br1@br1>
# name: ptcls
# type: scalar struct
# ndims: 2
 1 1
# length: 2
# name: x
# type: matrix
# rows: 2
# columns: 320
 127.85813318470429 105.14653049753747 103.9685159090684 95.731632567304942 106.97384539415839 114.90433182229926 90.322986984382794 99.978062513039021 113.70617363627443 114.66751686097668 107.20803464053847 103.92322512178589 112.70270434262034 112.16683673847606 112.50109478183849 113.69403948167532 114.38934403054503 114.8757060979282 107.38658350608921 107.25425544193268 108.16554561052794 137.24154292826509 113.31600971584993 137.97198621817739 135.43561061464089 124.77713318511147 136.77569415406083 133.5867832448584 140.05718640893966 140.9560965353611 136.42052400353722 139.01308489927447 132.60494410369378 122.23326046066899 135.38912330772976 134.85534719948535 136.222400334588 138.10727671854281 141.14330355056634 142.39381602541397 136.4848937421169 137.67869510472298 133.61670197438639 137.29340966997768 136.00319336130005 141.57586662506122 150.4213110622224 148.39629033098041 137.75446387621088 135.87416866738312 136.78623358464941 136.8765467564005 138.53250042582224 137.65229298973591 149.44622622923146 151.15501086055201 138.62551310743711 139.78805696454444 149.74144813837333 148.36236722476326 146.68048682807211 148.96360080522075 149.38990140279938 149.32642491528227 95.321785825330593 96.377111553890899 94.994185066683244 86.261557340593441 93.988217152306731 93.934174451107054 93.1189690294527 63.042618759203719 98.052258001116357 96.934075356645977 95.894228584580489 95.008866031464777 95.820416157299206 94.55502370503487 94.542104063319357 92.802136350434267 100.23260178643943 98.963061880366226 97.912095509225949 96.728203470218858 96.718487043185092 95.512569438553925 95.391343374180281 94.358184395809744 99.173005611714771 99.891148563499272 98.673491091157516 97.614741787196152 97.693875861497588 96.389298525663918 96.236028838554915 95.243977936772083 102.85986187540176 105.03051496596701 99.961254639980623 98.676398287324517 97.445472901277554 97.740957891330424 98.748471997876138 96.447381381672685 104.14071095568336 107.59827289744122 102.56476819977274 98.48582586801308 99.549195282611265 99.475755211396006 99.968115109133223 100.99741800144947 104.03172564294381 104.66115857615974 108.7838583411839 101.13239109757487 99.65628527424083 101.24937238060669 105.26224983849116 100.25875241564745 104.9291368900214 106.29399448083792 106.44154231474106 101.36701869485266 100.67080156321165 100.42668755346185 101.56361237184299 103.02788994564008 107.44245493355632 106.30291920904035 104.87256024747181 108.3056057518496 101.34982365454316 100.53468957479201 103.817362158997 89.240954260910129 101.78697938947325 101.84334473723106 105.09405039891654 109.65176544403661 105.29152666343212 102.26266679924701 101.7311315412268 89.50116272941969 114.22349435273489 110.17464946724355 98.547551116023243 103.8019350154574 110.55100396004958 105.85232977804037 102.67102199428189 91.027642628689122 111.17764071206949 110.32878126839671 112.43196056407838 100.81624829527981 110.43296629952202 106.85282084589439 111.50797682617927 113.15506858501725 109.23517783839745 111.62276168523432 112.43494338610653 113.27864750692449 112.69146115988846 105.8759723921013 117.13006049174176 116.02428520299031 109.82076453234905 111.29355294610805 112.05520742077766 111.594491059555 113.20587767995924 114.41586916032944 111.30557267840088 117.3393675749419 120.30872496915099 110.57680014583524 109.24735029526205 112.14835860498673 109.83269551336127 110.38875917396156 113.82744738912221 113.15555575143809 119.24597975249084 139.72982134854988 137.40188862364573 112.12169432205566 131.59442179124662 112.47906545051097 115.6225402336796 114.20546068460644 136.56906614481181 135.10267619608331 133.53023179294581 132.71745272963668 133.89199694210251 132.2023666603767 130.01406028496189 121.68472316414305 134.77614298868542 135.663396255706 134.24272102524861 133.39282105993746 133.77280180414715 133.04656187677503 133.95379398278382 136.58322723975198 136.1273471502958 135.99434821863881 134.894464907816 132.80730812023376 129.33584192288066 131.52265437803777 135.7946205182871 137.760846898832 134.3714534844043 134.70432067494164 133.16708664462132 130.10756239819395 128.32575960742108 127.19960806837005 134.72503280489371 135.94671770590801 135.95019762903826 132.26092589088327 133.63479018566733 129.64450886565879 128.06850050081519 136.9325392032394 139.76244062187686 138.69656409464858 148.76808518410533 132.40055030908218 132.75017987035488 139.01592418010324 139.24228977436277 145.85948026013284 138.82047490294485 149.49153426874429 138.50446673569888 128.65816211283379 130.91597737899858 145.62971352041598 146.72618022806807 144.03382172140792 147.87051091578167 148.72255362434328 137.29018674884009 128.86923445217843 147.76651369939202 146.54602945267681 147.78600614591258 146.45661634743573 141.2527737192957 125.99502150150144 149.13641895973552 150.2795168888201 143.78493332572214 151.83273042884895 148.53720488516078 146.77434936530454 150.15060055168803 151.15711595269406 149.33298025520392 148.01124278701042 148.38271905667537 148.9600596885017 148.79545525818472 147.48447240281416 147.59450250322001 150.32092799547581 149.48732737664895 149.92208229262744 149.06687402118794 150.57715072572719 149.67551344764914 148.90977399797808 150.64910219944389 146.91266519571732 146.98534739065485 153.6140518855056 150.8539295961117 151.54382448153362 151.10261022296083 149.84647974234068 150.00030337426762 151.33245624060578 152.77994145936171 151.60350398440897 152.4987621064991 152.19570083689405 151.99718440327931 150.73213854401448 152.65738660279959 152.32899294859672 153.91562336439543 152.66578825798092 153.44958244106999 153.20234196886446 152.84847396950462 151.72538537774602 153.64585041722566 152.16510239800365 154.74764680322252 153.72582041968803 154.21726828547452 153.91202049072967 155.76609585600079 154.80640037559209 154.50727153873504 151.19399472971003 154.63886743046874 154.53672791145661 155.47254480501846 154.96904280757022 156.16708896910882 156.12789982457915 155.55068341904533 153.47137902621753
