# Created by Octave 5.2.0, Fri Apr 02 16:02:28 2021 CEST <br1@br1>
# name: ptcls
# type: scalar struct
# ndims: 2
 1 1
# length: 2
# name: x
# type: matrix
# rows: 2
# columns: 320
 121.12021139520247 121.21101394018815 121.24490216681197 121.195532418027 121.22086917389429 121.2881832335782 121.12645951262603 121.21177044722363 122.22321231065706 122.30617900595654 122.33238355434609 122.27687929700724 122.31804437363121 122.37471890509745 122.19430566662714 122.31389587498576 123.33239075257599 123.383313833719 123.40267839216504 123.34694940313467 123.40531077238188 123.45183355189018 123.25924058960672 123.42014639331181 124.43365221508955 124.45824784144511 124.47646492352253 124.42896975112633 124.48230951792704 124.51515377426023 124.33005517457076 124.52016710368099 125.53861293000068 125.53776200060307 125.55405123631824 125.51951080392526 125.56902950465563 125.60095334807185 125.41307533521102 125.62438086996112 126.63980980373984 126.60863747677385 126.62930530799052 126.6022186508125 126.65185096872925 126.68177445075021 126.49081904216922 126.72367503408546 127.75419169903438 127.6801531221756 127.69960234940228 127.68164893853847 127.72080660598849 127.75541956618511 127.5606913370315 127.83254116925561 128.85814335067471 128.75963569699937 128.78694456833904 128.77706545329187 128.80760279500305 128.84878440483158 128.64712378924722 128.92957305144964 107.69984007742234 107.74585782501072 107.74074654494936 107.77475091349453 107.80453687032109 107.61814525524218 107.85446195732231 107.61662572197241 108.80976988197675 108.84493750332248 108.83921512285404 108.86887785673299 108.91401987511298 108.7084023660085 108.96150609957694 108.71940567872889 109.91812192897537 109.94295656726527 109.94139998898578 109.95620765660887 110.0154630842115 109.80574921904628 110.05786390954654 109.8326110345928 111.02700715605491 111.04137503707037 111.04303882526413 111.04150852993925 111.11789498340138 110.901021152572 111.14959334674235 110.95016755886375 112.14817347108112 112.14532712033522 112.15426065173027 112.13224776267458 112.22477280963342 112.01257356957613 112.24931466736429 112.0660105220017 113.26098548995743 113.23181605070481 113.25695908195097 113.20950758415005 113.32212724206956 113.11388435961857 113.32723288533418 113.1779777711771 114.37739177508625 114.32970481128041 114.36658939948758 114.30020442817272 114.42591852898242 114.23300137510445 114.41802913381467 114.29534203283694 115.50065793239105 115.44434707371535 115.49532744544858 115.40067088341584 115.53740554027225 115.38075008798906 115.51628580456675 115.42587922662702 116.62710956173188 116.55741817464276 116.62817984490896 116.51211249468781 116.6595182088174 116.51421377232165 116.62417307190815 116.5581444483059 117.75222194365905 117.67651974839102 117.76226443001073 117.6274926972781 117.78444056919443 117.63583384017608 117.73376453886931 117.67971351449798 118.87222024878933 118.79200310841321 118.88856981888605 118.74224086437653 118.91097301241645 118.75771901695337 118.85397070362725 118.80338251744209 119.9958506025541 119.90959142727532 120.00404082794469 119.86114573146889 120.03944189738064 119.88453134852266 119.97703363820652 119.93368090528142 121.12232517283937 121.02428799929945 121.11901151936814 120.98985866768722 121.16389144737749 120.99975695581945 121.10488687906725 121.05775518304237 122.24987577467691 122.14421918434797 122.23618815099401 122.1175298159288 122.28077855470254 122.11130368068844 122.23483866088958 122.18002378384072 123.36853510228059 123.25939729432091 123.3493748134368 123.25783625493303 123.39925737801289 123.21756627914309 123.37337304720926 123.29812610117582 124.49364954083001 124.38181027155515 124.46671281344008 124.39207358648706 124.51841302553682 124.32655514528631 124.51663692667981 124.41204166226817 125.61153693102978 125.50528459553979 125.57766136079627 125.51726052743086 125.63698600846747 125.44256466600645 125.65398795317634 125.52989498043108 126.72681473804488 126.63487422804833 126.68451303491123 126.65129882721607 126.75478960383938 126.56890337168527 126.78163669600605 126.65988817619319 127.84350195982874 127.76696147661562 127.79753921218052 127.78659697382012 127.86205206404264 127.69120172300704 127.91115395722052 127.77501439877258 128.96448882536211 128.89657216167444 128.91561880003206 128.91920740411891 128.97975442279784 128.81839036939431 129.03856387810308 128.8901617329872 130.088656050635 130.03280901140124 130.03286420476664 130.05395135645375 130.09632160345583 129.96417686344594 130.15691458807385 130.00807245852019 131.2165664898109 131.15694554510404 131.15018610923534 131.18406402708237 131.20100939399103 131.10051338974935 131.27729974019132 131.12891069386441 132.33541838754849 132.27129500127919 132.27184333643561 132.30985378722963 132.30644745582924 132.24175280210449 132.40196932427872 132.25410435981087 133.45503718762421 133.3925155034797 133.3938702845962 133.43868625990206 133.41984260670301 133.37595209964252 133.52166282083479 133.37209526510892 134.58139597582522 134.51243777276505 134.51295077971477 134.56481683188457 134.53790420604702 134.4957248823869 134.63550214922716 134.48927133986516 135.69983025645911 135.62741057498619 135.62969300834769 135.67875946016562 135.6644949740859 135.61135639511463 135.74326906869305 135.61343275670009 136.81082713399886 136.73229737567061 136.73100009501479 136.77673781155664 136.77492411079274 136.71011668803266 136.8329702744667 136.73112013084261 137.92007263238938 137.82164398161757 137.82812166542485 137.87546955583494 137.87597122971931 137.80033001349463 137.92227750502755 137.8412781734319 139.03436910436596 138.92019785257992 138.9284027774639 138.97588998997441 138.98448604243487 138.89666000040671 139.01801272140423 138.95537787931599 140.1478077240242 140.01697449528515 140.03071235574939 140.07236455438004 140.08796284353156 139.99530864392213 140.11532351104267 140.06302297466422 141.26080507010784 141.11923603792812 141.12836779902858 141.16525781302607 141.18161449535569 141.09202397860403 141.2057089043563 141.16990463992155 142.36560021455128 142.21365304176868 142.23172937663492 142.26284437524302 142.27961027939037 142.19082112664981 142.30101419494426 142.28467478868129
