# Created by Octave 5.2.0, Fri Apr 02 16:06:19 2021 CEST <br1@br1>
# name: ptcls
# type: scalar struct
# ndims: 2
 1 1
# length: 2
# name: x
# type: matrix
# rows: 2
# columns: 320
 151.38782929257866 91.020529678767133 90.181718350790504 74.240066088305085 93.476081618277988 108.03650246023268 62.94658530846219 80.09587267654527 89.071277793865136 108.56291180663017 96.603479457091751 91.1357554213035 106.5664658698669 107.81162617181366 107.75022104932629 109.35191919430881 82.580702859804106 99.965053380748188 93.647119338758145 94.606915812765422 95.695161456264557 147.24451256007492 106.93096746983207 149.56927784868412 143.90319081608979 126.50283843688212 145.54368341581801 143.88164622950188 151.86541550380176 151.16912914457023 141.21453040625576 150.19340487703911 142.37673949644392 120.59212192276038 149.60839652478839 146.40849397550463 147.46419612240248 150.65770666364531 149.93608539230573 151.07236392174028 148.466050278718 149.43631633329338 143.12857499275773 150.05625616666666 145.02150039051253 152.76655487274232 162.81508879465051 161.63485922760114 146.57104223960275 144.87814788500037 139.94999424006633 148.55812427221846 149.42411826436444 145.96981095416248 162.50679274382071 163.56874029573103 147.61593659706699 156.84669986278263 164.2708570519433 162.68882895450642 161.40002819084512 162.05184487605823 163.60022360996939 161.73685863685819 80.119652315953246 80.834138756909738 80.206894131693318 63.006135021282063 81.313814537149128 79.498787392244438 79.213216050809706 19.286650389648376 82.906349811829841 82.775876481963465 81.938172074205625 81.170362262482044 83.20559624772865 82.164048852697093 82.457883368524008 78.512064392855763 89.428020299990166 87.381496856371655 86.327379420702528 83.057510384045273 83.985056163762536 83.33611830315381 83.979603796961072 82.44171471332703 89.551743734755405 88.413951690540131 87.178390752297602 85.096972656051889 85.04452907675288 83.965169284421279 84.480704794328418 83.712560230136987 108.84482120370255 92.369641284494392 88.380982830852531 86.041370073254086 84.931945591829063 84.897616045042056 85.998568729339084 87.741484139182816 92.443728747842968 92.901014383575472 91.375661178842236 85.947985363713997 86.861459690256126 86.678485937841785 85.647698604250749 88.574926819727992 90.260613551356357 92.514943942752893 94.695991529480722 89.200519443431787 86.858895256515339 89.810337347128623 101.93962104264847 86.616636402018344 91.01021009949369 93.397096074837862 93.820592394955497 90.434808039507416 88.043924915522126 87.569084167006125 89.531429031062444 91.030668504402144 113.2752412875104 93.542063665119386 90.897975087136714 92.383094156886415 89.030579260561154 87.919921382597366 91.396228676650296 64.06465149413215 88.548460630979918 87.679305132016623 92.154954252677697 100.84679500429878 94.595877115934755 90.382229406408882 88.758929153718256 60.908687593894086 132.49760541249236 108.15992426163216 68.469895294168822 92.553785048783183 92.895225909349975 95.674534821364148 89.789375138496027 64.374666932991786 134.46380300439881 116.31147700566775 119.53688055471318 87.460707636150943 92.712535017564406 91.957653809781377 104.14596174289831 83.42512600234889 112.4457369268743 115.13542369822805 131.62411347611746 111.03250160960191 98.592819616640298 91.466222372158711 89.653313025676383 93.98193544198557 113.21111309994089 112.25196209432026 111.8933633198663 97.262464715951268 82.273410147211919 82.33413079924739 100.19345535716016 93.005545535656452 117.34463545649996 109.10755553259536 106.92748770128192 96.624353446580727 101.77168527347146 107.52985297632731 113.48983425337082 106.36785930633327 107.11203539393865 157.07756498615993 135.65437581336769 95.896389105843241 138.94436478773579 90.192884431789366 88.457273202465231 95.572887242722473 138.25443750737114 137.52576324402062 152.44245210389232 140.93511316589129 138.98013049691065 140.21564031901934 132.56890689179113 123.26827452395489 137.20757905005402 137.86160298764159 138.63985640188386 140.7924139486588 138.29724718779798 139.27423493755472 143.45512218708902 144.42453457642347 134.89389848523058 136.82098830750905 136.19580671716636 139.86276866931192 135.02783813781761 133.81271122420418 144.21770649552505 148.46398972077557 136.70230474326257 134.9967918111987 135.63380868569942 133.45262006358686 133.72381470539932 131.18620423266694 147.35954325284447 141.89613427875526 128.98930183575922 134.42630963469867 137.87323166999084 132.72688873166726 134.86126314622888 147.24271960834443 148.28120336744905 145.99479984814576 169.45071691209526 132.93791985043893 137.14585354505112 145.26133217431976 148.76818634471078 158.27995848069472 155.31377782609636 163.51386176248974 141.80515731393257 123.84247228461109 132.98132558775762 159.7784224472764 160.19473085016961 151.26333954498958 160.91902191288278 162.33952134630206 143.06609399173809 134.76748560244593 159.37906710748797 160.68219155400038 161.57896404177166 158.59764247676841 150.96021070413019 115.6245953483598 165.64061723164357 164.69735348341788 124.672152752915 168.07400711933215 163.29419066078785 159.82652918186622 162.99450954984351 164.68956650331387 160.69718970030709 156.03447539944642 158.44393160787413 162.96197121935759 163.70107942133083 159.19499068709197 162.70849431188739 163.48234486050742 161.78320261165592 165.47038366735566 164.33355530067456 161.7730228999489 164.2303317455775 164.00846180161668 164.64065262787679 160.39772665449772 161.24315116912331 169.10244122766426 166.85097015980784 165.4787454821315 164.79254485545042 165.1321163510564 164.01433400244625 165.33193556848363 166.80450742999039 165.92959901081844 166.08049845569391 165.28988927422125 167.01836454737997 165.8427529386754 165.69551667863917 170.7695681963751 167.97130930713908 167.63975507346819 167.22029421061063 166.60680482302726 167.0948499394365 166.31462132280549 170.2261228874637 164.81246778419913 170.07445617924998 168.80858684974086 168.25576768773385 167.91088301717045 170.29168957797935 167.97152774066691 169.07847061268114 161.47773627209307 170.99194063850823 169.24583278475916 169.08261033396315 167.97950372834413 169.80576480758484 169.91923806218185 168.79925827694549 170.95091878355933
