# Created by Octave 5.2.0, Fri Apr 02 16:02:52 2021 CEST <br1@br1>
# name: ptcls
# type: scalar struct
# ndims: 2
 1 1
# length: 2
# name: x
# type: matrix
# rows: 2
# columns: 320
 121.77889816219698 114.82738499194588 113.87952595557191 114.03710499411626 118.19201844030263 119.38002303406256 113.99936914252349 116.91069671444853 122.27262525755422 118.97253738379555 118.7313629791026 116.05505096582272 119.35760104610449 120.34684572984047 120.0432692976735 121.90445758096978 124.02906677292366 122.73704915252402 119.46696110986085 118.56233580438908 119.24247488709602 126.3198378903836 121.37552381046565 127.29489681198741 126.01147455288634 123.30800951563374 126.26973874521831 124.56373536300076 125.80975211334197 129.24953211551284 127.42863798638179 128.38492457385593 126.53622519807733 125.27189233007793 126.52858376193565 125.65682312523506 126.68569222730524 130.14286072746455 129.68173478541536 129.32961923030385 127.75020668134765 126.78968011248561 127.79467805730543 127.62445318311136 127.63824012027352 129.79702379937686 131.98509573631338 131.9990903699437 130.46549176426109 128.84923379538608 128.68177798017007 128.66053233210448 131.08278525367444 129.78120692656756 132.90173438782267 134.96478646243153 131.85021732604213 132.1215391995342 136.17861412242632 133.55570459321163 133.3635796721085 134.40046120397326 133.92974876478436 134.84224867493481 108.17094456376341 107.27706796313917 106.33005649458785 104.52335754515929 105.29254059102209 104.42286032633456 104.82639414151984 100.30731709590381 108.34935524359689 107.43230592142613 106.41600031309974 105.5961175716083 106.34850576941407 105.58498705937579 105.94281902973638 105.12507512680666 109.38181494692951 108.60948300364618 107.86961683396166 107.05871259859052 107.57460675248736 106.86319327521396 106.97397556817381 106.19751110142259 109.6061696937723 109.66147085789031 109.16195938932137 108.30260311470411 108.56881552541518 107.85856102055537 108.27151727516555 107.29822511898259 111.25228726917656 112.17393324414279 110.80374095678749 109.31780561942814 109.6134597457966 109.16309507941469 109.31391965823565 108.35952606811789 112.28450642321133 112.62931733415573 112.32719134098281 110.60087374479204 111.56674528083175 110.43019773666929 110.32796061406876 109.77487259799358 113.5550132236899 113.20035883483075 113.49055918178293 111.99469177144451 111.80345714473975 111.26697976401066 111.49824439563632 110.87919324157295 114.91187949616321 114.86671906633069 114.34462254885013 113.07881239435085 112.57832273680332 112.34403856419769 112.81376259429422 112.37296884235401 113.77561022633884 114.8749335568527 115.94151008226042 114.28843618995643 114.14245955245379 113.2806746972233 113.21914700098628 112.75922676105927 113.47248711326932 114.2540577416186 115.40536487006175 116.03513315264559 117.47049795599369 114.36852897162065 113.89542963138965 114.07293056964501 116.39127065409828 115.22614971511516 114.47590508581195 115.83077561227623 116.76516268636891 115.40475678609239 114.47041332329744 111.06512611931464 116.18798932388802 116.08560555848993 117.29445351032466 115.60137435244661 116.6280810926449 117.92942706892602 119.83172165740923 120.70745117313847 117.30127437948929 117.24140298650656 118.27561535805629 118.65902366194473 119.81501787926764 117.38148661332026 120.47769762766956 121.50874581719719 118.0365969871057 118.23635748182592 119.26691684918249 119.49496728055117 120.54892803614084 121.09930550815334 122.51127593186574 120.99713453720362 122.60346425189056 119.05870447698389 120.12246158369901 120.44491856049558 122.45908111475964 122.02253653990088 122.91893341354043 122.19157779998794 122.62000162263632 125.25024560741393 126.29132505108031 121.59541492033577 125.55254522196779 123.25392555725919 124.01065560522281 123.23533666106144 127.39092838607485 126.8336867909223 127.61008106592921 126.09546098882923 127.79482434266851 125.8851302338113 126.75976453454052 126.36696635656939 128.82877315531593 127.62834069734205 127.86298303109696 126.64122561794841 128.92594417520303 127.98183225456519 127.66139763442798 127.21106835593457 129.68132404086239 128.64770396874516 128.86819220972316 130.08782271631185 129.46171661452536 128.76815632601259 128.47332409914659 130.09489871418873 130.56764866554352 130.03858103549274 130.96584280286692 130.82298114775799 130.09093642929344 131.33753341366375 128.8509289411507 129.56928483317216 129.62626022402802 131.18758614835585 131.82639739925688 131.21185160227827 132.71964438558746 131.09077935069655 132.22284070182434 131.13101127673133 131.93848199310648 133.30938071758459 132.09728355760456 132.038797874903 132.20020002323386 134.94068963769914 133.16432665515615 137.20239598861082 133.7640043191262 134.8948117308241 132.28046643123895 133.97248287053935 135.66657228565944 134.37291355038693 136.15670491295847 135.64490934190849 134.0687877687769 133.28244263377792 135.15110274867158 135.49937720198605 136.80317480871707 136.05958566061446 135.27238229066137 134.82697784069845 137.00375916854489 136.28629660386875 136.20731262370282 136.67767726200881 137.92652614903955 136.64559181281166 137.94786566690962 139.16031549305603 138.24760710333888 138.32248142668769 137.5114290780042 136.55139630091608 138.57080096327053 137.272952136816 137.76999468322703 140.57771411785853 138.76249907044095 138.25141299898044 137.62009566647282 138.63044636359945 139.74420745945727 138.89131148148351 139.13223339650648 138.53405891015117 140.02554331935218 139.44222824064195 139.12893361249627 140.57564251759342 140.79864067006284 139.99767481006162 140.39803205720028 139.75373311220486 140.56416263753394 140.1315462567359 141.12683715761688 141.76498524278253 141.95312152493733 141.13915068223253 141.49559760740928 140.82351782641294 141.71367044776565 141.22592934340983 142.15305037445879 142.79185041800991 143.10606792266927 142.31465215716642 142.65163975376808 141.85402802498032 142.86147754158301 142.28844121151928 143.17232114297701 143.83641989885578 144.26911166095755 143.49737410706231 143.79481240832931 142.93662657673147 143.90907500914932 143.41009697140282 144.02197280236305 145.16552925457592 145.66414166400369 144.68626237590459 145.35410663540929 144.80707264630544
