# Created by Octave 5.2.0, Fri Apr 02 16:05:03 2021 CEST <br1@br1>
# name: ptcls
# type: scalar struct
# ndims: 2
 1 1
# length: 2
# name: x
# type: matrix
# rows: 2
# columns: 320
 132.06783810281036 100.31515836268792 98.460813637185979 88.410329700832463 102.84380365776794 110.87261033602778 80.409483088556485 93.205008832475215 107.70727907144152 112.73319324784042 102.89762721764902 99.488532391135678 111.01358881925913 111.73897425160585 109.66209126110792 110.10931706020352 107.88401732436418 108.93142508057355 102.76072798659175 103.81868236178423 104.71663710816473 140.26717377100346 111.05503648692701 140.40146685329657 140.73528013961578 125.36501079835202 140.55209963839764 137.0938244813853 142.40948115349482 143.23216169614244 139.41641799209287 143.7562103067855 137.59821136605098 121.13839887940674 142.1137970717908 138.65596659286246 139.79883487508627 141.44524378103949 142.75791635079096 144.68101271654226 141.18585614078381 143.52862271751889 135.82663407978887 142.63281948776569 139.36109169376994 143.49104238588072 153.13680804993794 152.31658788556538 141.15938198083165 139.62703750932229 137.83487496037853 140.5581170369355 143.9229844244702 141.67568209941604 153.4387771499602 154.22528847744854 142.56644468385474 143.62202270901307 155.22838476060056 152.4842433746463 151.70711516535872 153.93346013264679 153.74500311672088 153.07091171607749 87.981586574562726 90.532847077551295 89.080044338227438 78.339380506542312 89.216767036947061 88.464536007962153 87.190499537696439 48.136739424519391 92.751504527969047 91.581425161243814 90.670959952337881 89.650495023838445 91.402502367854368 90.38020229314256 90.491954478046949 87.615575783341399 97.01826318492293 94.841289746685646 93.952184114991482 91.679844176832418 92.37252475985008 91.577217353723455 92.22418577317444 91.178980707810553 96.997991520923009 96.169572907496885 95.09498382924852 93.202531750736796 93.546313294332052 92.596151531605088 92.333982401155595 91.134437507824757 102.06793525523118 100.51946373526202 95.91584680694271 94.249538746813883 93.668135644065174 93.494587556406913 94.885576938434042 93.823795763637875 100.42528482853456 101.4320456567626 99.195167127091409 94.577653468764737 95.759895486134567 94.66189243913557 96.042411519514502 96.847799014431089 99.638676263176478 100.33484207926486 103.87807179359326 97.43590974745679 95.283918006899384 97.840677516885521 107.83377749928809 95.708661984744253 101.65667977461217 102.56760363945862 101.51728570759266 98.059020973068314 96.074877155822293 97.171280588393103 98.573586309700559 99.408244218707779 109.43868565443583 100.72199904895992 100.31359489403816 103.88338002876272 97.444278515353076 96.662968921186518 99.57533077158206 81.034507728154011 97.42030640833616 96.832717906973016 99.122729839946913 106.46121574584313 100.82568528693872 98.262433065449144 97.700899891374647 79.760869001932946 120.57956782788267 109.21014651544603 88.301316715171737 100.26429141982209 103.98640122312608 101.85502074518449 98.495850302500955 82.165438284851135 110.88435398291712 110.02173053880811 112.32817113250722 96.308920967027419 103.08394522737112 103.20267073168201 108.66980608671405 106.69302833418367 109.04229502384989 111.15990667254616 111.21095206691336 110.43880894235321 111.04909983538735 101.95127490206926 106.9425207754573 108.98411340794475 109.83452278642193 110.24135001509296 110.45792449429067 109.47427500389495 111.20975547384836 109.86366596683642 105.89362650737569 108.10899417930126 118.05534728538174 109.32520628772353 107.38474168081544 109.54527750124539 108.35004590705221 108.37837144635338 112.00187053364553 108.54555142037546 119.23185297510591 145.63949225806539 138.14541310181781 107.51310515044572 135.65788591074755 106.86593805137692 107.92441522640156 109.99015644831312 139.52360644262842 136.59096659892722 137.18378380483909 135.70860590565783 135.48902034851363 134.4594345579811 132.8846236567436 119.88418533262301 136.74306337859409 138.40133795496322 136.19334090336818 136.54822835957899 134.31451913721426 135.45992745155897 136.96300626835085 140.05639444297404 134.8365367429335 137.71104510282015 136.80301071998784 135.23255863354206 130.21589707348875 131.24279908650126 138.2637909327656 141.65732730985047 135.76105114251135 135.85877384158459 133.81261796862606 131.31329352777257 128.30040804435475 127.43145303844783 140.37307381062732 136.73277239843509 134.5253192292038 132.96009854772797 134.50366130105454 129.1468722528297 129.2830591914888 138.68218110884862 141.00104991275751 141.38131798599207 155.81381687166234 132.48661860646641 133.39684533714527 140.31173686383244 141.39788140440805 150.47619037172294 144.8391002772683 154.74934669229728 139.53732154902596 128.14753137820492 130.63936356363007 149.95661085814834 151.62828669879491 146.4966244964742 153.05900367673408 154.18436245989292 139.34935976468998 130.25553071481443 151.12454672008349 149.87284473805528 152.51140396974668 150.36514893249901 144.54059223897863 122.46223896581583 155.56162557930068 154.3881902787243 137.27267235991184 157.70105371470837 153.44579609844024 151.96212783634417 154.21309774063803 155.32634460836158 155.59096705438796 150.74443191871939 152.03944486591163 151.89397223456106 154.54359087379405 152.43644038513429 152.1266277464498 154.56111727303568 153.1791802504853 155.55505784832408 153.58537638772782 153.93860166934743 154.70981081776742 153.69979301562 155.94241939308634 153.65472694383581 150.95815030627986 158.82043832735772 156.59896994801733 155.96297290275007 155.755718418193 154.88260497525789 154.95310015059735 156.10098796195348 157.96921444683301 156.952352490512 156.96997728505707 156.09751109934882 157.64221455740781 156.51258358007999 157.63397183510185 156.3366907444896 159.1085853182673 156.9398232877007 158.29511352787793 157.35096662383 158.10058892730564 156.98477352232652 158.83582902863566 155.59555059575968 160.27665398293334 158.16775667523879 159.23173004312329 158.33775629451543 161.75402052418551 159.36760493562818 160.21797151957347 155.000252640116 160.19290534060352 159.18687809503876 160.58786314874538 159.05624583483063 161.53880604295793 161.02594927108154 159.99958702428563 161.43000687551
