# Created by Octave 5.2.0, Fri Apr 02 16:05:57 2021 CEST <br1@br1>
# name: ptcls
# type: scalar struct
# ndims: 2
 1 1
# length: 2
# name: x
# type: matrix
# rows: 2
# columns: 320
 143.61992345410977 93.731463044910697 92.669083916192761 78.373059641958903 95.97486433567822 109.24625314782494 67.92392563459417 83.919370722024837 98.091443996494235 110.08129797176652 98.35096952230468 93.806657029978851 107.86354339677297 108.83020873860571 108.23699003825745 109.51647212111378 93.727199010161485 102.50022476559835 96.615346640097158 97.76598295275187 98.89574315042735 146.08079547761287 108.12163078090201 147.2343271748332 141.83813016049118 126.17097204231084 143.905554035807 141.90186488630121 149.497521399947 149.18417795028031 141.08048536658609 148.98164681620125 140.17011591146266 119.079350548967 147.64923143642318 144.61440404069248 145.63045892162981 148.008762370402 147.52286975860341 149.90249962427589 146.50696379015875 147.29012228201404 140.88895786935339 148.64629129235999 143.63551762779571 149.74860250950499 159.25944161442851 158.26133467430918 145.05219409899399 143.03612569149143 138.91085152956353 146.81254694038466 146.62213908342221 144.59793201176436 159.28424432232526 160.3886359527238 145.7274761292955 152.32914659527236 161.43748228587205 159.11074626885826 158.26232580232613 159.64598990730315 160.08445672606516 158.60519869141288 81.862661741181199 83.054827717043864 82.161833061674642 67.478331621149636 82.980533809459743 81.920604638504173 81.14481500476019 27.70125969148506 85.43796354771564 86.498104427032274 84.1023755943379 83.096700695065337 85.596254285456808 83.867933971618086 84.492706707138339 80.890929998632927 92.069531943347997 89.769408542699878 88.62016187314552 85.571470374014282 86.44118389494075 85.741882746238488 86.6524997764337 84.507736452618175 92.385763433611174 90.827894936031939 89.695120036428506 87.436329612670434 87.505204091802099 86.550014119407649 86.508410350564276 85.220940518347348 106.76305510339843 94.573759985527062 91.031820992876547 88.482482727760527 87.596032828472389 87.438002226592374 87.68455114802353 91.189293088756145 95.344085588246301 95.142965764657745 93.959454176196701 88.488185018369094 89.628687266880746 88.787090473529858 88.229619328809562 91.084587242547869 92.731785931708544 94.732057503271974 98.081785971144456 91.812616612870372 89.771564167988728 92.104807777702234 103.65875000916836 89.790196451945164 94.086292094284588 95.962624928982109 95.929556190633136 93.102299559308435 90.790158495316831 90.427030259399544 92.058019294082484 93.41687999522135 112.15624589453031 96.467151124832753 93.503053310883857 95.04089037865019 91.643927030424251 90.622949089476435 93.50838337174298 68.971110500741958 89.951563546698253 90.316854283402336 93.81925651985577 102.49729583436427 97.046926831699395 92.946333607514831 91.383050560330091 66.407240504572087 129.29342543844569 107.76654991776631 74.254059875294672 94.883588622910978 95.434830912744673 98.018775817221979 92.486863381929581 69.722729165326143 117.95078609144188 112.04659271284551 114.41103531015443 91.258151534977074 94.713562474836721 95.017979536940359 104.77876555680204 94.635670550361837 110.64076607218628 110.74409733923706 116.11273818592883 107.99503265215466 103.17074457196256 94.042835479305339 97.821880744819907 101.05507039521615 111.95965536719869 109.1556599272492 108.27345600341572 104.01008556797612 92.254984744261364 94.811479869150375 102.68415467597318 99.299329425614602 117.73959333923884 109.72067665634208 104.80289490730433 103.2406257979688 104.95082846879045 106.41955483539714 111.11142156125352 105.22249938555967 116.02212835226401 153.74146044046569 135.65358630181166 102.02810115320615 138.43557221961058 98.906840892300437 98.315545445083217 101.41077173745195 138.79965074570831 136.95459412060831 148.01007867527994 139.1792754974193 137.95824110326512 138.22982179159922 131.03187149672286 118.3905375661673 137.67742449143313 139.79872137089683 138.00194755381551 139.99563050901762 137.22449318739697 139.27158100666449 141.0456818523123 142.88359023906997 135.04528574038704 136.51841456313915 136.04207750312835 139.0199628658487 130.60760941609809 134.14480727151698 142.02063373959237 145.82390936969293 135.89340209265703 134.54193768759802 134.8745018145876 132.82644504443886 131.87283234690705 129.54623189606929 145.61499755113692 140.06846054845343 130.60397357551389 134.08146531467332 136.8595660912828 133.02917111695592 132.91544815993998 145.04848482901505 146.27414368526928 144.69406231336316 165.47328773363566 130.65016363799995 135.15888368712666 143.70117588683681 146.64359886610799 155.92880770787951 152.50694844319835 160.90796486624293 140.93719318229498 130.15694259777686 131.87805112726005 156.28887807021616 157.3948901467125 149.87304765583926 159.33591086922274 160.31736588155201 142.18855854238893 134.07176608384876 156.96585448166329 157.63239232597911 159.56592398529176 155.09211659005169 150.17440323983089 117.61890807011781 162.40789534406861 161.98353020435721 128.34730430495574 165.23652575974754 160.68004211595778 158.19996248158682 160.14050655317013 161.35904599640642 158.54845929720483 154.49154605090104 157.54546532422717 159.30789609648849 160.98317275194279 156.29388499399263 159.92980784519679 160.30416948762445 158.81187201498156 162.80943713627505 161.80444176562051 159.420829606994 161.59626478995722 160.26621884931194 162.0863369066042 158.06490665452716 158.22593250193671 166.34180147985626 164.15216343856369 163.02645629643746 162.17854572004151 161.27423883597285 161.18177924119777 162.4246614664921 165.3386177173789 163.86156378873451 163.2442551111827 162.64616974622925 164.53473503824239 163.1644081842131 162.45790527776552 167.47352178781333 166.414454703084 164.99001263009305 164.51257165726128 163.96030313641245 164.73571182375053 163.49057060888794 167.35893732022805 161.46133951338419 167.63641115620644 166.20716200867591 165.52300290964541 165.04772684279399 167.6527810536285 166.24207165695609 166.81608017895189 159.58847021276642 168.64839864203157 167.27583390852371 166.5970907508844 165.66756926044945 167.57035054570693 167.54072464628945 166.4718470724967 167.94297794491533
