# Created by Octave 5.2.0, Fri Apr 02 16:02:56 2021 CEST <br1@br1>
# name: ptcls
# type: scalar struct
# ndims: 2
 1 1
# length: 2
# name: x
# type: matrix
# rows: 2
# columns: 320
 121.5914222020651 114.74750566098885 113.09122668018682 113.20833214140461 117.89751124672674 119.38241230479076 112.64061357260606 116.14599710535262 121.93484265989908 118.9213710098872 118.08512934183852 115.98911636597398 118.66619754925721 120.2346491174475 119.62154255762854 121.27872319568314 123.92318422462644 122.52312977940926 119.02882931464256 118.29166488973719 118.95241623958768 127.15245347051717 121.27671883679642 128.12467933744495 126.41759400814824 123.37381243092435 126.78049806820259 124.60913900915973 126.12191800041266 130.03773792694426 128.21075303275231 129.10465336427231 126.71171702888886 125.52350587370618 126.91478344816396 125.96785315023256 127.22703195444917 130.96168488898252 130.30565337891144 129.2671810410524 127.82601759205366 127.62111699277398 128.27517529552424 127.96336546810299 128.68558748589169 130.54765010732584 133.70282694199139 132.26197488506818 130.47755866471195 129.01562412826323 128.79062353145514 129.32092625830904 131.01563968454133 129.94100706683389 133.44384012796328 135.83709574700978 132.09648486880741 132.39749264651965 137.50125877457538 133.76595247909523 134.63020626407103 135.16055636309076 134.64796541668284 135.64198153411661 108.17726529909044 107.14239659115691 106.27074839350023 104.02765539408888 104.75181334670854 103.86708986879695 104.14753591438935 98.624395235536724 108.01004897341861 107.18453548811803 106.2555921383462 105.24842769627227 105.72613918458434 104.92526148219777 105.22410561603883 104.21125447297753 109.55593258682772 108.18624716786873 107.31167642967722 106.45981482553471 106.84707166006237 105.95651265733242 106.3519599566952 105.29519251964808 109.04747056436666 109.38530454104074 108.70374194273998 107.77701752562778 107.97505439998288 107.02128891025276 107.43727153852589 106.57596993800969 110.30212080745159 112.03299395765352 110.59905795272023 108.98977627587293 109.01176216175193 108.20354562525118 108.88312173899057 107.77679275831633 112.18821348834165 112.09599802037238 111.97930342778517 110.08600914410046 111.0153573877693 109.90415125073179 110.13283993881713 109.47066200689477 113.59716422752528 113.17960033062259 112.95534685150652 111.27157400491002 111.00728735963659 110.92882357294583 111.08287742710297 110.51707863785849 114.36131414321672 114.87723202601636 113.99090793143625 113.16293423411149 111.98890766636771 111.89785516903511 112.15422425394509 112.13708351388308 113.26637819270714 114.42809408139843 115.45733805818671 114.13933224854196 113.02419938894275 112.59297518519409 112.64354536764127 111.63003709342551 112.57240120428131 114.10924257043142 115.41367208721188 115.34934481443433 117.35039942282722 113.77722872344965 113.03986350825582 113.45108573427079 116.2116516658764 115.13657470872329 113.47809454440093 115.44264584428851 116.07967827498997 114.13036188836732 113.75262282748599 110.03100743906987 115.436559527729 115.43162674904771 117.29725891541602 115.42130282787365 116.38623810785265 117.1490791439445 119.55689989624724 120.63507032916772 116.68032386957606 116.60420513987802 117.89726971760049 118.26196460227017 119.31776297085173 116.47002340658268 121.33450188648411 121.48025225129544 117.48607532111588 117.6641322887177 118.74584282348098 118.99893216014313 120.11005474489028 121.0110212025928 122.52187373750981 120.864834182804 122.72533075557696 118.40041529675877 119.51339653064353 119.92436839749037 121.49973378836829 122.06408365384428 122.58611275304145 121.89865966109782 122.24212655075506 125.71545012683562 126.9772142390955 121.16974219139395 125.41849810055061 123.06328020107119 123.65571888755674 123.07602174524898 128.02540007006598 126.84125232932359 127.92385279298708 126.60230164235634 127.68024424164967 125.76685029091622 126.61194953129632 126.03777045692159 128.97776249280597 128.08062073329347 127.56029078536295 126.83878229478363 128.92898650157991 128.10755348267838 127.92601257835658 127.26327017586543 129.93484449003171 129.03444044686506 128.7057011744788 130.28907733379242 129.72509476777481 128.62131684897213 128.46034085229607 130.26187996798944 130.96578281848977 130.03354185077475 131.20160206105788 130.81456354918379 129.62019457775017 131.55755429791861 128.94123956394145 129.74764660587124 129.99891382018407 132.36132794398728 131.95708505947763 131.16552698310534 132.57270792221016 130.90630078100332 132.91791281493275 131.2468188986723 132.69411240319221 133.7331131528459 131.78699620021351 131.83550504027502 132.03915388723561 135.68770384347843 133.56457287834726 138.68165821470834 133.9268992810496 134.75186083240521 132.55660795789757 134.56709900970074 136.29760076089514 134.65953436140811 136.64508231729548 136.80178087381512 134.4306240949492 133.60872806936518 135.61285646507258 136.08874628680431 137.50541287743076 136.75124494830266 136.00455386940934 134.42811529634784 137.27544671228566 137.04990551516033 136.36187752926003 136.68126231922537 138.5821182150496 137.02931071321009 139.21160937547978 140.23824126554416 138.61433297255863 138.99852185502886 137.79680852675659 137.23023663482363 138.91589764775156 137.8106715324586 137.82555265760433 141.55506325078611 139.06392747985021 138.71440193625142 138.31938317758824 139.771092695249 139.99907872455182 139.25697345168774 139.74364608277452 138.75193265130233 140.16988017843741 139.88603383763268 139.30623862015196 140.88824630158294 141.2562344565045 140.44137437966631 140.87321135599552 140.00304530603725 140.92889268917531 140.45232527981537 141.59460270835837 142.05816484127635 142.2974248669108 141.63426928447112 141.92306863654403 141.08876169517978 142.2573614419149 141.54721719897745 142.64190714632917 143.20957841678666 143.47352452317014 142.62261552923391 142.98099746697577 142.18343047119566 143.41362938900789 142.72638219523981 143.80449788593393 144.37450574969162 144.56058569781433 143.71611879586555 144.28867489589132 143.66517842372625 144.64440293565468 143.93363141016928 144.71841967494922 145.54064667859149 145.75516408895638 144.84828398851465 145.92746387035822 145.08025584056344
