# Created by Octave 5.2.0, Fri Apr 02 16:06:31 2021 CEST <br1@br1>
# name: ptcls
# type: scalar struct
# ndims: 2
 1 1
# length: 2
# name: x
# type: matrix
# rows: 2
# columns: 320
 155.8266326288466 89.471424898113668 88.800634467935978 71.878355486217188 92.206503453923503 107.80640597152627 59.99670528573251 77.911016650556945 83.925465878517372 106.80587613192215 94.792950370722892 89.860313605196552 105.82527871163487 107.28087322267793 107.74202070582226 109.37281653736579 76.308712833451622 97.771770480102973 91.956706087493401 92.700462788940897 93.37119827272808 148.62616817302774 106.65503527636389 150.4324691569573 144.1105589050191 126.69247637663713 146.81039884292724 145.01294985418798 152.59791266964447 152.11594095531166 141.29112757178129 151.31392166229111 144.57812717973439 121.54704479790712 150.1933972519214 147.42456333866662 148.36437883331877 151.466086433725 151.13965735795898 150.57454083907501 149.23680482045518 151.02860512152543 144.10353635870564 150.90885726383516 146.28002199100774 154.46267410934345 164.60910864956097 163.77429023512565 147.78919067534937 145.55687323792228 140.48848262798725 149.39143739906683 150.78112188289171 147.59442849646163 163.92581319595897 164.74918116072052 149.27365454204113 159.42749323632765 166.1929352771291 164.27250305624312 162.8352787883625 163.4803212595001 165.59449187536475 163.27958033815696 78.44891815119631 79.441686345668955 78.740998161508799 60.450594107072021 79.58720751595915 78.384281606904963 77.736380472317364 14.47830221717027 81.139214562835932 80.03827598023129 80.74661168920133 79.782573857305408 81.945194623800987 80.931705010364169 81.026421385324596 77.404138630474876 88.199506014960136 86.203403252450173 84.984778669526463 81.829723310617013 82.382708127750746 82.098770681651928 83.032031099456276 81.982473821602554 88.472547039586289 87.056866088560099 85.387159419995584 83.207505126513254 83.5100539097526 83.01553338722583 83.135654085669572 83.071818937996056 108.73259018923905 90.62610552797014 87.394996847610898 84.272144943251789 83.975531116534711 84.295368936831878 84.272244587866211 86.21237762414431 90.443874961368152 91.612899681514349 90.007795250499754 84.589797304927629 85.278536915412843 85.142486407639467 84.169934407068297 86.905650433190246 89.072241086590623 91.005237732524805 93.490083824061855 87.966440026436246 85.817197757452448 88.228129060179768 100.95726163320853 85.202854661681897 89.998490552559417 91.443045939322161 92.685032247828943 89.256721686065319 86.901134679688411 85.984793000344922 87.365984321542882 89.379000984814056 113.91466722635616 91.540424098395448 89.161641222482629 91.070446265468121 87.76186922369051 86.407065794868785 89.649945690528185 61.462496683027403 86.143455760537421 86.063782935418544 91.380227792443804 99.903738273053605 93.481134547655117 88.99208384985333 87.380594609541831 57.766657359220943 133.40679199295585 110.62891955036288 65.164658390668336 91.056174322397112 90.868105758851229 93.786659210859369 88.463531656974155 61.222780872497076 144.81458507656765 118.94375883626249 122.60506291365489 87.002322722660153 92.418949780833728 90.408156231504151 104.42897390772136 77.843371314006532 113.58832289137675 117.71593124031133 130.68649049577408 113.12182035197262 94.492344783475218 90.458558161031732 85.04100292591805 91.426431869570479 113.60889936972291 114.27272326171548 114.12156305747597 93.541952496147587 75.831507356344503 75.020655810339647 98.998768480120731 89.994333907208798 117.02553074393742 109.38533782779839 108.48233573002204 92.72663344115432 99.52585792335843 107.29120258094039 114.57610852683246 105.01214036618632 102.02064264161633 158.98391044084235 134.6578009813004 92.497775930352276 142.30636974027524 84.371833865261095 83.765426945489907 91.670638578074787 138.34968031204434 139.08809121893037 154.97523692024225 141.45502112162623 141.01679676353052 142.10289023937014 131.29384546445692 126.05830965090999 135.86761125024171 137.0349666898716 140.08736550716236 142.75251788089312 139.54221171431632 141.57066024796674 145.49555836193275 145.46391042165715 135.47616983444388 134.97939317705317 136.74920780824687 140.3418252950668 138.94507306414704 133.78120873122103 145.05800577187128 150.03269607479527 137.66978146335322 132.74095844718465 136.96168713091572 133.48818547064715 134.40199611479485 127.71284862588776 148.45490998140815 143.67061415344943 128.06663227018512 135.25274059669053 138.82916446818697 131.76857939190006 144.80957688029108 148.93319306231513 149.60720117635623 146.84351991186563 171.72353358550075 133.37764561121409 138.46689724198438 146.14246759007159 150.08962688388499 159.2794078368087 156.9176803306095 164.81803639862613 142.46364059055242 119.88839177570875 132.48037049774879 160.91034643091723 161.48246586411528 152.05779205307547 162.33866440261221 163.98287358297776 143.40503904711085 135.48934952413211 160.46240972403149 161.74412818410966 162.13394453426753 159.74265564586227 150.74060028821739 114.4849880787838 166.70421988136331 167.03177664320424 122.57206615174886 169.56849090340393 164.26540755669467 161.22334697538577 164.24931778469215 165.67674313114006 161.34462558376745 156.91614931290093 158.95925338639054 164.14056087424598 165.396089761019 160.30468883137746 163.24751295592762 165.17197127270745 163.07958893922859 166.49460629549253 166.43029633442112 163.40066169985334 165.35479366737047 165.19504213164916 165.89600266814912 161.94733180021447 162.78489735534276 171.05781126228081 168.12683838727622 167.72737302048864 166.19652975050681 167.40569360955982 165.41403682991842 166.43691738130406 168.78573453932734 168.30766964994564 168.2640438816168 167.21039045973893 168.33041418328682 167.30256914430512 166.80984477665481 172.36026668387117 169.88042528103895 169.4197750249744 169.17877224292852 168.30080685864061 168.06597598163867 167.43269496300815 171.60868151802731 166.25564065924425 172.25844303658351 170.67112902189695 170.35119135015015 170.06795805728541 172.61836954259815 169.17669182204241 170.40636020042331 162.55731687742258 173.08849514508111 171.46810962276624 171.08867005157074 169.55337885533828 171.72287137665899 172.00912889008347 170.92049056982478 172.92388947383529
