# Created by Octave 5.2.0, Fri Apr 02 16:07:39 2021 CEST <br1@br1>
# name: ptcls
# type: scalar struct
# ndims: 2
 1 1
# length: 2
# name: x
# type: matrix
# rows: 2
# columns: 320
 181.62298045041115 80.02188573612753 80.93862138207362 57.47192081348102 85.333648783774379 107.19851692896815 43.153197242017058 64.583394892028167 52.801330370149664 116.72234824360395 85.963454106953179 81.571490863925192 101.30403704641944 106.96387871526335 104.9848780648275 109.40917162317417 35.922483626255648 70.429303996055239 81.68279994595018 82.52845264868769 86.437460598113859 153.86444359356145 106.23467138501123 155.69679606842342 151.576093605176 140.91196671960995 152.49903137390805 151.91390196477317 158.96280810296312 156.31388707017729 145.07899681361698 155.78329972825256 151.8618441043362 133.14173359931181 157.71246074540588 152.62047790338499 154.37209097387094 156.88046594551435 158.29689422481204 154.99926319783006 156.910526723874 158.02929718321889 151.77245680257809 156.8228549593629 153.3168631819758 164.80900145261037 172.53902665951483 171.0642659407776 154.93461419817189 152.26358442079356 143.91850213646745 156.05796310298081 158.55356908757858 154.63713001847603 173.71237252578973 175.90264637880387 156.31152826624975 168.01195524314926 175.92307094033509 175.9700212896806 173.00154924312406 174.68017416077365 174.65950934333995 173.10721917980894 70.127551502693152 71.068981247258705 70.214857510221194 44.861794530390767 71.380905542684928 71.112485318521607 69.963134049678928 14.852621634946209 72.082580185572638 72.599484890430091 72.32002398338625 71.18615331625503 73.510886773485424 71.445566346457596 72.181036100677389 70.684223741496965 80.357232583923647 78.444469695192467 74.1082496554248 73.039083652778842 73.37366780256086 72.686005025018304 74.808990404963012 73.755331548862159 81.987816274235016 79.210488742129328 77.928540953723768 73.547030988156592 74.446248947627723 74.072596220549855 74.695559459161387 74.766228214569679 105.86709974380048 64.874085798727876 79.50088360205919 74.860881878791346 75.159301096662787 73.897843758425381 75.972527810553316 72.787295449161135 82.35011220246588 84.427643011598533 82.072677213198759 75.895350004456674 76.26892630453635 76.702108114447697 75.784184769089663 78.098441125604438 80.049132090588898 84.466116296236208 83.332887642435836 80.045579750276161 76.783649262954455 79.286230336313466 94.964869235624917 76.83953339002214 73.283291520996585 85.671535270447265 80.259240203195176 81.187792044633966 78.85354857683005 77.196655066448571 77.697451015102061 78.956930988186286 117.8151654533153 80.703418225978339 81.386010733355207 83.41837337232495 79.683933845255126 77.312327353931863 80.113116641207185 42.733038790919771 76.743187010615955 77.249562562004925 84.464326034312748 98.187036712606414 85.56474568932147 81.096097313659001 78.325377201437078 38.600272927714769 125.82601881929591 120.97844212543427 45.002713279315373 83.438576229490451 82.534144817425371 84.470338058065309 80.508584340559793 43.701829352911901 207.95435571679758 128.63977298989735 140.77964570186487 77.895448764753155 81.337843601081289 84.466784636332122 106.17193141678726 37.915734773571955 123.90899267176177 118.84129722934759 107.78676306214723 104.84318936809794 71.670702966577849 78.973196954952954 54.098064152183632 71.167011352556685 117.6385931647189 122.53459275607796 123.99212051643123 72.928333593638541 36.944365189007449 38.006016509039121 91.711178530180206 70.719120978189096 118.69735765949964 104.51978915747189 95.794604791648936 70.01802613503186 96.280932567934272 121.0596095855731 120.9838659826716 90.170316924873717 89.9231293632686 171.22256198165644 141.91994731778709 70.561481446499315 160.94535642661634 53.782474915830619 52.768645261501995 69.575689790086031 140.97583069351353 145.32184345650921 177.96940807399912 167.18732706594466 165.90246266722477 151.95437312673397 120.89896546578872 126.69419848274188 137.04787640216369 136.12982874683007 151.58601463389741 164.693496089268 160.03068226240251 150.48673565581217 152.74125807508744 153.69373240282383 126.90848040745186 131.15357065337193 155.17993936851377 156.22706910967563 153.03425201925242 120.55130032951416 152.93395760507013 156.78480068499238 156.52485790513555 121.64901454547963 153.99707028655311 124.72328566235348 127.21162767180208 123.85543395168331 155.72898125105627 150.6085151798392 119.91533871559129 127.41001551540695 152.91850090686853 121.22510543787823 206.33450735254877 155.1386148626485 158.01281062370867 153.61448520814051 185.58771529327421 121.77979386864533 153.99084133594988 152.61355779080014 157.45166956521231 170.12949176114674 166.76905163156169 174.6862731857955 146.65795236622182 96.29324696908526 129.00217999775438 170.97193255142443 171.27344857172363 156.90395235239944 172.30678517483744 173.41146324230087 145.60046583149619 126.3172165455384 169.93217910714654 171.71407667547237 172.27758379802256 170.97519528192552 154.24918810461975 107.53338373437018 183.290751463943 179.31919504777753 109.7615378846354 179.70014762234507 173.9389673719503 171.61283087153188 174.05612972160455 176.70949287090573 165.83627807402223 162.28861072446574 162.10846569584933 173.42218105380721 174.8067783045073 170.5634780123836 171.77272043723488 174.7142039721567 172.7215946308763 178.51061116903469 175.03402888850249 173.15732959004822 174.3307905300193 173.9858791773016 175.22752159004344 168.87993344182021 172.89999728375446 181.24741403824436 178.33069762154369 177.18342840210522 176.26250477297009 176.95163451411489 175.57031794576602 175.26972507422801 179.84590814776084 178.13474508415194 177.33769828222842 176.25474861614475 176.42401780946045 175.81424058405781 178.06924970221749 181.98496519782415 179.35242881204081 178.42969096543607 177.97079940838188 176.87739850667529 176.97624345742886 175.81106731927341 180.24921866832693 176.98521360893014 182.14124007120367 180.42690047768855 179.11309067990425 178.59878615832088 181.46644701967929 179.04197625434583 178.32340463356775 169.1427585699326 180.98196414968751 180.11782732818392 179.76902951048342 177.49954096403596 181.15861990975941 180.70087877498213 179.59985867144221 183.1989408670353
