# Created by Octave 5.2.0, Fri Apr 02 16:02:55 2021 CEST <br1@br1>
# name: ptcls
# type: scalar struct
# ndims: 2
 1 1
# length: 2
# name: x
# type: matrix
# rows: 2
# columns: 320
 121.65181043790625 114.80943759555629 113.18935295592168 113.32650719235296 117.95847677002011 119.37893871419047 112.76077314566267 116.25523990665204 122.0943789929858 118.93358834492631 118.13688535395053 116.00613889124635 118.71485587109267 120.25072783505821 119.68081841414489 121.40954545389836 123.93929697719516 122.55939276418492 119.11837784051136 118.28082380389802 118.99502045852984 127.0740771564338 121.30356826429222 128.05917675605124 126.2710650370682 123.3643305339366 126.73251885736448 124.55723876769746 126.03778411479455 129.94567379518267 128.16002391573622 128.94067164503053 126.65766606118885 125.67191461202601 126.82607623150726 125.89589182152477 127.07701650119726 130.90479397440006 130.26432877924648 129.25261185533702 127.80442282852154 127.40816360710021 128.19231141336448 127.90199443702708 128.5354300884766 130.3905329441109 133.49109843506062 132.21764761604163 130.4771543565441 128.94371277915135 128.72010141009849 129.29473441216314 131.05899794627831 129.9489168984492 133.43283174558982 135.72164302811979 132.06891541695921 132.34508612197359 137.49095682004506 133.76624451317241 134.53300767397721 135.00753159327536 134.50396569914304 135.51464716196116 108.14705215165019 107.19661039215889 106.37823812245129 104.07316934555168 104.86041999860464 104.01120179325551 104.19548632888173 98.864812644160594 108.14865281923683 107.21111763312635 106.30744328028348 105.36757209992366 105.86000433811979 105.04162777221993 105.35323798817528 104.31079945116549 109.51144806206803 108.22600134587113 107.30170442866979 106.3837113627836 106.94695949357606 106.0945655659835 106.49581025713869 105.46346824699877 109.08464561941483 109.46563456683823 108.75167818608783 107.76793738778902 108.14357533328034 107.15631505683307 107.58802758622888 106.65513129549549 110.26659566687239 112.00909686456812 110.6419378235404 109.03302880298546 109.19839256143685 108.35425531616124 108.89193499103021 107.81462902597718 112.26295014683366 112.12039065585782 112.00747392019383 110.06735560897526 111.09003531184584 110.08765115536056 110.15130640887328 109.52458362270497 113.57878517540445 113.14200972669846 113.0222900484797 111.45629338615299 111.04640155265621 110.9946477662894 111.16016911390078 110.56911355357045 114.40927244376974 114.87549413022015 114.08781692126674 113.14959235474046 112.10679094933887 111.96792149840479 112.19772524028501 112.15728731034454 113.22437136198887 114.59709488503678 115.56584532271245 114.31151939808497 113.15801002089637 112.71175188736711 112.71871267235041 111.84563921438013 112.72421622786788 114.25959394324275 115.408824299347 115.42340697680878 117.38665871111142 113.91219549500815 113.08941835335699 113.57725787407649 116.23416476407374 115.18263748192551 113.59711101673804 115.5208895347545 116.20715096675461 114.18330676613553 113.78902683412471 110.16128164085909 115.50701548656406 115.59273269370408 117.31401308861571 115.46763630327527 116.34672832440232 117.23870380350648 119.61741513142915 120.62838310452072 116.83750408486056 116.7712740143988 118.05856882825098 118.29014188187398 119.36715202956351 116.55813605130912 121.1421828461238 121.48441366923478 117.5537674827295 117.77057894542345 118.87395035006998 119.01658474610167 120.10716258094703 120.96686220190583 122.53116711356058 120.8073263701187 122.70470300061891 118.48162573918951 119.50048548138781 119.93742427823594 121.60210065285216 122.11248909819008 122.54524698923808 122.00012381501925 122.29932695831239 125.63658258852192 126.93513575394682 121.22793880493946 125.36450841173193 123.05878469242077 123.69721395166751 123.15895671438815 127.96710185432465 126.7765748516222 127.8348402650189 126.56264615621633 127.59850219451425 125.78174415519938 126.56593428358815 126.08003513074817 128.95848464242832 127.96462686078141 127.69569374265052 126.85229783522348 129.01243885861885 128.02848127195494 127.83389550371017 127.33191466009802 130.00816131755286 129.02694801380537 128.67532803972762 130.25138831668409 129.64819221191135 128.5883327510756 128.39178006974566 130.27277423976065 130.93460905441833 130.00749274707954 131.15436055090322 130.83921938586175 129.7174192780154 131.45262964330485 128.9965672289035 129.73476486460913 129.90749935501498 132.13573325609721 131.94079717601301 131.14333477599013 132.62826943646823 130.91290047423297 132.84003230350939 131.24095323542309 132.62713712722405 133.74665580916789 131.89138779720506 131.88621606308007 131.99732060775017 135.61033617520917 133.5600931177342 138.52836675289279 133.90474997186638 134.73274172139477 132.48435308723813 134.41711800201705 136.27826975458925 134.64748658360438 136.67210064539762 136.51888468057393 134.38221480305876 133.70933925813529 135.61445026002579 135.98005860550512 137.36628233122738 136.72700861267703 135.80446315429998 134.4850956598265 137.23707639427187 136.93109099769831 136.35937872681623 136.7381054725123 138.44371891728474 136.9735302472784 139.03358551959295 140.12867558763406 138.58539279481428 138.88035148330974 137.75935280415064 137.06563226855346 138.81834813855079 137.79001231731147 137.66641230087308 141.34635412784837 139.07696228765184 138.77073004666934 138.22468573153421 139.50134702088423 139.86574057722754 139.25749914614218 139.56698008525717 138.74500265481981 140.10081121955159 139.78281335530468 139.24524739039367 140.82162146666167 141.27429964505703 140.45330509265295 140.59136983546716 139.99209384324291 140.89799510882119 140.33742784177471 141.47400264161297 142.06589295262248 142.31012540914753 141.47236758447664 141.8628592553527 141.03906723563594 142.09087603025762 141.53211486072647 142.65894163289354 143.19544004203644 143.4511658001534 142.620129884953 142.92153368300092 142.11889936070921 143.30368315553233 142.68776907277459 143.67835606286565 144.33984076056822 144.48065581911442 143.71602724765853 144.3403114298732 143.6521317481839 144.61044150878047 143.83660913452292 144.65517055171861 145.35869594607098 145.7034011465737 144.80510684631125 145.78901177295305 145.00685661356619
