# Created by Octave 5.2.0, Fri Apr 02 16:06:50 2021 CEST <br1@br1>
# name: ptcls
# type: scalar struct
# ndims: 2
 1 1
# length: 2
# name: x
# type: matrix
# rows: 2
# columns: 320
 162.4848376332485 87.14776772713347 86.575260986468777 68.335789583085344 90.11647110198524 106.78933051140018 55.626006273507187 74.633732611574459 76.410570875801071 110.74492981012172 92.111352478737118 87.255062199354285 104.71349797428681 105.95817812704753 107.86808365702568 109.38407679206362 66.066266892136724 91.046075617382201 90.241606945183975 90.236025631061551 90.98491416894251 149.84611701592144 107.13364653206453 150.89795443301242 145.71781366049649 129.11426803855147 147.89929970026631 146.70990529121713 154.21541559822498 153.25295015169294 141.40602332006958 151.91205862326174 147.05520965760945 122.97942911062722 151.74681500513154 148.55041674783632 149.44884865607401 153.04650580578189 153.28908086446202 150.80963363223424 152.28815576529917 152.70067311918427 145.83733676701266 151.97557351148268 147.56267144783996 157.00685296424516 165.9747281266464 164.91604971926611 150.07927340732684 146.94651959927893 141.33193004810533 150.56178129239251 153.25745255798699 148.74570566259808 166.00916315934214 166.99579987250527 151.7797718537806 163.29868329664518 168.62627208669755 168.72380246545097 164.96614868691427 166.61493859580489 167.6226958144141 164.99313067827032 76.699064361234562 77.731934000723115 76.414184026335562 56.617282735756959 78.854987387543673 77.053114441840449 75.431473305467762 7.2657799584531126 79.700947050067455 78.572745965621678 78.943650549855278 77.551170932625652 80.436128246126302 78.63873059215571 79.484708897911204 75.934297704450657 86.33837172603404 83.634126355343298 81.5645883423919 79.660239574375751 79.944991407048391 80.044426638087458 81.475465801754524 79.373041438054898 87.477614866950461 85.176852616115269 82.783801122226748 80.867491076663498 81.172322214607831 80.714456782873171 81.182617131628774 81.692788707431959 108.75195281406177 88.007953395892656 85.916845546374674 81.874258101133293 81.94238476385992 82.48764357647282 82.626479001650992 83.542037361076552 87.964637211541344 89.516412223083478 88.182496243694786 82.584333998210454 83.054721653464114 83.370220740791183 82.298012834020369 84.466200488266878 86.299086022516036 88.283740466726044 91.376553951383684 85.774531115453641 83.694548173316164 85.614803154779736 99.483722519048627 82.830993329630019 88.140446051571431 90.530804964286233 89.128973051784342 88.458732385262692 84.635940281411763 83.704739807312919 84.23336478347953 86.794307652868824 114.8738061346248 89.283705990056703 86.974299970850879 89.282857395669254 85.241391352884861 84.166544140486053 86.956529898992386 56.838275901263444 84.473333753334558 84.562211631179053 90.104594758173931 99.402164579503619 90.965194918710864 87.268404213806349 84.839292961024285 53.053612007211228 132.96328735685213 114.54522949089896 60.206803035417607 89.087616982076327 87.746124087679078 91.29271707557298 85.96711888026141 57.161819324992443 160.34075818482091 122.79751960813866 127.07422261567673 83.455648063305247 90.141110651049303 88.945400037602624 104.85349215495593 67.039344398770581 115.28865854876936 121.68136902515764 125.0554947351003 116.43252512855734 88.574950886664197 87.951122395737215 76.999173836351076 86.785887978775122 114.24800567937206 116.86253237378362 117.48663318105002 88.022902642969896 67.606701319579628 65.878250961950087 97.206738164561585 86.242395316670795 116.54687367509362 108.49258313627557 105.28376391629664 85.902768322299352 99.527332919061863 109.61389559090703 116.20551993702492 100.563692989605 93.470542109815383 161.84132903964118 136.14755539024247 87.24217882147191 146.99137685924555 75.814249170944038 77.473207474175396 86.76515537891845 135.7307865755927 138.83765726638831 159.37084231725979 146.90086309190295 145.69882389933562 143.75175650307722 124.39284073066113 128.10602758906285 134.05327320762464 134.71039663157484 144.03500813260658 148.32483854363232 144.79196293978697 144.97254296737177 148.02505894575887 147.70784461713481 135.90057448854344 133.5004843299682 139.70439843092703 142.90442307707772 142.91661341968725 130.65427897018449 146.91269969097561 152.20275648555483 140.72904834771242 130.09787860014092 142.03938155560454 132.02288953858243 134.7379890949276 121.59610606568553 151.19077928712366 144.49854883291385 126.68262792182398 135.48781040359731 143.19841521697489 129.46476772058085 161.29197337614295 150.97024324868016 151.46653821062949 148.62798849746162 175.13275859560898 131.71562751215899 142.05175301892314 146.89709065887416 152.86370859386841 162.51698702555234 159.32563367060487 167.47216840207113 143.41292015093467 114.09038484874694 131.23385404830663 163.40062511263079 164.56649983392111 153.24947081520432 165.62588314697805 166.54575792324573 143.95190198471715 134.19642400317565 163.44688891498808 164.40868616090839 164.29788620503354 162.37253115800422 151.0444504295871 112.77557717441979 168.89280529854119 169.94022994028566 119.42193624999965 170.47511158508613 166.22758581515637 164.80344414854594 165.87498305019196 168.21138478712908 163.12162997809139 158.23866018308269 159.73223605416516 166.59967711394665 167.48007465255364 163.33415815847533 164.3319430577221 167.43851668171482 165.34171711850661 169.29585241013407 167.8405586924124 165.57250269266717 166.7329549509069 167.49680301777499 168.62581308957303 163.8093234624059 165.5224831367062 174.34641957880177 170.85518829425658 169.75781903099639 168.61142203450575 169.80360043384937 167.19883147667329 168.43007536750258 171.8982974686968 170.81143221654787 170.72783746387717 169.65386482750756 170.27326717227334 169.50039668519494 169.14511631005055 174.87339315327364 171.96154272706806 171.93912124028691 171.54029158736361 170.3685939949028 170.1490278477076 169.20493825635458 174.14751420081589 168.15045438043364 174.73277988086457 172.88875388587186 172.614878986702 172.33436216391561 175.37412597047756 171.43774614024565 172.51155138669358 164.17668778541685 174.9776196391303 173.85665436471606 173.65012630994181 171.2615989743467 173.76148372828138 174.5827991742039 173.19950687474872 175.35165925746051
