# Created by Octave 5.2.0, Fri Apr 02 16:07:30 2021 CEST <br1@br1>
# name: ptcls
# type: scalar struct
# ndims: 2
 1 1
# length: 2
# name: x
# type: matrix
# rows: 2
# columns: 320
 177.98227589472293 81.416080038715648 81.755484153071635 59.597460355360127 85.824552293403897 106.37703532573245 45.359900512359218 66.549765315417659 58.114059056976039 117.27599509638543 87.251515475944203 82.217429454296692 101.97110548882827 107.66611092198553 105.35295553491885 109.40426176491341 42.719274712821246 74.463020182836601 82.587457289231878 84.106423410967224 86.92068123825122 153.8348303998628 106.53074568641769 155.05625842623755 151.05358735244667 140.60216839440685 152.15504022887814 150.89572870255569 157.17175624093659 155.4835230159712 142.36192449596237 154.65241665650154 150.28731559311484 128.41838267108952 156.24639144960761 152.36926232926126 154.07010459496544 156.15613510820978 156.7500286191688 154.36667164214435 155.76662256488345 157.59211699668754 150.45180432202778 155.7906725567353 152.6305282225444 163.28249413966935 171.7691270732916 170.79667845111325 154.2901047790416 151.50888316526604 143.4124336843966 155.18776764833663 157.74143496208455 153.25617974367134 172.87478019495174 173.78871833445831 155.16446665122311 169.83274821915677 173.96472244893923 174.41251205003866 171.75790268230105 173.1184748972081 172.5956161306257 171.64944211887899 71.578081847615707 73.11081961592069 71.91795154682525 47.161781353179805 73.095033126916874 72.736627646359423 70.785870291878027 10.525108279715914 74.158504411364476 73.489110049151904 73.576557457698215 72.458577329934911 74.828448409099991 72.987830724032122 73.794818491778457 72.429644098207973 81.783015587329913 79.627975095089795 75.753971481829311 74.259854005221655 74.654848125614095 74.336564005019397 76.350846692429386 75.405702427265339 82.838623916734591 80.751888454945217 78.456374521639461 75.309398869600187 75.75644085680797 75.424528419007473 75.740396201849705 76.488304392185825 106.3497913086763 70.454841958088068 80.857159643646526 76.523084625669966 76.517058609887115 76.115655967467873 77.379333174105383 74.947935712894022 83.700999780364029 85.676595729524536 83.045548927302406 76.881661157153843 77.739691775232089 78.132387611011197 77.040817450409094 79.151857768423213 80.770160102227095 83.463399418385094 85.062681294881813 81.079917002282301 77.763884391508682 80.065595794977256 95.84899270412086 77.777339670918508 77.521261302354702 86.698395629855483 81.482224103519911 83.037072271971468 79.658908134056233 78.440225243580159 79.062899614576409 80.08422187964527 117.23968210835412 81.760817193003945 82.383065791183085 84.926392653745708 80.450627264449608 78.713322613866865 81.107347073945206 45.460431567901679 79.185463085326006 78.004462497368038 85.368308836782063 98.424779121347171 87.416100160801406 82.212643582462334 79.406008942373575 41.428100138920598 126.03242433864104 120.59651823107806 47.97742649246581 84.490047408907813 83.431524100766453 86.301361986797929 80.945093505783618 46.601262110484178 198.63865185184562 128.46608119517404 138.09814988065432 78.729293537158341 82.967614409622826 86.048704550482427 105.9117614839424 43.647007117463076 121.99291080490279 119.54235117596184 111.29490990475918 107.89537997036584 75.379294594922101 79.969694791460213 57.7190669924125 74.514759919303586 118.19505509019162 121.16299207969351 124.74627745011261 76.33782696519674 42.263589871110717 43.206938641502227 92.786396719515693 73.366621732432719 116.93838654385596 105.29707493593348 97.651179402993051 72.649253053813169 96.963278817430378 118.75999143470347 120.08731308418737 92.156622582828405 89.419132665427043 169.35840010599406 139.28817342635372 74.277187836043979 158.39762069173059 58.551442354855851 57.30986325017048 72.203745155795858 140.35840279210365 144.05319833235512 175.08991206733467 163.13922726638168 162.10209821104306 150.10949876411877 119.56906828447987 126.97042591658729 136.83649989415295 135.63908746947456 150.20631513639734 160.80300238233622 157.48322474190803 149.3571625542817 151.3819845537304 153.13739480175545 128.25844536618632 131.32478534070216 153.05723419581435 152.94142334534564 151.33964515635421 122.50061415753855 150.41254102689223 156.47251739491321 153.96807692028065 123.90562628384639 152.20855473845936 127.3414856152705 129.70174784427718 122.01287865246515 154.72693782026292 149.90631524401553 121.14306332066863 128.6380780163293 150.03510896797005 122.7306874705943 197.52183766151285 153.79274895458457 155.75446584913959 152.66613824599418 183.54218028720928 123.83998647711951 151.27477623857718 151.60754162813407 156.66563546250418 168.15986471642677 165.3127307261571 172.93732928440494 146.1741848428064 99.777510109766467 129.01872924714414 168.93965151125184 169.90261339063463 156.18894509512214 170.93495232860576 171.88773910733892 145.08388811544904 128.87842073438972 168.2032727150511 170.32774366962525 170.57663973372635 169.56421696984592 153.30022070429044 108.55903027698858 178.03991450629835 176.34070749747619 111.65161582568493 177.97756951198446 172.07387088817944 170.67262898474749 172.69184832221924 175.16965222252563 165.39666179647924 161.5008553479326 161.63892494960763 171.65873859160456 172.75998860145614 169.55424503703435 170.33798298187656 173.17667826409294 171.00235049626988 176.90582244727523 173.31688446866789 171.45572751679362 172.67763506820393 172.40248354183319 173.55116705398785 168.9803630538357 171.3032422137334 180.34251636547509 177.32851232889246 176.24598707103081 174.80934871976586 175.42317458883045 173.98158859913599 173.82745721885959 178.72996636908547 176.61533851194073 176.05469890050199 174.88621135349615 174.95995903919146 174.29115777073099 176.88447483747859 180.70049820055243 177.68754818203334 177.25683472068854 176.70801637962379 175.5462411491954 175.77258116054509 174.58881068910995 179.13733818324368 175.11648453783923 180.53543963734333 178.62494085035053 178.02353889606985 177.45530032177291 181.12910284252558 178.06718981518193 176.81956299172435 168.17113602513604 179.73341093767539 179.26748289803825 178.56299563846093 176.14190691647619 179.27201937900227 179.30774846944118 178.01528793289702 181.83317609551901
