# Created by Octave 5.2.0, Fri Apr 02 16:02:28 2021 CEST <br1@br1>
# name: ptcls
# type: scalar struct
# ndims: 2
 1 1
# length: 2
# name: x
# type: matrix
# rows: 2
# columns: 320
 121.1151279994794 121.19015922391915 121.2186622921253 121.18124383199273 121.19591153219164 121.24645543193951 121.1448154601995 121.19502103648345 122.22765988771255 122.28927234454666 122.31737982020982 122.27365900236137 122.29844786068625 122.34100995397124 122.22420254982454 122.29431100083166 123.33515346814271 123.38152325209241 123.39392015533628 123.35845746214501 123.3936449502084 123.42191504488876 123.30471535661164 123.40463826849258 124.43922880927387 124.46205504516689 124.46657595525645 124.43964822086771 124.48482886878499 124.49980372802503 124.38159705632422 124.5024098340445 125.53428182238824 125.53587498485361 125.54322180560411 125.5208446571411 125.5641587912997 125.5688176884407 125.45440385494068 125.59417031321954 126.64510511674003 126.61224821416786 126.62094162602689 126.61089359794997 126.64306230000996 126.65241268310695 126.5316626938107 126.698526484179 127.75740819438303 127.69602636874045 127.70682718450317 127.70744405979751 127.72954223338765 127.74713955152528 127.61208321239728 127.80423759830468 128.86302309128996 128.79268418211674 128.80795515899302 128.80953543269246 128.82769369068623 128.84514078349818 128.70763952907126 128.91062356863989 107.68474017910467 107.71836940377862 107.71434836860598 107.7440345736583 107.75651062074655 107.63855473028036 107.79400596412 107.62964766907596 108.79414385114418 108.82132677130824 108.81795352393438 108.84300615729626 108.86170153796849 108.73099307199561 108.89329123376496 108.73165470829555 109.90188045545086 109.92029234001153 109.91863517924382 109.93713589931177 109.96355946449174 109.82527221019504 109.99704357655131 109.84453233649822 111.01854472872674 111.02139368081188 111.02527497364612 111.03141365428188 111.0688437257423 110.93035748968416 111.09373861686792 110.95719956324309 112.13189852754495 112.11850472545406 112.12782627277883 112.11758643511925 112.16906863604548 112.03962164520701 112.18156162950446 112.07244942866767 113.24243919730917 113.22331147369829 113.23110047996828 113.21230856766266 113.2681344775426 113.14568489112072 113.27571162016886 113.18432898039434 114.3671258578607 114.33760682337748 114.35327098612527 114.31527857841212 114.38671690487776 114.27439234132963 114.37167833772499 114.31107514591859 115.49518951150016 115.45800175304807 115.48409281963772 115.42816847656674 115.50963998382133 115.41340438325702 115.49585967420722 115.43429196881833 116.61706853610703 116.57938113501328 116.61685476205398 116.53759394629273 116.62444697133765 116.54656898444892 116.60432563853416 116.56333029792047 117.7410877589207 117.69396524717523 117.73660790961297 117.65668726305549 117.75258219182139 117.66893024768885 117.71758021311166 117.68879797715104 118.86022747722325 118.80989059204362 118.86613246700681 118.7755144771692 118.8723908722599 118.79239163607575 118.8402508230558 118.81141144809216 119.98342327377344 119.92261559559084 119.97997642785354 119.89199468072593 120.00378646337344 119.91084653228289 119.9583025719155 119.93643325657021 121.1057586122739 121.04366537168859 121.09714590037581 121.02033022115212 121.12239811338975 121.03415014465747 121.08739940073548 121.06431705595851 122.23180931023811 122.16143524332435 122.21173495842412 122.14778728460867 122.24269995226672 122.14122913138365 122.21034568722384 122.188277474074 123.35765650407036 123.27563846655185 123.33049293251665 123.28507312867573 123.36466187496517 123.25219693745855 123.34932173675446 123.3063760298694 124.47415006325726 124.39948907839326 124.45158426771076 124.41243683221502 124.48206281898405 124.36988109986132 124.48504850856285 124.42207687880131 125.60083437269563 125.52731876582173 125.56323300765303 125.53845877958474 125.60304906369258 125.4834462598623 125.61699842433121 125.54224435951741 126.71130237810439 126.65306318437577 126.67965315896149 126.66366920443387 126.72114437865841 126.60675686727225 126.74675882769162 126.66513180964702 127.83322413864806 127.7829996227432 127.79961973402595 127.79401060161894 127.84321680006352 127.72739637511722 127.87679676048593 127.78771830582276 128.94946384965667 128.90963830160237 128.91771055376051 128.92502169573098 128.95412996237994 128.86313863184296 129.00106716605967 128.90568681665573 130.07849917800459 130.0410408457445 130.03532993435783 130.0556879064207 130.07376481714172 130.00211292270833 130.12259851850379 130.02922023621377 131.20649331539872 131.16506024135657 131.15718132694928 131.18031631112228 131.18915730062412 131.13473467081059 131.23990830054805 131.14642860764707 132.32501683667508 132.28159179873498 132.28182885651563 132.30760067943916 132.30255518572159 132.26778403292025 132.36571770692694 132.27082945881878 133.44510164242638 133.40379584425429 133.40108960604005 133.42938088937009 133.41680358261024 133.39770985517447 133.48295402993313 133.39048515107001 134.56674278134986 134.52191554179842 134.52086140798454 134.55268959045074 134.53639984358759 134.52585971439737 134.6066673384486 134.50550323666991 135.68892411608579 135.64137332427299 135.64207799346829 135.67694921312929 135.66436611939048 135.64236076296135 135.72139572030622 135.63626011200586 136.80629821776037 136.75745987826079 136.76147961994789 136.79386389067426 136.78529016220918 136.753477377644 136.82956351823657 136.7539908426576 137.92201098332646 137.85768712312489 137.85933271549328 137.88931492000461 137.88839195969854 137.84586047782082 137.92282329887516 137.86262428030619 139.03302824277776 138.9521049052706 138.95826572766723 138.98647349822875 138.99682890842675 138.93834054846292 139.01261919753691 138.97147750330822 140.14581395261004 140.0575672617295 140.05946844936366 140.08815151747507 140.10159806804384 140.03570565916564 140.11040831687674 140.07908874039222 141.255969408586 141.15209464093235 141.15613642865429 141.18488785040739 141.19560241397397 141.13050828062669 141.2048340463875 141.19098325289343 142.35761711583098 142.25072354119737 142.2574385698596 142.28264206224685 142.2874885715332 142.23598180021918 142.30474665240692 142.30377463588846
