# Created by Octave 5.2.0, Fri Apr 02 16:05:48 2021 CEST <br1@br1>
# name: ptcls
# type: scalar struct
# ndims: 2
 1 1
# length: 2
# name: x
# type: matrix
# rows: 2
# columns: 320
 140.72614059581053 94.73838115233545 93.496944002160404 79.908171533316036 97.221544765163699 109.48103600983761 69.900722828475594 85.339527138917248 101.55173655997964 110.48688195516606 99.15020482948924 94.72229253514115 108.34531504962379 109.10985247423226 108.41639713563015 109.89911997040217 97.768322736857513 105.22195002107652 97.667044885113711 98.592724374817578 99.652477808756672 145.59157400278718 108.49602181776848 145.50656397705598 141.37340163356617 126.04770738147008 143.38213719241332 141.16651753025525 148.10617378896887 147.72937131039302 141.0306972089945 148.37835467185727 140.13033944018039 119.2759690777461 147.16620348357884 143.95533294452329 144.60473692646326 146.57820399705409 147.29341650084248 148.85565252098243 146.60300673804275 146.91129937494151 140.36077945237795 147.28586604932164 142.91337700923353 148.29807411265963 158.29346005918097 157.31470317885731 144.54740700600644 142.5135742201297 138.90200353525361 145.92306194098751 145.59373331387289 144.11795720828752 158.08587370356142 159.10248322045777 145.15413931604826 150.51000510299676 160.40008895871503 158.2550984035509 157.18492052696348 158.84035559820023 159.28670011461915 157.83374548485997 83.127889556639474 83.9781895976231 83.325066678238656 69.139433215386163 84.159044463670469 82.659294855807943 81.588084672279663 30.826686003595828 86.407573980261986 87.407704631797515 85.368341589449244 84.18734435190899 86.367675334959401 85.268408674124004 85.350854658992787 81.638339304558656 92.870788239659049 90.816757252925697 89.728958938037664 86.240691140773976 87.407223673022827 86.646993758424429 87.581803316602631 85.514320720567241 92.735264351738934 91.806923510297196 90.752432012919712 88.341787237265351 88.484931992589679 87.349278510443668 87.471690591162826 86.447148036768297 106.05078769227431 95.3572485033351 91.85799585026426 89.521637048819784 88.522927617527856 88.388459867600872 88.381214977883033 90.615548263564818 95.71940231263784 95.69601900430402 95.135337803857695 89.501432947951926 90.612055752665285 89.672639188180042 89.379027632012878 91.862776113278315 93.944871349029953 95.762124965276257 98.596200810506105 92.707710616126008 90.61552414948892 92.809987293130419 104.29728362530432 90.721577211400472 95.18354288871852 96.267052275077091 96.730570118104581 93.829024971335826 91.624694630364544 91.619989338422187 93.02733294294967 94.335705855476576 111.74061903428057 96.822059824345999 94.764466477822566 97.253693901242386 92.44153485720642 91.445974434133845 94.344683403744114 70.601700189568717 91.985732025097462 90.776186873563688 94.702473525753049 103.11033899981716 97.903652381805443 93.776778310568403 92.434385777755878 68.44956015710963 127.960717803889 107.76645321789512 76.402463862569988 95.793797797993435 96.71254160829173 98.606884481873038 93.462484190732511 71.772890863931977 112.20771382385207 109.76657275800737 112.09975791834145 91.675943253761943 95.577540717218085 96.379680784297392 105.37386587314153 98.408734006469274 109.83604772120933 109.34434458550932 110.66032766860721 108.15255849926655 106.35208904062347 96.024580549047926 100.62766529702027 102.15569709601004 110.93478112450248 108.56860677598605 107.41481651255481 106.5758050705532 97.030653981253451 98.891026615189503 103.45589355488677 103.14291386616139 117.85234396301978 107.63806917364599 104.9985994479437 105.46582436200306 105.70709994026794 106.00565095981325 109.40399982661269 104.77351480049354 116.80162531032099 152.50233589492211 135.7229585558741 102.71941318319206 138.25162416745891 101.20451243656424 101.12378619449659 104.15495610944959 138.93015057894655 136.78768293025087 146.36376854465249 138.74686693082083 137.3347255442913 137.34993566314171 132.44856821006459 118.38421581621441 137.99585949043066 140.18831737935636 137.64684019398345 139.54057444553774 136.32389962742897 138.95011894901924 140.85977436874671 142.30079204274804 134.65721081005032 136.77957906889017 135.61030254624973 138.3117368165104 130.46171531431133 134.0660792127897 141.65988891600836 145.37064844411688 135.59509856078952 134.80492955806019 134.52863756551275 132.93006168410113 131.36385599720484 129.36915235458142 144.94486599296019 139.65986839632112 131.20370879313705 133.60260873493979 136.42208744989352 132.13761552415156 132.58658082118075 144.00918918313738 145.11350388582909 144.0909713731038 163.99595689592209 131.39252023763723 135.46190609866247 143.07145672218309 146.24870292746013 154.89577842116213 151.46441181526481 159.44900947045949 140.72456307589778 130.37481631396105 131.05280182558823 154.9630577091574 156.4096577599675 149.35665352558343 158.30561170074321 159.41365915990764 141.75286023299122 133.30984121204997 155.73416034529833 156.08570767096165 158.72522578338533 154.34404754817322 149.42843506246248 118.35965279534221 160.89701382028272 161.2856949519641 129.71236059571373 163.91996478174974 159.69259493663409 157.13699765671905 159.44406472080493 160.41725105779184 156.72469569925903 153.91845800715561 157.57370313185328 157.94996313171652 160.81815842024088 155.65456373055386 158.71169833501747 159.21315010706843 157.67062032335906 161.996910387848 160.83565087604933 158.58703944905417 160.07398043767702 159.50142070579696 161.13697626865167 158.2135858583309 156.95968798744622 164.84569556605322 163.66970233738448 161.73763944355204 161.42013117969148 160.30547650649945 160.23395101982393 161.40097655253271 164.47504614457719 162.84278256311723 162.40114728980475 161.52120671389605 163.48832104547162 162.26228908740862 161.50986144859991 165.82670391811976 165.72922723042493 163.86160730240124 163.24545251898292 162.6288545341462 164.01387999716027 162.8178835381888 166.37891712800382 160.14837711437826 166.94076866075412 165.06866820129224 164.42258253637252 163.90832589812115 166.66526250701529 165.09758828661691 165.79714376365817 158.88674281930224 167.82974824001678 166.25549174919581 165.67395715857202 164.7051589140377 167.02485996503313 166.28011816127307 165.09535742240186 166.9378881662756
