# Created by Octave 5.2.0, Fri Apr 02 16:04:30 2021 CEST <br1@br1>
# name: ptcls
# type: scalar struct
# ndims: 2
 1 1
# length: 2
# name: x
# type: matrix
# rows: 2
# columns: 320
 128.33342244965149 104.5772499445246 103.00801055090103 94.905033856574178 106.32409883857063 113.92297607015169 89.132071581751575 99.213362903943107 113.1320621991247 114.4491254853 106.79272546518087 103.86498333712296 112.63613438620646 112.01169548784951 112.5531666890722 113.03906446422116 113.40842924822795 114.26041180458067 107.04583163616763 106.93820208899972 107.38226806759263 137.43076055312102 113.17450284774547 138.43681209746796 136.63392166709366 124.84350646402572 137.1794089673879 133.98273951349853 140.4347731120846 141.44856783784203 136.69426507633395 139.18599189620971 133.01773237916936 121.79441372284786 135.89661408279258 135.64968040791942 136.58656730424815 138.33332743250202 140.92444667010977 142.50172190694116 137.08657840399471 138.75546522807127 133.93102624137671 137.98941973548077 136.2022971279018 142.1836855812916 150.83459918873689 148.71744316645552 138.07663632690185 136.0319029236482 136.95252850774051 137.12543005547846 139.48970439655315 137.87169670045006 149.75282599601189 151.71735844704119 138.96228601625248 139.9919354782059 150.48212805658619 148.55460858940836 147.38401402246143 150.24214404122108 149.45995882045375 149.80346707403095 94.724848402829068 95.464328664342958 94.542570517243973 85.367118020619927 93.309872119568183 93.835380163667935 92.102867296827341 61.359696898836134 97.617132378695615 96.544818409918747 95.395513670913417 94.042945690281698 95.417930202784405 94.233037289125292 93.916477955065076 92.115378258445929 100.07871170350232 98.467047516388305 97.453199948278353 96.337571748844567 96.203564444500657 95.161089475836746 95.098368820437742 94.114707212507824 98.722980460595551 99.602483386609023 98.345759015220267 97.334365613848007 97.316216674467 96.09575861727177 95.908330217315637 95.014867691005151 101.67146256304819 104.89527931073906 99.530985473274072 98.26665312631836 97.016187112705268 97.225828209124586 98.288210695769578 96.140727728913433 103.85047862413087 106.70180636377337 102.39205584807901 98.022901535283609 99.132747127783958 98.645551025719172 99.291712047959919 100.37441073098901 103.60372318700531 104.04026893841535 108.30437402448221 100.50570247058869 99.2885737877982 100.85728108071403 105.82591590444122 99.542143522882441 104.69676239627047 105.54107206194573 105.07666421902196 101.22277119686886 100.42656383097787 100.07966685283985 101.02841562803789 102.43759037967334 107.68026432260999 105.78311311315569 104.17917143437789 107.95367684222906 100.75101279128627 100.13705394282236 103.53888351041796 88.287598915734819 101.55539560867049 100.82309110593916 104.73700078777802 109.06723441710213 104.70724296156251 101.64677807548686 101.30646822999101 88.40145214728409 114.94118937398895 109.90616821656484 97.390718199798073 103.91733070542979 110.3676895952073 105.45227640149884 101.88233545696698 90.125541063480355 111.23455658364314 110.48144592230122 112.35359719942923 100.50046651418843 110.06432373798235 106.12354936324694 111.18753819430417 112.38951763893563 109.21066647322694 111.74518479509322 112.23474570732051 112.68873766249207 112.34025357199006 105.2731969050331 116.24945731090845 115.42454756538157 109.86160009026221 111.15402593006029 111.66181321289091 111.11478629364466 113.11372938508723 114.20626631101909 110.86163272437238 116.20007373055304 120.02486129893298 110.56902156094993 109.12826544570794 111.87960611981437 109.79606607097958 110.26716617397577 113.28874965765975 112.56553177425457 119.27383485451411 140.39704225768872 137.57702167945322 111.44955608080318 131.69309636621151 112.0501658871618 114.49726459456957 113.70863893219222 136.68037215394179 135.61175805616563 134.00838075641585 133.11065376531721 134.54158944907431 132.58572613589871 130.33815614951789 121.79666996826299 135.13280613272261 136.18389228572167 134.16903793262219 133.68283859637052 133.94108462358591 133.08653855147597 134.73616461078325 137.117975909335 135.49260200134162 136.20608801136001 135.11348714577915 133.47643369548575 129.54906525914981 131.48267191140476 136.09650483416542 138.07451411914965 134.48917797225349 134.97154644411293 133.50453285582498 130.00466591123632 128.34978324466539 127.21689358796056 134.99021676668789 135.84764035006364 136.52349885040479 132.14425381622635 133.51699010369239 129.56101193908663 127.69131462978639 137.17859851403355 140.19234390058676 139.10241419240251 149.56357101979725 132.33085527748833 132.79594003431995 139.26223882938712 139.67438150961749 146.55754558368434 139.20911494834877 149.97196133776029 138.64032981974842 128.38157942004312 131.02922860891343 146.32690641605004 147.42016436608461 144.31188009923798 148.2031931525477 149.32512542098715 137.503423580988 128.82208970997019 147.95336091144716 146.87556542017845 148.59483563730953 146.71813988994654 141.32034208846642 125.59615895714984 149.78928159994152 150.81596328194141 143.04791051311872 152.62154179138952 148.63230752537348 147.33370350523666 150.6842475903847 152.14977017532587 149.92489002822253 148.31982865671949 148.83929831424646 149.10763055030006 149.24499896332861 147.61462766829712 148.19941282277875 150.38508403837042 149.89499965581905 150.62010635605773 149.65516387270159 150.6740869447984 150.04040566159816 149.51164735728304 151.13187011100112 147.08251357123538 147.6702092196488 154.39570971716495 151.48429508795724 151.67414272159911 151.5121734161668 150.88798208264157 151.12983796838338 152.22062468161508 153.41157265868952 152.24491287110405 152.9028831625721 152.56822764657858 152.64946496019869 151.53721629244288 153.22451911698937 153.05851660588834 154.75516062474321 152.83159136765292 153.72349807929578 153.58718395146596 153.5477465970574 152.38232780325467 154.27816752637389 152.97073120265375 155.40132472180969 154.28881649898068 154.66466981823433 154.43074448106424 156.24363763195421 155.17862527118913 155.38142484932959 151.94224737199022 155.50270215830002 154.80799156881258 155.66708304143697 155.52529752894594 156.55767139238964 156.37093205865648 156.2800090336863 154.45232206541365
