# Created by Octave 5.2.0, Fri Apr 02 16:04:07 2021 CEST <br1@br1>
# name: ptcls
# type: scalar struct
# ndims: 2
 1 1
# length: 2
# name: x
# type: matrix
# rows: 2
# columns: 320
 125.75328072565551 107.56749837464923 105.1415533139148 99.392284000541181 110.12971199462436 115.95968815737764 94.512562906753999 103.36458935332092 116.59330813249797 115.6346786675448 109.58683247425412 105.19735167240815 113.8080335326018 113.87974626050425 115.50121611862934 114.79901529795963 117.87054351765572 117.71017592605514 108.780857717708 107.61562173962693 111.2155941912969 136.18740263267662 113.96185823895776 135.13825503257021 131.86118892311043 124.48319437849119 134.80082702821952 131.83326262659494 138.27555068479441 139.32540243704636 135.05171912038674 137.43354158648455 132.28264829376411 122.73396176674349 133.13733389642735 133.06525708846402 134.14521742146201 136.21343035651202 140.10015162460493 140.15696214543851 134.45722292620158 135.56045480573815 133.71772194982174 135.10204506262554 134.09773735818547 139.18265074525993 148.31854313799946 146.28034483283335 136.53093668845486 134.1043423054482 135.33086193524829 135.25320867815603 136.49985430672604 136.61081863357822 147.96706852791351 147.69067933037522 138.54742622865109 136.68464647051704 146.34049723367329 147.12784165841268 145.74720038959566 146.49682223439746 147.17846696059561 146.83148338066781 98.273766687480816 99.374858353746589 97.389216069276458 90.222645757619006 96.329970140879979 94.722523493931888 95.399386896810839 70.495558426543965 100.31626272218014 99.291652690903078 98.389114155147269 97.29759462412261 97.706986948783921 96.672079798313746 96.393876409790494 94.474999435256805 103.31650123712922 100.63289436562499 99.664755186775352 98.654636056958239 98.539479013298291 97.540739508780675 97.238079451347105 96.233907498439237 102.09637411464864 101.79646094780604 100.61711006719158 99.649461662743491 99.628554702646596 98.26863554901891 98.112638360480446 97.036891610278488 106.23920791518346 105.25762842766281 102.83693158570453 100.66127430853899 99.306691224253271 99.470038184444348 100.34108453395596 98.475017593995162 106.74993345216163 108.91863434579784 105.32739987693212 100.55489354527258 101.5637237656227 101.43487197337583 100.83406095729461 101.85206801071131 107.0700868509464 106.47857377557456 113.08919617444971 104.27105957793287 101.65842503598466 103.0531793685761 104.23027013301643 101.87438165753233 107.39610476283292 108.45764780556536 107.99454142537492 104.25678072814976 102.74506957989004 102.84207639682029 104.1555201595429 105.10132157486359 107.443897461414 107.88711696700697 106.44120078750782 110.94299082695817 103.76346278790579 102.62825007611266 106.16368000313042 93.885138362044771 103.24271060475851 103.30289109888842 106.61481461277795 112.44656933476591 107.89419670796039 105.33146779862152 104.26988368369855 94.371309593163062 112.97353756380788 110.20184772796215 104.19945792711729 106.4217498643519 112.66697098138711 108.90759806476034 105.06857725570451 95.684959991393612 111.79362282517651 110.4288629770554 112.81770448984173 104.31449467749334 111.33355741571481 108.7081047052522 112.92706219591189 116.5390890812499 109.1785782543724 111.10119674794539 112.10305119854728 113.41196237344393 114.00781635478165 107.41336998792742 120.20508344860635 118.8913445841561 109.43716276759068 111.17287933962602 112.73904290528476 113.22695787017543 114.40864878705014 115.70317435450164 114.70956608765222 118.77232841683121 120.54095806315316 111.97328597587672 111.87157754172526 113.5807941536892 113.01513128208015 114.04801535596594 115.29170998973505 115.57543236475495 120.14749888906564 136.77498589379212 136.3674212354982 114.6818330769317 129.74561178481591 115.38725174491807 117.20961850777886 116.65463887220358 135.38973046287396 134.40029820322502 132.88429178764852 131.09575475938675 133.30171724327531 130.36504027992927 128.57877859907103 122.63172156445935 132.45627551425179 135.40642540853966 132.03339518330478 131.35444173958763 133.09976490685909 132.12835539411861 133.06038996081867 132.7734525501516 136.28774385207799 135.5323799858588 134.4139368510223 132.0772578486349 130.28279708142122 131.32153311819076 132.97713859187652 136.13146907914219 134.55231295220707 133.84548437735762 133.4334940322988 130.72358818125915 127.30346153581978 128.14385726324042 133.71683616111244 134.99024831941284 135.16656338397783 131.47603658234522 132.8483541255863 128.64754752758554 128.17017766609621 135.6637084938464 138.28243290960393 137.44221078505026 145.24521934032683 132.33248276071711 131.64517194550083 137.30001177318908 137.99869192004255 143.76366203313938 137.34463323293369 146.76797059676144 137.66267061049888 129.46498527865998 130.30963165385404 143.80978079022495 144.86996968646415 142.9338029033126 145.55317616528214 145.32033508586028 136.58596895945178 129.27393163628389 144.92582528517676 145.30919393419461 146.20135694951605 144.96956973271529 139.38348351976961 127.76141276934425 147.07931654759815 147.06967929622331 142.73072468425212 147.41182282704222 147.03325545351959 144.69302748048537 147.76479723923833 148.74619749271787 145.5167624383177 146.64464822115593 144.87272564909827 146.52711250503708 146.78659150110215 145.95291945774284 145.81010550566666 149.16652252995132 146.16618990797087 147.55846167283107 147.43862107046218 148.27882252928998 148.09568903915488 146.75216485487991 147.37139580778106 144.11188090488025 144.33770151184135 149.42701257789156 148.58023114854745 149.15831576047054 148.94491638262238 147.78192223861475 147.83492742754515 148.83668552044148 149.63482550344489 149.48293217148128 150.38594096642095 150.10472227005599 149.70011347479956 148.41465528928728 149.69821662724567 149.87959857937798 151.70464301658018 150.55924926141705 151.24687200947801 150.80074114896053 150.40730127175831 149.22177444759555 151.36867051817021 150.12567296296874 152.52552627665955 151.45850895034241 151.93493826425524 151.43331249032124 153.47290638139214 152.39142851033807 151.73277867136252 150.55051845377074 152.89262023464036 152.31692441247876 153.09018270739847 152.93077911672822 154.09574930391821 153.83748413804139 152.80299086136225 150.66952982743413
