# Created by Octave 5.2.0, Fri Apr 02 16:03:21 2021 CEST <br1@br1>
# name: ptcls
# type: scalar struct
# ndims: 2
 1 1
# length: 2
# name: x
# type: matrix
# rows: 2
# columns: 320
 120.83550323674206 112.80656269781936 110.46220344140266 108.36678428847519 115.74812644633917 118.06023113893094 106.78308474928143 111.66704225207656 121.82519777395818 117.83795309745754 116.75705213895847 112.12792714120167 116.99892798824686 118.23099528829705 118.9364963936583 119.16012321260916 122.42099206695279 120.63276136601441 114.40505472381744 113.91789289924117 115.56788548153403 130.5061124622076 117.66681890585714 131.58797594960924 127.34596998505238 123.76257020742213 129.80799817379656 127.55393946922281 129.23551200442449 133.79175999262253 131.99972153755874 132.58589944070951 126.5281417620446 124.64955795749809 128.93640594955542 130.86151429363738 130.03891752492018 134.38249650893943 132.95250291327835 131.64233967001454 129.28986439140525 130.0509063546651 131.0026296223846 129.70444183844765 130.7638782149848 133.00409148279985 138.65869419772196 136.77120575458972 132.03056896434532 130.4780847291274 131.08720904802604 132.13276056444306 133.26813129208287 132.61393810527926 138.03091352669861 141.95606479818534 133.79903511727767 133.27351108522927 141.42903238131004 137.561123530289 140.29559286702329 139.76123431145547 140.88791558832835 140.8469401669972 103.34422453709216 104.48896968664475 103.34608846261511 99.93839326047457 102.01015970062558 100.93282988172783 100.64035796653 88.767281481958065 105.98575478842106 104.66523259022908 103.69777862252946 102.63982524001257 102.74958970604304 101.70599312506116 101.76236986003927 99.814265307906425 108.39222645576251 105.6957439695508 104.63402513596881 103.61865487721801 103.9034322569093 102.825180111766 102.70937143238987 101.49712642878505 106.72401187232244 106.54995148235353 105.63073646254365 104.63569091895926 104.80604961662428 103.75257545775675 103.80408153931144 102.75127420192588 110.46968390928042 111.48583503911664 107.48286180874996 105.54395884895814 105.80305000146011 104.77696207095843 105.91644841711155 103.63337924326126 110.39641246990372 110.85678297705776 110.32655577145437 106.7657227223103 107.80529857722992 107.17525856056446 106.97113573094325 106.60009344851926 112.01674451676193 111.15013614460753 112.65012428449313 108.83687542455431 107.23657775908404 108.09356810298424 109.01684139698968 107.81399591823308 111.903417137337 113.3528610389593 112.17431381863747 109.85348422979011 108.41077498313523 108.46252419786458 109.13496840365612 110.15648887197852 110.9384201043525 111.81350887256924 112.09828074997459 113.61837409230823 109.65734161453831 109.02773676649886 110.33561723524407 104.53135105959997 109.59667629948011 110.95952422015687 112.33479736149131 114.22277551910649 114.85093145437219 110.96325918314362 109.67265805120749 106.56927311689087 115.28997765203445 112.99488544804392 110.50815666023117 113.06843021610052 114.8248135235293 111.83200951030784 110.22668251385889 105.5848762177929 115.26386000064311 113.77963337438982 116.21683336477341 111.51625350097957 112.71845668458701 114.39481494000997 116.57394213370659 121.66955763573618 113.47443608625771 114.32475614619369 115.56577502378565 116.30500851495501 117.73418455251542 113.20528009005461 123.06415803333954 122.13880643858882 113.68576904985936 114.56349831734236 115.98077911255672 116.83212803050407 117.85314644742839 118.93526463004625 120.83448894529054 120.10545162437153 122.1150873201632 115.07806537549476 116.36624408870308 116.97311616446279 117.44832451195792 119.91845449347701 119.05365459383931 119.89205645038649 121.35289122959902 129.53087316599891 130.38408273565179 118.07447841379035 127.1173084331155 120.78068375136148 121.83902468366888 119.95250317244449 131.14535476927696 130.15854084609782 129.06166378088113 127.96009042616791 129.11658125213864 127.14658549222322 126.62509219084073 124.26532465388922 128.77860019672366 131.56806487644411 129.26592453847024 128.17125409040676 130.2347454934843 128.77618424905182 127.86855496996988 128.44755390298513 131.23438059568016 130.37010554982007 130.78350114217471 130.63467818393926 129.54329717687344 130.11700481493682 129.50622253458155 132.33746729534226 132.15585671037002 131.64273712717366 132.98511221713349 130.25373878628793 129.73946489030138 132.11037664638661 130.89804767197489 131.92506894431193 130.1221320219415 132.89421014668306 132.8499380760129 130.71689872127158 131.90811351403133 132.97363416534625 134.35180756010172 133.78924605599107 136.60851598138598 132.53170356348795 131.5174211007114 134.07005178976951 134.85881617947427 138.45491481667304 134.87136010911885 142.19512785964793 135.29515386792417 133.20221556657867 131.5486048530812 139.29409155332695 139.80386251858766 137.79346266864991 140.52414662045797 140.71824878978859 135.04372354309831 133.33474001864204 139.34501343645812 139.95001930180723 140.77846106092755 139.84340127317381 137.24598352271772 132.09192039372286 140.12205813288435 141.11443963481369 138.03390962867144 140.16876001829829 141.79854089196067 139.68123541064736 141.7813803407964 142.64278900688547 140.85575376428505 141.66295471466768 140.52286738842739 141.16643692211991 141.62358220076374 140.69547921480694 140.66009895557346 143.33434740323085 141.25114037648945 142.20145290841805 142.13859668122376 142.95184939117695 142.66279443349799 141.59688921545214 142.39060195620868 140.51761857464618 140.02588369014387 143.06638868293928 143.01834276213279 143.69142895325257 143.57262792752127 142.58722151907585 143.14388828864523 142.84334087815611 143.92018373920942 144.02836017338063 144.76394338075042 144.62766574405751 144.378390423805 143.40130959398823 143.9952699860566 143.70105756952339 146.2369622067506 145.03197111545771 145.59810360549321 145.42390271408763 145.24959237922113 144.27996504138861 145.10442990874117 144.93123119510932 147.15758622585912 146.05863842924398 146.35385461936374 146.40155392401007 147.46134757621439 146.45271716421288 145.91328073985176 146.04031478300408 147.15409242597178 146.95086749128825 147.77680394773944 147.43390054416597 148.53249769003534 148.61177669837664 147.5131441742187 146.89377158192792
