# Created by Octave 5.2.0, Fri Apr 02 16:07:06 2021 CEST <br1@br1>
# name: ptcls
# type: scalar struct
# ndims: 2
 1 1
# length: 2
# name: x
# type: matrix
# rows: 2
# columns: 320
 168.46390349521488 85.056476273251292 85.008189908694106 65.147480270266684 88.560814385401912 105.86254368424822 51.754985038450783 71.684176976490221 70.698115121500322 113.44056043840416 90.719657767004435 85.427158818502235 103.71289531067356 106.67808568772939 107.34320961937485 109.39144157945476 57.85178264728976 84.995501337210158 87.296007030061034 87.655966673153813 89.686647114915161 151.78250944533116 107.02295993626528 153.14296925926453 147.36521198949723 133.55116782937824 149.46801758969278 148.23716518454336 155.70207562946456 153.82801814154777 141.50942949352904 152.12572443210385 148.7132328027709 124.26857499207532 153.54885440255831 150.02053196612377 150.43058246743306 154.26054494630787 154.50498649457987 152.81676677564923 153.26602110306175 155.06777443411218 147.34808517360582 153.51729058796457 148.90071294403057 159.29661393365669 169.07710512518642 166.05360054198826 151.54584114933624 148.45260760657899 142.09103272621161 152.2123048574951 155.07346497533703 150.67253409584842 169.06310581565353 170.10087905006969 153.14766082086348 166.70088909983792 170.48915279018206 171.32527459293885 167.78408638682595 169.2077420334561 169.64047557673953 167.1888325159951 74.273695924514925 75.678294777860444 74.814758027774417 53.167302501573403 76.826535754053296 75.886882975406508 73.74339542732524 0.7745099256076593 77.474768465396735 76.314211179011039 77.028573209720889 75.338649970206745 78.522546669949293 76.368843934461069 77.327604638898151 75.554994747894455 84.186646786399265 82.108248795481757 80.473236626018959 77.718245124144218 78.168282576869174 78.053244572105527 79.578072475933894 77.451785041822149 85.247544430386853 83.209341388588598 81.54048416582269 79.486316577144308 79.22014998405173 78.8407425335797 79.180052379459212 79.675562932789333 108.05300180419189 85.025711547574375 83.835699228958774 80.851500455073477 79.913460704194975 80.710627004248948 80.706450444011693 81.031374603977582 87.114683076100917 88.351224376751887 85.869904912402646 80.361084729545439 80.993215073023464 81.271153086561185 80.186768980278259 82.876429771137367 84.383996912020862 86.294713494137824 88.41071761461339 84.130688232153346 81.552233373176307 83.910957163615322 98.157537316304712 81.054191674619204 84.87271030808337 89.476642360363201 86.461995643710608 86.214394963293046 82.652811202223987 81.847979371078637 82.255109506572651 83.61930896702826 115.73703115206658 86.549388390270963 85.939789309034353 87.551132452698269 83.544149555105577 82.281443120240723 85.039848063264827 53.008131786517389 81.940683700873848 81.687721485255082 88.125411071050678 99.045550966392483 88.626818914961916 85.139527973871907 83.089735464626457 48.811871190402485 129.99517120057874 117.58436467943682 55.744733215691952 87.425378465811988 85.913015254170162 88.742301063227728 84.243711469114757 53.112691467450453 174.31431398224885 124.73600652496079 131.09646634749345 82.816257087972318 87.503710052110705 87.674776689053658 105.23555857746705 58.477028614176334 116.54293885639328 121.36831587897115 120.52939474797034 115.92894673566249 83.028082294474814 85.495498406336665 68.994840563679304 81.720025416430715 115.41963791058818 119.38322581699749 121.1240355614529 84.028313995343225 59.344754359805108 56.344682583630906 95.593910880558354 81.400174808922117 116.50996506880318 107.32665446858319 102.49890199928046 81.616622408352939 98.744960691114656 112.82058533406546 117.67199020619813 97.343087356376756 88.08635512267648 164.49086631954231 135.02846405871139 82.51758954075575 151.92027272574629 69.529223423531022 70.109146816437729 82.092946391097684 135.71605505750586 140.74062495261944 164.94203948429461 152.79746020707398 151.41686916004227 146.23601360729177 121.31703972671076 127.69168643829474 134.43998576490091 136.68353004220955 145.92086455920008 151.73046135702086 150.10427055192258 147.02533357205007 149.70592367190997 149.57877147228379 133.99725656432992 131.75422154279966 145.30322114023454 145.18720613343791 146.72814807067263 128.13471281901545 147.71097677777536 154.15565121669255 144.73815793637769 128.52680072409618 145.81880791056244 130.75409748646209 132.59840186438439 118.54679217556081 152.10833885627028 146.5157026701014 125.32195952835885 133.78498151464481 146.06495623498128 127.7534196809348 174.51097791269683 152.31568829566336 153.5266778852388 149.32180471471753 178.20106110470638 127.5816290666864 145.52716677153367 148.33329113666204 154.13200449090522 164.07115667222516 161.51011502871177 169.31519788020481 144.36136318671024 108.8721786144813 129.38018454722095 165.00580115021179 166.12433809993797 154.32198170112028 167.3044312800501 168.45741265501138 144.34998719713138 134.95296272507312 165.17227391109552 166.27187935584769 166.63053506034291 163.99498085025445 151.15679322724736 111.23710736049219 171.84118233061682 171.57918775104301 116.58681933842536 173.68728787855457 168.63728353444949 167.17489770953526 168.13364754679711 170.86816694490665 165.69148285336308 159.42891996624627 160.42792045516231 168.36905213671872 169.68927461396973 165.05800731472132 166.62642493156255 170.36304550445988 167.6370885447453 172.44044865809951 169.67472145514446 167.64897167792901 168.84167074839772 169.40989972653318 170.40903542033908 165.89899051398351 167.37540167529204 176.46648568206029 173.19749431160082 172.0404739770878 170.81351851502978 171.70820767060351 169.7999765022017 170.32733384001628 174.40791842687403 172.874154173444 172.59844847679182 171.5084036460928 172.5317684449534 171.27292571001558 172.4081223520748 176.38083236213498 174.06516687400955 173.66361512659213 173.58174892992071 172.20669588650341 171.91303246357151 171.51001101046751 175.53759068851619 171.2566291096214 177.11078014662516 174.99516519894655 174.65443950258674 174.33986457414935 177.70641723322268 173.14358480077433 173.61275344238396 165.63412160261169 176.33689776617936 175.85537847841445 175.27718855620029 173.14599020920545 175.74449833731353 175.89732814178103 174.77364370286065 176.55918956630848
