# Created by Octave 5.2.0, Fri Apr 02 16:02:39 2021 CEST <br1@br1>
# name: ptcls
# type: scalar struct
# ndims: 2
 1 1
# length: 2
# name: x
# type: matrix
# rows: 2
# columns: 320
 121.55201344251662 117.19562638514635 117.0303772057849 116.55875798312313 118.0448099340167 120.50797273246248 117.71620816441042 119.4834256663097 121.80371896135188 119.7329286208238 120.43941312187097 118.27837976671054 120.07930888035703 121.52488332786714 121.47706891126323 122.19484117649768 123.49219896606212 122.65740320987022 121.6208324882875 119.36023343327552 120.72838819679529 124.14056798049782 122.59001596189572 124.74337907741246 124.53280242679593 123.52838735255077 124.01655802945635 123.39985248034799 124.74582455244376 126.65442251006152 125.63155304303925 125.90812768139132 126.04512954379948 124.64748951249875 125.77510128374001 124.63186330019846 125.71402690487976 127.77537950680833 126.8557744511389 127.24399116202582 127.10964375057686 126.65185870576744 127.8259052922914 126.72329870568207 126.76536191531092 127.76023885688392 129.01623651056963 130.27989889265444 129.92427440714528 128.23029742977553 128.86771036196006 127.99279282835199 130.36677174191661 129.56746919802998 129.72780013790745 132.04758348119776 130.59452699693307 131.255712834994 132.67936110234407 131.86036709032413 130.92801250955247 132.16403478873565 131.01227846012139 132.53942897020798 107.82277492783759 108.02646539906992 107.71564180176036 106.5490179497219 106.75620765970086 106.25737153566209 106.78209432208875 105.61303530025141 108.89004350349518 108.99409177093867 108.85770410498571 107.62599325562958 107.97792917049634 107.37688901574944 107.8583188088446 107.35802026150664 110.0579611617261 109.95498675813658 109.97510341748182 108.75595847841335 109.14667725484526 108.55667749226488 108.96165171058446 108.5524188106041 110.96086816805284 111.09973944375326 110.90588606152392 109.83439358996631 110.44028221838398 109.80901424720139 110.15680448467283 109.41707041809009 111.98478821740241 112.66809748105781 111.95668955292571 110.69065907493021 111.58720011531977 110.94099695664605 111.31089761257476 110.57467791199713 112.6520484616358 113.07991265803076 113.05399861941653 111.70760602225161 112.67099595504065 112.16900823622014 112.49331807122833 111.72889005621911 114.15266191573028 113.79885347204726 114.24382371579132 113.66276127744879 114.22759398947984 113.29244512044554 113.69363176386491 113.00228619596082 115.4426848214765 114.97793112144238 115.43121795127637 114.40440061617542 114.93234932351979 114.59451647513158 115.09819682494361 114.10482905296935 114.59994963060235 116.27691370303531 116.70879087176996 115.54141073545109 116.01735885853496 115.39340580267493 115.57556027424866 115.99662929696285 115.25713010740725 115.85844132723491 116.42994667859028 116.67829253838056 117.85179520662454 116.472730466076 116.34227621343872 116.02357562128692 116.83077566505486 116.39349831267587 117.05450535192949 117.41911575817058 118.04897592288766 117.73246610133759 117.39487733019406 115.78602584337808 118.18662674682331 117.76652420597105 118.91558387133095 117.64752976244226 118.29055097305276 118.84744442056568 119.1097222039279 120.31388124700477 119.35344474498116 119.36481974457143 120.15474260134276 119.80597271085374 120.37428424684758 119.0236580572645 119.94160411734249 120.6655437320635 120.37304751387182 120.43512855129808 121.28361141544367 121.01822010374531 121.64867431795291 120.98939371913359 121.90624036816733 121.17780248208054 122.85267490761362 121.55389160601348 122.37397352991802 122.23450934174086 123.88900492461775 122.67865795453096 123.61555905781819 122.62124372003984 124.05776005281174 124.43005940929996 124.93350481089867 123.32092131007292 125.23537134459129 123.90662481184488 124.8819648434376 124.07824236842431 126.22883351198564 126.00767468147741 126.00694211892548 124.98002286801892 126.79601089454492 126.1590057836857 126.32759148598021 125.98164309503754 128.06668562458498 127.0752451689488 127.05958598302884 126.05733835781622 127.83784155182326 127.56032774628618 127.50644745677715 127.21944690185211 129.30108562482005 128.37952760977265 128.04517161088958 129.19503121163933 129.04981503401316 128.6681692720241 128.45737915207781 128.17505668025998 130.54096981028189 129.43380770130779 130.22414471024746 130.52739988635929 130.11080810066557 129.71575442096815 129.58862380485078 129.31986005391772 129.94356184182311 130.51571738449928 131.33165804723438 131.36077886470562 131.14008129766455 131.43628258696762 131.90742862562783 130.58808995633868 131.07991899020135 131.88303759015923 132.024970169932 132.22915261422042 132.13315661120686 133.1566634116478 131.59641483211638 132.953296041409 133.27922150545919 133.73874026364638 132.99088969571204 133.27785935183604 133.60732299768273 132.89921326774942 134.01801353737667 133.83893394463641 133.90583513224993 134.21497587742732 134.07080770666667 134.27903313779518 134.50893151286346 134.13432038122855 133.87819958052989 134.60691428221264 135.4698683728619 135.01469057538827 135.05597512161515 135.31991712503086 135.72294405042331 135.13079019741269 134.95678432985943 134.86332356159076 136.25261811891227 136.25449418262693 136.11098048525966 136.08069903203838 136.77176848782111 135.88198434932301 136.41853374278801 135.85480746197769 137.40116980293885 137.18660256641681 136.90740427190914 137.18801067347707 137.90595206567787 137.28648348391442 137.87374413809454 136.87619193402531 138.4499234570165 138.24737366684684 137.92808824916716 138.50144589412861 139.18551311318762 138.45709504611278 139.04037973470278 138.41733599762333 139.27925131977298 139.05659688722633 139.11050844681861 139.75670323186199 140.38299086413829 139.57348421703966 140.11590867291588 139.68481139595696 140.3471771107117 140.1354686966103 140.40500606968715 140.913638527838 141.48862719866204 140.73940469020053 141.44388748078825 140.82551263315318 141.53680354564571 141.27652455276439 141.47540845496871 142.16392240348537 142.73017503283143 142.04801809897921 142.57803771817285 142.04620762651459 142.74686017135946 142.36078283667325 142.62151321372426 143.24710698206795 143.81629514239577 143.1662969858786 144.22983411542242 143.22757380435465
