# Created by Octave 5.2.0, Fri Apr 02 16:06:20 2021 CEST <br1@br1>
# name: ptcls
# type: scalar struct
# ndims: 2
 1 1
# length: 2
# name: x
# type: matrix
# rows: 2
# columns: 320
 151.60976945939206 90.94307443973446 90.040814917771385 74.12198055820069 93.413490790424191 108.02361834094637 62.848150011180415 79.986629875245853 88.844377005173016 108.40762284556816 96.472175159509547 91.124605562437921 106.5294065119553 107.80526320524119 107.63644719845136 109.36396787058855 82.23642395179688 99.887517566489734 93.580528441791259 94.447563544060941 95.448807648493215 147.29440377061604 106.97585707744118 149.57148293934742 143.92367065739737 126.51232033386987 145.49258805237287 143.93821141073619 151.90504626437394 151.11465467017749 141.21836026453204 150.35416776289276 142.5007879139749 120.63986806651772 149.60281601328344 146.40727018237345 147.57830366409124 150.77765911806978 149.9061453626214 151.04921268625441 148.48763618717331 149.4877188485365 143.20143664979696 150.10380163463091 145.14612313274105 152.85136083457238 162.89779837531341 161.84404255895882 146.59382029872557 144.99722950188766 139.96953198912303 148.62472505670291 149.49453331424266 146.03821025559449 162.63250797329383 163.67561849906892 147.75321074720983 156.97573953145988 164.40629122893381 162.71297857484566 161.43772407071566 162.12599273666476 163.7322932655504 161.81730738925233 80.053472450355883 80.786804450823766 80.146091593368809 62.878357975571561 81.267177879227134 79.438666289574257 79.171390377642084 19.04623298102447 82.729551194997228 82.615014598377869 81.873850304927814 81.076565635294898 83.058591832337427 82.102796517032615 82.322913241547496 78.404639863016413 89.328834236079913 87.397190613182545 86.27222107064631 82.93797384363495 83.909419662917827 83.283327818610019 84.064549732621984 82.31532885453062 89.513459548131053 88.246470441712702 87.081206644316282 84.972622149563492 84.912193680443949 83.974282423542704 84.403673237684131 83.732926089045392 108.86408807423634 92.256713292596743 88.367055770039102 85.852430478620803 84.993088150681444 84.954645957485212 86.003111480397607 87.625593074518306 92.403341458842888 92.841338417899877 91.283126187706401 85.874454637926249 86.828974039111372 86.637243294307524 85.544585064337298 88.581641834365982 90.297959671426767 92.354428751266354 94.699925823170318 89.041777716989458 86.833161311713766 89.68692083469243 101.89050307217647 86.558183586761288 90.916148515763453 93.293037636426064 93.916344982709404 90.349114069980743 87.997685687863964 87.549312140181172 89.539826389875358 90.992141524793041 113.30721258445269 93.444635120011597 90.848217702277466 92.310084759348925 88.980913933943739 87.823330301439469 91.249241790891688 63.88187317163294 88.538707710021427 87.515329098970113 92.109044608686432 100.79963783772548 94.523321110905215 90.215669940609885 88.742140808196936 60.751586082160429 132.54306474151554 108.28307002780075 68.304633448993798 92.481348064015975 92.777976799770769 95.44664513528889 89.833402912231193 64.220684508056323 134.98134210800725 116.46981619802459 119.68333327598629 87.410490991129365 92.691985383637174 91.885330093077926 104.16011235113946 83.246200670252392 112.50923381477438 115.23772397450514 131.46845666452955 111.07548764896211 98.386594911503479 91.443276900794842 89.383764676017066 93.763612186064151 113.22627110738328 112.38947211468285 112.02814495888398 97.016644846601622 81.89039249800075 81.959896563838797 100.13372101330819 92.890591263653519 117.32868022087183 109.00909177201962 107.07441469529452 96.488804340630239 101.6375368635465 107.47979708523152 113.5441479670439 106.44910618900725 106.85747008633358 157.17288225889405 135.66495457605635 95.785110799701698 138.95890171825366 89.93978474157197 88.193271089103618 95.365451263900994 138.21044479713515 137.52525725893324 152.56909134470982 141.00631608000305 138.98695582819906 140.23088392690761 132.45737579979107 123.40777628030264 137.0805462521607 137.90900374070861 138.79897972473017 140.67549825886022 138.37976099210212 139.35786504254571 143.59893519950725 144.5432123410805 135.00931654695424 136.5982431485414 136.11326897448851 139.92182826807544 135.3432041491036 133.82820739111452 144.21128691066835 148.57683114532372 136.83106565030147 135.07852341233306 135.67376470470035 133.37792187071076 133.90952100034301 131.12661544626695 147.3801649672842 141.94755104426625 128.94316835748052 134.75093882821994 137.85121466387915 132.58454294430717 134.95002796248832 147.26330390965364 148.33716013082244 146.03323546107362 169.56435774576553 133.17954665879901 137.22629275085063 145.40137944515516 148.82616074129638 158.26963424209114 155.39397295132201 163.59743392461479 141.82896603182135 123.65172465583998 132.98721237384476 159.76991419793387 160.26728304141861 151.30306217039387 161.0109195531212 162.38199738004016 143.09215669044892 134.98962462269657 159.43653105712025 160.7760230819072 161.56262995080715 158.68834644843906 150.93351787844901 115.567614984881 165.70844908428995 164.79942292124676 124.56714842285669 168.20375659526366 163.27265332607442 159.88544986108343 163.09314125749881 164.62737504531177 160.76178314186652 156.07855909511915 158.46969769679995 162.97507110771357 163.76929611636868 159.24459095637036 162.55138357692476 163.62705358703374 161.85251479430073 165.46849481081142 164.45734771631138 161.94935652838288 164.28826083051737 164.09953356870963 164.71269887365636 160.57649582627329 161.29747641412359 169.13232728308014 166.91795281851341 165.55501827340342 164.81086785817592 165.12746230788099 164.13588808222036 165.27716814236456 166.95041850805148 166.01597579548496 166.25184420390156 165.44654856474082 167.05421805881804 165.94835161946446 165.68994535040662 170.85873843500877 168.05044057624644 167.77881547684078 167.3234836726761 166.71856206305878 167.03324489119873 166.34842886512016 170.28136871665399 164.86260677138884 170.13966993750026 168.86008959072456 168.38548055933319 168.07829249457961 170.48293846720793 168.19346107702395 169.13907007077358 161.53171530235954 171.02695891076331 169.45708907244031 169.08527335677681 168.02526173302601 169.91727119078837 170.06099673688416 168.98706561343712 171.10148660340886
