# Created by Octave 5.2.0, Fri Apr 02 16:07:59 2021 CEST <br1@br1>
# name: ptcls
# type: scalar struct
# ndims: 2
 1 1
# length: 2
# name: x
# type: matrix
# rows: 2
# columns: 320
 189.71343501860719 76.923676174820599 77.664402197462138 52.748499609305227 82.424532345123893 107.16225229441849 30.806746013336841 60.213682840053984 42.931059266738231 115.52033505745918 82.021255756114883 78.1143732279766 99.821662729955364 106.04195193078652 105.25412126711458 109.4200824193092 22.868517589423639 61.465490247652212 79.065943877433483 80.04095318731143 80.773075819429948 155.27754396754523 106.33202928869797 157.42744749372483 153.98673535802865 141.61255663531927 154.44384717524406 154.17650921414537 162.53787812509736 157.22314666176354 151.10478610425764 156.08874333317127 154.48414543022776 143.62892088637216 161.20171063119508 154.17020014471646 156.40268380556535 159.52563954527648 159.21461053979621 156.29491596111373 159.29058459252522 160.14910785622894 153.70480776346335 162.39291279335455 155.48830843692809 168.20123992581264 175.53224414135815 175.13137062905696 157.30244915513114 153.25585289008799 145.0430986966249 158.40777834110955 160.35011093036596 157.167725620021 176.77174956083297 180.39422132289482 158.25837816121739 163.93976001969611 179.36166307645482 181.42196256866063 176.18530627597613 177.88280713352285 177.53290654360242 176.07910865059262 67.340894296280894 68.161578169614288 67.394818788618423 39.750712701970684 68.576393568002203 68.232864938747596 70.095642730744942 24.469317979902421 69.65307825195994 69.540822675334056 69.509559892622946 68.664613469232194 71.301848176641258 68.003214541412675 69.084181411749157 68.863727604805106 77.207307011539427 75.172884274167401 70.583679702210958 70.167297036864639 70.60008146807931 69.291972732115752 72.22302392277544 70.495390065554062 78.999230628190858 76.033747005909134 75.031741895521861 70.709105537496328 71.540279541109541 71.148894798627452 72.225928953095249 71.988459587633173 104.17514796827535 52.472405444591473 76.23760543053416 71.760067452107293 72.343912163802571 70.878897955118248 73.238271038049604 69.719666322545024 79.576740708524937 81.845112832114211 78.535243417780364 72.680394736694026 73.458085805030791 74.132859796196328 73.082148947202427 75.156161228233032 78.948367673189665 86.138907654412009 80.123862889936021 76.883575334298143 73.65474032035516 76.204370724817892 93.000150416745043 73.317946031503368 63.865580895756324 83.014590503122662 77.961927592183969 78.33110867972394 75.750143501592049 74.489811998343612 74.460349218081788 75.801731690339153 117.62835587162941 78.102458980959 78.576850510810559 80.674099352229106 76.62771026650411 74.709596668452534 76.908209458135147 40.63456728810857 74.879256967709381 73.604640974182985 82.686809286493158 97.658720248738064 80.788765943608624 77.954996319304357 75.590758493034926 32.316212458368483 122.01158010615364 123.61278620586516 38.392239472314401 80.677719379432361 79.652927135801534 81.377471147960506 77.319774139514422 40.738910295744517 228.65591986113526 129.03490286493675 146.73852530455497 74.446476434418614 78.907276517547345 81.945886463595869 106.75008682310917 23.929414858633361 128.16695237589303 117.28339957020481 99.99088118967623 98.060543585280385 62.973965508927272 81.049289454206416 43.783346313208554 63.674648168423694 121.48544768992907 125.51179924733802 120.55931726333772 65.351681656842544 25.053458988048916 25.718963672828007 89.321804776101345 64.217068870895233 118.98840723849142 102.79248742755725 91.668883433106458 64.027518049415008 94.764607569054036 125.42198632674159 122.976205757081 85.756304351641077 91.043122025138729 174.73887667998014 145.40542662349858 62.424337175477163 166.53629031161393 42.578497892940717 43.615573549558498 64.885984621645093 144.71079981634244 148.1410548435183 184.81785330876104 175.57740454733673 174.7177485511836 156.05409393254553 124.45925527902816 126.0803597408632 136.79325800790068 137.94470888635129 154.03081489618597 173.57470597430972 165.76240005602773 153.61809672470284 155.04050966524238 156.43791980182399 123.09653471251359 130.77309357041585 158.491054123618 163.67822862678472 157.48979320141461 116.8792985462607 155.62385447348319 157.96255712506252 163.35099543750073 117.74010820475129 158.63186793170775 123.37796061839016 122.57942827286917 126.87493364355905 158.28362823065777 153.48675119096683 116.81732672039713 121.68633061387067 158.55209723522472 118.05015687494803 225.91821777707304 156.46721677049644 161.4057308207685 155.91958717029007 190.13334864008519 115.63891119408534 159.56229741824987 154.95843303825865 159.27633530870878 172.64966927318991 170.00532031023857 177.8646094296725 147.76266175235853 88.550439989793688 128.96540388799937 174.39201377188769 173.9986628797939 158.49285736857124 175.16131336552709 176.587531171731 146.71874586638759 123.64157085324992 173.41836352076825 175.54981822582602 174.60225950683079 173.50845165323415 155.18640758566647 105.25416919521817 194.95927803648667 185.48849105071773 105.56136468230312 182.34839924963609 176.55986682581479 174.51253453676929 177.22926258827837 179.70105118510969 166.81320313522889 165.46484317410489 161.75221324025594 177.86423423988452 178.2111212619923 173.95784855037832 174.64339034082428 177.36106382070227 175.41911523169242 181.07924062971128 178.43161447870548 175.71203356971432 177.27955567727136 177.26992121385661 179.04480735152237 172.48054010590468 176.312619935366 184.39039940702233 183.18131923516248 181.16063678820453 180.01290957645281 180.38487993323469 178.5276080729534 178.36639776027488 183.61216692734891 181.99180079527818 181.46929936881099 180.11539151127823 179.27237105711541 178.50354683654712 180.29420495272805 183.56557930714132 183.17491511943015 182.78697568704303 180.8707725878981 179.63209232455793 179.2888704858276 178.55167749643724 181.91302097569073 180.89156450653564 184.72111268130826 183.8158386250181 182.01079733250373 181.38538271299834 184.87968868481042 181.60431266472952 180.68525767670263 171.30191978059162 183.61919598976834 183.22621373495872 182.59214110365437 180.33650437532447 184.2111680602126 182.64782907622242 181.87282711936447 185.90352451133583
