# Created by Octave 5.2.0, Fri Apr 02 16:07:02 2021 CEST <br1@br1>
# name: ptcls
# type: scalar struct
# ndims: 2
 1 1
# length: 2
# name: x
# type: matrix
# rows: 2
# columns: 320
 166.70170080270304 85.676118185512678 85.275818641150508 66.092164511101842 88.939324323877912 106.14205858695695 52.938545559853658 72.558119386885551 72.413535015298308 112.68592207351678 91.360119875997057 86.226504427102967 104.00937017396637 106.25609550768365 107.42128781221811 109.38925942022776 60.267723178952231 86.788264086890763 88.303294563668715 88.17057031811467 89.829757558861303 151.05518740253979 107.24690974315159 152.64777478135662 146.99705034386423 132.23653085431846 149.00469320873782 147.78464373466892 154.80637734158111 153.99886849939475 141.47879062731883 152.12828844747054 148.38625851798207 123.88660584201662 152.76149575500514 149.39207197277383 150.35909972448198 153.66819187517274 154.02312128208152 151.91277625534792 153.00908140359871 154.47598270361175 146.73766572671863 153.12279270346932 148.27909431372228 158.61816623901623 167.61319641905834 165.61243877803662 150.92314670468519 148.0592359748519 141.86611341418012 151.6443721669344 154.58938592618136 149.97297662736648 168.14621547839945 169.04968267422063 152.83613931222723 165.7267862608725 169.88648253797393 170.77972054503127 166.78803981427998 168.53212135870234 169.14506430662325 166.70841859696148 74.827854451524431 75.932863040724712 75.288156215958608 54.189518867257419 77.236004493353349 76.263735566894439 73.998801795078151 2.6978491945989127 78.122148948137607 76.80720430779354 77.318156261811708 75.771161076977052 79.015486211122706 76.878313546260699 77.767109992557408 75.291374008629248 84.894070781041194 82.543599085836789 80.704416833296264 78.27128239827482 78.558682754849428 78.550716543934001 80.193484917121296 78.145749941502174 85.935827022985748 83.785852554569075 81.90217056421055 80.286686158240087 79.883051099216146 79.399459175959521 79.776400181657962 80.432395117673181 108.35015749951494 87.129788022386563 84.606254475614705 81.425382958624411 80.589168177011757 81.435234166462052 81.301472512474632 82.038420982965974 87.122219770952157 88.762072804136878 86.422384687867151 81.169965074345853 81.960880875168158 82.108910463476874 80.970027172167704 83.270126278661778 85.364454286257157 86.766408129578565 89.54862139516834 84.518648852955522 82.328933450541101 84.578351039343261 98.550481080080687 81.516869306999041 86.475626870259546 89.695708244889289 87.197738410811752 86.665523265842069 83.439180558024077 82.822568775516075 82.803837072109459 84.121065519896817 115.48126077652827 87.319468678853681 85.897267849470069 87.658052279456697 84.100012712523949 83.095698339455581 85.649976789917233 54.177009527925065 83.14369635114933 82.057371660048332 88.647210895621882 99.151214259166153 89.388214944523895 85.602302132310854 83.907136025957612 50.068683284271742 130.39455604342916 117.32064201709363 57.066827977092146 87.916910969328242 86.286112523378293 89.377907726380016 85.00971410400318 54.241821562371548 170.17400115338131 124.13725965768822 129.90469042695543 83.03515905511621 88.228635504978953 88.207628445352242 105.12235371153783 61.035496885877642 115.89983318327884 121.66202461887714 122.12460811402974 117.23195544232497 84.473563126754655 86.436548715561017 71.419911614710188 83.36462930255081 114.99778406942919 118.54982108327675 120.03363192349019 85.174407083472374 62.256671836407293 58.702005301453049 96.071785631374127 83.06136239275115 116.32590768369293 107.67211481456611 103.32404627098896 82.398690455279763 99.048225690890703 111.82638803334079 117.23748049681348 98.225889871023284 87.931314494847484 163.66248771915048 136.12230290730639 84.090817260481927 150.52502007769894 71.257697812930573 72.348589017653325 83.657317676277032 135.42986086270193 140.17678267521762 163.29131439776577 151.34444793115244 149.58130984268786 145.61763670667537 121.71669828967352 127.81445418667047 134.02066015327941 136.36473147061687 145.24788382980981 150.33942216916003 148.69728899530344 146.53745548379607 149.81376600522975 149.30439831941862 134.08532467582205 132.45977452873336 143.47264597393254 144.66188857169482 145.40858706460261 128.91128368258771 147.64018749030819 153.5612747890726 143.49597846551382 129.20535321966199 144.24293804875853 131.61009285350582 133.19743575867389 118.30008172477208 151.94704670486999 145.9589301520688 125.80609183452859 134.39401942664182 145.76393765561974 128.34023600824756 170.59423582779198 151.88931939601184 152.937920452518 148.8146111441616 177.29193443534419 128.67060679801673 144.54336054862159 147.92739022996597 153.90564496263553 163.67363527948251 160.86286129297639 168.76249438313721 144.08694294438556 110.41831379500445 129.71787260221117 164.45135875864776 165.76745345256313 154.00420069788592 166.90063667485782 167.80423114071158 144.22543610665903 134.53880165700696 164.66687985410536 165.73186233804753 165.95229856737632 163.5607586821408 151.08945389711957 111.69295026832259 170.91049261071518 171.15066714714234 117.42685397889181 172.85642202083869 168.32508603715772 166.47003843298492 167.51738343509575 169.7728651449377 164.81925925386042 159.07625040086447 160.22179174375574 168.0125367281139 169.18183715241813 164.75064531320501 166.07116879002646 169.62183685411802 167.00031521896403 171.89185331946553 169.3755346331165 167.24371604262359 168.62651534937419 168.86114448994928 169.90063596651541 165.41985313756592 166.87693364055804 175.38845066142804 172.46944559611902 171.45552296191494 170.25706167580503 171.19463210473356 168.52708148093049 169.63681691476094 173.51645662478447 172.27962077397396 172.084817251365 171.02723585915854 171.74294661420782 170.65448713930681 171.58927754836859 175.56860417675458 173.3760070390384 173.05126854606414 173.00087322004978 171.86548867823353 170.89777698544933 170.46834508800586 175.0621780080248 170.2252244815345 176.66550209805925 174.43321688947873 174.05642590478541 173.67679358301874 177.02861990681458 172.22055905577875 173.14318937897536 165.20228936047988 176.26888834542152 175.29311242652705 175.18864740309408 172.59653846001603 174.501400566798 175.64019924582723 174.49449609525368 176.15888661798104
