# Created by Octave 5.2.0, Fri Apr 02 16:06:32 2021 CEST <br1@br1>
# name: ptcls
# type: scalar struct
# ndims: 2
 1 1
# length: 2
# name: x
# type: matrix
# rows: 2
# columns: 320
 156.27051296247339 89.316514420048321 88.638138340829499 71.642184426008399 92.179168723274856 107.72210486430284 59.820277703642226 77.692531047958113 83.369633049276686 107.13297508464748 94.690128401596581 89.69828546429936 105.75115999581166 107.0983174151437 107.77690550526151 109.37610353029133 75.61120206042915 97.320774045319467 91.91869607386748 92.484294453145552 93.285330157032362 148.80822989143846 106.74286362508713 150.31265737265616 144.04580344687182 126.71144017061263 146.84957414779564 145.12608021665659 152.80029733210517 152.22132435066945 141.29878728833384 151.53219372208457 144.7234205421646 121.64253708542179 150.3925605534553 147.42100571187115 148.45333821024383 151.72294173308862 151.30294429748801 150.41042053831171 149.40974261668205 151.07941920272148 144.10993060663361 151.07370154771087 146.32518846848632 154.63228603300357 164.73237128271055 163.7171636569831 147.89446514792289 145.70277799672323 140.54471245599512 149.49779518822325 150.9901588147118 147.73880334945216 164.0624857266159 164.99893550766012 149.38911033773678 159.68557257368215 166.35095744462578 164.64349021478873 163.00336849406796 163.89168464417915 165.89131087890823 163.25711703387097 78.204399469896728 79.478241207302261 78.521348660115464 60.195040015651017 79.461597467066255 78.392488846140395 77.428694447621211 13.99746739992246 81.012388421301679 79.872875814392401 80.603992218876485 79.476460387079442 81.87634557814205 80.738047008367019 80.92463451810282 77.18690875933504 88.109390132991905 86.051597866241522 84.982601943479992 81.729936376555983 82.064898810311135 81.796337582741785 83.093689898187506 82.035841351733268 88.453723384228496 87.056538625080918 85.343308924483495 83.058146260482971 83.31080593388721 82.823339859277255 83.049482985094002 83.242543524799302 108.75981539828662 90.627261011509361 87.200711187382026 84.238902857799928 83.991097312421275 84.169284405521466 84.20006223677612 86.021506648541035 90.169437879574133 91.486168652906926 89.922058266162907 84.50319878129082 85.013347990614605 85.140942850856433 84.036104987982938 86.793184835527327 88.882303123335447 90.858234091416307 93.243656422054272 87.839494037304519 85.637488274725825 87.828411466393078 100.85902569226454 85.073942609445837 89.920135244092378 91.390528047054289 92.399127875363746 89.152294601232327 86.78477448831319 85.830568708780334 87.07933416756363 88.930631092358141 113.97860982024073 91.422767799150293 89.291811880166009 90.965106592460174 87.563903459075433 86.241910265658277 89.359271318813441 61.077032345260484 85.866267828805078 86.053478140276027 91.285860330299087 99.814373327916954 93.40821872817628 88.930081647280019 87.12321741267391 57.452454335753629 133.49771065100219 110.87581009018375 64.834134700318288 90.92122762428113 90.624048784757335 93.576130210293414 88.196298508364634 60.91428070292136 145.84966328378454 119.21992011588581 122.90300689378968 86.841924251481885 92.134932296824445 90.208001134858279 104.45727512420366 77.13019029439684 113.70103541595464 117.96104889795585 130.49530120509138 113.26556935729778 94.071621339874653 90.118090318164192 84.487681718412901 91.098899692632941 113.6530939253103 114.54628948283617 114.33520593903089 93.312678620709335 75.10497271440093 74.596969995468385 98.879299792416788 89.719784978579867 116.99362027268117 109.39845723044459 108.3976945546883 92.362415151330794 99.528573033674007 107.1822369160985 114.68473595417862 104.71366037141276 101.50656263839635 159.17454498631059 134.62069002194806 92.154908317705235 142.61698240099804 83.885919197990162 83.333393765645667 91.175544794603113 138.21968539452277 139.00069218124833 155.22851540187725 141.59364667874087 141.32718214667841 142.22719142521214 131.43073054510589 126.3373131636055 135.65206382907994 136.91612936401194 140.46858279300616 142.94901705020226 140.06963944446281 141.74598276966043 145.79477395780074 145.5279012912049 135.67035862926178 134.88239206690773 137.05156715402134 140.50200421652772 139.1051106147959 133.65786750269231 145.03185404767342 150.09385669688334 137.91280687289546 132.33771566715754 137.0120315695585 133.60669303751163 134.27524957249301 127.30506578854094 148.66150458625805 143.89939900607766 127.97436531362771 135.54724597771465 138.93634686958887 131.72418243832004 145.94816519151394 149.05480288832283 149.86202789482164 146.89526202059679 171.95081525284129 133.19135202069077 138.61408137845726 146.23175642064365 150.19365519828386 159.54331569829733 157.07807058106081 164.95382673935413 142.46111831446504 119.50185798057797 132.03937596145084 161.12297603838309 161.59527792165562 152.13723730388406 162.43919551693179 164.03542946722879 143.50730415639751 135.35478574637247 160.60463504575443 161.97190049993057 162.18343375876847 159.87020446126061 150.74407692872271 114.3710273518262 166.82263645208235 167.25316265343588 122.36205749163224 169.50257823434379 164.47088498306672 161.31255443167092 164.41907625699065 165.85530432084909 161.31507046431409 157.00431670424638 159.01078556424218 164.32579159781341 165.35013809153688 160.43514343327951 163.23895182552494 165.27113484180228 163.16398478300215 166.61394526401369 166.48232622922615 163.43441131819372 165.60580202412035 165.30811628961689 166.16274469806834 162.21086975001501 162.7686265168233 171.33741729996802 168.40648102548735 167.64587949126573 166.48813839870533 167.45470303604415 165.46658487276687 166.47931562578 169.05583033178627 168.72852970049519 168.423687404378 167.41460062328647 168.6143082469452 167.47284131256862 166.94100297415514 172.64087182577956 170.1599098222521 169.68778471216464 169.40786739051308 168.38195253579531 168.23559308992589 167.46940897547952 171.88345661718554 166.13761598589895 172.44966732223688 170.87470832348689 170.50581391649655 170.41772353627445 172.81042423524482 169.38237701735633 170.40091902174029 162.66527493795553 173.07438830123414 171.61613732177898 171.45462682147118 169.65465354390321 172.16497139176309 172.2284227615078 171.03698656711884 172.9378764422101
