# Created by Octave 5.2.0, Fri Apr 02 16:05:33 2021 CEST <br1@br1>
# name: ptcls
# type: scalar struct
# ndims: 2
 1 1
# length: 2
# name: x
# type: matrix
# rows: 2
# columns: 320
 135.3657617082489 96.597306889119608 95.171913004146575 82.742224255821512 99.374026637285453 109.98633612703358 73.849564451330565 87.961354370103237 104.31988229423858 111.23565238605751 100.18934660066789 96.214526037094984 109.23473963950224 110.16316984675382 108.98897027851655 109.98211419624323 103.08642478736273 105.69455541994962 99.518479464124582 100.24874111099417 101.4333250152344 143.48382652770286 108.96037095532382 142.88531254864603 140.53315411961759 125.82014185376406 142.18005171503106 139.80895318063193 145.86841484114791 146.60082945844198 140.95291391133321 148.6587233794846 138.64030055805011 118.91201847543419 145.60003217483799 142.51869646560073 143.44912695738162 144.39081848546834 145.73439229080759 146.40016326288296 145.08286428976132 146.09903499356622 140.02580259825541 145.54438815796931 142.59749727097608 146.89957836608713 156.7486937861627 155.61633308355789 143.27716896896115 141.10913615743473 139.76017904682783 144.44885957675311 144.70271483400279 142.69208908185698 157.20520253452273 157.91907448128501 143.92183487986807 146.7855723516472 159.3062765246143 156.13782633225202 155.21554247835829 157.30273517494933 157.40090213283648 156.33118371318173 85.224249419706325 87.295961343430434 85.022238425060223 72.206082312438213 85.731870370754379 84.507965143923641 83.775760536382393 36.596703810570233 88.111988850404714 88.239575091931684 87.002910505878717 86.057559128604836 88.009026335387389 86.961729811321135 86.6957004389227 83.265252007997645 94.378925125800876 91.936891709493267 90.920452329495987 88.026727470416716 89.037795044956056 88.335055222945869 89.292390605467659 87.309340093962504 94.123019728754983 92.939328127028958 91.948124343142055 90.045189026578242 90.149509560000041 88.998645602130466 89.579302296417154 88.472259198670884 104.73583247173748 97.261224874603528 93.002810547901831 90.984552678483169 90.317386484652701 90.638366423570417 90.232716815970477 91.886678421515001 97.876669435638661 96.967600555926495 96.093896559639546 91.205033147211111 92.46044234345743 91.358715925176597 91.364319795434909 93.665945021418125 95.932545619606415 97.096484761364465 99.521138887823923 94.06717791375786 92.211205081915196 94.527644150256748 105.47611491663224 92.396064807936298 97.201216805323014 98.060983987048161 99.168767797784611 95.127505292137769 93.054955241907905 93.45082566803147 94.832459931850778 96.476027257083075 110.97330790766566 98.091296342751164 96.906847440429416 99.360986564561102 94.162261065912915 93.307280226069935 96.218694512543976 73.915048386582797 93.242410069503748 93.880803399498731 96.200041638049825 104.24211099757635 99.054122676579524 95.256539612578422 94.249321594217534 72.219996438717402 125.50033447855355 108.0654149983302 80.368748146770571 97.28665175095432 98.591697536117252 100.23675729522986 95.163272454418603 74.955406117257937 111.49376496255157 109.35606906272315 110.75301839082584 92.689343060058562 97.80463334039257 98.259700789483063 106.47251261099903 101.90623098308578 109.68106844252527 110.10281664815923 109.63755253641261 108.00332299012524 107.8006445180588 98.463001054380484 102.59141478915551 104.24316941128536 110.47382620915059 108.82255040016108 108.50627457749307 107.41981273514975 103.80722692485158 104.7624675510114 103.61920713789779 105.43549714226666 117.84781923262702 107.62927930841471 105.01836860111547 106.97431286555697 106.61620517560129 106.44437294198266 109.04396340671744 105.88467079422085 117.68389370309608 150.2147213493032 137.09956711715205 104.87530487010272 137.47894690265289 102.96977691624866 103.6476686911984 106.53267436876729 138.42725975389433 136.75800762350866 143.32442676503257 137.50764727236253 136.15573068606355 136.22053989353998 135.06819808218597 119.86896619121605 137.7121841681213 139.01476679264309 137.36394424793878 139.69834575359289 135.64409739493107 138.13574597077155 139.75466041748706 141.66110963325562 134.61389428008144 137.45844511283573 136.39002969524378 136.90384007735815 130.52371098979799 133.61114838275392 140.85266013583251 144.44549341508375 135.66780691908724 135.00688670254365 134.22156192367157 132.53680921677423 129.71134122917911 128.83146621879598 144.16861470675255 138.88986627555835 132.31091227182597 133.62975383185716 135.58588012323264 131.0006281488441 130.61352803192983 141.75688931019707 143.12716293556869 143.14799849353145 161.26857688783551 132.72964254053684 134.88511679574782 141.95180536694843 144.9721232690483 153.23898646675303 148.78912854339254 158.48964768794647 140.24386389662521 129.82354207871191 130.62647325915478 152.37984145380975 154.38544614324951 148.40331051588035 157.0568868345934 158.13082932875389 141.03664541387266 131.64164446263842 153.35732353640773 154.13959750378791 156.67327392348162 152.08495655037672 147.66968269032023 119.72718151883342 158.42744743712561 159.67763036371389 132.2324645171131 162.1200570517361 157.57755025805295 155.95395118316958 157.42825267299486 158.80014994020036 156.95997519625988 152.8604493110102 156.21752300341041 155.62392335593808 158.65649872289362 154.81721079026164 156.5968830824184 158.31040743150308 156.1500948586152 159.25211575423606 158.61301402845984 157.19601030186675 157.84784606441099 157.73643477490984 159.62131499982129 157.23676441932022 154.61908062066712 162.2895801008504 161.22749633555142 159.70052388594584 159.70664907964266 158.88837760607055 158.32780667114545 159.44928384643111 161.69987267523194 160.7358475785862 161.01814728801028 160.13990422565502 161.44104753433214 160.42058087095134 160.36217079873887 163.79128214209229 162.8353309694682 161.01095740865313 162.03227486165227 161.16412558674554 161.6631375606737 160.45489270970711 164.82450329468367 158.96666695891295 164.30604379848293 162.10969528931457 163.11141787127571 162.28474054236295 165.04751777332606 163.93365940625853 163.61697208741273 157.59124609290683 164.73221137232764 163.24521527430912 164.14062736921323 162.48038480281349 163.95643022162207 164.38896178124358 163.33762194004362 164.80190311137056
