# Created by Octave 5.2.0, Fri Apr 02 16:03:20 2021 CEST <br1@br1>
# name: ptcls
# type: scalar struct
# ndims: 2
 1 1
# length: 2
# name: x
# type: matrix
# rows: 2
# columns: 320
 120.7207646515419 112.64272801826587 110.69457010143107 108.60295534868398 115.85778875450796 118.1097560314093 107.12536177029621 111.88552785467539 121.76636682107382 117.86514701876976 116.70745051802982 112.25786196105751 117.31950891434539 118.25859150629395 118.86019514759781 119.17859561109077 122.51958342446765 120.69160503813525 114.79008612058468 113.95889972032626 115.70151082116881 130.3119083243914 117.88336769900873 131.49446130203435 127.21499466666828 123.74360641344663 129.71644248006578 127.48317404421248 128.96022677524309 133.69598952327203 131.732620845583 132.82908202713287 126.53642364845572 124.58447644848908 128.59077080376633 130.61864815530879 129.82060880130697 134.29145009756311 132.66195695612362 131.50237122592912 129.25253647246365 129.81475246772129 130.83230251093221 129.74644311604837 130.86392693932231 132.77335420778314 138.50551402641483 136.37194367066328 131.8543443318099 130.37743076796849 130.98846852388937 131.98012661978515 133.08438324227748 132.57350846744424 137.77954653924013 141.74842892673095 133.58990726394291 133.17148408828871 141.2320358311853 137.2380157703349 139.79787467813321 139.42771812373317 140.76197686974822 140.62628898366722 103.37819301978223 104.44406832101892 103.67798299054634 100.19932578004746 102.15695402490039 101.07764822660067 100.85279709604684 89.248116299205805 105.88561961437117 104.83341213064726 103.90002352638862 102.68837346833622 103.09968235897895 101.92466031307565 101.74269655248179 99.986462063528762 108.58914080028799 105.78727564846393 104.81837599041604 103.78725392379782 103.90447075346451 102.93342962126002 102.86432251345657 101.84641630073097 106.93788090206012 106.64970820114426 105.67379085234376 104.67951057550442 104.92768313930942 103.96096585493274 103.90487911318725 102.88664952296133 110.23953406577898 111.52385181233235 107.91181585387707 105.69986747530426 106.0784992762927 104.98921772581029 106.1689687834747 103.71028783543619 110.64847845567037 111.16268595057201 110.59240714948889 106.80285692482074 108.03924277316166 107.24961918208515 107.22168138197728 106.68059483005374 112.24898967316726 111.14977565429643 112.71688248716259 108.89965462360722 107.45676875868463 108.24455297448274 109.04699795159856 107.89278961601877 111.99895942282632 113.27553617925564 112.34430543430429 109.93716708669852 108.54179742855382 108.68188669709281 109.46117309185699 110.17710750615571 111.16555129919753 111.89537437023334 112.27411852823138 113.71280336300013 109.61825335687267 109.20919114249102 110.23737556371125 104.69004778888984 109.55107119190107 111.12081464457107 112.40697530923867 114.05806908839362 115.01664701147035 111.10519873562241 109.76732414725939 106.94807351713962 115.2620418687298 113.19954403465064 110.77552374520576 113.20593694664191 114.90847052879762 111.92509989210978 110.71323137336447 105.88969718013983 115.39782301334813 113.93115338372866 116.30272142440315 111.82112793543564 112.85513360784829 114.62242974856201 116.70069964312363 121.71528371811462 113.70735925222361 114.48574917011118 115.53604412362368 116.47604861204778 117.45564700112034 113.56608594004926 123.08155600700529 121.98470579230556 113.67002348211408 114.80269206739055 116.01305089434743 116.79763688030557 118.0394812832354 119.11298664868225 120.96814663065727 120.22540475690492 122.1894592811758 115.29484988387384 116.40757266335578 117.11329058242026 117.57979034697286 120.11820865944485 119.35015460018563 120.01648145811211 121.35166457378493 129.34023862053067 130.12958061722429 118.24150798075674 126.8829952693346 120.86729932571286 121.9195636107514 120.26456693396904 130.96994439496768 129.99828528355656 129.01433780499602 127.94687069015971 129.10691643277576 127.09273820036266 126.93056594046354 124.42380614395573 128.84221757954856 131.5418864907511 129.10603440950507 127.92973477548747 130.17783376896213 128.63253852389695 127.85334542044261 128.36392112560085 131.21679871002087 130.11787341398372 130.75042253837765 130.71135656679215 129.47974931729905 129.87251366165719 129.49634367531934 132.25254665173063 132.0798110968359 131.56396371164647 132.94551606033627 130.50786368768544 129.75364710621446 132.12724180823653 130.799915471606 131.72501588516286 129.99153005373486 132.76769024079752 132.61847771558365 130.89456969616592 132.10802772594909 132.92117952698965 134.5042407541288 133.75261044876243 136.38123431404543 132.69658433094466 131.59845649242945 133.98866763783931 134.81699666377918 138.52386991744558 134.58169603844451 142.0452181149027 135.20256555569506 133.30750947661897 131.57391023658872 138.98147389912219 139.64575884022943 137.47886447425222 140.32469802957098 140.76184443132991 134.93739055445269 133.28598254161403 139.13409828701714 139.86069827493159 140.81735559493785 139.66422652559234 137.47999958795197 132.20588112068017 139.94107354513008 140.95562164161731 137.94848102440179 140.02430726263916 141.73352876356876 139.45402773897766 141.4272641121299 142.34259207121465 140.91501958279807 141.40049855349557 140.26976641629358 141.18170031657559 141.5369632510733 140.72767395059091 140.52990313265445 143.00529526157084 141.04368303955681 141.9974275247888 141.90767601925558 142.7821185413394 142.58332106253766 141.4161557259099 142.26639796861772 140.43312419144775 139.83815951968333 142.98099624915247 142.78849853365347 143.64036855600921 143.44254734233166 142.38556575533909 143.17697314153239 142.82113480267105 143.8649443998128 143.6860651432259 144.61411998737029 144.52554876906478 144.25296956198133 143.22543986818326 143.89842218694136 143.69280996437874 145.95724228539768 144.94439470306028 145.52009892283155 145.28107817394377 145.23050351208198 144.19116832604769 144.83096241250206 144.78165474121812 146.86095164297635 145.8675632625675 146.38959797083768 146.31552403440253 147.23177341960641 146.3432297297592 145.90545974072504 146.0220319902684 147.02354110941593 146.63157479787881 147.41490454204853 147.38688651526166 148.42187179178944 148.50563909431543 147.59012889984947 146.9974989820339
