# Created by Octave 5.2.0, Fri Apr 02 16:04:28 2021 CEST <br1@br1>
# name: ptcls
# type: scalar struct
# ndims: 2
 1 1
# length: 2
# name: x
# type: matrix
# rows: 2
# columns: 320
 128.06182858396721 104.89712402815132 103.39707949476889 95.377375976991758 106.71684355482107 114.48985650630895 89.822357361975861 99.650334109140772 113.54134129133469 114.57392055711524 107.16558098830114 103.88263504512568 112.65952388184736 112.1764518518264 112.41404002497568 113.46791877691062 113.8822975940292 114.71729410434199 107.48843175122222 107.24559651022273 107.83971611836103 137.14639577659457 113.24259286767055 138.10118994285253 136.00900639622469 124.80557887607472 136.91710698366472 133.75647878856131 140.21860846180826 141.21920321484279 136.53924133976398 138.87930293243323 132.77631789409227 122.08148194822073 135.55726653265486 135.38955502822148 136.5119645452175 138.18465782798035 140.97206488134961 142.31198378227035 136.68544078096298 138.11652803440833 133.83523445053555 137.6080011884641 136.24484514541328 141.85175688540187 150.37199074161398 148.53262390121677 137.8896224866528 135.90646227728101 136.86353584433425 137.08257102606393 138.94534307112102 137.71270209888681 149.51782485972265 151.40438732616391 138.57918928494269 139.87323359947501 150.13564453889356 148.60435914983623 146.89980936306716 149.50841369035865 149.35747295145222 149.42661151032218 95.092608073246581 95.996163391527148 94.589921896482878 85.878226203461935 93.552383777932675 93.901502580570479 92.632599637038183 62.321366533331897 97.867518988290385 96.834175288618226 95.865457920285834 94.615332904691357 95.604423058538075 94.59034638412804 94.218330709974524 92.467817803908289 100.05424579917033 98.723266202995703 97.694665627723495 96.735887068498641 96.520390648632429 95.497450661170092 95.272652413748546 94.233051044529091 99.004620495680214 99.616869676503939 98.581581630421425 97.609548513912941 97.374880136838684 96.328607620902233 96.156373301514435 95.331030554726709 102.31385562412723 105.04916643687119 99.759968229588168 98.312629357898572 97.232985850410216 97.396715696163753 98.59320734260649 96.434590912404488 104.02979519603177 107.19394567641399 102.447341414769 98.194906720580946 99.370965485742943 99.158366603145808 99.525415272641254 100.83482260132776 103.86871910046159 104.42975567926948 108.53101282658434 100.81567544098728 99.406582789201423 101.07402390497562 105.50420358634949 99.962390492727053 104.81085488275913 105.85110588809924 105.78961164049004 101.36289446360348 100.7076477998958 100.18519395893718 101.27922906057887 102.62737199273774 107.5510814076742 106.1280188914982 104.46627714916019 108.19488206095963 101.34136803387499 100.418521293469 103.85676091852464 88.720237953820387 101.82455839213831 101.31076949615039 104.99762408798723 109.21598248714183 104.99958146781429 101.84980897118511 101.58996702674887 89.029858194218718 114.53112548643304 110.11557610040283 98.05176558049817 103.78913267951397 110.43717716777543 105.76246771556768 102.35551150572104 90.743400424036395 111.25341192038786 110.40060472731427 112.37920533585581 100.63940773661569 110.30701343824882 106.51148908036221 111.37064598394709 112.78918962492938 109.29271877904388 111.6334969765515 112.27562571930457 112.99104342238772 112.67962025732126 105.51972818290439 116.75138858399944 115.79824563955022 109.82858654881721 111.22939874001284 111.86745796147243 111.45208090526286 113.0666447833228 114.2753888514727 111.11063431047835 116.90208260918334 120.30041355778046 110.51868137593314 109.10145807524107 112.04871260040866 109.78910697361412 110.19898903829358 113.76880346819026 112.90582594402866 119.14457320606361 140.01577316675224 137.41933715749909 111.69629257284755 131.67381081457066 112.22900652225213 115.13914099406757 114.15254218459175 136.55401126233059 135.23814762955701 133.77905810784387 132.78710800944265 134.14834614112885 132.31597773258423 130.15295851262874 121.6964017050051 134.93252848024261 135.98652551119986 134.17864559294412 133.77542803363332 133.94958712334358 133.05240879219116 134.33662009691747 136.98182837605776 135.9209674715278 136.02377512522762 134.93794096519264 132.99580583840037 129.52422177676038 131.54981003536341 135.73091000490308 138.02899083641628 134.44594487920216 134.91014101743397 133.4724565221691 129.95740080228393 128.36836667621083 127.15001143980017 134.86770351693835 135.96294510850453 136.26394911915025 132.21042207092336 133.53913252499396 129.47991414100071 127.99179773517484 136.96274090103282 139.93959470230556 138.83056434857261 149.10900768511615 132.37116342939328 132.64432459071892 139.06803908207101 139.49198353634256 145.98510612838169 138.92955592965515 149.89253097833895 138.53192783548317 128.46967692441117 130.89012136089906 145.94214451422545 147.00508225987244 144.1529895976208 147.97835658887405 149.02630384617601 137.41233989885473 128.86842593629433 147.96154991547272 146.89528916136638 148.21023465994563 146.63787471954271 141.49644642616906 125.82408041106504 149.3601313226805 150.56550839730124 143.46792783335195 152.22427562149346 148.62796465856013 147.06984922124209 150.48105970345765 151.6464280466929 149.63706724750438 148.14349387402859 148.42216485355337 149.06364165589835 148.82245702738595 147.28219903976759 147.70291093960034 150.41473393724112 149.71006897898354 150.11587023569814 149.30468196647649 150.59269396756287 149.84004368257226 149.11076895213958 151.02271915315785 146.93214322611294 147.17055375645475 153.96054312061065 151.03999658732573 151.76613676750972 151.26685954309144 150.27210827366082 150.4020263859077 151.76317465650078 153.04305915098871 151.89927573040129 152.64456607961026 152.40413904799178 152.26299521300186 151.15064428849905 152.7726102783148 152.74077537092751 154.32503141635786 152.81713942040059 153.66453383296641 153.41942414139214 152.97898821362443 152.04586706007279 153.83343784183126 152.52254146240679 155.05778853926375 153.79579415842366 154.43146477488096 154.07015698656821 156.11754128157511 154.98048298514908 154.80807380305455 151.66456432885767 155.10508421632235 154.78102116486176 155.4507356605408 155.12713235226039 156.16846755830034 156.26865921964094 155.87857952094831 153.92850502838914
