# Created by Octave 5.2.0, Fri Apr 02 16:04:16 2021 CEST <br1@br1>
# name: ptcls
# type: scalar struct
# ndims: 2
 1 1
# length: 2
# name: x
# type: matrix
# rows: 2
# columns: 320
 126.70385925554851 106.60118242425858 105.14780554662033 97.739086579079654 108.87901930813877 115.06156830798082 92.9242679556817 101.8351901351291 115.31758927994024 115.19789591619146 108.18198512633694 104.15008524791912 112.69073121811013 113.21821121388788 114.0772807502469 114.91541995939511 116.19619779713373 116.74728864020409 108.06371656311613 107.2367241375441 109.97543559311507 137.30832160083872 114.0513922813841 136.66849931819596 133.22849169619622 124.6159409363197 135.34499059589902 132.62517516387521 139.23382083704311 140.32464634501923 136.07964760812931 138.17099554789002 131.73546116765007 122.95004211360163 134.26808561071229 133.91315079701184 134.99056366744242 137.11388352388096 140.59803359952051 141.37525899141411 135.42195469526834 136.52790027168624 133.435535360702 136.22691180325023 134.78961612035428 139.69697664377625 148.80350430111505 146.83554693768588 136.90196967271498 134.53280837959053 136.18567354870868 135.89828439519448 137.4502120810146 137.55800740722842 149.08271172015256 149.38262357810453 138.49372705074398 138.14618604300182 147.72150117848702 147.71711189034346 146.44693792499004 147.47086281339978 147.80789689520594 147.87835700359622 97.192867544005708 98.234419344788535 96.050010319367658 88.433767117671977 95.026305886490235 94.116356742607934 94.812595652631202 67.129714705809789 99.286402896102373 98.439691329705724 97.340533407306282 96.252214188623469 96.9539528039804 95.866984491016552 95.692110774925055 93.035145800155078 101.68366712363559 99.849295002530368 98.914268211282277 97.971552113201795 97.773739649297383 96.709138953086821 96.316539055687329 94.984706093692893 100.69954671898465 100.87750944412143 99.865343655265789 98.909560672764997 98.610813292131382 97.559817251850802 97.317766171216363 96.044990507297854 104.71722483105962 105.32274618044164 101.68821008887424 99.753957218644388 98.526925179648316 98.177509921384214 99.353435109486753 96.875358993836386 105.7790997454974 108.31558266811015 104.04166923514896 99.569343583485704 100.74444305031574 100.51016897311621 100.84619180398953 101.84158711013933 105.17176220229659 106.51200504560165 111.5159456760436 102.6938048677823 100.59519918494783 102.65110634259337 104.3723300186173 101.8279481074936 106.42491226022871 107.45499945590639 107.32050195232975 102.72654243111718 102.05750869015004 101.58552491307073 102.57839026325696 103.72050522002152 106.87188593106656 106.9337624250763 106.44749891948427 109.52917977157577 103.18265519880204 101.64133752169818 104.86118345064453 91.721891952619401 102.11789810735198 103.25014377260472 105.86833677913481 110.79512638904531 106.32568245381164 103.72350822175255 102.65508701257517 92.171888428891862 112.82202156459921 110.24339102486158 101.36979203662408 105.78187489760292 111.19606917298849 107.89642681975918 104.33296098887388 93.343756725860871 111.90953544129312 110.11388120630396 113.01131024212876 102.8728161728542 111.04940954833346 108.3319110762593 112.28618493216167 115.23617470553967 109.00844674377733 111.14225418824644 112.46331275195385 113.48275966384057 113.44398544601114 107.22128936241448 118.94491890379088 117.51430306068664 108.97769905331913 111.43905604656693 112.48663079879367 112.47798380465194 113.78407565016057 114.88217107457925 112.85323606056652 118.57559100375127 120.5375940343754 111.52690120475238 111.0027280760431 112.63751468632053 111.38613634036274 112.02697378261006 114.50637886730954 114.58248647511242 119.63884578145384 138.10942771206982 137.100008457206 113.45440554028353 130.46570792696264 114.19710985952035 116.89316061998025 115.71585428524133 136.1538227393865 134.35025804880874 133.47387026609005 131.54396384573977 133.47975892472135 131.3098539861515 129.22697032818303 121.76184135019896 133.48240347151474 135.16720065452273 133.47886985208407 132.38117729903851 133.27802423378685 132.44960618139785 133.2095803803976 134.69493580743455 136.59645367488892 135.19556683932583 134.36329728687207 132.22850508081302 130.05872521533121 131.30207195937433 134.30853001756543 137.19695148942651 134.64475906124255 134.15840904759932 133.55784466686637 130.05443781313011 128.16364823532138 127.89346687547122 134.41370998287329 135.28736612662331 135.39127577833341 131.89028335930283 133.02953895790691 129.29075701004632 128.33820667448771 136.30441752305572 139.06474575851766 138.06979020375499 146.83619101171067 132.46791319943961 131.96072039997333 138.12901622432815 138.61409853779173 144.79677660162304 138.17952909663271 147.25341608677854 137.99112031872377 129.17467105537111 130.65064387027337 145.15274745956492 146.13944048122536 143.35853708953491 146.15333373606214 146.68762354590368 136.95571908362155 128.8418881000652 146.20308763398242 145.98320711358383 146.99464509582015 145.89587969257897 139.20706851233413 126.96368768064104 147.83244483043254 148.695169080043 143.42625486091143 149.37775156861724 148.04642764700014 145.17672103754614 148.73347383874309 149.82623222361698 147.18945048832794 147.26181996057409 146.84023559032582 147.1908139731581 147.98456512008548 147.0280680872784 146.62844566118821 149.82233060653184 147.87587615716279 148.45532714997279 148.21190224225521 149.2455939006058 149.07438891101017 147.63091684326142 148.36705901243673 145.62331710518788 145.95623794950711 150.37879094482363 149.72207255889595 150.33467533153689 150.14858269195412 149.16133874859446 148.49956163482295 149.64107787952639 150.85762047225674 150.331468831222 151.35146739082154 151.16049642774652 151.17249751225489 149.09166971568112 150.47645553077791 150.7936669872125 152.53971710841736 151.46035907677515 152.15603300042028 152.19888335647795 151.36831037224849 150.22163805976555 152.42360740115353 150.78648124817147 153.49277540810863 152.58630150247055 153.22857361716115 152.82196585088261 154.68683469940515 153.53115454726046 153.11091425181783 151.08765671640853 153.41298894948443 153.27297253344963 154.38894977395859 154.01428546817348 155.17145030394198 155.07467786478452 154.35879114954051 151.70040620174535
