# Created by Octave 5.2.0, Fri Apr 02 16:07:25 2021 CEST <br1@br1>
# name: ptcls
# type: scalar struct
# ndims: 2
 1 1
# length: 2
# name: x
# type: matrix
# rows: 2
# columns: 320
 175.75740088846902 82.268087668075054 82.340276472571958 60.89640118650847 86.02831196838109 105.76425034426086 47.007348835436375 67.751436129711237 61.311751055180594 116.69843696162341 87.992825120412036 82.927616893193075 102.37875842585589 107.95949475739388 105.71094614047351 109.40126129597628 46.75472623129086 76.928068963647434 83.622947022528564 84.953488814602068 86.957835397812147 153.49365452811662 106.79537438010126 154.52642152899935 150.75467828486003 139.46829997266624 151.90821034121248 150.27351170897833 156.15593559843961 155.19876439350813 141.64603863595613 153.61174989059097 149.5867868830359 125.926512928797 155.45948728773217 152.21312963742716 153.10573394733873 155.66299654709346 156.17435011152938 154.30455721877331 154.67753503816252 156.82067783877585 149.68811097395633 155.18764227487731 151.85006218240457 162.34962855953873 171.89754610738723 169.41828914839783 153.48669061110849 151.31118357951709 143.10316963035331 154.22898895600517 156.91817386301261 152.93885788538566 172.0754865813492 172.86796461204548 154.78686237009509 170.94545503782803 173.39740289019355 173.478016485328 170.6839761185287 172.52614918528576 171.51766304949234 170.49965276228028 72.37403791224672 73.462161329403571 72.85516756374976 48.567328855995328 74.039736628767827 73.555805383873647 71.333619761424927 7.8805167848529551 74.923877887096225 73.812190796642938 74.237685066721667 73.08829477826842 75.78273187832248 73.997285141318827 74.713027847820285 73.224823214359617 82.552530608127839 79.921729059778613 76.563887873579418 75.013866871695328 75.440826854375132 75.431558107925412 76.820732720436283 76.193148091429819 82.943440276881475 81.277095734960412 78.152845231139153 76.003212754376278 76.745216077141436 76.148609745889374 76.478816625969984 77.27021184957654 106.67454722986007 73.865304055474851 81.849593101532449 77.29211538803159 77.35698501117048 77.580755071001562 78.014292018122234 76.496782223543747 84.832060396861664 86.341437066185421 84.062303506959609 78.026368749395814 78.769943094395558 78.703638589821878 77.542647692611069 79.974921037840289 81.45697659738299 84.355675262384182 85.747774106146025 81.50016992000792 79.386109800832088 81.131312656818977 96.389290379312826 78.455206867611182 80.153949527163007 87.042689008900666 82.543924037286942 84.050252310858028 80.455590691513379 79.297518556618627 79.527188016260794 80.57049682905982 116.88799784198895 83.195134787830057 83.000682707146098 85.341751239150241 81.043184803489595 79.925057389236258 82.402446668308428 47.048889028870938 79.994927238975379 79.437768480405865 85.909748292329837 98.570066148910968 88.050187870402681 82.610887070825484 80.475248051291643 43.156216767990827 127.15218142157386 119.41975029552623 49.795306789391077 85.24201515547368 84.257048161131891 86.790651832871688 81.722178875582003 48.15251281831884 192.94572171215276 127.91645020923494 136.45945798991454 78.949924989763417 84.286908298295216 86.242363643146987 105.75276874720387 47.810121453637741 120.82197188626675 119.97077303222611 113.43877741968871 109.76060756064066 77.201726638150888 81.369245967002669 59.954242102562461 76.047031314936717 116.69436088606953 120.41749507750909 125.10294461439219 78.414326112005412 45.505153724307299 45.85182630561993 93.44347450188738 75.171861430842867 117.70421402065126 105.77208291166001 98.785752776592233 75.090090977628662 97.380268192122443 117.43302614125756 119.53941964622479 93.370476040467381 89.111134683412757 168.21919007086706 139.02998685674001 76.197880767089956 156.86622962285108 61.100520020217573 60.476978837689671 74.104191624865649 138.63096604386874 143.27791520092762 173.15530959376966 160.55278005532617 159.7400599757824 148.98436500252171 119.59389430861148 127.13923157060393 136.38814412455048 135.65837125913106 149.24746570658496 158.57768018479427 155.90088659916631 148.7825676180199 150.5722063286249 152.38174554090639 129.23861611083646 131.39423180144323 151.58859322809033 151.02497876376592 150.14710164159376 123.69552927807543 149.72928498530018 155.76308987939819 152.0085547024762 125.28155213337871 150.88232538930481 127.94787632094223 130.22131058803555 121.89060925129404 153.9817902281942 149.42891340017695 122.7168005629203 130.05387969141697 148.86570853537472 123.6437621139213 192.13631729476867 153.90811074022963 154.88208256591685 152.695614579818 182.29213111683626 124.28198211809648 149.88722200549333 150.78364013917715 155.62918717385907 167.34673490316379 164.42275683952096 172.49597601521731 145.67578696163781 101.90678202907165 129.02884267732676 168.3279140982485 168.64652866023721 155.75199621567489 170.14016255563979 171.19469269106321 144.97096390583502 130.66045197634497 167.58569309265673 169.29005919929494 169.43314630076156 168.29856298223862 153.19598313416759 109.18581427525538 175.24742217984493 174.27907864967747 112.80666345632631 177.19801863590695 171.44247454253315 169.56268807108677 171.46540479210714 174.36050228131703 165.12800740464741 161.01593301046438 161.35549965649184 171.25671443989972 172.31552267095694 168.46891966975323 169.69986127054261 172.43486335075821 170.42269986232421 175.98417024561945 172.64339835577749 170.68896453037382 171.8588541018031 171.86290775065376 172.94980342626917 168.13220345861222 170.5635557665006 178.81388985741205 176.46413405618455 175.15404904922272 173.96396902838453 174.4673771578428 173.20216658193917 173.38548309182787 177.57751796826608 175.5895601821255 175.17598329756751 174.12024018573771 174.46322188641841 173.63219724428916 175.50644371731408 179.74428908317924 176.79474200205831 176.55358778731804 175.97476404788583 174.88427709599785 174.9055543407782 173.77694026016033 177.83184765161127 173.93545787155654 179.20767479408767 177.68416155101735 177.18285424547599 176.70481459982977 180.41625818070816 176.78397891116501 176.10657723239763 167.57736669220481 178.99758260643679 178.18485208341309 177.98671767963972 175.5202389763393 178.005146617355 178.6148630456255 177.30252824345308 180.31894882053894
