# Created by Octave 5.2.0, Fri Apr 02 16:04:56 2021 CEST <br1@br1>
# name: ptcls
# type: scalar struct
# ndims: 2
 1 1
# length: 2
# name: x
# type: matrix
# rows: 2
# columns: 320
 131.32095497217858 101.16716599204733 99.029300745650673 89.709270531980806 103.38698541126652 111.11424452367878 81.982383757331064 94.406679646768794 108.88545557788015 113.07637969533234 103.14298040310616 99.958290786801456 111.42186770773083 111.76384855555735 110.27927192306548 109.99265238790095 108.32897576956978 109.93677953221126 103.63529177506697 104.14025514082562 104.68033433450556 139.56015604648172 111.50528626923061 139.81882801731101 140.09251672958314 125.26070993148676 140.03630537733005 136.47160748780794 141.76214457515067 142.78438793502821 138.67447260959833 142.42814717038746 137.22416531538002 120.96943325538214 140.94276324502908 138.45130395489736 139.62361628797368 140.64607482646394 142.17862731880044 143.97837127656481 140.50249792883784 143.00287893305963 135.65579753515661 141.31759320190116 139.15220972918351 143.31950613375028 152.86543126508209 151.84823929316838 140.53708799161399 139.38134356313736 137.58525447625229 140.24371073506472 143.51276523645095 140.92166741753755 152.6552720070261 154.01336026035906 141.93946992342251 142.0041637850112 154.05466849642133 151.58472187430939 151.15824053580067 153.04156304921455 152.36241793828577 152.05602472057697 89.242589081524173 91.580959613743076 90.208647533405752 79.744928009357835 89.856970642862905 89.4134910706928 88.380891917845659 50.781330919382739 94.05958507923549 92.93558437548657 91.725197189172391 90.604940751456553 91.732149271102003 90.92858097517572 91.087385894323575 88.619753105036295 97.864143562702083 95.818283705414316 94.828147885369361 92.508937168698537 92.795577251149965 92.201790771808675 92.966580256352941 91.555753336933165 96.911405452243443 96.966180259181058 96.062927203769917 93.795213223720125 94.079051125196855 93.376111737630268 93.606172403027273 92.455593428201837 102.00314725468633 101.23910519606488 96.711879228145591 95.015943819238728 94.39922804255194 94.64365451176144 95.724893555139985 94.576478769401234 101.10790380748897 102.51112746503335 99.990893118271316 95.268550443207715 96.238882694259317 95.439816126022038 96.635978712580126 97.398966934242864 100.13752166184476 100.80501435523979 105.46303155129435 98.11415217222347 96.072740684481985 98.361347479270989 108.38383637430859 96.482441571112503 102.97824076722792 103.6135857385277 102.11986979283719 98.965101771639951 96.986488916128351 97.232557001695355 99.429708929144709 100.24831224837314 109.08700138807066 101.91401821720584 100.99003550022847 104.14055511554297 98.089444089634327 97.164864031692034 100.0294031502301 82.57942812860118 97.611975803129013 98.3732571886203 100.51907676838167 106.89059119799387 101.34180290186454 98.889233653359426 98.244312697163849 81.488985631003175 119.45189213710393 109.02444661713523 90.119197012097004 101.55792467402843 105.99345564173014 102.19927092497221 99.135284215778555 83.834773707510507 110.5582737650799 109.86742413147282 112.16184959400235 97.040113879879556 104.56439164238975 103.59243765047287 109.17335250823207 107.06260160450273 108.91755784343856 111.07360532393572 111.39860865255297 111.57891284082172 111.61240903695933 102.41675332226761 108.44225500069166 110.49694496202196 109.5811062702353 110.30798890576418 110.66932815163101 109.91494831322937 111.84777274764633 111.07462429034545 106.76927695387285 109.6579781934917 118.21776434019293 109.42045040521472 107.87715856868384 110.48400069465184 108.70124115302745 109.24395508477268 112.45005027242561 109.81919986310918 119.47173509888664 144.59100225799006 137.88047728152131 108.49673187975257 134.52038957356589 107.98150499303148 109.1430805124035 110.81756509787351 138.62482363230077 136.58768136490696 136.43172409486755 135.30415764477837 135.52020325887776 134.46388476725141 132.37533015529846 120.5668508524638 136.23350781195998 137.82336049319443 135.9355932196224 135.68827071169892 134.42380903043713 134.75719958917892 136.50039626476485 139.89824089782388 134.73234486358933 137.39345668727884 136.60476333617055 135.0012171078439 130.26620850248537 131.22566882559198 138.26746313064601 141.08810555161466 135.5344927022293 136.28907335524977 133.60609130638875 130.83864254778032 128.46781763524319 127.36884598416697 138.99047349462592 136.57412720025926 135.03278749026956 132.47101916365924 134.51614044930869 129.13972086605 129.04043451041613 139.00140850519082 140.55642353780522 140.0936035985707 154.56376770128932 132.49300894097149 133.40857685582648 139.39360348073868 141.19482481980171 149.66979242467096 143.57092034456386 153.92712587235792 139.39310926738941 128.08504711974425 130.99905508740224 149.23575049889035 150.93222358569253 146.05967561702695 152.36615347118129 153.00885992779536 138.94498646373071 129.64898869248978 150.46472758072457 149.00945026690448 151.93839742792935 150.47281738275484 143.16539777060422 123.08902296408263 154.60683790688202 153.47406375591436 138.42771999055321 156.63836289310061 152.57285814514819 151.43957990660269 153.49696185280487 154.83695699865561 154.16201201696995 150.25951126631941 151.18996133334582 151.87285541930714 153.66943685611838 151.65102640067602 151.52549202621466 153.71198961611103 153.00159861766798 154.68827631128016 152.94685346075013 153.07437028547832 153.86301335701313 153.36510487335408 155.10100226115551 152.14861155343903 150.12892576666934 157.65989112356903 155.33904932434967 154.76159060074411 154.93144172231862 154.43121911924374 154.22011082092027 155.31491180257544 156.88206258562036 155.63735904853729 156.22887401466843 155.41449682436124 156.2161560798761 155.13477394173805 156.57586180104988 155.94234333161191 157.90679004042795 156.13767022231553 157.4860643311186 156.53299147523009 157.37010248239378 156.28469357307995 157.75239422930051 155.37182671790859 159.09874843999802 157.18117661791285 158.27537063190684 157.43333712894523 160.99206410527822 158.35925619538014 159.21995012899146 154.40648330718477 158.81841519625726 158.30667047411814 159.30592126586828 158.19360753123308 160.56820925159832 160.16869446818532 159.26645718398279 159.88048425985312
