# Created by Octave 5.2.0, Fri Apr 02 16:07:51 2021 CEST <br1@br1>
# name: ptcls
# type: scalar struct
# ndims: 2
 1 1
# length: 2
# name: x
# type: matrix
# rows: 2
# columns: 320
 186.27499182712387 78.240415238376045 79.262690961526758 54.755953621079939 83.571703234707996 107.15789203626038 36.085764046567242 62.070810462142852 46.512852974342138 116.0311906615707 84.661768980477333 80.029264956418501 100.4516718144526 106.30734313418951 105.23664677497673 109.41544533095181 28.453098965918258 65.275111090723499 80.229338013807222 81.038059267576543 83.308657251391296 154.26809960439519 105.84674797699698 156.49441379615911 152.58434547686181 141.31480592114281 153.17428424145385 153.21490113316219 161.01847336569031 156.53256716432904 148.54382565573536 155.86062941231125 153.73341907375047 139.17186628937151 159.66719090640322 153.54521816275374 155.30510644383494 157.62839724844855 158.90205036281077 155.44918667446248 158.18264516544193 159.68390969149004 152.835943127593 160.87007512561101 154.30292236372401 166.75953857470168 173.81348451381658 172.82156370870439 156.18175730003531 152.17624173358925 144.56514515855798 157.28461024642996 159.75633706724503 156.2399486298319 175.06817072299734 178.44654226371065 157.76369193155517 165.685386440473 177.77626410250036 179.49791305211619 174.71335528727792 176.25794316111256 175.60946277445026 174.34830491044869 67.84157060552802 68.923749319043367 68.883638217257868 41.92292247904922 69.953079399673015 69.022706711815701 69.540816837811605 20.382222033296031 70.330717269554512 69.974289373008347 70.362059870197882 69.100479297203549 72.378385224410465 69.222561523807201 70.141100262325253 69.685031682204325 78.606350570240906 76.862705175017766 71.592349093055319 71.288607852250749 71.614075859937287 71.247871020568965 73.459666545482094 72.202165762032635 80.391202189073823 77.391596515167905 76.292404202583427 71.432159148962597 72.72094092389824 72.417854543125927 73.303114000746206 73.064384398188494 105.38737821451483 57.743119595099529 78.066483336236629 72.476201354418492 73.499919825638273 71.796472067169546 74.432611018457933 71.057786141604936 80.604580971381864 82.940290706284571 79.973195840488785 73.910213613474696 74.787301114601874 75.374665115142292 74.420506160228413 76.585551395090619 78.585729420159666 85.428004506921724 81.357417312415691 78.239414431705455 75.344327217858321 77.730098117410506 93.83515591476899 75.346500318676647 67.868107911483435 83.823214214937494 79.129989849706377 79.552789152775986 77.05340866185341 75.689852160967163 76.34558543780318 77.501085055557454 118.476336211785 79.522870333807717 79.90751062559616 81.777276251666805 77.959957589544914 76.069399939123286 78.786683117167854 41.314830318276869 75.886037254354264 75.936529828323074 83.365688875956181 97.883254745882113 82.948476663222536 79.607761339567517 76.882282501434361 34.986938157840655 122.90149470863534 123.01313446742645 41.201690840289814 81.930046021177887 80.98944513163805 82.485109157270571 78.772270497234715 42.17796199252588 219.85775509979175 128.86697266804501 144.20600147341167 74.914882477085413 79.947086032210919 82.811264492633072 106.50437077542236 29.532601125853382 126.35731950163712 117.94550607534049 103.30413098547641 100.94316804297785 67.066877003107436 80.187632736485767 48.562476452959189 66.569421968591058 119.68647802093939 124.30739716052953 122.43748805301109 68.571758729980843 30.296950811162439 31.055458326299455 90.337288621584861 67.711837331943883 118.26018139525601 103.52659066277097 93.422315010487011 65.685563967146763 95.409045693578136 123.83258014425321 122.12946135295701 87.632259695264949 90.567125143843924 173.42196075954882 142.98534380027112 65.460026422066221 164.16553636693826 47.388427645054307 47.67508596290881 67.350912568444912 144.06219205744028 146.94289000403944 181.83626145235698 172.17648288009761 170.93948103879171 154.31171259007562 122.74572093262302 126.34124120616164 136.81334268230961 137.2615129702076 153.0941623623853 169.66710152252369 163.32102703728867 152.18488069275224 153.9693815440009 155.26583785895266 125.23394589378876 130.93479633067219 157.07410161232949 160.52200066376787 155.63498950721097 119.09526531391523 154.79720966735428 157.59152291761285 160.44910089486007 119.25639180237461 156.66706427169277 124.24609074558384 123.75388140571343 125.02641656677608 157.1603686888632 152.13106811896523 117.364711592067 124.60042495697493 156.09952021245502 119.6406380401431 217.59514084665022 156.56751405074559 160.88675045702217 155.19549424516012 188.20145446769052 118.26623855152742 157.20894051909937 153.94826746940669 158.65962582981388 172.23372114462506 168.6299061218009 176.66631039737339 147.27943888149133 91.841132955992606 128.98103373464525 173.23000256199117 173.52677699507865 157.81757273669822 174.50016204593945 175.6217696208922 146.25719823331778 124.51022217356496 172.42600737427423 174.01831505044288 173.00062338947055 172.42599211199769 154.70507924830051 106.22283537435777 190.00015424315561 182.93754288109847 107.34643829329434 180.97016770955031 175.72831836311596 173.24624905899961 175.79177365390814 178.15534582286762 166.39800998421606 163.556166096715 162.44745536936742 175.70605951473189 176.67125319801377 172.18217752891925 173.75761228946121 175.94524561596609 174.76151254335758 180.01408033061264 177.24469208211499 174.88609466373873 176.11196350734019 176.38897692587446 176.9724986764621 170.5116552989775 175.05986277360338 183.04164208181464 180.92148484174996 179.5506164242513 178.39527571758026 178.83718637575845 177.10942622885352 177.08920864313481 182.29048355949968 180.1573561204504 179.54554402465564 178.50533202586192 177.75063604824697 177.48296128777199 179.0673251445254 183.27450059806074 181.69009974537789 181.12103216918283 179.54019663518505 178.50636946525773 178.28326291459291 177.22613870982622 181.57779937962033 179.19087177672571 183.87525923946615 182.40373941615735 180.68000976605526 180.10385511056353 183.52975193594321 180.31281035853311 179.58384756847718 170.38427626606153 182.49120379033027 181.90991256939165 181.33680639951572 178.90771569792523 182.90950474606885 182.26715545806667 180.69323142881012 184.97628645698168
