# Created by Octave 5.2.0, Fri Apr 02 16:03:22 2021 CEST <br1@br1>
# name: ptcls
# type: scalar struct
# ndims: 2
 1 1
# length: 2
# name: x
# type: matrix
# rows: 2
# columns: 320
 120.97421185928275 112.87365116147549 110.39150842764531 108.1306132282664 115.59326700590755 117.79029307833979 106.43656829324476 111.44855664947772 121.69945069528823 117.8051665311738 116.7638091662476 111.94321781485905 116.85318228249302 118.28946660981164 119.00246684534049 119.18486362418255 122.52821154835372 120.68146483756919 114.09432990094102 113.70759548488405 115.43071195429529 130.67154958742327 117.3768985052854 131.56852136580289 127.46058506334052 123.78153400139763 129.92709947945878 127.65228351991854 129.5968005749674 134.02776239968424 132.05323346847854 132.77820807638005 126.59722283055817 124.68149570899548 129.17250664805411 130.79296601323608 130.27607949264444 134.46650478313435 133.10676480522713 131.84641017441169 129.24036116710357 130.27881725550415 131.03974269382292 129.7076585532009 130.82699395364403 133.29957011037368 138.96660073745272 137.15901251675294 132.14924842636248 130.61846274152455 131.28719808775398 132.27126659113219 133.15235183094947 132.61927815732039 138.25296287075193 142.29236896742356 133.97049419532874 133.38421554939663 141.4466205296867 137.88147058615684 140.56815214747849 140.06855721155054 141.11317719054986 141.15922704058312 103.39864586797295 104.45301806383645 103.08477866465491 99.679631768211948 101.78889689377043 100.71325876473202 100.55427881688348 88.286446664710326 106.01174377709458 104.49232927370961 103.68685584372125 102.63161314648985 102.59216554512084 101.51856307274416 101.6801380825339 99.587344796330555 108.27055455482233 105.43843498560071 104.44677791413424 103.47637197096154 103.58109933586429 102.73280173328725 102.53917357865771 101.32308017843114 106.52122116803589 106.42537830529496 105.46105888440871 104.56675034785687 104.48635900838798 103.69505914655137 103.56333030820463 102.52496744795671 110.58483881567805 111.57537685651393 107.3999167511539 105.5169815641472 105.66032767797519 104.67783942449694 105.65462125597499 103.66499814083636 110.26953358852991 110.75009719662201 110.10171721612305 106.47385451239404 107.68858213541881 107.1170978987068 106.74717383341172 106.61779335405083 111.74675350025025 111.03409080987468 112.55356437232072 108.93268106188226 107.18260130716969 107.71092328805008 108.88596090668594 107.64758576985915 111.775210043569 113.31887308380475 112.32283181279517 109.56312899296688 108.23075296287527 108.31689193978177 109.15973597874253 110.04539336344446 110.74949788806805 111.61335798598927 111.79041229475766 113.50668790434102 109.37296194988485 108.68400108074938 110.36926481716367 104.24365052430568 109.44879554930473 110.97275637632329 112.10208154011494 114.37295441501711 114.90231964843137 110.81400519740423 109.44007140156485 106.17689054573896 115.09704522222263 112.94157093126243 110.44029343534693 112.83772689061827 114.58505614939753 111.77190078750058 109.93063589870916 105.42688066737544 115.2217242232321 113.68117059615172 116.25186439052769 111.24053254716631 112.66317152489501 114.08535590314824 116.45277726926112 121.53252106115316 113.3437868117752 114.12671995119051 115.37424432044354 116.24697732789809 117.8118367723047 112.92355632085129 122.8397411350557 122.42509992740702 113.77171383304353 114.40740726557699 115.86098346819058 116.57032448773366 117.6129354794838 118.77983662722254 120.720305043365 119.96569558221152 121.98186491102292 114.71417449789647 116.21913276045733 117.01900108457902 117.35256481111556 119.66508913431694 118.86706945151379 119.70782691943944 121.41296833354076 129.72150771146715 130.61006571567083 118.08713422081293 127.30105826671816 120.74863094213353 121.84535226353167 119.67739163425337 131.26674526763935 130.18922533497286 129.23160148037849 128.07303339743564 129.2384496128887 127.24879862281621 126.39957444330618 124.13998692133428 129.00137239267545 131.71109733207686 129.24403990465876 128.12729018011783 130.17684569205238 128.91177099247355 127.85400948903272 128.55832624139163 131.30632550928519 130.50885861326933 131.09017524298628 130.74097726240927 129.59081192964877 130.31126169943883 129.64990382130219 132.45274070737307 132.10082815699107 131.72032593228883 132.84844671864562 130.27254654977611 129.57405456910089 131.91649576921267 130.9555653358471 131.98433767708747 130.22356130051591 132.81476544607688 132.98366474193901 130.70687505262777 131.77497842522308 133.20224967399184 134.24889860106998 133.80232698746181 136.83579764872653 132.47550907159282 131.32397786630628 134.23165721442862 135.06964074989136 138.45829265974703 135.03778716256298 142.244804619494 135.35665296549908 133.28111237327309 131.56700298761194 139.27512059500168 139.9987945804599 138.04874384492288 140.59959818478612 140.70793283402728 135.14471877352068 133.31353633625923 139.55031768582197 140.01802923875985 141.2586642445371 139.69632002197014 137.14534869594695 131.97795966676554 140.2732947698386 141.30300557881014 138.22056257106482 140.23391527087045 141.81378799157267 139.65248095188505 141.84995059436295 142.64725090752759 140.88943140139932 141.97632888885008 140.73452304844429 141.18601995312659 141.73587210859506 140.80004300213687 140.75898082679979 143.55984375648561 141.34207843104946 142.3882387006758 142.14925736287458 143.05700465196998 142.77451039010941 141.61878807003183 142.62277192166255 140.74432352750125 140.06808245002941 143.37176476797114 143.07136834920675 143.90497124189795 143.78950379140284 142.66165246842144 143.27779135347853 143.11141921455163 144.03333142838565 144.18433133474983 144.99495294905154 144.86881655342268 144.66769066185745 143.62310941889942 144.24428082049425 143.77974193777337 146.29693184511811 145.25501926499473 145.95355223008465 145.71626069556623 145.47843392118779 144.40417894870768 145.2075331888617 144.82664729879738 147.4503870180715 146.28355873783349 146.67405455266064 146.51672314315749 147.64795796555171 146.47620197483403 145.92930940140468 146.0565047476816 147.31717363842475 147.09473334303476 148.09161898929895 147.39175036370867 148.5168685268722 148.53468913494214 147.54098916283513 147.03009141606518
