# Created by Octave 5.2.0, Fri Apr 02 16:07:06 2021 CEST <br1@br1>
# name: ptcls
# type: scalar struct
# ndims: 2
 1 1
# length: 2
# name: x
# type: matrix
# rows: 2
# columns: 320
 168.24971868046592 85.133931512283965 84.981783425954504 65.265565800371078 88.701776627387758 105.89950412795888 51.904557150062054 71.793419777789637 70.977266975824918 113.35395557694515 90.779259276089306 85.431145635617085 103.74995466858516 106.68257023756333 107.38971224029848 109.39116880955139 58.161062977408996 85.219596680920233 87.473602411055282 87.746650422567384 89.759246873913412 151.71261420819252 106.95412872096894 153.06956177772298 147.34803742782623 133.38683820749577 149.41624816831768 148.18060000330905 155.60392339767125 153.87162051527602 141.50559963525276 152.07600583198555 148.74199965950498 124.22082884831798 153.4399843112048 149.93025397089102 150.35687989481673 154.24702236734856 154.46071754179741 152.70305027075582 153.27966948084008 154.91685523400804 147.21052000557142 153.42315664902839 148.89980055068071 159.21180797182663 168.92154616696601 165.96304799189468 151.50956616442244 148.40739877925964 142.06291781220767 152.20835679167118 155.08619227172488 150.59681196934719 169.0246037351624 169.98914464965972 153.06784157063899 166.57305294675112 170.43286887827094 171.24184379479496 167.63838752385965 169.14383510818672 169.55237949857221 167.12202746559058 74.326301812738279 75.672144318577864 74.831325595065536 53.295079547283905 76.827479845834773 75.9932958060744 73.726435737812011 1.0149273342315668 77.497631459830174 76.373348989617185 77.062297171143172 75.371423639907448 78.593697504912072 76.489024627923754 77.268710934394633 75.675941566597231 84.280058360440989 82.080412076965246 80.599881251117992 77.766097230126789 78.261145385613744 78.118943393347791 79.713652013346959 77.513653777261041 85.430973133437803 83.348767457029112 81.663010951414549 79.4634944961755 79.365025741744432 78.935563417172247 79.251401886040512 79.802394313194739 108.09097395723447 85.333981722168147 83.892098072996134 80.974882775381928 80.029243785500796 80.87713498302989 80.779869270474649 81.159901543096083 87.17081095242942 88.407507552426722 85.975660729674743 80.365984099680759 81.126943611330717 81.339934837335079 80.358734886964328 82.999012874444446 84.539638512874149 86.328360870444399 88.51300951622521 84.225032960624546 81.618624470768481 84.023394642895042 98.206655286776709 81.081258588395244 85.137112152681752 89.426289615979755 86.520906171821011 86.290140568192797 82.780218069320199 81.899725743704536 82.35113544839993 83.641743690914012 115.70505985512429 86.582599491326931 86.000008025825437 87.565217719773869 83.581471567946934 82.280264208685779 85.075099921693777 53.143086145101769 82.045106093739633 81.726454532622142 88.182756900744849 99.058758877989192 88.637089140294762 85.191430011155234 83.21291133285915 48.968972702136142 129.99258929894901 117.55790494962854 55.909995060866976 87.489772054877037 85.879492475940737 88.793464306073091 84.292052067466983 53.263361041971258 173.79677487864041 124.64946105663908 130.94749435742619 82.897047246766078 87.623292511630993 87.730497809040585 105.22140796922589 58.767018309862628 116.39953597269586 121.40630735686676 120.72879701409497 116.10692952408733 83.23813340741593 85.577680763052285 69.288259950923035 81.854640522132129 115.32937155973018 119.30449810848357 121.00559490173974 84.238141316963834 59.763428514809512 56.607194527544493 95.653645224410326 81.605511060044691 116.5251361360344 107.36983701183105 102.60204503324402 81.686481676487531 98.782868816086662 112.68858573732295 117.61767649252505 97.453437670707572 88.046451572885175 164.3873017708944 135.20202739345638 82.721809435370048 151.74455385848668 69.730673491016802 70.348676449314141 82.286166492236887 135.61175044497296 140.67014466794421 164.73569884847851 152.6020071667696 151.21456450500366 146.19926805331133 121.36571856630655 127.70703240684171 134.42592124660334 136.67539101111066 145.83635289560621 151.55561962048884 149.91735822783178 146.9647378834384 149.68759669692392 149.50808680892786 133.88237889353368 131.90189649506985 145.04238962048251 145.10292294520102 146.68908420458996 128.18956365559143 147.70541441890884 154.09831170942539 144.49652787583125 128.61966712049389 145.59229675683235 130.91360191432852 132.67771810163612 118.51340444280341 152.11932421213638 146.35831788509785 125.3941781765427 133.80981646724686 145.96477818103926 127.85529939723151 174.02138515208372 152.2069359359848 153.46323360842513 149.28564457676455 178.08742027103611 127.77774566396026 145.46682207159517 148.19581030323022 154.14604450502574 164.10052338100826 161.42920831174484 169.17468712539525 144.32495313231269 109.06544551204669 129.36794696391107 164.88921955492725 166.12243858436113 154.28225907571598 167.26298845370459 168.36934835254564 144.33652583492932 134.97619034006973 165.13292952985788 166.18290822048448 166.51048567497762 163.933966212652 151.13027953573535 111.29408772397099 171.7353235971506 171.51514519403395 116.69182366848366 173.56663785341016 168.55162369323014 167.05771675671076 168.1671395255982 170.66317989828934 165.59668219111023 159.38483627057354 160.40215436623649 168.39470358824167 169.58212647598734 164.92168877588551 166.64462226867434 170.14401143416598 167.59498823112551 172.39279248227498 169.692040420289 167.64159660066508 168.8057202689449 169.44452552855202 170.21009896703148 165.765311775762 167.32838350258382 176.38035548577011 173.12952750268869 172.02490666509928 170.71858955543908 171.68726945044702 169.63646535065192 170.18257299026652 174.25568206587505 172.83364323297553 172.53132852223089 171.38388052473732 172.46154274076724 171.10366624654858 172.36231400972025 176.23554096281765 173.97174685505161 173.50073558667086 173.47162420112284 172.15368629732643 171.8923791476266 171.36175570972625 175.50418686970656 171.16526082006698 176.96813721939606 174.92625917013595 174.49763817705292 174.18875774248508 177.62247142815738 173.03979426376816 173.51399717106213 165.58014257234521 176.37014962014851 175.89899267132213 175.30254514212848 173.03465869119617 175.651450713933 175.94059958946465 174.78180091206272 176.53829255358329
