# Created by Octave 5.2.0, Fri Apr 02 16:05:41 2021 CEST <br1@br1>
# name: ptcls
# type: scalar struct
# ndims: 2
 1 1
# length: 2
# name: x
# type: matrix
# rows: 2
# columns: 320
 138.27141626463526 95.590388781694855 94.418428757424579 81.207112364464379 98.582207284797974 109.97216224606329 71.889848914144025 86.541197953210826 103.60758200723006 110.83006840265797 100.12645138722316 95.404478677112422 108.75296798665141 109.32555799404844 108.81611015347522 109.57116851513825 101.61622505597998 104.94256266824505 98.373472995030966 99.346401940645379 99.971470196507113 144.37276989089057 108.9450899139789 144.0019128994964 141.00677420634034 125.94340651460482 142.81214286060211 140.54430053667789 146.78033828161972 147.03725497614204 140.98856876795546 148.11007006157837 139.34094309798928 119.00978553293079 146.55403572667925 143.58469226335288 143.75478606637171 145.52910228287661 147.22431367836137 147.93487573280078 145.78577523097562 146.07004199740859 140.72131820108501 146.7761975897034 142.72878321095828 147.82445238773767 157.5624182498058 156.42746779432272 143.954710025548 141.79200331973306 139.21174910776321 145.20231607337044 145.03336799005407 143.01491565759079 157.82023016660276 158.82270636219616 144.43922309485288 148.83245711156482 159.573949260288 157.31105077379146 156.10231469175821 158.15437449835571 158.43679582906577 157.24648651049773 84.598281025484567 85.876743475896973 84.074324563533594 70.544980718201685 84.95871485968199 83.96603144974263 82.902968713318785 33.471277498459003 86.926582785089892 87.119896587274212 86.120676813669434 85.001325541273474 87.123538707172415 86.257784247260901 85.787038843122673 82.801213689985701 93.202451492504309 91.383934018891168 90.256319114789918 87.163033650852995 88.007992486931869 87.411535119944517 88.259127481068504 86.283443969382162 93.503529982579749 92.347112079257229 91.312737523700079 89.267185510415061 89.081235437503906 88.144957130594207 88.376571879103835 87.534513135478392 105.4480998828616 96.663619686393332 92.304218316040675 90.108340307759846 89.071493393138368 89.588657369401773 89.263531861852542 90.996024815802329 96.760943571563772 96.219268695413433 95.536189715552453 90.232750667856095 91.268269701463083 90.313426388451148 90.272480712682935 92.268364998173965 94.856776898819476 96.461289935379511 99.172270171674782 93.464484075592793 91.166131482064316 93.282751356725782 104.83758130049628 91.297285340550005 96.051990276494948 96.776865775664049 97.793714383694919 94.429189549002288 92.425234083637505 92.322258493257863 93.126022675195358 95.502273117475823 111.3889347679154 97.516785121941965 95.8748270319429 98.151079194002037 93.39159256839929 92.360547131007053 95.55017707916339 72.040021127667046 92.901648416252584 92.155922501057972 95.22147252303246 103.62906783212345 98.489102744662844 94.417973213799442 93.294644101136441 70.177676786179859 126.83304211311025 107.68029735127345 78.220344159495255 96.75805058242635 97.343054474930213 98.884907091872563 94.438445485326227 73.132600332046223 110.8893850658561 108.82218759396085 110.27349887401566 91.843692824404883 96.659177793704288 97.548663927098715 105.87741229465955 101.34738425413309 109.66670088184163 109.68332315037645 109.07544374493438 107.57986511299779 106.70792267234779 97.177450892629906 101.87730008168188 103.89422423051555 110.33890766074131 108.40164646968013 107.99559299705079 106.83901897548358 101.45424022317401 102.6019565911494 103.57130635117333 103.852471681403 117.82691207064975 107.13445588413549 104.76186934044952 106.33984646241311 105.97573792128037 105.77362282124284 108.62368618467735 104.91752976097102 117.22935638128294 151.45384589484678 136.01773059057663 104.379703476448 138.17206715639293 102.45469302284206 102.88967655976067 105.36744957476418 138.52466389567735 136.59308513190319 144.97073689566002 138.39437521623861 136.59646354216201 136.56941265157212 133.64711590916295 119.1640992568459 137.84652832655522 139.61887961810933 137.46618684265459 139.35286449410597 135.57127994731471 138.31485455599883 140.43053674332194 142.06489867899953 134.67235358083502 136.93590506590462 135.62724089577139 137.47522363822119 130.14341805520516 134.30996500772281 141.41197789377509 144.87465507587615 135.66758201576971 134.78471606220791 134.57436435083147 133.19222029315034 130.5252369600409 129.46975457425287 144.7288649989172 139.63604031845884 131.71117705420281 133.45246677286647 136.40656505869239 131.56009576424222 131.49841376690003 143.05420277704391 144.36726106307304 143.77319171820926 162.74590772554907 132.44018227971753 135.3750746966914 142.50207040857163 145.59444039850482 154.40649442646821 150.57941781457154 158.68279538997677 140.48414803489158 130.39569316241264 131.42168505817176 153.81148384051761 155.55015617405735 148.91970464613618 157.46521148130191 158.53826169561853 141.44468969140155 132.58271212550557 154.58921489497342 154.94515670957131 157.96127327862098 153.40722521201423 148.66020813299465 118.98643679360902 159.63750349698429 160.67629108003447 130.86740822635511 162.85527565786043 158.9626537700176 156.72126044279779 158.50391342261673 159.67697677181826 156.30060187554571 153.43353735475563 157.0703015290664 156.61269468840018 159.73358381946781 155.31349832975278 157.82434309798421 158.82809181817973 156.60816333269813 160.91500140264219 160.04715015968597 157.89300951259867 158.8857413950941 158.783451666037 160.28593545188954 157.42569783013238 155.62596492181652 163.85594134235842 162.5818903931409 161.15610108723777 160.66662220178517 159.66022975581856 159.26047510668099 160.86441916623727 163.19762830464364 162.10024576580986 161.71790546642964 160.62549567000039 162.56695837733636 161.17440468349517 160.663329754204 165.24609257295336 164.24415651933026 162.69618981358812 162.9730109268273 161.86326878966651 162.85392780026257 161.81236030714734 165.7130011462269 159.89034005630634 166.09777630281889 163.86519088850991 164.05361781558844 163.12791034806594 166.00799272448259 164.65647270472408 164.74526321011325 158.29297348637101 166.72387331255769 164.91112462303369 165.14384270252086 163.66257210765772 165.37322025610794 165.3209002649902 164.22881337477153 165.93435760270992
