# Created by Octave 5.2.0, Fri Apr 02 16:04:48 2021 CEST <br1@br1>
# name: ptcls
# type: scalar struct
# ndims: 2
 1 1
# length: 2
# name: x
# type: matrix
# rows: 2
# columns: 320
 130.43827490870467 102.17408409947208 99.769473756667281 91.244382423337939 103.96912357536581 111.49847838087604 83.953174786695698 95.826836063661204 110.17946225595936 113.48196367873187 103.6361457891566 100.88063680491973 111.91562510265582 111.65932767946693 110.97656580663674 110.55517188638639 109.28893455064288 111.24773816192044 105.24823860167881 105.19755489108496 104.98843206954417 138.35205208638348 112.10714664582038 139.04512089110267 139.40734654404682 125.137445270646 139.03107849172753 135.73626013176198 140.9664687698106 142.17617898138505 137.84049803807159 142.10634698830853 136.08532080796044 120.72781572982987 140.2172111546935 138.01248537833536 139.22191116983734 139.66935416617366 141.87614201422775 143.71852059206975 139.60693660369751 141.10295861141532 136.00598325212266 140.0915889237383 137.24773899029333 143.26333749959022 152.82740295061441 150.79099827783861 139.86526660290863 138.26177847036337 137.96690272366072 139.0151196576613 141.91903027275009 140.10451912187733 151.62367511383587 153.84805456187564 140.90994419151755 141.72064679309739 152.90996239914006 150.58546475965849 150.39667194678839 152.12684279868904 151.38980065139981 151.73098810529498 90.553766588691275 92.469596166878972 91.563245602286429 81.406029603594362 90.575910268482872 90.727243792434237 88.298969604686278 53.90675723149397 95.524049216147247 94.633711312859916 92.804552431991937 91.724625665975253 93.058539503174458 91.88257104133919 92.102565924249916 89.538040525119683 98.232543126883201 96.640169248218257 95.772305130750979 93.782791004087528 94.141523415085729 93.133482294748347 93.549756850240229 92.494670327745084 96.509834849384475 97.776247665885847 96.833456110896464 94.975791720563208 95.226070473788695 94.29264795770888 94.271766021246407 93.115673260257324 102.1785737274019 102.34675238495458 97.376716592535232 95.985048345303682 95.339995531454505 95.41231038414044 96.413432994660624 95.36629842047661 101.00368824173569 103.92612640790585 100.56778155563181 96.265745229575771 97.516898471797333 96.284658945506408 97.673187311163147 98.57968607187037 101.13004471329729 101.61987113315064 106.91435493585944 98.663371192658218 97.101100427577009 99.638185457092092 108.31987008978484 97.368391335667894 104.11985558411331 104.50297059850678 102.6367524167871 99.380872491846659 98.089133511236696 98.56256815552814 99.952685221993718 100.3578280197875 108.67137452782092 103.03933063430703 101.86560008635547 104.91207928437787 98.841307327710737 98.219792209886464 100.68043415313491 84.467743087048603 97.994476894531005 98.97851859771896 101.62573056525612 107.27044509149907 102.04717556252182 99.655931452322761 99.263582272354384 83.531305283540718 118.11918450254723 108.98851884314193 92.26760099937232 103.11143468924951 107.63008662077482 102.92663866583783 99.5829909496222 85.633216301012268 110.58197628880203 110.01488004372933 112.42016048639303 98.963644166724308 106.66541843555834 104.1537646686463 109.76845282457155 108.36432199126345 108.9306465365249 111.29961523450996 111.78584250474047 112.04412245980589 111.61177080430561 103.22166583274793 110.82248373559686 111.89649746486454 109.44199442170707 110.73517157202119 110.98305127093373 110.47939953809946 112.41876516361141 112.31587709755995 107.89732717943494 111.6172070427948 118.69297598780788 109.92278296160937 108.7515297672898 110.82751453603612 109.42165170733301 109.66643087951398 112.7517417064367 110.13958237705913 119.47196793506215 143.35187771244648 138.43862122524015 109.24749813399362 133.61962329859909 109.16764654505995 110.83960468875799 111.3838108004544 138.26584349646635 136.37135222756717 135.58989275716132 134.73028747495727 135.36454077048259 133.73312238571623 131.77343783540874 121.41556825488971 136.1887392200708 137.22236880407598 135.59518476574107 134.6684323737172 134.33207321380976 134.21587527551236 136.95838770102117 139.05838466038188 135.66219325043085 137.35754119613321 135.40731987277476 134.56074193665779 130.12933797082997 131.12908046177316 137.37288146484627 140.39215393929828 134.60739134123261 135.3987689485497 133.49184323340398 130.67605660001558 128.29747048041847 127.21044512556725 138.30145343294299 136.94029394481694 135.6332301308444 132.68991590595164 134.29781111264739 129.0003506823868 128.66395582764292 137.93731562138655 139.64977266347552 140.56988112038189 153.08643686357576 132.36165873480846 133.20594720951405 138.9217593978656 140.45701608827926 148.86552613293017 141.1578354568008 152.67604873959181 139.20163957206722 128.02114645133 131.42853012882117 148.87717228270037 149.91043172832664 145.54328148677112 151.15153601991477 151.88601021888636 138.48812774325771 129.42588814403751 150.08853526768041 148.88108754248944 150.90020232988223 149.63395616913874 142.98090724270236 123.82976768930703 153.27038222806414 152.6018026585534 139.79277628131121 155.07883141231821 151.42294051118103 149.30613671958159 152.82169701800848 154.14765247899459 153.17431893187654 149.68642322257398 150.87291195506882 151.54822831479271 152.4437234355033 150.70064853238335 150.14516212898485 152.6826466356186 152.25885173792619 153.26764672133362 151.71858558807304 152.59123643076728 152.77612232312666 152.35013090914185 153.74420232394849 150.62686283334352 149.82466883926179 156.30973467379951 154.20395461227 153.69183537898093 153.88854351332216 153.33017569379578 153.32654444878852 154.50360312749706 155.55970487019582 154.3360727497016 155.03621544860934 154.45970275739083 155.41383722484184 154.11526765162972 155.58837742935557 155.21422541709413 156.70546531025281 154.87440368337667 156.22381405277656 155.49007329195868 156.00862352866466 154.90240038987199 156.66856854371952 154.96198441627922 158.12239295929763 155.87459279142939 157.08631205021359 156.34255593988536 159.96273488856104 157.11292378478657 158.36127117492455 153.70474283470932 157.58419750570437 157.09247427208675 157.92377860051948 157.63341278914706 158.90593566983 159.34743870177996 158.6524204796425 158.10657483368914
