# Created by Octave 5.2.0, Fri Apr 02 16:07:36 2021 CEST <br1@br1>
# name: ptcls
# type: scalar struct
# ndims: 2
 1 1
# length: 2
# name: x
# type: matrix
# rows: 2
# columns: 320
 180.40941226518174 80.486617170323569 81.30364643697331 58.180433994107389 85.403539328545989 107.23257253648639 43.942272922215224 65.238851699824664 54.444850803121291 116.90265022152566 86.109971926473932 81.782248615633549 101.52639319388905 107.21499779279458 105.00597374159949 109.40753500375392 38.106740247744938 71.773876058315693 81.878769913736349 83.087948353043927 86.804844877846477 153.827028684993 106.02868274319822 155.3732755532948 151.30485521307099 140.80687823225355 152.6154875360445 151.57451087736735 158.42292718882072 155.82903677385255 144.17512842002088 155.4268172604971 151.32998771607262 131.56865550625275 157.05097760146174 152.86577579100498 154.34448784763171 156.54803900319283 157.77780009626471 154.73492799252531 156.18833506786083 158.05290979104529 151.20832527376103 156.65766450515127 152.91424768459157 164.30016568163003 172.07281992861752 171.03655366515648 155.00706251469867 151.87619781213095 143.74981265244384 155.97950979700192 158.57816044502127 153.80303863586059 173.46042331121049 175.08213003163016 156.07566265614952 168.61888623515176 175.19466139012701 175.43743436119644 173.06988324478954 174.29384970207303 174.20879011325604 172.81607950234073 70.390374223169488 72.243365546454925 70.712667454072005 45.62845680465378 72.086595752588153 71.503903340528737 70.107983687841894 13.410117183202777 73.194203188541337 73.514991243606886 72.832222745029242 71.778961052863039 73.877992664726889 72.264353509073729 72.770023143412374 71.234632136990157 80.762810274176061 78.843590436045389 74.471346019363637 73.540804771058902 73.904884268371802 73.134028642302795 75.193229948453904 74.233701627114286 82.590295860395543 79.778116359876435 78.043986129075947 74.250183213933099 74.852828779485947 74.664669958318072 75.031339028833557 75.35824375102068 106.1093493370787 66.73433785184794 79.922133422261894 75.40445789752242 75.762454939272871 74.44327955640145 76.436677475292385 73.301884276572153 82.700525513824061 84.887937430305797 82.428778709751896 76.011600451179476 76.886558731213825 77.297701864565838 76.087552673784728 78.458935349957343 80.357271130904778 84.1915762734927 83.741908891945286 80.800062010890883 76.936669790827438 79.387016115147148 95.259577058456898 77.037808543836576 74.695948114782624 85.95187254550919 80.931627683831266 81.420156752600548 78.875467936223785 77.45561790913078 78.093188533011798 79.18201377811522 117.62333767166157 81.076782538856193 81.966908546341912 84.423276280681307 79.843832833219651 77.86867963428881 80.033250775051457 43.606507496155622 77.41136914161153 77.422418084264763 84.725562825067286 98.266284182186666 85.996916637046539 81.878765196089844 78.328138529643127 39.542881998116712 125.95747713452039 120.53629953180312 45.994284350365518 83.785180586632876 82.903626057739814 84.811517172019805 80.43950139204874 44.650461235776653 204.84912109514693 128.58050350864144 139.88581376146135 78.398084705657169 81.896847425702504 85.073214180852077 106.08520810583897 39.764270461161459 123.27029871614211 119.07498187821901 108.95614534301788 105.86058623552057 73.077938026716922 79.061806134901587 55.458111184630695 72.205722325065366 117.82467619295296 122.17278564562272 124.30469404419414 74.064831384157941 38.876858988244159 39.723467149064639 92.069584593292035 71.575783926182837 118.11043823454192 104.77888441695909 96.413462995430308 71.116542462101918 96.508381317766307 120.27885568141788 120.68501501651019 90.832418810858613 89.755130463988081 170.60117468976898 140.88145010530056 71.822961859120767 160.09662311896065 55.388079717467171 54.240778646029753 70.139360610876579 140.93126064171898 144.89896174845785 177.09749410015394 165.87225530383097 164.54563595542712 151.33941500586224 120.47412789888996 126.78627429402368 137.04395472299285 135.89971116421214 151.21957301271354 163.45240857562055 159.18101781826482 150.01675307731912 152.44534489391813 153.51528533631085 127.30245198163513 131.21064221581534 154.65178410424531 155.08156211841776 152.53279305226025 121.25053581716813 152.51382641105312 156.94266537976438 155.56025838997519 122.43732361169184 153.56705372411159 125.5333625045497 128.27630383459939 123.39950248258087 155.23157092195305 150.27504234354754 120.36169509598382 127.73265533235316 151.84384059036486 121.51063089390857 203.39695078887013 154.41331108895073 157.21571136720746 153.2543568997533 184.90587029125257 122.56017574924257 152.95266849619148 152.24853850334264 157.19192296700061 169.29363661744253 166.28361132976016 174.11472406284113 146.47575638518677 97.454668015978996 129.00769641421763 170.29210141034483 170.43609565659045 156.66561659997367 171.80995590885672 172.91245021080329 145.44921339937696 127.07904626527269 169.36299637806047 171.10581713833656 171.63717420716623 170.37082581120001 153.66054438845714 107.87526591524298 181.54047247806145 178.23844783596749 110.39156386498524 178.98382318019299 173.16724043689254 171.3324321915328 173.69564974811175 175.99300234583345 165.68973931484123 162.03103839391844 161.94693931880508 172.76660914729644 173.86129506485094 169.94988578037149 171.52012381433426 174.2767710215133 172.05608308937863 178.44358922552064 174.38107252236233 172.56673430110914 173.70007481900493 173.40894161846197 174.4302182825586 169.04183322906243 172.19509594702237 180.89078502752164 178.15750076212069 176.83252732377213 175.79381354513993 176.41811839838562 174.87492731540971 174.89029841086693 179.23093148293552 177.46854626292873 177.00896351317775 175.81015967271873 176.09088586714776 175.31955415376891 177.53651886731598 181.7434156128183 178.62944405171214 178.03551394801781 177.56260873649836 176.52636462105869 176.67840217928912 175.63455913726489 180.07615716027516 176.20695944341819 181.68902671526561 179.87496869571916 178.76087300337628 178.37109224305516 181.12379879511025 178.82001155974368 178.11144867948747 168.81888438833374 180.59778492242032 179.86374574320948 179.47738344045541 177.2266311045737 180.32922418110823 180.3255245365965 179.20809983591397 182.69930353200903
