# Created by Octave 5.2.0, Fri Apr 02 16:04:12 2021 CEST <br1@br1>
# name: ptcls
# type: scalar struct
# ndims: 2
 1 1
# length: 2
# name: x
# type: matrix
# rows: 2
# columns: 320
 126.29646845702294 106.92370911146028 105.19918210534534 98.447599759706023 109.58472028508977 115.66078943897358 93.634799838633597 102.49064694292559 115.96119355093889 115.38508852391432 108.95019834226851 104.35790076565607 112.9916713557859 113.69091618709641 114.51034829690252 114.79552213908501 116.84165835529194 117.10764411461916 108.4417729477595 107.62071245509527 110.9279524433302 136.64572359537894 114.03462225960106 135.98675308548829 132.73135209785252 124.5590495543932 135.4203633593568 132.28578407646938 138.89466908633059 139.95281216018785 135.41258136299413 137.78000339068225 132.05088090176636 122.87514241210224 133.75923298907784 133.75422027832082 134.80609778357612 136.730581403889 140.75211198526776 140.97621931492549 134.97128537256671 135.9262164672499 133.52939268599528 135.81550053455911 134.45704597398338 139.39904516864422 148.5912757992009 146.4735053122487 136.58183864725424 134.38806473594153 135.43117812600272 135.61226112878396 137.30831616103961 136.97170388063552 148.51333732853939 148.83880530575942 138.66037169223191 137.64747639656056 147.07940763871508 147.24277994879466 145.90129570509441 147.21904247799117 147.76434024290856 147.5928575931689 97.77115706197786 98.435771042800027 96.658766599987814 89.200429391934989 95.628594126134715 94.395040006552392 94.895986245709821 68.572219157553008 99.596187219793109 98.78730125745642 97.83538248452416 96.71492856280436 97.182894986935466 96.028629571429093 95.739264250547834 93.317027946188304 102.27754344600518 100.04566655765811 99.385167396025111 98.435573979152039 98.084027546710985 96.854412613801586 96.702062901496959 95.627997518275237 101.2157822829446 101.21327189489834 100.40176310730604 99.364861830486134 99.167498058920813 97.771119549062533 97.599921845879464 96.384977509805609 105.40968406559026 105.2845768591088 102.22512488527155 100.48231830291731 98.599292549304124 98.661563715365261 99.98339812655405 97.594627505887757 106.06916757211992 108.329562170611 104.8341657509896 100.05211089747384 101.30915144207458 101.03234340625325 100.82264403432758 101.64597083973329 105.97445069966736 106.49780044292129 112.35278490507648 103.30350298502798 101.38423133815049 102.9416517627086 104.03971110045174 101.8215935773537 106.94121439627878 108.06874327909293 107.57113067744096 103.58210175006671 102.36495895199569 102.22484174816317 103.05127299600278 104.30954506562288 107.10542932692032 107.25475437210244 106.15133473048665 110.10559922354348 103.61729082286826 102.24442840799102 105.4154427848092 92.508869847708837 102.52639235629159 103.31379606954037 106.10771561420515 111.17665569883415 107.25316890047868 104.3870801359577 103.21079354551031 93.114497499293805 112.67972744831002 110.0159021967619 102.43095433765487 105.92185542686612 112.06668144727652 108.34487020679745 104.61697042768299 94.457423216118229 111.83059916615848 110.12536282120567 113.26812976733363 103.67475199115788 111.17194103419192 108.45002109734016 112.56084661662605 116.03348884661669 108.92509466028901 111.13923997446174 112.35168069799306 113.49022798252294 113.66007859946032 107.04863700339148 119.1939284354761 118.06437845827087 109.07100729965532 111.55675549841196 112.49791979465061 112.68521061310695 114.03197278406003 115.16068289785301 113.8883898429425 118.47680893506184 120.62195949590479 111.62341082118677 111.04802953057232 113.22211772809078 111.96282562153313 112.79897132720531 114.78045148866266 115.3397285274519 119.77391623551999 137.53752407566509 136.55693516902815 114.19647322297261 130.24245426047429 114.92334315096093 117.02463313710238 116.43352975331257 135.61437266450326 134.61969432377649 133.29157218415449 131.32555632063304 133.8073125124719 130.75228721570281 128.94917387284931 122.1169409948708 133.04144125787514 135.47854524826707 132.76142518091379 131.94884848081571 133.16528296615814 132.67665766214736 133.16017316576529 133.84187817622649 136.33907013338035 135.27039801517901 134.34277084101367 131.93124321911654 130.07550723666546 131.36993175100451 133.73721527769254 136.66245010002191 134.94525029007912 133.89085038427868 133.61725196960037 130.01575178796833 127.80877755290786 128.25678295636482 134.26381990757642 134.96382148087551 135.1814808622635 131.5869827784131 132.77515571410618 128.90318236102223 128.11079776236559 136.01814002051893 138.69693841377801 137.6626155194536 146.15434600968902 132.52452672078604 131.75260808888734 137.79114720020317 138.27257483075235 144.39688039285298 137.77630541981821 147.06727991241152 137.91891488715055 129.40246395549116 130.49615287961413 144.92344688309862 145.9780754821997 143.13159670625711 145.58595193348577 145.84452244766902 136.72869601559717 129.16556312475927 145.82676988679722 145.73585217077203 146.87032089080611 145.48917199923864 139.22190459989275 127.30556986151385 147.50590553172819 148.00230063589552 143.09852312515932 148.21381478384197 147.82954299699836 144.65182460036226 148.19027505455355 149.37560766208446 146.42239956646034 146.99731778653774 146.12707133894872 146.70307069303126 147.64212708012766 146.82730623564132 146.57015153676051 149.66891484400008 147.27695166272056 148.04365846049973 147.84747834529344 149.06253526061232 148.73446879021537 147.48488808697024 148.11352574935592 144.93641434212503 145.14606449243314 150.01134883438311 148.98886010517128 149.80980168142594 149.7065725454132 148.45566863082055 148.16059232689986 149.23878992351717 149.82265154704191 149.96979501032692 150.88704483470073 150.62876295774021 150.62008784198051 148.70603104378336 150.0824896649651 150.34232941928121 152.31565520765585 151.10593544790947 151.78739493573451 151.49519047980337 150.86956234036796 149.77474588955459 151.99363988881441 150.79729669771953 153.01986810193063 151.97759011894902 152.51586692214315 152.32742026158459 154.23978732947913 153.07295331614372 152.34150994331117 150.78608186489592 153.32939128593682 152.90618986960331 153.60610050500173 153.49004194731495 154.62464663271473 154.60476815834775 153.6468953080622 151.28848837943096
