# Created by Octave 5.2.0, Fri Apr 02 16:02:48 2021 CEST <br1@br1>
# name: ptcls
# type: scalar struct
# ndims: 2
 1 1
# length: 2
# name: x
# type: matrix
# rows: 2
# columns: 320
 121.81851871457114 115.44606526573995 114.32453772783265 114.74814145979121 118.25360954044842 119.44831702742702 114.99751071742763 117.5677880978359 122.46864742300018 118.84532543357517 119.43031382588825 116.62162579155547 119.75261294955297 120.64385578945314 120.25641857306742 122.12256474495825 123.82754382654187 122.70056660211307 119.92564859982042 118.46035650068008 119.37362350232719 125.56217517284253 121.85158278550631 126.65004998617297 125.62373502563179 123.27793130103449 125.4621292368542 124.1980670471942 125.3510086625827 128.30943557379607 126.35396051298581 128.03712247571715 126.38695126347898 125.01167286873407 126.44014828574966 125.35479326167973 126.19938581682925 129.20894705934089 128.94873237234049 129.51483729161998 127.46379214902943 126.57325019567398 127.70895122220799 127.37115562504209 127.31780383957756 129.44386800804068 130.52355230037304 131.32566322454389 130.45684600790318 128.44960182254675 128.60504997255751 128.53333492910031 130.7167767723744 129.5670877206301 132.13055266744533 134.04281394284817 131.49750380132073 131.97820691274899 134.7969363135692 132.78820942355583 132.639169387989 133.83733843980536 133.43821330853092 134.53381793328947 108.14145080838549 107.30754576216377 106.53176248718259 104.7523194940634 105.48553890505369 104.93761664820789 105.39514983586866 101.74982154764703 108.53104505716854 107.78422022433185 107.42125720884235 106.35168019215648 106.74597432748133 105.98768936454675 106.47215590945505 105.62264702075237 109.20836519787348 109.14666094386865 108.47508887267865 107.6034290392394 107.8580563000767 107.1978379254419 107.73789467263779 106.8450804109993 109.72237793536381 110.338589257124 109.63506039912345 108.78881485213252 108.99125058723672 108.48437130149637 108.78640410650328 107.97389626620094 111.34151587550392 112.32763236117692 110.94042356311699 109.88884315133932 110.10407908037652 109.47587191787346 109.99782654520223 109.02548486298257 112.95395306493641 112.59461501742388 112.61284896362086 110.94344868065771 111.62411907780914 110.56230486871057 111.03349806539001 110.0007955932187 113.77761109844597 113.59303951283471 113.73516850867405 112.20274968628813 112.74273089029028 112.03839527441224 112.08431537608043 111.54761469450189 115.44270323141538 114.73926526760081 115.0098690319888 113.61868115632083 113.27101482228358 113.1050241653338 113.18582844426274 112.59219254085011 114.2827433632595 115.33646111394818 116.03665708138504 114.83873394823181 114.7879324446541 113.90572428478535 114.02347790002487 113.46441231945489 113.6148981502953 114.25748056686908 115.23554814629802 116.60258499127826 117.72677577410268 114.93504341263942 114.24712696887372 114.75552052124735 116.26956884175566 115.17478018310145 115.38510148917047 115.99202473259942 117.06146346047142 116.11133824113894 115.16688796176997 112.23047108806486 116.58824368043236 116.56178682981175 117.57264174910702 116.45396072399127 116.43301265335242 118.33398929577272 120.16003567637051 120.44020801907359 117.66938237063067 117.65331129937248 118.60738215104585 119.04823175081759 119.98244465356485 117.82520225287836 120.25851348514362 121.06330750429551 119.11056220374834 118.66653119830545 119.86765996137052 119.98975895328793 120.97685831345368 120.95547283513223 122.33186035071654 121.41305756520266 122.50724111478824 119.80086285726959 120.93484545673249 120.98594158478666 123.24095289845287 121.96065644287278 123.19991966427656 122.28236763397044 122.93737389618396 124.83571289055504 125.85075330134615 122.11307673552008 125.64324676951492 123.24904140815049 124.30059912972852 124.15651128462733 126.91741522509011 126.71312386743388 127.28958190948977 125.61907887769891 127.78261092125165 125.94456829762656 126.90867258946469 126.63463613791673 128.53119004019663 127.55591225927314 127.58914192037679 126.62971302187883 128.8167089556471 127.48720783548036 127.69313417517645 127.24123288975812 129.56270455163315 128.21383341808956 128.66247234918552 130.01516812934349 128.78130992455129 128.80949447153739 128.45219884620346 129.26313054233015 130.66447061022782 129.84469361387579 130.82578171660955 130.94517541868501 130.15065954747053 131.17143142448001 128.96430805578851 129.73264850465225 129.65990493466975 130.78432042311636 132.11873655797189 131.41462416105722 132.2958146756182 131.24793198320995 132.28986320217422 131.2092608541939 131.80615585351569 133.10683009643395 132.42401772159394 132.03537776391897 132.32421145701741 134.73564512386622 132.71154176534708 136.13109545409591 133.20620249025484 134.45895937772175 132.5581125568016 133.67562984949751 135.1198944285683 134.19308413601308 135.75237725175941 135.12257022623098 133.42432551919845 133.66918157064171 134.58119361770463 135.41685035723731 136.01432725360178 135.33820963611203 134.91079706841705 135.1688600215704 136.9544334319904 135.70721258715045 135.82578663358532 136.55466056567403 137.13425598452608 136.17978718113557 137.33602528616174 137.76507141647539 137.68296058766222 137.90175983193998 136.79007085705516 136.68166023896225 137.87270167450785 136.45926941318564 137.37948733585685 139.598270324921 138.33373300811357 137.75241194451064 137.74875900551652 138.06037568335103 139.27662818365636 138.46197183536927 139.1483930975559 138.27617371495629 139.43385677497912 139.00975526528805 138.78684988386723 139.92646044476797 140.54199379720478 139.84873693938815 140.22576527991825 139.22580891198621 140.07577751584412 139.99509355142121 140.50161441333103 141.15655696942704 141.75488294971206 141.03838907942583 141.27085684136088 140.54201861387136 141.42692750673817 141.16208477578445 141.73470485174605 142.49612375070339 142.68437776549067 141.97908455451409 142.31672863337823 141.74241300275835 142.53404278151652 142.23381347436737 142.79972038701487 143.39181723476253 143.80215895356821 143.01589501329244 143.45235946360947 142.8651200437557 143.46630294106447 143.33812175950885 143.63458457937395 144.57592459223537 144.87732714999487 144.2797675326116 144.95713423757815 144.10520927525874
