# Created by Octave 5.2.0, Fri Apr 02 16:05:40 2021 CEST <br1@br1>
# name: ptcls
# type: scalar struct
# ndims: 2
 1 1
# length: 2
# name: x
# type: matrix
# rows: 2
# columns: 320
 137.82510274987612 95.745299259760202 94.499577478675434 81.443283424673169 98.655977859029321 109.96476924129004 72.355398802320138 86.759683555809659 103.66689841646188 110.89246593856559 100.20168461436495 95.519308490882437 108.82708670247462 109.44778746742345 108.87840186837951 109.59288512606571 102.25935813910679 104.95822378924184 98.452542914040379 99.4004064700692 100.18889672379846 144.13181861733131 108.96945628587879 143.83134763969528 140.76274921186371 125.92444272062932 142.79262811563615 140.43117017420929 146.69258115111069 146.95742645244698 140.9809090514029 148.32338153741205 139.18481614019461 118.95739346722438 146.44334404598413 143.47969589236774 143.85133444382615 145.35434989187695 147.18686002195716 147.62286430687271 145.46166300524027 145.98335455745439 140.5357777225091 146.61451205612707 142.63815631236295 147.64800864338932 157.52463714543757 156.2779262429932 143.90509011505745 141.64149419932917 139.33214013035447 144.95649773209792 145.20988947849349 143.02579089298678 157.71251507482731 158.60300091589235 144.3034446090646 148.50097997604945 159.60101260620897 157.24655335340748 155.84927510018463 157.93003086999431 158.30096086428887 157.11596773961261 84.797777753195447 86.189293792082893 84.208607850239247 70.80053480962269 85.147879674083811 84.060402472980584 83.083611519248777 33.952112315706884 87.167426568088686 87.05258621974518 86.257523605579294 85.204128895619107 87.374396403530326 86.249150526213043 85.526870341810664 82.988455278990429 93.55820924450471 91.576780086504797 90.492033210225344 87.168944697882168 88.111174220774657 87.568710654394039 88.4201294766834 86.598168472588469 93.428265082686224 92.585245609013384 91.53900659805106 89.273524232007759 89.235194083294928 88.288000434906266 88.672098855276587 87.488276992552699 105.3385202811502 96.795350064248083 92.434078205372103 90.322835392245167 89.333183128422888 89.877961183987154 89.513753869235629 90.979907133382142 96.924487631346253 96.273440951622334 95.584280045936126 90.159750585196718 91.54197087131358 90.359523287154872 90.520665347820582 92.530012301751498 95.068643391331761 96.665593074239837 99.34464726218836 93.48566258821009 91.278152791469523 93.587742878082622 104.93581724144028 91.501272905821878 96.24756671680224 96.969102782925887 97.868025625510214 94.452273712165237 92.345103109211507 92.50222291037241 93.387958521795014 95.514980070309747 111.32499217403083 97.510214055611613 96.160391642523663 98.367757115554312 93.449484117647458 92.509441715797848 95.723819641000247 72.249067553441606 93.004096601651497 92.464807510851443 95.350620416934305 103.72338216527005 98.584790268206049 94.548621252433477 93.534572225738032 70.491879809647173 126.6280101693323 107.72977672286174 78.550867849845304 96.942353883119068 97.534980669487922 99.180193699672174 94.406539108097149 73.328396107528476 110.96880104762691 108.83326141277071 110.35669995946066 91.880250827265655 96.887658634165533 97.562950282387348 105.96896618948101 101.52004737780248 109.65989324381762 109.63709915666979 109.30425159081962 107.60867299411206 106.90491614905368 97.377867251330883 102.03661447305599 103.8071605900211 110.3632042125834 108.59635712641945 108.17721936341417 107.02300634244455 101.9476923885332 102.90198647713716 103.66710006178081 104.14229192993811 117.87952442822618 107.06684302310491 104.73305449952191 106.31893240646559 106.10631102327474 105.81478867722605 108.78782922617097 104.79889736042638 117.24988932890503 151.26321134937854 135.9815837111037 104.21025572325377 138.12422255346215 102.56533199033548 103.17742983835929 105.3611843014907 138.38754309821914 136.81963276472339 144.71745841402503 138.21390188753327 136.35194299183436 136.54989814163685 133.86503367263538 119.30989130360977 137.77511509685314 139.4284852879328 137.36791374623274 139.24993373769476 135.54825336345618 138.4149242147854 140.36757310900703 141.83852527499397 134.53365153817114 137.01984314125937 135.79632979010276 137.35732887256589 130.25244627898351 134.17193391092701 141.4888228313674 144.7328065686292 135.58479159378965 134.9395392166434 134.70730209344728 133.16944588094526 130.3157238646204 129.32117847256069 144.55597233661661 139.62748545689354 131.80344401076022 133.59131700782061 136.29015162918139 131.31443666118702 131.34166452357786 143.01151881410468 144.03391202145784 143.58218592163567 162.51862605820853 132.51302718565086 135.47222398962825 142.52485132746145 145.40091486803928 154.284240588827 150.41108415739924 158.54879342385749 140.53307252593655 130.42842273557611 131.43543755509401 153.55162114533465 155.40078001915163 148.84025939532759 157.21685510497377 158.43531947104748 141.29602236715732 132.49981807003215 154.43370831150213 154.81525334055218 157.59691656848094 153.45177572821837 148.54340912172069 119.10039752056662 159.45830241780931 160.51568957825879 131.07741688647172 162.73650269610371 158.65528660204296 156.52092643051566 158.29927857852897 159.59310353497401 156.43296729642168 153.34536996341018 156.76444603821926 156.50744773559572 159.57347388840748 155.3515392069998 157.49938206067065 158.85757032474993 156.47244631829591 160.80326837053744 159.87979109547015 157.5589696405566 158.74822801719961 158.49884746228466 160.09985359831674 157.23561138063965 155.54533010627182 163.46807340592051 162.38985722683762 161.04057609353657 160.65959893049722 159.59979320886154 159.08792122778686 160.50896937029157 162.92794093235992 161.79801295108922 161.71333445449082 160.60412172877363 162.26178922246245 161.20362517436129 160.60598933711265 165.02064974445958 164.14393877965747 162.38192779263511 162.95731879553659 161.75148239752639 162.66194112838409 161.59562110968605 165.65997413774406 159.63825698900587 165.74643585872593 163.55443284614776 163.93523336458259 162.93139438845441 165.89227868023363 164.52130609450714 164.72199357663879 158.18501542583806 166.46934584618046 164.72667078984915 165.08574108942506 163.53605467766505 165.28517892777145 165.26471259948261 163.97442785008371 165.94091733739239
