# Created by Octave 5.2.0, Fri Apr 02 16:05:40 2021 CEST <br1@br1>
# name: ptcls
# type: scalar struct
# ndims: 2
 1 1
# length: 2
# name: x
# type: matrix
# rows: 2
# columns: 320
 138.04825950725569 95.667844020727529 94.462976491942371 81.325197894568774 98.617043996094608 109.99165260037702 72.112514527515344 86.650440754510242 103.54260253190721 110.86126717061178 100.17563750999923 95.4127446665712 108.79002734456301 109.37338088246786 108.82906891991497 109.58972131567366 101.96843492825579 105.00480429702421 98.442212150507217 99.358620390540381 100.09409088379076 144.23450883176292 108.95787068743732 143.9156654697405 140.89118548998155 125.93392461761707 142.82173484588768 140.48773535544359 146.74011266421689 146.98463094412969 140.98473890967918 148.23570193575353 139.3179776792922 118.98065073151631 146.48393401652766 143.53459494055102 143.79946397412579 145.44869781843394 147.20925105400912 147.78362627386488 145.68841950452756 146.04960291944596 140.66334660980309 146.69610001559153 142.69928747520629 147.70813442857056 157.55666009428651 156.33655606583915 143.8468326084799 141.6756177838665 139.27145391966968 145.07479674931051 145.1169872667048 143.09034946767036 157.73790041990924 158.7181355177772 144.37299819976366 148.66697733027374 159.63775414595776 157.27783748123292 155.96132773318959 158.06027006921252 158.37755642515324 157.17471339648176 84.683876898635646 86.065217119388734 84.074605187071896 70.672757763912188 85.009277929319964 83.996525002395572 83.064168071093775 33.711694907082943 87.021602348243064 87.093597142043791 86.185486171375004 85.10132785555578 87.236815556205812 86.267147273198404 85.64932330041178 82.94096878500406 93.385385938229447 91.542647014746024 90.34475895037086 87.178412442225834 88.032253924547746 87.440310789386018 88.360598318224078 86.475270974399095 93.467842478858216 92.501721124735695 91.436231198627013 89.273170542686699 89.15719347907519 88.200117492487749 88.516735650247185 87.513176235246277 105.3933100820059 96.723790691337115 92.293705082028126 90.240822820768429 89.193637136665913 89.724283664394093 89.395538903033568 90.96816307230624 96.863705108647096 96.241919587268782 95.588518826907645 90.221983212708352 91.47054027495183 90.317058159193564 90.410001960951561 92.388542266110775 94.975742059837501 96.599134372356716 99.24454332673028 93.451589463110992 91.184303318962904 93.397407442581894 104.88669927096828 91.492635315580031 96.139782482655221 96.910090747230271 97.791292547316928 94.430113437167194 92.367577220512914 92.368324542746819 93.267442272578435 95.515182637020942 111.35696347097311 97.504699149293614 96.00896996810846 98.261473724482585 93.423585611803489 92.394944485855433 95.655258551315029 72.13259595671714 92.951568106916511 92.307233595776694 95.278874159094627 103.67622499869675 98.550155290075494 94.522271795214706 93.414766065724393 70.334778297913516 126.73052614122128 107.7149594739162 78.385606004670279 96.861535001100947 97.430721139786272 99.023938193751093 94.421814660108041 73.252555934341274 110.92044305937165 108.80194450852862 110.30811907811658 91.866407638048827 96.772774630789243 97.511456061671836 105.92318924207028 101.43631422203397 109.66499386772561 109.61423014957701 109.26017184279409 107.63689183085643 106.79770202546186 97.296524800125795 101.9705201401613 103.94908816779019 110.36356294821603 108.52642080223337 108.09791610921056 106.93538118412341 101.72108542105845 102.88069170154597 103.62372582927928 103.80543311317335 117.86011398392189 107.0728201601448 104.74783337537036 106.2076368111799 106.04301460528899 105.77528132798457 108.68501691156229 104.76617604860481 117.23272712061004 151.35852862211266 135.93861284262323 104.30661460759841 138.15182993221444 102.56026156794762 103.06642717464625 105.39783304680763 138.47041259117015 136.68838213474493 144.84409765484253 138.32385726710731 136.52637374370994 136.57022207902816 133.75607479089916 119.23993404878911 137.79701814206638 139.53491540351737 137.38525736317175 139.2174225094999 135.53814647864294 138.39976243437414 140.33363128260467 141.93810934694849 134.58360632883921 136.99807697815297 135.70822659204003 137.44458744327966 130.19159605701509 134.23095277186835 141.45292171082025 144.7753210560615 135.69241385000285 134.90189433561957 134.64542483924089 133.17486796433204 130.40377743952942 129.43659190338309 144.59503723344409 139.62746088062497 131.75731053248151 133.48584816109252 136.31041775733934 131.47080548999233 131.42598997089857 143.02532171450858 144.21023704283371 143.72672833836995 162.6322668918788 132.44690147642626 135.43796615788941 142.48679916347288 145.50826159474158 154.32960170617278 150.4963067267189 158.59951777611781 140.50827557886157 130.34986756154274 131.48888196968127 153.6784719880865 155.47472912756152 148.87998202073189 157.34367574232368 158.47071807760261 141.37069073083194 132.53840491076744 154.51086349931495 154.88740224231407 157.77424018855947 153.40306496475591 148.60194756878067 119.04341715708782 159.53550040327906 160.6083928832644 130.97241255641342 162.794233141056 158.89039865771639 156.65484187372445 158.37556241826951 159.65133812665579 156.35989401120861 153.3894536590829 156.94189512035862 156.56029815911907 159.64238036679058 155.33537791455814 157.63319183684581 158.85297990414588 156.51472772776484 160.85204245730668 159.9642737229174 157.71230950437794 158.83037962172278 158.63812947639161 160.18472056441092 157.30433120966723 155.57634215678178 163.68128934372638 162.47274081117379 161.10441546458134 160.6374146333809 159.64236077362116 159.16847185928594 160.70799621626318 163.04249106770683 161.92952286486994 161.69678613898378 160.57499794858697 162.39831301796548 161.24236100934863 160.62036204327137 165.13250155096347 164.19232496061892 162.55685845031098 162.98009368561202 161.76759338789049 162.77566459016049 161.7054894236276 165.68075812266031 159.80063460213711 165.92212966197962 163.72062468245463 163.99344309845299 163.02810910023211 165.94844683211565 164.59640590269953 164.72494934028794 158.23899445610454 166.60082386472982 164.8388772940599 165.12625900062562 163.60053029835277 165.3355419777302 165.2783865759576 164.0884933069097 165.96666918592484
