# Created by Octave 5.2.0, Fri Apr 02 16:07:13 2021 CEST <br1@br1>
# name: ptcls
# type: scalar struct
# ndims: 2
 1 1
# length: 2
# name: x
# type: matrix
# rows: 2
# columns: 320
 171.3076508759612 83.972102926793866 83.651826952604694 63.494282848805156 87.36085336603702 105.67707854453268 49.793410328096016 70.154777758298394 67.352066010497197 114.70983168070445 89.88930332470035 84.46159789671978 103.19406429991113 107.30774513141336 106.87900588506795 109.39526035810202 53.894027603081398 81.858166525269098 85.974771162123389 86.978289945422077 88.714415037539183 152.57504798111063 106.63672629857859 153.88725888068524 148.35591542680245 135.85178253573287 150.24247230084026 149.02907772182363 156.05523515388447 154.7484376290945 141.56304750939691 153.03222600751172 149.3011295915843 124.93702100467803 154.05716643363436 151.00494384432787 151.51871668852246 155.0689726993393 155.25314995458339 153.2162717243308 153.24608756692626 156.06964779639171 147.96524358046238 154.10283789552597 150.37427176221834 160.48389739927748 169.84483650357748 167.61991726877665 152.1623481811794 149.76467034232107 142.48464152226671 153.01880533127985 155.61706130507039 151.52033599815539 169.87860343638278 171.5246486252328 153.72117140832387 168.64543526879365 171.74230709089031 173.14319154480415 168.84196317642133 170.50788667910214 170.40024366991332 168.74482807861688 73.802449926204488 75.095793902016396 74.732792596222737 51.378423861626374 75.794755737440042 75.288995808422399 73.561133625866077 2.5913337951270394 76.435608463919792 75.379147755525295 76.241477750613541 74.105505178485373 77.594421309661612 75.900857454816062 76.470324410218822 74.762069725752625 83.194447833658415 80.705277041261638 78.624949197421671 77.014445325572879 77.377512963790338 77.012866357294556 78.613191227766507 76.35836582585496 83.630242722977528 81.87974164871288 79.686783052596184 78.185502213632958 78.41924086043332 78.12641538185909 78.126442943480896 78.456778812022492 107.66000514121495 80.686228250248419 82.609151734205611 79.309102757814642 79.266945338499951 79.320804802631059 80.089049685476724 79.240339372331604 86.506416461369412 87.593650315348029 84.666320870132139 79.471434098335138 80.376535657850056 80.683632973535893 79.472702513905318 81.738553267706308 83.79694746192942 85.521385817584232 87.011041981446056 82.669291503497888 80.404404420561264 83.169819294470273 97.469885729696756 79.862108580780045 82.692203529835353 88.637037553101479 85.153768272941278 85.019498615599886 81.444795192822923 81.135626555566716 80.988876455469779 82.537617313710811 116.18462930925861 85.464302753342807 84.806512204980336 86.330626593793681 82.601298301756415 81.501811835462519 84.485416867852592 50.849451337199675 80.451869352814299 81.608827460136325 87.233686878894005 98.86064020403856 87.35182265263596 83.776385221145105 82.294536304441777 46.612450026131285 129.77185055267154 117.81638481028803 53.431067383241611 86.582360397295844 85.324740247973409 88.051543729073018 83.345960557179708 51.140202001092504 181.55986143276704 125.97266006802596 133.18207420843498 81.248727074778685 86.298370546305108 87.218119911534217 105.43378928841771 53.886770336736809 118.48009404899467 120.82761674475464 117.73808792071959 113.49106274119032 80.585388084741552 83.775927659549893 65.34755793440921 79.330638777863115 117.03431853421408 120.38602255805449 122.66655955181672 81.445293222425803 53.41303799360044 52.898026525354382 94.757630066630753 78.835176769715943 115.89452291785324 106.72209886311306 101.0548995237906 79.783194618809532 98.214246941506573 114.61177650658639 118.43205729912745 95.798182955745332 88.495138719384187 165.94077000061304 136.233456063966 80.140522250422549 153.80793959773573 66.106579841878045 66.335408951336845 79.103734357565543 136.88931655967463 141.72734893807262 167.83080838572008 155.97420153147419 154.81204184189758 147.38959543409405 120.64435441604778 127.4768428786372 135.62974355966722 136.12556150539348 147.21290663214322 153.71171807126899 152.75666168458505 147.74987735884341 149.19173184581473 150.93865260115263 132.18016853371907 130.96223966377889 148.49363438360606 146.70406207174153 147.87282832523269 126.70785086929396 148.17144184495524 154.83650655067552 147.5806972998179 127.1685660967064 148.32592509682615 128.78050276705389 131.42316648128863 119.43637857817203 152.58074738898256 148.67812722670189 124.28588146722362 132.84505690935777 146.84527225403647 126.13857207648539 181.36527656128033 153.04700700893724 154.20410081947401 150.04915617444152 179.79203277609022 126.31860027947698 147.08589628666527 149.22654033020083 154.4251793139197 165.01109507935175 162.64280906624867 170.28869470860442 144.84733190625903 106.16631985299125 129.04852194814677 166.27097643479919 167.10449759049939 154.87809845678041 168.26390264743313 169.28707763641927 144.57713538111818 133.69188431231817 166.04350419165854 167.27351649856311 166.86649651377036 165.63379933298444 152.06336490177048 110.43938227178899 173.34727602032353 172.4517121279907 115.11675871760906 174.54123961173448 169.72616293216808 168.35565477583117 169.46558666667175 172.19126599520459 164.84396624284236 160.04609170566442 160.78864570012379 169.47186998615658 170.72085035035957 166.14903010129262 167.79081710066896 171.6476632610821 168.69262901014721 173.44891516384328 170.94875847369428 168.81315522465184 170.06149427217943 170.52807189145057 171.30350505945617 167.28606736029462 168.32821304819808 177.52936134894077 174.21773944691682 173.15146933592334 171.99818604755336 172.8536822381127 171.16304856654986 171.47366603392447 175.37406462448311 173.93307927198703 173.56861009272495 172.3376226790667 173.06338453878462 172.34228292461424 174.02434308984459 177.21503508524756 175.06335467368643 174.84817486619031 174.51010505402752 173.48856999892766 173.28069636527434 172.22967684667412 176.18711358509503 172.51138426373149 178.57055999759208 176.08229038640835 175.76684380083861 175.22362679519472 178.84194387115079 175.09259345417976 174.6170839265925 166.38982802634234 177.49956564084147 176.87550386337591 176.36614763038148 174.07414940402887 177.20189510606153 176.81074622224415 175.70643803197322 177.96441220907542
