# Created by Octave 5.2.0, Fri Apr 02 16:07:03 2021 CEST <br1@br1>
# name: ptcls
# type: scalar struct
# ndims: 2
 1 1
# length: 2
# name: x
# type: matrix
# rows: 2
# columns: 320
 167.14558113632984 85.521207707447331 85.272809905730838 65.855993450893052 88.677660231765245 105.9303032103917 52.611036496766417 72.339633784286718 71.955160128467853 112.88266168380255 91.251568502699314 86.033869106078484 103.93525145814317 106.43724579307501 107.35624639402883 109.38980496003451 59.682986974162418 86.340073399470612 88.129287830922095 88.221738966230575 89.936272091806032 151.35355601104908 107.23670672750752 152.79120793102672 147.09197687359995 132.56519009808341 149.07850058050499 147.89777409713753 154.91023202415559 154.03439041081006 141.48645034387138 152.19857204574939 148.51250666881322 123.98209812953129 152.94744481800751 149.51807724817394 150.42204213540748 153.86569469033657 153.99817275684441 152.09127288608397 153.00568145537568 154.60662470586752 146.98724209377059 153.12840469206918 148.41263176936309 158.78777816267635 167.85683946170394 165.83114473750908 151.21028291469011 148.19150399551535 141.92234324218799 151.90160424652566 154.82164485747361 150.19983384541942 168.31600478506937 169.41709482729587 152.98392683641543 165.96708565170846 170.23785561462597 170.86075665188179 167.02397280321162 168.60351625469707 169.2095255033602 166.76873028104356 74.526213967968957 75.82937991087681 75.272248507484534 53.933964775836415 76.930789557805724 76.400965389163261 73.807382879944612 2.2170143773511022 78.086391416473006 76.718135229518865 77.369559839894677 75.694946894588227 78.867752667732631 76.7093090561889 77.533925823095117 75.390129135199516 84.829391680305264 82.530516637330408 80.788750529891217 77.994986027749391 78.508378420817166 78.358759328462398 80.024941024188976 77.97403112355174 85.92856885434135 83.602237153624259 81.871370427569431 79.884082966454827 79.628669132238258 79.270926000603396 79.611610921903548 80.406233465668109 108.34182992009325 86.860399383163568 84.39197964370527 81.354590285300347 80.30218004468982 81.424120483883215 81.121038049288103 81.756915601343565 87.104038497541993 88.657576589708796 86.321162778198811 80.98653449024134 81.686641111792383 82.112488841411007 80.823926652115944 83.309808074710972 85.071829460152955 86.462168774865063 89.180118019633738 84.347784270477618 82.07953399577832 84.333560509387141 98.452245139136693 81.660060109273942 86.254377432817449 89.342725917443374 87.037279078651096 86.489477661306154 83.221939855452007 82.505318903762785 82.677811367303249 83.710462241420927 115.54520337041285 87.184710674580955 86.015398383137523 87.601139163191988 84.160207343209478 82.802096334883899 85.447929095730558 53.889084709815727 82.842000894317692 81.903755678090732 88.495237843152637 99.124798435972735 88.986001413561766 85.446457162406006 83.625723806229217 49.754480260804428 130.19060937900053 117.32639607910144 56.736304286742097 87.817335047357446 86.064842861695482 89.210974698941556 84.712760782558576 53.986863354135203 171.2090793605982 124.25985877131542 130.20263440708993 83.042579295852306 88.058678785503375 88.253039317606095 105.15065492802013 60.458166845326218 115.95257491337178 121.59380499236418 121.72580834471808 116.972552339057 84.041823329502421 86.182840241550252 70.824168626882155 82.960119254361302 115.15588686952758 118.80158496177813 120.34747987257424 84.871096713812349 61.500757603993655 58.059073529760923 95.952316943670183 82.65333266073452 116.32060883254547 107.58574972807038 103.11776020306183 82.144484641257776 98.972409440946691 112.06685733945801 117.34610792415964 98.005189242361652 87.714630282551383 163.86947902765485 135.87416079384673 83.82166586580999 150.94277927479123 70.837357846153793 71.795944975227599 83.27400672154171 135.48804706959041 140.31774324456808 163.70399566939798 151.8155386571631 149.89208224379166 145.81351804588147 121.61157251826612 127.78376224957654 134.09049469214196 136.49816908255502 145.46129510037196 150.58697907136752 149.12057101533992 146.61425891764495 149.86807434805633 149.43016395413852 133.78824736734845 132.48787230962324 143.87492057823263 144.85451516738675 145.78852288255047 128.72969395327348 147.68407715529602 153.76032339486088 143.66941454109582 129.18390945668958 144.61246085187517 131.50019446546088 133.04725931775374 118.37763567878709 152.04462832435252 145.94624148409454 125.71214636117709 134.20489391659717 145.71589944685451 128.2583507491546 171.57342134901819 151.91010884116471 153.01065066912759 148.65211055086226 177.51921610268474 128.30175871174467 144.97689771396057 147.96132053188543 154.03431205405482 163.86700680998558 161.02467472691023 168.85981371312917 144.15543500077334 110.03177999987366 129.50445957999503 164.49756149963943 165.86809752356191 154.08364594869451 166.97999092199117 168.04826014302225 144.25668688347045 134.7195323064451 164.96475430315351 165.9143263410032 166.00453851978526 163.54682846539285 150.9897517114681 111.57898954136499 171.16060174873539 171.2403605900727 117.2168453187752 173.16123190738529 168.3726603555038 166.65213047036985 167.67335889270484 170.01277298308034 165.04867303583487 159.16441779220992 160.27332392160739 168.10407505451894 169.15096858536509 164.64711941900481 166.35633701292576 169.7834905220034 167.22605793631834 171.97169383252594 169.5744045852139 167.41837630694036 168.74316574462256 169.07325576288844 169.8960826830874 165.47475862374216 166.9061411185767 175.69115377664963 172.71675250345319 171.52619258952046 170.50537864516093 171.35125242687099 168.90383996074155 169.67592422353184 173.7884889294217 172.3912062073791 172.05323101827165 170.93410358400095 171.97142082893248 170.86700720816705 171.73858551475041 175.81716728167984 173.53931442853315 173.22770863946675 172.97654298614026 171.87043544296662 171.22615751026251 170.89493412661301 175.14744831984481 170.51154029788671 176.65467115933555 174.57990475740934 174.19287208022644 173.81090949505611 177.19974689430595 172.58439157524373 173.37699679183868 165.31024742101283 176.23423373749378 175.44162761584897 175.35843578169104 172.73794245059239 174.76390792071828 175.7329619589481 174.68764725573564 176.30477323116511
