# Created by Octave 5.2.0, Fri Apr 02 16:03:02 2021 CEST <br1@br1>
# name: ptcls
# type: scalar struct
# ndims: 2
 1 1
# length: 2
# name: x
# type: matrix
# rows: 2
# columns: 320
 121.33291804718522 114.17623860406812 112.65118688484584 111.90935019160703 117.08365801112475 119.31520356210858 110.65093423680237 114.94432629105904 121.33593386607596 118.56040264545103 118.02479000831998 115.08338382868469 118.00755393738908 119.69022426158885 119.49097758623756 120.36757882263191 123.58555040262817 122.44220709979268 117.75685179548474 117.13421233402526 118.20198975621751 128.07274209806656 120.52838448984163 129.25620894471768 126.55629456061622 123.4781132977896 127.62976513976098 125.78937042982091 127.07920288973968 130.23984969725134 129.05791664598948 130.25648152586095 126.24974079845735 124.86703390279379 127.73052921956237 127.04048285226787 128.03852144153913 131.46069007484033 130.70579377639012 129.61007826705043 127.95336185759855 128.20928961249962 128.93121380217585 128.90586496835434 129.41225551657806 131.30499445686641 135.40398853699736 133.08015851488432 130.04961595375349 129.11448908301185 129.4800139526989 130.04392773371242 131.94413485474976 130.76177011274211 134.13188634823308 137.42107568035465 132.97837268814089 132.50811863371436 138.61139765753987 134.62988049330053 135.59095402009828 136.29518365651992 136.57575364206932 137.40320013214108 108.26642352166951 106.68722080867887 105.651198586831 103.58839906511561 103.75531963744805 102.82627278751821 102.91235403676973 95.979803740674157 107.5687163344864 106.30142059789679 105.68204862651943 104.6613350098341 104.79060423259781 103.92840222975894 104.1002106578439 103.15284639547247 109.16130214694587 107.32031226377106 106.63318286659303 105.70318944293695 105.94841299167865 104.88483976917952 105.06219120200375 104.0930022409479 108.8308111110953 108.56311006227861 107.74735525018028 106.86754741801312 107.07467977526038 106.06338379187198 106.14730134674105 105.13524009207249 109.96467022310523 111.75931604421909 109.98575259825272 107.92986131159667 108.04803864436482 107.15603893382914 108.25250224434168 106.4704123178326 112.45729338012823 111.99101493371633 110.89722295695488 109.00497594418212 110.07011632906075 108.98351438671818 109.34613579929372 108.61762510137791 113.36386340436204 112.91538242169914 113.01136339179838 110.98187518044277 110.14582818817908 110.0855235327156 110.52772602997308 109.68822114362035 113.97216887523153 114.26296637865875 114.14360938690166 112.19944511027649 110.86807848899932 111.21049833710786 111.44523378747036 111.43826474184188 112.06667273809279 113.45969189800022 114.11857047590341 114.20536185840893 111.91606529527611 111.44033775338148 112.11200864858441 109.95780440232522 111.56592390200264 113.25058508962641 115.04483339932905 114.84265360298673 117.24862555329257 113.03037699922493 112.38392870918717 111.86516794247289 115.50296867637749 114.15312090472629 112.22248492311579 115.06783500055164 115.68327665114376 113.39366440563585 113.34277824082993 108.76360525546919 115.1667020822558 114.51110758013958 116.60196282554122 114.40446934370279 115.97258730865933 116.18384688123987 118.05690968412169 120.62480794379088 115.62009513229823 116.10517067302686 117.34467235567499 117.69733896725749 119.00630085077478 115.34118329664497 122.04666452101503 121.43939556314247 116.57008692971719 116.95446340319795 118.10679630147874 118.44519483541512 119.73579230289768 120.88234152896888 121.98109470873418 120.81224746275142 122.77376690139029 117.63335304640707 118.74954411115742 119.27278050525705 119.91888457901462 121.48603168674028 122.15505546400203 121.31361610828061 121.79139122634982 126.68209217353098 127.89225648179625 120.45160090070443 125.47742677883605 122.82651672786761 123.23642564177291 122.65222634402627 128.9558424339132 127.35699274864456 128.26694924203184 127.39168570368714 128.01379343921391 125.60535896214564 126.53280043770762 125.95818358398483 128.91818090371882 129.0672895306235 128.26502975842135 127.26254980593383 129.18836849209373 128.52931912311607 127.72613095821913 127.56886981966919 130.10265439489942 129.1007574769948 129.19010480940511 130.79270263389185 129.77354904612235 129.19831422359033 128.72618435899918 130.92645274427582 131.17937199505269 130.28667283428831 131.6052109362889 130.59094408653422 130.18864318052519 131.51330417424697 129.61730490861305 130.05111570025153 130.02981681276529 133.92748444086959 132.07372553919754 131.27547783721906 132.90882726093378 131.42516345775152 134.07235216693809 132.00992451090713 132.92502096205587 133.17898117614163 131.84621809290823 132.265904024393 133.19649026250917 136.57480579049783 133.64647592596032 139.54593866078127 133.66330649906649 134.2055829724894 132.32724750579209 135.16652207855165 137.4222332949289 135.6122173831377 137.14029430152797 138.41556295418835 134.64561502140674 133.48161237471444 136.1930974763674 137.22571872172784 138.41019374727659 137.64331879967537 136.59205058545317 133.8013312980826 137.81145031703886 138.32819024817414 136.78545427160182 137.88896838730147 139.56096321496852 137.64436084213239 139.88619583480155 140.98038797341567 139.05547194122974 140.48828437524583 138.25731071576138 138.25182583466105 139.76304100312768 138.71079201835988 138.66909816674425 142.06937667853597 138.90455448577993 139.39013092794664 139.53941425615835 140.60388756923737 140.80884905029205 139.5221554099177 140.61311324341722 138.79044573369356 139.67511777449036 140.37286054462581 140.35763174632584 141.72605712185617 141.81918015585077 140.63041831153626 141.73003853096753 140.58285659305028 141.38350656594343 141.4814523505315 142.53246412769698 142.78640459240074 143.02290037342317 141.90716264564011 142.91324106523524 142.08167232095391 143.33562230600194 142.39150776954637 143.66811175138739 143.9037963001708 144.22203434050292 143.42082920648735 143.96467583095449 143.36280646605638 144.30114297427329 143.43244569891604 144.72847059326375 145.07351075873919 145.32409383767757 144.47481739370053 145.061747777557 144.57066615300837 145.34818754789319 144.54116307785492 145.5808526782703 146.14561786146376 146.47756488717548 145.799938721394 146.68708354171022 145.79260860259959
