# Created by Octave 5.2.0, Fri Apr 02 16:03:18 2021 CEST <br1@br1>
# name: ptcls
# type: scalar struct
# ndims: 2
 1 1
# length: 2
# name: x
# type: matrix
# rows: 2
# columns: 320
 120.60325337170786 112.20329829318064 110.91889446785594 108.95721193899716 115.86111485220664 118.09334202849068 107.61975445397259 112.21325625857364 121.72878402080765 117.89047324172169 117.11456790690903 112.41302117714525 117.2118137038254 118.42702081067203 119.01540873813076 119.48539963824908 122.70679907207622 120.62198142385921 115.03115071304902 114.29926429934147 115.91109647388679 130.09583289041555 118.21166296359782 131.50437734354318 127.12473438146682 123.71516072248338 129.48237348689545 127.50927100572473 128.5853928492476 133.28854296727076 131.26902160041433 132.75244705577012 126.66617820191809 124.4944485916339 128.31935173658448 130.19847950557437 129.35122669022553 134.03273430195298 132.20759365810659 131.09054090926077 129.05815201161622 129.77374078779005 130.63537459087928 130.02212519697875 130.78237773470588 132.50974238348039 138.20734667524079 136.06809455080736 131.60883313356476 130.4393178894712 130.75843013174412 131.87189277712974 132.69789676179428 132.18382154771345 137.27891301772996 141.27807685406719 133.64180797493574 132.95260706286783 140.78720669855133 136.71755892329259 139.19302108594323 139.15497801152179 140.45822322348701 140.15448924177338 103.61537833513515 104.79440817779115 103.76194895691673 100.59498243004198 102.46304803421133 101.37378073284488 101.17900328355493 89.969368525077414 105.92929725078798 104.9171986915938 104.05469623555068 102.93893424825559 103.22391522778736 102.13785901912226 101.78578980871086 100.41673592576323 108.77878062596392 106.06849529746343 105.01853265461961 103.99699224205044 104.32112190169875 103.10765291630524 103.17947707054043 102.15124445688684 107.22445635556879 106.97390148538771 105.84849071991469 104.93941940662158 105.20989253549884 104.29952371838672 104.03080742941862 103.02542910795222 109.83319866763702 111.67119847215946 108.04202684292451 105.9419117214257 106.25329132082403 105.37389213325805 106.46984552828701 103.84126249974237 111.18999188745043 111.5695450935779 111.03343779547563 106.97262129878258 108.109165389387 107.36343522444029 107.50639956057766 106.86683543843223 112.29690556114382 111.40808874283414 112.78404252764277 109.42518080488749 107.54513255776271 108.3533568549209 108.99347090785314 108.1310217622175 112.39603633806473 113.6864559855442 112.51248587081908 110.32249241519713 108.7542309734386 108.96848609104711 109.79031850122126 110.09874030548663 111.30430473652277 111.85057898972039 112.83747205853804 113.88966759340117 109.89854834031736 109.15991493689536 110.57373500949666 105.0505993528744 109.62845521870651 111.30667271463828 112.36440058848477 113.80662776378449 115.13816990828207 111.33088789534459 110.06760339955581 107.49324218359263 115.25713649564229 113.59056743506032 111.03547228629093 113.35609704334171 114.81302275207914 112.21073723159117 111.30726106685651 106.26647693537633 115.39449120681361 114.3297441115201 116.29254881014612 112.10433467212745 112.93467329534469 114.89377784343041 116.90630056626557 121.92790447021268 113.92566085683558 114.641827534844 115.72259271224266 116.55474475999026 117.67547458777966 113.75634660905183 122.75562888628399 121.87415628716515 113.89742669219672 114.85065802416678 116.06915825230628 117.03570510807545 118.15422055151329 119.26518874283417 121.28526171866559 120.37578688985964 122.22704018692282 115.3537680191094 116.54111854039526 117.25493254419199 117.65532303319038 120.19666031744977 119.8998405951171 120.14845074131517 121.42380162583567 129.05428680232831 129.72889118187615 118.55853576724485 126.56626378444129 121.02849058143633 122.1196989255675 120.74305611907181 130.84342491474914 129.86188670426682 128.91276259839381 127.88669253076191 129.26117631815862 127.16734770992031 126.79694049810435 124.65393397239714 128.71575931892914 131.35952465138325 129.0604826293125 128.01128559631854 129.90175773638947 128.58134087405244 127.75685971380824 128.25058495250994 131.20487833858377 129.78283280599709 130.5868811384766 130.78632304609962 129.17094606141029 129.82832025107942 129.42286024515914 132.17371325979283 131.86068310175608 131.52353382703191 132.64972291108086 130.73186184664411 129.98533192792982 132.12533218720557 130.59051100029055 131.48905798414873 129.9872876216038 132.94733575686612 132.35069514222621 131.05360098286891 132.15873718934523 132.71504985064234 134.48700316850758 133.60451068321802 136.04031181303461 132.79585978706612 131.54877603857113 133.844692058237 134.81901572754768 138.47154924908031 134.75238706421189 141.86311111885192 135.01523532973704 133.57769114579031 131.77318302178799 138.21447512690025 139.64116495165817 137.12217707415968 139.84480343477935 140.90490793021536 134.69405565113851 133.16741573850297 138.78653782597834 139.75495360006408 140.67630805808085 139.55758567333424 137.60099459955759 132.37682221111615 139.57669409577954 140.81029721954192 137.9774454275076 139.78077197221577 141.52221023947493 139.09037935163417 141.44395577453204 142.03335361432295 140.83718883960373 141.00573383932019 139.97883947016197 140.74004671159736 141.28715254053702 140.50781773624905 140.32941314410348 142.38945764357493 141.01397909465476 141.87215717081369 141.69482151273846 142.60884126893967 142.38357576069865 141.10665561079119 141.84084660982339 140.19095118028011 139.68402097423584 142.75951746114717 142.65260959401937 143.46819463546299 143.24225296787756 142.22139236945429 142.85758980190784 142.65375394510266 143.61098009636012 143.584904508032 144.44544500982067 144.31663563056659 144.27369066386228 143.03609849106945 143.70394901603683 143.50376652366876 145.64774484948214 144.5295367037503 145.36367626944093 145.23139473102179 145.26587954657603 143.9606437995713 144.93345803441352 144.50108846701923 146.47912245088509 145.4837583007081 146.3710833013223 146.22859136091341 147.27857587703684 146.22694934667001 145.89169591341008 145.99864430489822 146.68684714911063 146.39316578001032 147.41810504920832 147.25042612632606 148.15670827826446 148.12148760078082 147.53009957412416 146.98162940208357
