# Created by Octave 5.2.0, Fri Apr 02 16:07:12 2021 CEST <br1@br1>
# name: ptcls
# type: scalar struct
# ndims: 2
 1 1
# length: 2
# name: x
# type: matrix
# rows: 2
# columns: 320
 170.9031281475514 84.127013404859213 83.778645408994009 63.730453909013946 87.686151537471574 105.64353425638556 50.065912682874128 70.373263360897226 67.840458794693362 114.52845090246554 89.823725529170133 84.556697785052123 103.26818301573434 107.30250850517673 106.84608367430182 109.39471481829527 54.464467917121929 82.30635721268925 86.026269655742723 86.880601325527792 88.745202375405341 152.54154544099458 106.66430515944639 153.76808281020377 148.35603765340932 135.52312329196792 150.14295173674876 148.91594735935502 156.10340731536667 154.63207362377725 141.55538779284436 152.95556424072311 149.12107723571253 124.84152871716336 154.12085781766459 150.71492671553332 151.28229176292174 154.97014871453428 155.12082334483756 153.15883728683102 153.23172444899095 155.97550745257229 147.89157715283855 153.94004135442802 150.13204831900268 160.31428547561737 169.79273863338099 167.27137908097845 151.99896702787012 149.42997225664865 142.42841169425884 153.10124790482948 155.44180925243634 151.28252226113514 169.81171141471705 171.18914294577985 153.69439181205155 168.36591606153169 171.49722786724183 172.93312406526383 168.59410126415969 170.28320294803055 170.37686047053106 168.47443303712896 73.634959832105366 75.152755591062331 74.742120035953391 51.633977953047378 75.953950148826507 75.438934912152973 73.775646947402606 2.1104989778792289 76.705203061648845 75.541210457062903 76.340243532318595 74.367709239799382 77.634417142756504 76.035202577091866 76.514108681979209 74.614479345648164 83.301085588732931 80.942464346233635 78.969342412147583 77.274533112288665 77.418553409244566 77.057445456457586 78.895505990851746 76.509134047688704 84.008899494736227 81.946674563159007 80.024189551491702 78.343458341055552 78.439168267815688 78.344518771991233 78.364966229777082 78.771939270123482 107.81830650992595 81.306312267955107 82.69856107852074 79.622358287934489 79.407292007990065 79.340338400797066 80.175606758795823 79.509278713754426 86.622523813798082 87.706066815505878 84.931616224726923 79.568731906970839 80.463509090525932 80.662632973278221 79.609605033717941 81.775203680001624 84.095335937127388 85.459482480388587 87.200235073909312 82.753682952406237 80.459144642069788 83.390257979263367 97.56812167064075 80.03093542938727 82.810371351934435 88.735093761488287 85.308253524695715 85.245210092958118 81.633954694221401 81.450195266259371 81.160411641311114 82.698598474580805 116.12068671537403 85.751068233048755 84.906913085947068 86.635262964572988 82.68383621351974 81.596642789186106 84.563199682923567 51.266203811009852 80.532375961717406 81.691915929608939 87.316760842437574 98.887056027231978 87.666213104624788 83.938365902208346 82.504623876673847 46.926653049598599 129.93297940029981 117.75302675881336 53.76159107359166 86.742915122462492 85.549401905960394 88.054156914037804 83.461967214127014 51.321339261937133 180.52478322555015 125.7959518733706 132.88413022830048 81.533023194456064 86.36362537101229 87.504182876724997 105.40536587636088 54.62728570040931 118.26719606378812 120.90548820857015 118.13653159024595 113.8301950303312 80.928582503505595 84.015176770813611 65.753031371321072 79.826763990272966 116.96227264074815 120.25119120283473 122.45060847690463 81.654687706729263 54.30572241017542 53.255298680513398 94.877098754334696 79.141639451805432 115.83295667907794 106.80846394960879 101.26118559171772 80.118018379435682 98.290063191450585 114.35594836842226 118.32379073450409 96.018883584406964 88.43913908629068 165.73364090331722 136.15199194022395 80.499352784326717 153.48611159561409 66.653450998830891 66.921773457136965 79.509161376015925 136.54647237730674 141.58638836872217 167.41812711408787 155.43976534984699 154.34458882141175 147.20545097747066 120.73982358721496 127.50753481573113 135.38000041208076 136.36057745039997 147.07349652798982 153.39119595183374 152.5304397618043 147.60759595311509 149.32250237230292 150.62493861563516 132.39478382647872 130.96333695618924 148.12884899655657 146.42175186958278 147.74746469886173 126.97010581929761 148.07996959909411 154.81024028635159 147.19473607931181 127.41846832116231 148.00039148591785 128.93321897189918 131.78540390986407 119.26283446870143 152.6233838004284 148.53539513704965 124.43393602160327 133.06744229246695 146.85365881275879 126.30515159790529 180.38609104005411 152.93785754412306 154.17067944584934 149.96368041282895 179.56475110874968 126.49894247122221 146.64643203914153 148.99970166441793 154.28020406109653 164.94715219220862 162.48099563231483 170.22390479992421 144.79527817529649 106.55297584369657 129.0431634019256 166.00588626361829 167.08117186889856 154.79865320597182 168.12448993971498 169.25979304342039 144.52092308435215 133.75827852749862 165.82263438413227 167.21682215381892 166.81477619805861 165.35651915689758 151.86127461202048 110.55334299874659 173.20981551824042 172.2493700491232 115.32676737772567 174.41547070337433 169.56326788445165 168.13528126381411 169.20808583906108 172.01247609191995 164.89937155057123 159.95792431431897 160.73711352227215 169.40249247170601 170.32171894048332 166.16937957458998 167.63337162162665 171.60101208384327 168.57541786449534 173.29909889553588 170.54220508298525 168.69215791460019 169.86089883182731 170.26173398517975 171.34011790336658 167.24497654512626 168.20250112896969 177.40117560978476 174.05656907859492 172.97578656899228 171.81308089966006 172.55928560717473 170.97165622843221 171.33252134490823 175.31465787145902 173.77667316673478 173.4071925435826 172.36367459417397 172.96119815525157 172.19053559740357 173.97360059699744 177.16914547059298 174.90180008488031 174.71446671162553 174.35537395914659 173.2093642291814 173.02238237673632 171.97941851705636 176.02157086981467 172.42526858176558 178.472491164557 176.01807163885974 175.44800831816588 175.12352765594406 178.68758070637375 174.92288545339562 174.43654368238629 166.28186996580939 177.27754366962893 176.71762287061694 176.14471109669461 174.0169676263117 177.04244023129533 176.60426778166308 175.5863448174114 177.73632413082009
