# Created by Octave 5.2.0, Fri Apr 02 16:03:22 2021 CEST <br1@br1>
# name: ptcls
# type: scalar struct
# ndims: 2
 1 1
# length: 2
# name: x
# type: matrix
# rows: 2
# columns: 320
 120.90696914545134 112.85359607190964 110.42768056507369 108.24869875837079 115.66004077773482 117.9242131589707 106.615318147346 111.55779945077714 121.74281399259154 117.82216885791385 116.78091402403997 112.0373440622427 116.91134788079091 118.25269848900632 118.9755871635645 119.19425579570627 122.48283103548002 120.66706604466299 114.2395924794811 113.83280750152551 115.50279300965715 130.59182200562373 117.51727944848749 131.54698334388473 127.41059455910305 123.77205210440988 129.89276648390614 127.60105683290354 129.40404078587201 133.92720839343821 132.07139883517024 132.62401193754113 126.55221385811004 124.67052942173704 129.10229912999077 130.85814521101167 130.1737143334787 134.43165337323944 133.04604284592628 131.7357604198543 129.24084385992683 130.18721583970407 131.00679030463925 129.68563284974508 130.74640754922288 133.14362825034667 138.7659661526385 136.99230686991271 132.07310709364148 130.53898676909728 131.20580501209258 132.23707475229639 133.23274667166004 132.63859842950328 138.15294501400712 142.10879974626684 133.90039998277175 133.25859373475333 141.51133360646216 137.7155051714964 140.43440939043725 139.92244707617641 141.0017848205805 141.00055523941654 103.367757070626 104.46881060301287 103.21900530220481 99.808762169333576 101.88112923496399 100.85516847100148 100.59281982365587 88.526864073334195 106.01308272142484 104.56718974085523 103.67099391262332 102.66629622335969 102.67176467588742 101.56202721462658 101.70998559009915 99.716197552267701 108.29697927877008 105.63664837940263 104.5012011177392 103.54292931610154 103.77656715593524 102.82794163333584 102.63329746554764 101.39404633595373 106.57931345107505 106.44162635676257 105.59369003094893 104.61098308343101 104.68426155607848 103.65355195216779 103.69613139252776 102.62520615122999 110.62321305122825 111.47739314205384 107.44572911433052 105.54098785983035 105.708490917406 104.72058928179115 105.77962422394589 103.65486886066496 110.31671354706125 110.78233422579085 110.18718734872452 106.60612289346847 107.75492544171489 107.1497844527715 106.85735881656539 106.61195518666426 111.9025611786933 111.07715346771315 112.59140185498782 108.89478892090733 107.21503095644147 107.90609740029487 108.96117242129348 107.71934572509829 111.85707627981927 113.34277135459998 112.25759106916426 109.74484988422886 108.3190028047398 108.34706410474864 109.15554192444939 110.11326829885132 110.82981808993601 111.72440115291815 111.96213132819118 113.60753653312381 109.527291015469 108.86399479870833 110.37811148964084 104.38257409316944 109.555294457413 110.93954849981959 112.23436170273442 114.29982924674921 114.86783779842092 110.91092667439183 109.5528568609414 106.37033950844427 115.20845244078404 112.94611079381315 110.44073895058848 112.96519348066944 114.71225138206054 111.79226899721392 110.03964377651093 105.50805583815527 115.24597163721893 113.7395553402023 116.23334631284905 111.37600345183095 112.65804759134194 114.23364295372717 116.5127506578857 121.59197014609883 113.39502105491627 114.21708503958885 115.47761113672006 116.28102195032103 117.87255741256612 112.99189230385842 122.97631160581291 122.28233943039021 113.7306311248075 114.46027807060071 115.93852056607862 116.68223815220711 117.79692291486303 118.81876362021784 120.75715189190812 120.02339264695368 122.05599750253565 114.89726832945513 116.32223485525699 117.00948496055305 117.3780793829776 119.79257190274645 118.89147886284593 119.78625494798547 121.37540839462733 129.62619043873303 130.5440169785027 118.05177149433887 127.20437565339256 120.7706805816003 121.86671468869717 119.79536133139176 131.21608412021055 130.20775836392744 129.14027477385196 127.99583965589503 129.16530899134162 127.20650402397668 126.50194986559711 124.19765319912149 128.87134910432715 131.55948978642991 129.30720620198176 128.15872867832536 130.23388515287573 128.85840796346076 127.85667110036808 128.49831420248663 131.2748437965576 130.45259741567708 130.89690203371896 130.66972261002087 129.51692219343772 130.21604112478542 129.57922980906145 132.3767970679055 132.14954577295978 131.68531545202552 132.93744897463776 130.21118484809381 129.69140287829217 132.0003216980339 130.92319029050304 132.01747425204087 130.1402716092262 132.8746631225082 132.92918608453184 130.7052504380093 131.82779785134335 133.05502012072762 134.29136190419752 133.81653993272226 136.72215681505625 132.44815917890148 131.49144307410279 134.13472637967544 134.93705568631626 138.44097950540876 134.96892124785927 142.14280873988145 135.32924566662396 133.25597577540978 131.55716896796795 139.26702194741605 139.89605445752477 137.93477192481589 140.55277042562005 140.70638160733165 135.095012712255 133.33420447423137 139.48890922623687 139.99196634099863 141.03763124838721 139.79012616359779 137.17949091022874 132.0349400302442 140.1855485965024 141.22085046167101 138.11418176450562 140.24169368438129 141.76014336338315 139.69714463993566 141.82640692714531 142.66863527803372 140.84582334674712 141.83907535851498 140.56993821162419 141.17074304368757 141.67753455292669 140.73326098816923 140.7262275124952 143.4603319483692 141.31946215273186 142.31493955828984 142.15960844009103 143.04951754208162 142.71387185003468 141.62415580740671 142.48613136042246 140.61212074396278 140.06323210037814 143.18433753826369 143.06052834776736 143.77980505191263 143.66467649342513 142.6009591237829 143.30198807504098 142.97301332793 143.95578417430173 144.07381157353839 144.88483057161159 144.75046819058076 144.57764125480813 143.52110254870513 144.11773157302875 143.74789022332629 146.24229588388491 145.15579447244616 145.75684053314487 145.55656971813613 145.32230320989274 144.24383015769547 145.23013561716346 144.84248897044557 147.32437237422306 146.17500894985739 146.44311930485196 146.50735017619721 147.57827191344393 146.48201471327963 145.86759327045473 146.05398714315118 147.24677461399187 147.04355927376838 147.91824190879092 147.40442113867934 148.55317519682379 148.57878057158382 147.48664026115574 146.99381630954483
