# Created by Octave 5.2.0, Fri Apr 02 16:03:05 2021 CEST <br1@br1>
# name: ptcls
# type: scalar struct
# ndims: 2
 1 1
# length: 2
# name: x
# type: matrix
# rows: 2
# columns: 320
 120.95417085107196 113.82925719300798 112.26497703657128 111.43700807118945 116.73130048201335 119.08493284099889 109.95993140565747 114.50735508586138 121.23381954827842 118.43514795776669 118.12926269564581 114.61414279493792 117.95508432211761 119.27318222425139 119.32198716082702 120.22401543924347 123.41960207046863 122.20209194895223 117.20252542128534 116.30077551630606 117.87706716047671 128.64197687019521 120.42787670806609 129.79830389340296 126.63766842074044 123.51604088574061 127.91776011122381 126.37308356405822 127.35452024315094 130.25183388396084 129.1717760426541 130.69209756493873 126.39486676613198 124.6529970180616 128.01625604439084 127.03463703335903 128.50013429208306 131.86550252046152 130.78267270947956 129.59939584053078 128.15429822634709 128.51252576555495 129.01823316626559 129.26301894495771 129.64481967596188 131.68983734164226 135.95753408825144 133.22142498296373 130.27208608696751 129.287267955738 129.6094162999253 130.44649254544183 131.99209019542837 131.06660305573718 134.53485676262071 138.07995957318141 133.19079330091725 132.47528955865303 138.960720689124 135.03530071965673 136.37558748573184 136.66090948313573 136.99323801130802 137.77582379195326 107.51653754540156 106.66647889478789 105.15867600021264 103.47324625854147 103.49443009798858 102.21981566684074 102.53130072069231 95.018134106178678 107.74037037431864 106.3729267778392 105.48879580436322 104.42368045303397 104.46715857251999 103.59757438499452 103.59659832181279 102.66850956602698 108.77711719100454 107.39531265104726 106.52467308193265 105.32846148094464 105.64731234004869 104.60798428975657 104.76690640341582 103.68410975166755 108.76276121743896 108.48915560072231 107.637396283972 106.52424445554685 106.5871736677896 105.69764985622805 106.0495907482815 104.85856448659449 109.7953529505188 111.95437685123886 109.41450929545596 107.54089419096591 107.74149028084183 106.86814436608891 108.08548212886461 105.74114673769878 112.10711553359501 112.27349083723374 110.60981850813145 108.74871223646861 109.81050340978433 109.00213313366189 109.14844926095273 108.24034073997234 113.17379526556523 112.80009342864321 113.09785200943317 110.70545437498829 109.72282153169022 110.0917101546393 110.20304116959555 109.36369717350978 113.81455523145304 114.17017623875834 113.80514188003593 112.22465679945186 110.41729979835861 110.86358689582516 111.09742098145055 111.26838836785414 111.891497689666 113.27874634823058 113.41808607914527 114.15491969292954 111.76292903049179 110.68237170602056 111.89536624290339 109.26341818980725 111.19628942733797 112.94687222474606 114.63830281554621 114.8052526911719 116.92360175302746 112.73376694243269 111.79596437851841 111.21596612709318 115.34606743947126 114.22025815967193 111.97577667435402 114.87299167955591 115.22549844065377 113.46644858776904 112.86144854736672 108.42900588871117 115.53767086501689 114.3153939862774 116.34481587080397 113.91895737315984 115.99708753126492 115.84519734266269 118.01955319284312 120.98157603723106 115.26414955157354 115.91785489619943 117.01150528446176 117.52553833544144 119.00434346833529 115.0064971929654 122.30370840704568 121.69527246084597 116.15096399633933 116.64869592320288 117.84695826701562 118.26401197827336 119.40677698075083 120.38235467631006 121.5553798638843 120.73429705007166 122.80542366093341 117.37410638626918 118.52984993607608 118.9170271970417 119.64916987895496 121.14872744701138 121.94244902388199 121.04283679053165 121.61344385640962 127.05457477835304 128.1552451656807 120.06624504159812 125.63582249367887 122.50271719189158 123.0441417283415 122.55112693419777 129.32199754268095 127.71618933428165 128.71697132517639 127.33596569831404 128.46014354748513 125.7928393854092 126.67914620647622 125.75185831473105 128.58355223700028 129.22787278731943 128.56532525739945 127.45112469280788 129.41128002273385 128.33184734844323 127.69675877252847 127.50141242714845 130.42021400392883 129.27636324545608 129.3677041180832 130.71925248080134 129.37741914896193 128.9532975334406 128.68237284642743 131.43411332663194 131.19686731565196 130.4913900171118 131.45332353147637 130.78579740889907 130.24095130905692 131.71681105693605 130.16035651428982 130.32128013595113 130.01995664406007 134.06146297059553 131.76828210475045 131.43104475103243 132.86193034180974 131.37901257715447 134.13645761537933 132.34642873128442 133.51809051835048 132.8725468621229 132.02834457567701 132.54248284829268 133.5170132680237 136.72299068679072 133.56651118713845 140.00923854505982 134.05299749338067 133.9007046992507 132.46327839850352 135.62590021853802 137.54301670338705 135.66012999488353 137.1820642691122 139.06072350328958 134.60110337129166 133.50038245228978 136.66632194453797 137.67345523417106 138.71258403071371 137.78855593016732 136.82516475757689 133.57340984416797 138.02746530293166 138.79159891240863 137.12704330423358 138.00447866261388 139.80854908194132 137.78117995594707 140.02759156650006 141.22105243332135 139.32580568749333 140.69715889037283 138.50507473768982 138.70912089359035 139.79017500084942 138.71634902547342 138.96711562770645 141.89499143067329 139.14809703602182 139.8066831754322 139.8775810246438 141.018148323133 141.14962391075974 140.10798924582045 140.92384144940075 139.22453225095197 139.64965973668771 140.6577098852965 140.89210192795861 141.99364991236229 142.11672937009129 141.06187140279124 141.98788972645167 141.07668671354659 141.67908953151536 141.8861532749479 142.96478207885082 143.02857354515874 143.00667117520408 142.04617905764854 142.98777892051751 142.1803925222591 143.62992374273097 142.6948781832844 144.01946415060283 143.92538180652917 144.108449347598 143.41733711793063 144.28146823181729 143.48988539078809 144.89730738186987 143.96757230919491 145.0384577841096 145.0769459767088 145.73062429589018 144.87982281141234 145.47867632113426 144.78660492092311 146.03955300861466 145.05695655435892 146.00281889142911 146.13799371689092 146.84314598984363 146.21418354504718 146.94526189965816 145.86606854190694
