# Created by Octave 5.2.0, Fri Apr 02 16:05:18 2021 CEST <br1@br1>
# name: ptcls
# type: scalar struct
# ndims: 2
 1 1
# length: 2
# name: x
# type: matrix
# rows: 2
# columns: 320
 133.69740129691604 98.456232625903766 96.784440565476743 85.576276978326987 101.3686673235018 110.35749331789037 76.913465203338774 90.583181601289226 105.08690550376393 111.98442281694896 102.15919876363635 97.702862449118925 110.12416422938068 110.93855923946725 109.3666376642453 110.2414103937715 105.7083484006599 107.31090358629999 100.92789542423765 102.49598052799374 103.3456069811651 142.01968550876708 109.85539478449726 141.09065975817325 140.22018414987846 125.59257632605804 141.53205566183362 138.45138883100861 144.42569795316012 144.84439783984331 140.35095102203437 147.13274119393398 139.27016987922036 119.92349288385741 143.74940081592669 141.08259934311721 141.8507256377097 142.96198071229227 144.3795272814902 145.21908344705687 142.89917629042918 145.79323503696878 137.90156281256566 143.79633219377058 141.25409467666535 145.73890148086434 155.00324812247933 154.19182950787567 142.16894348816351 140.45436124097836 139.597435138848 142.80139066271767 143.27153545251096 141.45681529826493 155.4880947021573 156.20663314772725 142.72286471262407 144.95852581225205 157.41772498074133 154.16641656776039 153.19819769288091 155.93354492209852 156.05688595406454 155.39943154499238 85.900339778880706 88.21723974453046 87.119369657733316 75.272731409490262 87.707754163442729 86.769901616215805 85.948425196771609 42.366721617544812 90.621619891961032 89.624733182578964 88.928867758582328 88.026937297811102 89.884800401188031 88.955881579755442 88.736111260441604 85.839278154469383 95.454042889177913 93.213278552959338 92.387459135139679 89.861848333924243 90.869235985834777 89.867480183539655 91.172213496023218 88.744573714706135 95.240473859258117 94.328278102577627 93.452177857514641 91.572512814936076 91.898051175426232 90.82780169517693 90.79499891915485 89.733749658913524 103.42087725120065 99.003476080689282 94.131732436066045 92.703576130667685 91.976457304525823 91.833504270662019 92.509414836437458 93.002063646605876 98.627632733239423 99.487156409522512 97.880910647604466 93.007175882564255 94.043192795391178 93.069451159346499 93.470391417046457 94.952072003852763 97.919970903575319 98.74733608633494 101.71436684541207 95.641980998928176 93.712348047843577 96.422355196536046 106.65494620796017 94.040516490886262 99.458088457078716 99.655858867338551 100.06544278127519 96.386022263334368 94.617546383351197 95.272496466135976 97.296472236856644 98.010106644222759 110.20599678105074 99.406091139067073 98.93723429829457 101.6874425743824 95.790730363420494 95.051001940590623 97.846689777703929 77.566807354847697 94.81655261094717 94.678547553988949 98.632530995588326 105.37388299533553 100.04333684616218 96.724187974536775 96.417373995587852 75.990432720325174 123.03995115321811 108.65210918607264 84.335032430971154 98.188729932945023 100.78879978653231 101.11197470436795 96.936801857636809 78.684451470180107 111.55507124272918 109.78732898123384 111.93443746311861 95.692150740762742 99.888015383185447 100.40764849178075 107.57115934885654 103.19170022218741 109.33199147843179 110.743207196668 110.42415132431117 109.32941016321119 109.56396191336263 100.21645905107957 104.61956460483373 106.77534350278826 110.72628301754114 109.74677895800762 109.3828268977275 108.4727201209806 107.80197724402031 108.17212562940904 103.85070708708945 105.7426413055486 117.82567447030058 108.2655480822996 106.50124774685709 108.49387548992249 107.32513027220705 107.49439482807645 110.5673071119617 107.48241198870342 118.58378212780491 147.9271068036843 137.64910879673101 106.34290453235731 136.42625862655186 104.55172324983438 105.88748781475415 108.485200672131 138.09059725135464 136.94994710975985 140.28508498541265 136.51477645040856 135.9261814687566 135.40453978605899 133.99580947807846 119.97829155548243 138.00667914477606 139.34135349267177 137.06352747925681 138.2457100344306 135.22928319004191 137.17074363907471 138.22756928183762 141.11836075538702 134.93856900298059 137.95324834320743 136.8707966229226 136.05612868042644 130.17141331235382 132.49448093703884 139.21596315090827 142.7020054795702 135.99517642946657 135.89037975645604 133.5370156560659 131.72699592663463 128.6875692056301 127.95690148259449 142.07897323732465 137.24202620895591 133.41811575051489 132.7515585888469 134.90346132355538 129.96679073460058 129.1296633213569 140.50760815901185 141.51842302850727 142.00069989979059 158.54119687974892 132.3554456585247 133.75326302324009 140.96267524624017 143.4170641360862 151.49800706178914 146.80581768281223 156.70996516130856 139.89920580349857 128.98274173448115 130.52069351385052 150.78307691546905 152.59933596362862 147.44996750617727 154.94451687175606 156.24736278557805 140.18438950860835 131.21017530813191 151.9629962970815 151.31046876571239 154.52037734464611 150.22879063444302 145.78017104810178 121.09471024232462 156.9309281781243 157.09651865130797 134.75256843851247 160.35475782331162 155.28389463814531 154.13527336131497 156.48544590540217 157.51937177411614 156.05653506354474 151.80244061486479 154.41022682711048 153.35367130764854 156.13534073712546 153.21260822500767 154.56628939832959 156.65291382350705 153.71114579676919 157.29327611393802 156.22746764980951 155.36244639470692 156.35309218479679 155.45425516294219 157.7161157742342 155.6401174650637 152.6403708282574 160.91265141639494 159.41026929772201 157.50102087450588 157.87151118616669 156.74109983624876 157.08614509564069 158.23849256961452 159.81007142480689 158.39266744262699 159.11764743656286 158.17491663427003 159.56841804202904 158.48281490458851 159.50722179535671 160.52933958290805 160.87312977571909 158.72724256230757 160.12841041504507 159.25421116700676 160.50106567687473 159.11996970193007 161.61464123331899 157.3124209754472 161.96782331776265 159.85985509860052 161.30385783064227 160.44420963687151 162.97455592422105 161.81337808217719 162.27927963676149 156.29574936651142 161.95263184946108 160.84585002945437 162.32143375924713 161.12292560731566 162.74738061749545 163.0959385120195 161.52672646332536 163.01214238189328
