# Created by Octave 5.2.0, Fri Apr 02 16:04:31 2021 CEST <br1@br1>
# name: ptcls
# type: scalar struct
# ndims: 2
 1 1
# length: 2
# name: x
# type: matrix
# rows: 2
# columns: 320
 128.46921938249363 104.42080461001055 102.73505738104258 94.668862796365389 106.15659069174977 113.50413100234618 88.775273020886942 98.994877301344275 112.94970900817478 114.38672794939238 106.52314687803413 103.80038934749585 112.6458869058868 111.98232878637781 112.62277932986767 112.92711845705124 113.31124268828458 114.01543129338137 106.97769750846643 106.69070270849325 107.392283084901 137.49241936378166 113.09887348157032 138.47012358450365 136.89177866987291 124.86247025800122 137.17936299481619 134.09586987596714 140.43783472722754 141.51490941088821 136.83736549335558 139.26781087877447 133.1745255972414 121.63441063780171 136.04173320447222 135.66251862871468 136.7383583848376 138.42392507111643 141.09525549733306 142.5230078967781 137.55219975497985 138.97813823696183 133.90739702362816 138.1336105083227 136.20656097266433 142.20137553859783 150.85459853408869 148.7729671432501 138.20918444843551 136.15938340346753 136.97882441623574 137.25901388403986 139.69595216266379 138.02852223904389 149.87468999193248 151.90899630174172 139.16804177497585 140.25661798003466 150.58317168118796 148.6660468634939 147.60943596400571 150.49118515228537 149.5070298648165 149.91074958095905 94.636033591406388 95.386776920654512 94.291554379755866 85.111563929198923 93.24114059037629 93.570152788098071 91.889564308306433 60.878862081588252 97.416033558603957 96.378481191299613 95.137622898319535 93.931596885164183 95.130511325689696 94.045991538740452 93.955850096441992 92.094738656772734 99.918332554390545 98.329102168061809 97.346157569942335 96.294513222889123 96.174052907771156 95.01093995711507 94.922487142684915 93.902129841657413 98.526275615186606 99.262047673800694 98.327590292288946 97.193972439114731 97.042593060987429 96.088511146237011 95.77569662510561 95.037519590504687 101.61790168076959 104.77425332032237 99.376000217879579 98.135111643431998 96.840946640920336 97.039887907516231 98.279243859212826 96.132304089419193 103.72699766518184 106.45056789825901 102.32244171105823 97.941993927411716 99.128364381365373 98.430007954385673 99.101456790333515 100.23026317152865 103.61117331245499 103.88140569069952 108.13788573409539 100.45104936065981 99.187718494277917 100.76159249287183 105.98677206348708 99.326690600337685 104.66373044921802 105.43578749855719 104.73882072917799 101.07143102809377 100.20339499204204 99.9524661536488 100.79498022630889 102.32842872175756 107.74420691649456 105.53456922159283 104.06420526588998 107.60777470530985 100.75004997464151 99.959476131879725 103.2836797996802 88.016341394718424 101.47360470572761 100.4812430572899 104.79388868634304 108.90522697766065 104.51947647956051 101.61518417020395 101.10626419417939 88.087249123816775 115.1462213177669 109.81343512743517 97.060194509448024 103.72984654036563 110.38834403121307 105.42341810643416 101.78341820635809 89.883205055928457 111.04969682420499 110.69554169785494 112.23751270340658 100.47621426772741 109.89286074110495 105.91778551278141 111.09598429948271 112.01504081881735 109.18837387084427 111.79346363774124 112.15870876145871 112.70694034050841 112.03440563916379 105.1094574279541 115.99070101344515 115.08841047133228 109.92603717821741 111.14706821431857 111.65030567729563 110.95390872677653 113.02784684542475 114.16069766106139 110.86688458764412 115.78505300936553 120.0201857371907 110.56226356525397 109.0708944588083 111.89445034847436 109.81520175118312 110.14704774896136 113.26697233313197 112.38322650606355 119.20536511105783 140.58767680315697 137.83277874342534 111.09246316037222 131.93536556233317 111.89143746179622 114.48848367902147 113.58080873542099 136.8212777778715 135.63606324289361 134.03408033054936 133.22482234051836 134.64246147466068 132.66185968546881 130.43075496796246 121.86327307225164 135.12696361108942 136.25899847029919 134.1612668212868 133.75691937671246 134.19323736656716 132.91302232166868 134.87281350212314 137.31206302723533 135.22799466194661 136.29853965904846 135.24687624316715 133.63791772287001 129.58465578942096 131.44239809696037 136.24909563721266 138.1110694881844 134.46728649256426 134.92748253768221 133.39788625391697 129.94447131182758 128.36208453647973 127.23511946455409 135.01032589905188 136.07173315595011 136.59855369294934 132.13953327443451 133.48886014247574 129.44850687063547 127.72257383638321 137.31985874242378 140.3170844482114 139.24454914320026 149.7908526871378 132.42636909214488 132.97417895624997 139.12662923525471 139.8620864881583 146.70860785781315 139.21055352496384 150.11133685401927 138.69478904970916 128.51723393920059 131.01013126663858 146.49886267442648 147.56392565914919 144.39132535004657 148.32187670126183 149.59644443776591 137.54870718422654 128.8016440208078 147.97241765529313 146.81067806671064 148.62321452214675 146.96734634079351 141.23971070176231 125.48219823019224 149.95415423857202 150.9908932242615 142.83790185300211 152.8694229580102 149.0262202538193 147.48741427955792 150.83611893831727 152.28531422221118 150.0051011073609 148.40799604806494 149.06163690790774 149.11439356899328 149.51875732645962 147.73117458174954 148.24513361189895 150.55009048682433 149.97799988949481 150.91546976938088 149.78253639913848 150.93147602901254 150.27015409330508 149.76953438988889 151.23271407655923 147.26411705432474 147.97684222112204 154.41595512143681 151.60749104093708 151.8929966471662 151.56310291721837 151.0496282015375 151.26854980444654 152.37738892664291 153.59961582148034 152.37639926532691 152.8187563721051 152.81720926004286 152.79628810342473 151.79195072218866 153.39962240914781 153.4461760178431 155.02317175801389 152.97717103972815 153.76672036892901 153.82040299029777 153.63310699306592 152.57826967592749 154.6229944753172 152.98057825944923 155.49838285354528 154.33437474945492 154.60582401397917 154.71340602902075 156.39149283833044 155.4261474239876 155.4417199497066 152.10687423497282 155.57983770723305 154.97899352798422 155.83205541600873 155.64360110477759 156.78424247806888 156.58901850103123 156.51067655021484 154.55745669284116
