# Created by Octave 5.2.0, Fri Apr 02 16:04:33 2021 CEST <br1@br1>
# name: ptcls
# type: scalar struct
# ndims: 2
 1 1
# length: 2
# name: x
# type: matrix
# rows: 2
# columns: 320
 128.67291478175684 104.18792931412936 102.33423919544423 94.314606206052204 106.02785544217451 113.4829688730011 88.264682588427775 98.667148897446026 112.61624076546339 114.29313164553095 106.31107996566043 103.67589251228506 112.52451110846249 111.7993562340378 112.07648816878196 112.73179160142563 112.95484053315175 113.82096367814161 106.8179878123828 106.69298141567867 107.11856670470038 137.83112802709772 113.33136900417129 138.47788483931404 137.22338136475443 124.89091594896448 137.30778950067196 134.26556541967005 140.40389917229075 141.76527167266102 136.74379676515008 139.54656776904042 133.56214971385361 121.42928781751695 136.63991354120412 135.98662418941873 136.89824116002146 138.48599349094482 141.08596250963888 142.43583035884785 137.93688348612625 138.85078947321696 133.88483646589566 138.20498031971877 136.56584652996852 142.24712314111514 151.11394086811964 149.01660431016998 138.37025915827948 136.21204735181297 137.41340999916352 137.27929914306773 140.1157099127492 138.34000981628529 149.98952277458696 152.05697000480856 139.4516437110077 140.50717737822663 150.8015131642621 148.84703364995823 147.65970324920042 150.45094340016911 149.91064189373677 150.02903265810005 94.325010482611916 95.126549666404955 94.184662636960951 84.728232792067416 93.094391862215232 93.192939486966011 91.60470275312359 60.15760985571643 97.201681992444207 96.228626959570661 95.002376784347518 93.970409674584445 94.764562892986106 93.825497310974669 93.706346428753221 91.814860993580481 99.776902943981582 98.180883937738855 97.101585670641143 96.088895681539427 95.846444548653935 94.752262550948643 94.90392465906244 93.856126398661559 98.190046367130023 99.286249272165293 98.005342749616602 96.924168730783236 96.736153609916016 95.807560526232479 95.958697718555356 94.974083200375347 101.54521027252238 104.62083259671284 99.201869748793584 97.879268580643995 96.782328541319686 97.037803604691248 98.000430282618481 96.158289688018087 103.46620140280794 105.92838528298638 102.16064516096954 97.70980431643423 98.843623182661105 98.047347553745283 98.938868369111916 100.04406493867803 103.1952522553763 103.51633846096738 107.88509388531858 100.32826257611676 98.839233672877342 100.41514408877696 106.22805630205588 99.181451892335076 104.53485925502983 105.16833111793866 104.34280948651218 101.02053237361747 99.825048461823727 99.697862959346509 100.66010762279988 101.89983922945207 107.84012080732143 105.45795849545135 103.92822586211726 107.42612435220431 100.71382564857238 99.765505636569216 102.87086976026765 87.668259047279676 101.24498387347361 100.09045188811334 104.71474029696067 108.49912084814444 104.28685920021026 101.62140748665776 100.758266177135 87.615944588615804 115.45376923343383 109.75943673533219 96.564408973922951 103.75027406635816 110.45408408635656 105.04196597328183 101.50988938550807 89.436289701677055 111.06911369870882 110.45455506802345 112.12979988824527 100.42378947207831 109.6049432066192 105.65915899784279 110.95865345725052 111.63145834624953 109.090213691684 111.8774770537174 112.34671437829476 112.90726477776656 112.03753246870649 104.84022266237689 115.55861713106806 114.92786303719474 109.93596661364089 111.13753309894872 111.62636830608116 110.79927968728617 112.76368941053049 114.03081413970642 110.58918415537335 115.2890986990713 119.90467212537447 110.48658972694075 108.85712928295102 111.60993918401519 109.65291486672182 109.98616285644688 113.06961347905924 112.35990696866908 119.21116076507631 140.87362862135933 138.03639435554433 110.80386640550105 132.31198939574742 111.56969643071483 114.02663322046239 113.47207326497576 136.9758209625939 135.88120190097436 134.06082650097781 133.29768539249383 134.8571929996873 132.98413527946408 130.56965319562931 121.92829592095012 135.29650357785141 136.51561293411368 134.0319021019622 133.75395783358175 134.2338314721276 132.99746385571504 135.04419947955614 137.68950800051863 135.23590506106669 136.67817899323947 135.40747355691641 133.41670910812283 129.61055875594806 131.50265753036112 136.47200100447066 138.389986512772 134.34551750760451 134.62670537611623 133.21319482596573 129.90711354980826 128.31460898212296 127.28075305122522 135.09274790640086 136.28732511787993 136.56479438109264 132.18479799111284 133.55873466972002 129.37059945181193 127.87193835200389 137.36403354946876 140.20302882820195 139.33804355801507 150.13177518814862 132.47982436381969 133.08252400730117 138.90036697236994 140.06242543464867 146.67704536604083 139.21950264960094 150.62107270766418 138.63513909790882 128.65489980198723 130.84874194439018 146.90660746195888 147.64013093010405 144.51049322625946 148.70061762767511 149.83944602828706 137.75797138582578 128.87002727146046 147.965424067675 147.10637056491646 148.76303690505407 147.37762238096784 141.53424084689823 125.31125713975584 150.35762413168064 151.09712720257895 142.52288886282719 153.17607536644317 149.42786975827514 147.55677298005639 151.02271811351602 152.13239588623358 150.44110272246812 148.54024713508312 149.23364847633226 149.03343952894548 150.1436120258096 148.3500378974627 148.50535216905794 150.93704180947864 150.25995301315376 151.50697333129776 149.82663195231774 150.91241150600487 150.69808440460571 149.92318702190579 151.59655920160799 147.63785127989757 148.17818183386026 154.6172397867517 151.89239538679581 152.11197544626054 151.66456101022874 151.09651663887155 151.51541755906638 152.63242133661564 153.72066578643481 152.55129199575609 153.01583504192791 153.24688174884278 152.93027319588907 151.85525291208265 153.69716688976018 153.53120104130318 154.98379116838885 153.25955034829514 154.03641478653293 153.99097814791475 153.91423598553141 152.80603005500069 154.90725651309103 153.1705836805647 155.56078771886618 154.36736501331552 154.94280863735423 155.0249424027881 156.81574628888615 155.67042442442306 155.99596167158336 152.16919130520947 155.71304511229272 155.11615137878553 156.09522214297141 155.79963968324822 156.93570444533543 156.95483717181563 156.85274729758655 155.03967389499422
