# Created by Octave 5.2.0, Fri Apr 02 16:02:59 2021 CEST <br1@br1>
# name: ptcls
# type: scalar struct
# ndims: 2
 1 1
# length: 2
# name: x
# type: matrix
# rows: 2
# columns: 320
 121.55657852891423 114.55428465139255 112.78413513055874 112.49977784212901 117.54404695873136 119.52004511982851 111.63611434817477 115.49054029755612 121.63061612907636 118.72336262741132 117.93893912852431 115.60997253144114 118.43993151668245 119.97157157178619 119.38804907670334 120.52185197451013 123.61147333539698 122.54326248264947 118.31677011946229 117.82683024369955 118.62710448022864 127.55928245351532 120.94952835565333 128.5164875767841 126.48369239934085 123.43070381285085 127.5059764851343 125.27434966117995 126.81487864133432 130.08591996996722 128.78106660513154 129.60363846787749 126.42864134836212 125.24947766247722 127.42887901046217 126.48283206603445 127.93992075659997 131.34789028345483 130.60378150101172 129.44468425086373 127.86295224050941 127.69549140285608 128.62570183186835 128.55204406701401 128.88338070571871 131.02633057659068 134.66605440163011 132.61232822132223 130.00553748133862 129.30775359354539 129.32351884250772 129.7295514049913 131.49499721083617 130.36935056598583 133.7692024475256 136.84535125115536 132.42069000148197 132.4622535128197 137.93967188267777 133.9736163062947 135.25172009904486 135.83268168114026 135.74137220431592 136.64922922422724 108.12513791376632 106.79404198243327 105.68079722681112 103.72219775273565 104.13718712792205 103.32731538247313 103.54505385593588 97.181890783793506 107.82860112413285 106.75616761940437 105.79444322209294 105.02278565222748 105.15738435788654 104.32669976464126 104.59675629488753 103.54108047678021 109.6888802155993 107.93932342614077 106.90729750148523 106.05946533512083 106.26150856268772 105.39629168456827 105.69482478399473 104.70181884461248 108.89992963199686 109.00907291800561 108.03962926712296 107.01469874443302 107.61721752033451 106.44749959455457 106.75112214790292 105.80117572409333 110.00031879208866 112.10847425742425 110.06649348167751 108.46667613375166 108.5719094249469 107.47751741679158 108.49093926456858 107.17940467017387 112.39716859947724 112.09154518442095 111.74791173743748 109.54829579718488 110.51470271166215 109.57321516729067 109.48202434182458 109.05819206612635 113.38475845357547 113.00725622273056 113.00354841627109 111.16137332271462 110.71579688680812 110.66798117354583 110.78752442232009 110.12278224417761 114.09682059220491 114.63818527088688 114.03747401672764 112.51914037777819 111.57460611419479 111.56082763284904 111.61916834254703 111.84205781145016 112.62204289698221 113.83050899726253 114.71083991373057 113.89631290906364 112.70422267051998 111.87106684332736 112.28974115590358 110.39747514128941 111.94228287598106 113.73665928872865 114.8979083792178 114.69967654643894 117.24979926692852 113.1108303229516 112.62296824612375 112.65420367773621 115.70979101776933 114.5543092799554 112.74101937375538 115.52881929113046 115.86165941108089 113.48113769257918 113.47240463534835 109.51120645212011 115.07126044307947 114.79389565568148 116.81398199997504 114.79182798299352 116.42401922491642 116.5691132422256 118.89563010273876 120.32798761623083 115.95553987253362 116.38010666795631 117.59903079727199 117.88683617721321 119.05811189455177 115.84621787301054 122.42670687005263 121.4040783596171 116.97988561689262 117.15552001917835 118.3909224135556 118.90753086017442 119.99759254120471 121.14938958398591 122.28510623014816 120.47798344148242 122.75015376866568 118.04385446900737 119.25053062245459 119.64171083811742 120.59614813673831 121.68140766758121 122.27475622372158 121.7931811290151 121.99786762207077 126.22783468634668 127.45107370097394 120.85354172491176 125.36487533446268 122.96385081551919 123.48885796053432 122.76289078833331 128.71225730808445 126.98935366907504 128.23920410219733 127.05802607551554 127.77503446196616 125.67781535505566 126.41365169862533 125.90056277600792 129.0762149856069 128.45088599661767 128.11146982460929 126.6939880505992 129.00713966434981 128.6364924602797 127.72792863177422 127.34217538888647 129.96457562090373 128.97414326415318 129.15970269179195 130.68939855105157 129.70465136566503 128.73031778883612 128.81924044610204 130.52127503874311 131.00241995682524 130.20078160083582 131.22979345610929 130.75935433278843 129.78089899637786 131.37903536992633 129.33814348029568 129.9340796476354 130.1154012653717 133.51431388579039 131.88801377080335 131.07657369114625 132.91721329067329 130.95795882300069 133.45818472527242 131.89436372838841 132.53956435664514 133.55037031609814 132.02869362209623 131.91998701520501 132.83634138679034 135.97219994358863 133.45700375009901 139.27116772040353 133.86057651085824 134.72932091047582 132.41607043844766 134.6287795593513 137.05523474781273 135.00250356328047 136.99054333526655 137.67269571218395 134.64985855706971 133.53671849159659 135.78023616887674 136.82893722152312 138.09848568853704 137.32576086467711 136.35180314631504 134.08623311547589 137.56912880349162 137.72948996269599 136.49543697277028 137.27177255459861 139.4447722464374 137.43412459896163 139.56044917156908 140.83037682603515 138.75523075639217 139.86540582853314 137.98424059770556 138.06318927578309 139.19907470479782 138.37238478089432 138.44557225075465 142.00244175402028 139.03343689486601 138.83638647240124 139.12575631148232 140.31812813575928 140.24153945935205 139.56557106178366 140.33956630540169 138.68246839247647 140.09496421421608 139.94667963936752 140.0032987112387 141.17192325399128 141.67562734678768 140.60763343614599 141.33105913665929 140.29271935254457 141.29551460199991 141.03434943405713 141.8393072286853 142.29931655334772 142.78228156037733 141.77805280360238 142.38497312962744 141.44453242305093 142.73443847028892 142.00856198859498 143.18602694784747 143.40434365884445 143.98169251429579 143.22427723780805 143.43627307473665 142.85479106561513 143.92383861165541 143.0193645364723 144.30601304814775 144.72058625510849 145.06514719275913 144.38181698159835 144.62752601176885 143.89300397185804 144.92194519359757 144.28402362164292 145.42709510635493 145.76786495542029 146.18711007599026 145.61035822010044 146.31544068450353 145.39801866729312
