# Created by Octave 5.2.0, Fri Apr 02 16:03:14 2021 CEST <br1@br1>
# name: ptcls
# type: scalar struct
# ndims: 2
 1 1
# length: 2
# name: x
# type: matrix
# rows: 2
# columns: 320
 120.40823665983135 112.92504222318293 110.87502944977084 109.66572511962353 116.02070575902482 118.31354556793498 108.33471152581072 112.86871306637013 121.40070292254045 117.86578068020621 117.40478536599815 112.6945570520017 117.3365897932018 118.43518375773593 119.07085716174794 119.96883682882761 122.93055326485998 120.58721032957892 115.75012177129395 115.02137511861872 116.46411845021674 129.54470756449561 118.98890071995726 131.03803846982737 126.87746297422643 123.65826934055687 128.98662262474676 127.10093344028961 128.72388589119356 132.72920024042745 130.30924623879747 132.36989780457552 126.76220336775238 124.3941635638798 127.98503071628697 129.07293938300757 129.09094646188723 133.50677038540928 131.67089124212563 130.37780491226135 128.77840335036956 129.48972081320323 130.19150179850396 129.94117627160225 130.45881374499734 132.10178606638704 137.45141366789071 135.30989478642149 131.25176316713316 129.95432370881548 130.70141535056294 131.3799308423111 132.70010077187791 131.81904608964288 136.47580855846755 140.44332703625412 133.60868050093106 132.75710170529729 139.95095744263659 135.94030105600277 138.63983391159823 138.17948059820174 139.50076877036662 139.57434452428302 104.49506156057888 105.33668329556976 104.37735752518367 101.42967673048102 102.84978845546455 101.66503353887835 101.70621296060847 91.411872976820632 106.3679092609232 105.55516694364032 104.53483440456105 103.42467811812668 103.76889029099806 102.71252428113924 102.54018126111781 101.31280936914088 108.50782305684261 106.43510826752501 105.48485562431023 104.45754841489571 104.55564561587271 103.54619353252146 103.49306669188073 102.45889454398382 107.61830746917403 107.52173942626342 106.49647443574341 105.36013935498887 105.55461261078139 104.59041152586772 104.48978769236143 103.34340635591956 109.75028921020268 111.57630077229652 108.49583531583175 106.44402030425853 106.58043061232 105.67260777527959 106.8123595376361 104.22476944872149 111.22213998243657 112.10105625023144 110.67267210539636 107.51821986295333 108.60260269618431 107.66544344802611 108.01680704787124 107.09229404469988 112.87000520385176 111.92602572313554 112.69682667192632 109.77078980069882 108.41250251904815 108.75493756452293 109.11878277060057 108.51438052982331 112.78160508638157 113.7680885486682 113.07430611422573 110.61992616871689 109.3804837912689 109.8498391029288 109.87230809952764 110.1705861792111 111.24847758283022 112.16529418012219 113.34662972483011 114.08270538862953 110.51025830536516 109.4164230512702 111.10531701968979 106.10093117876814 110.16833711236484 111.93238728440534 112.95004709823125 113.95252007487549 115.70971447379033 111.62587937900388 110.92172849285674 108.64824788015794 115.2525799869869 114.27090102286083 111.21838000280795 113.91775098261782 115.01528997819416 112.39110206592969 112.09910799499727 106.89996767977999 115.43499860035239 114.24690051817035 116.37393681742405 112.49493827442404 113.93578961192435 115.17275347237384 117.39284741996877 122.09072336092103 114.11757408420588 115.06944458808368 116.16000454543405 116.76064318719013 118.08000749178062 114.13135534158504 122.55440555311465 122.09223041709082 114.63735197164787 115.4432114356196 116.59993921299466 117.229011340981 118.38963689895058 119.4884020563822 121.75592654616904 120.74120806735712 122.49240229129985 115.89673614901812 116.92535238752437 117.65321864169844 118.09593934675328 120.5493416700504 120.38284559465102 120.18420833780411 121.37787543705423 128.48238316592358 129.24183658400645 118.83297631025316 126.30234207751867 121.40822319379429 122.48223366031674 121.50950339604452 130.41341425634047 129.49702574553339 129.16044149026317 127.42836829334087 129.19661066028715 126.73456436653689 126.60280673325613 125.03451048540531 128.51859331031568 130.63823686478071 128.90693538523109 127.90994161087269 129.68186300715828 128.37105613267644 127.9719299493545 127.8524095115372 131.26890358590677 129.60641738639006 130.44463484493127 130.23818112648092 128.999623702538 129.17492639819207 128.88702606752568 131.95214365462419 131.44576859563824 131.03474166993064 132.25708775418508 130.93035931364039 130.28712843598333 132.00353075272588 130.7844985636635 131.11702861035212 130.13848478566598 133.36059143921889 131.98982296234317 131.43464038990689 132.64240134462918 132.34198959907519 134.33472335733367 133.00414960574795 135.35846681101296 133.03726701007292 131.64041689419116 133.43054517866875 134.5360729492501 137.8020396658664 134.648106799 140.89582784311224 134.46367502846593 133.57910875720324 132.07150311947117 137.28604651349724 138.83958181354561 136.84400322875734 139.07948878120013 140.63668044446507 134.71544430668396 133.69361260175279 138.35603993575825 138.98910804577315 140.01055285824208 138.70030833773362 137.77977568995067 132.7187043919881 139.0472467328602 140.32033683960958 138.08997986680697 139.36605353610426 141.0190028470245 138.58648582146066 140.87881146649028 141.94153833513343 140.57135878807125 140.61624544409057 139.57035406955606 140.07629088504527 140.77477969669525 139.83833888417018 139.71946490842569 141.74920882088017 140.34184330797541 141.43470080530267 141.02635260826625 142.21884724194851 141.83386809040152 140.66027919810912 141.63145790350117 139.82221203441648 139.45571236866587 142.26438563446243 142.13471000849842 143.04191055652888 142.87287950407193 141.72979494278746 142.68915520909403 141.93797315658085 143.11165186201202 143.23709058488876 144.13514111897936 144.02962413670505 143.78756114257763 142.70642432776964 143.51920831552749 143.39199767665488 145.44570702263297 144.16600955230433 145.11458080014768 144.99788752699095 144.73715722430578 143.75008857054914 145.077044084232 144.59634580526875 146.4708947977324 145.14170866138284 146.07647120301962 145.80625075232953 146.96242091645811 146.07334964814874 145.82584859168989 145.49219747826947 146.6909745652747 146.1465342124325 147.09981666534804 147.23783807571508 148.07415341052928 147.71353947682573 146.85728070129065 146.64991464398281
