# Created by Octave 5.2.0, Fri Apr 02 16:08:05 2021 CEST <br1@br1>
# name: ptcls
# type: scalar struct
# ndims: 2
 1 1
# length: 2
# name: x
# type: matrix
# rows: 2
# columns: 320
 192.140571389066 75.99421330642852 76.946246301835188 51.33147324805249 81.259886320577081 107.01466262864042 27.080380342821265 58.902769224461842 40.372997566102384 115.15973110161575 81.057559319300253 77.471501528592256 99.376950435016141 106.05270932643781 105.02452267501258 109.4233556581497 19.025142503994275 58.776346123131304 78.036066138922152 79.472290350223631 79.734987876961469 155.8418998959929 106.100428469587 157.8467691348375 154.59818414706933 141.82273361003206 155.2111722493608 154.85529138895703 163.61039913173764 158.0012796468049 152.91252289144984 156.95240795156573 155.59077976119517 146.77507707249026 161.65826512242427 154.90346644229501 156.96136385306195 160.6205355688808 159.85919634239676 156.63594417079324 159.51679460975473 160.32852727294537 154.39622174351913 163.7600817068066 156.32505402167843 169.21891146777332 176.46890814232674 176.1711987950726 158.13129647256665 154.45755399474578 145.38047766467213 159.04010006375159 160.63712042296507 157.72112120125325 177.7544888474919 180.90868575781067 158.87554198066152 164.7376625559672 180.55618628788881 182.83668834107735 177.31482010919078 178.84291854914429 178.28174391197979 177.09510543486476 67.104188313333367 67.539926758141334 66.800322350229067 38.217388153444659 67.615707211870074 66.82240623621135 69.692615344635144 27.354326883389284 68.684419597281646 68.855406673367426 68.373643481674975 67.645789109912627 69.908553699146808 67.219650364002206 68.122848595910341 68.006492969676657 76.539067383300392 74.337327648820548 69.862687007038872 69.191806876183065 69.611433030914498 68.01774953141863 70.988892215897991 69.048591480589636 78.135631063871287 74.995704100228551 73.812373437542149 69.76694961447906 70.924046893001147 70.481771979823918 70.636430188946306 71.031814287107309 104.08811702304179 48.751901338350493 75.371719472854807 71.190137622647498 71.680355098707565 69.86997136124468 72.3701226540432 68.77461415338432 78.691657221681268 80.9564895551419 77.765444674783424 72.02935683823361 72.781316746497367 73.11679127957207 71.734804957656195 74.246836695069121 78.746481016157162 86.640721640875739 79.123295872847891 76.085893532713484 72.485894433693062 75.551237139658014 92.410734771081081 72.141706575595038 61.040267708184246 82.306401077374389 76.606998008200293 77.727762805560303 75.005117918031019 73.584479627386798 73.917861936515806 75.218267059096704 117.07694437131339 77.379221302757685 77.513950717702372 79.928278984554808 75.791836587336519 73.874962981688597 76.267079620948252 40.154148134993569 73.053614382228545 73.077479275032587 82.075610577688366 97.500225309577559 80.148701994135195 77.244222442880314 74.691459961951381 30.430994317564242 121.36110262317509 124.03944230287492 36.409097330214109 80.041270232000898 78.644251025790624 80.199927954985711 76.641876426212306 39.723342582777448 234.86638910443656 129.15344182744857 148.526189185362 74.111933530730965 77.869731569098064 81.217880265572973 106.92353344500575 20.472846340260187 129.55340712250296 116.81603027246197 97.65211662793493 96.025749850435119 60.310566590237258 81.657517725538639 40.163531311721542 61.533272701982739 122.70634418657154 126.50517943034038 119.3081762828712 63.078686075803745 20.654309772767476 22.052582995229933 88.604992649877687 61.879110563096539 119.50425059892021 102.27429690858285 90.431167025543715 62.354028926814067 94.309710069389965 126.39365385029997 123.57390768940382 84.432100579671285 91.379119823699767 176.3422292821248 146.50371854414854 60.968236633412971 168.21838118639337 39.51996266493088 40.689374176525277 62.705753896992825 145.77864242425468 148.98681825962103 186.99821948818109 177.84137749843865 177.37999289061375 157.28401017428899 125.64627780735256 125.8962081182996 137.03685595975807 138.16918945807123 154.60983835685238 176.47446065889514 167.47710468483504 154.71241379742162 155.88130504094994 157.32803845432181 121.50118890295502 130.54988361015833 159.49125589629224 165.89139477893158 159.01686905087701 116.44549139205331 156.57309284981434 158.0109346201649 165.41415105405318 115.73451112748184 160.0321098000878 122.71294826148905 121.62852255000595 128.03307315990335 158.51483907050493 154.26345780433456 115.66274767055266 120.77814483211475 160.22191630257629 117.50052857828619 231.79333090443032 156.97129837284632 161.44529472324479 156.59127311133645 191.49703864412848 113.7843271770674 161.05377800444819 155.40252514069877 159.61531886130743 173.10775454193836 170.97620091384164 178.64252203757718 147.89557568070893 86.227597896006216 128.95437105507287 175.23651713992368 174.78768019143757 158.96952887342277 175.94708361403971 177.54135366762171 147.25272876434531 122.26084556355988 174.07064753645216 176.39188073719811 175.9845486307382 174.90510528668239 155.85956278894017 104.57040483347257 198.45983600824977 187.21344724260828 104.30131272160344 184.39235318013388 176.88184232157516 175.37408030475351 178.24995090131719 180.77858140776428 167.10628065359089 167.16294786406536 158.88054144520515 178.59926352658337 179.41431402110666 174.54344991622679 175.08214923591677 178.43325778057172 175.85459222957402 181.43210067015579 179.4310655244185 176.28693819581517 177.52626889368037 177.95905625398876 179.86988780379394 174.03570770861293 177.00564010331249 185.30437954913046 185.57815876049739 182.55940894455111 181.34878761255285 181.93697274943383 179.8331710433975 179.36380770452197 184.40258705662839 182.98817288021408 182.28830840118223 181.18331009921837 179.71851037962529 179.08781806284125 182.11495034355895 183.67700459687438 184.21044059161423 183.43456892372697 181.348439252042 180.2275877664905 180.17118932473562 179.6557500880989 183.03491687269721 181.94420123924101 186.30723855565907 184.4208248156086 182.90216929547614 182.07487420332109 185.7262849576056 183.18818853662157 181.39982141043654 171.94966814378932 184.20390980154465 184.05048444262937 183.11629567869466 180.78464878791766 185.29189303531567 184.50731881825644 182.45950944443209 186.87165429620347
