# Created by Octave 5.2.0, Fri Apr 02 16:02:30 2021 CEST <br1@br1>
# name: ptcls
# type: scalar struct
# ndims: 2
 1 1
# length: 2
# name: x
# type: matrix
# rows: 2
# columns: 320
 121.19208047774632 121.34280337065265 121.4290352282227 120.81309441649339 121.34587087579864 121.30522277886234 120.79570157905377 121.34689550288228 122.22527288323313 122.34913783558751 122.5948956781853 121.93089955362083 122.36809472950955 122.59545392426369 121.88477967583226 122.37775911619865 123.48590380882644 123.34041810678589 123.72711343391552 123.01812251884078 123.47196348142158 123.64187404590943 122.99003181882493 123.56160095487823 124.53199695101652 124.32476509973827 124.83386963083254 124.15137728188272 124.53042759739736 124.74181252209407 124.04880767411655 124.66425449099944 125.83591700449411 125.32390895039744 125.83422072894339 125.19772933564823 125.63760902630541 125.83537510653002 125.14483248248007 125.7241737295555 126.83908756113685 126.3312418239871 126.84605564623456 126.36390278370777 126.70856998641628 126.94602822296187 126.25732784536761 126.850974521476 128.02717842065559 127.45015038022589 127.98544535393339 127.42072291918724 127.78142845570719 128.01303909751888 127.30599396797767 127.96671416435895 129.07343965968792 128.41086374018153 129.08509716315641 128.56839216465659 128.83856666993969 129.07562986143176 128.47934880831832 129.1413878319261 107.73948373284553 107.88391194745489 107.85004478776931 107.78962815191331 108.10591163322 107.37346971929506 108.1395612996853 107.56350875223497 108.85600741668331 108.98021707026987 108.96510470748208 108.87650378844691 109.2338775970545 108.53990590976541 109.24430808406551 108.66608322808392 109.97213134363052 110.05893731873944 110.08376468921246 109.95669670591531 110.37040078344496 109.66823742840779 110.4143611924879 109.74153095118864 111.08897023248706 111.10284000986114 111.18459862504376 111.0008750056906 111.44834057416918 110.72665229406554 111.47759426032489 110.82171241672054 112.25751608766309 112.19149895168073 112.34249973285148 112.05734234922132 112.54404392071461 111.8824000863918 112.53317613639379 111.96384099200066 113.34813940005165 113.21382191702675 113.45339246830473 113.11813680784843 113.60497591370419 112.97750903607145 113.67301914907073 113.1243468233653 114.46255213366383 114.24379124298716 114.57955497777611 114.17704209105163 114.76028859964283 114.05531892218612 114.75539958947553 114.19503840186321 115.60696928464729 115.32372368822102 115.74303698237443 115.21788790202679 115.89716666289833 115.14057451503874 115.84998996427962 115.31631269635942 116.7323780536797 116.40257608182016 116.86694090967958 116.29693343846998 117.02138102150934 116.19637987488461 116.95047943934701 116.45089533887281 117.86701751906453 117.48206025669003 117.98828376144685 117.3733919785417 118.12053910929833 117.30583849714058 118.00230424937881 117.59287420058091 119.00108663168754 118.57084987829512 119.13066818278985 118.46822015367108 119.20679980877239 118.42905140506215 118.94094514926786 118.73823351048351 120.14402951612445 119.68656281496362 120.25503095192212 119.57176001582955 120.21623652090425 119.47676413685248 120.02197036195827 119.88216123657863 121.27243179601858 120.8097076799653 121.37075872969302 120.74196245703263 121.23980274074593 120.60213010060943 121.29334852229113 120.754335817832 122.37778242288056 121.94247126718122 122.44925753214682 121.92166755864091 122.586222152198 121.923609213318 122.4323691954513 121.86121620276884 123.51311596614154 123.04600906614994 123.54227444730353 123.05833404088111 123.58606125417479 123.08501147510248 123.5931103448675 122.92265372624271 124.62664244089069 124.17085723963689 124.65241334021087 124.18005948506179 124.83509371749807 124.18972184291883 124.60300292010947 123.99844580425949 125.74812021000787 125.29305563161176 125.73527951619126 125.31866385024477 125.87429742368211 125.31376036444435 125.80284107894708 125.14106735455965 126.86341232940455 126.42848611819065 126.81956113829578 126.41119732434646 127.166207131199 126.4695592866838 126.89034547471526 126.31666453914669 127.9711923712822 127.56702784235665 127.8761026597932 127.63007094440641 128.15801834903476 127.5288315348824 128.06915648260664 127.50891858118423 129.09018521447359 128.71471498301517 128.9514063125815 128.8145480857234 129.48977059579988 128.66450212945568 129.45807662579952 128.54227278701592 130.21957312567511 129.87187487120738 130.04176177599814 129.93231184764457 130.49170734992609 129.79149202452385 130.54027739388789 130.02667999775801 131.34415347326265 131.01528450735719 131.1316129718337 131.18277746948624 131.44779256997089 130.89324526492075 131.6015046584686 131.04184026925361 132.4519553963068 132.14200762843694 132.22169334169223 132.36146702639849 132.47085858465735 131.9321113775311 132.67379942362476 132.07598901792062 133.55227161615178 133.22621725761596 133.26941234397529 133.45338348392514 133.53044885627287 133.06410277129956 133.76304929357445 133.16612291797526 134.66774162044265 134.30725092827495 134.35072007599956 134.56264162535362 134.59748614490033 134.1361264772618 134.87108485659007 134.30969016125653 135.79302530687374 135.40443574341595 135.4636810612397 135.68268384587242 135.70070358180473 135.2272678949432 135.96604264396802 135.41026062969775 136.9195876553737 136.4859742445947 136.56003132532939 136.77219132324424 136.80143264196684 136.33168497570605 137.07106475643783 136.53434683119943 138.04347321863898 137.57188162047618 137.66864367227294 137.86310278212741 137.90650380738975 137.40981323203721 138.14865346569727 137.65751053979059 139.17027803210553 138.65800780389279 138.77554563703029 138.94999964702473 139.02131645481236 138.51072299843747 139.2230483070602 138.79279257423286 140.2845535738831 139.75154201662741 139.88055096183106 140.03436870162622 140.12786859482733 139.62288875174013 140.30264454558838 139.92199243920012 141.36398696986461 140.85605821924042 140.98481087533682 141.12450174380487 141.22055982143775 140.72384567639702 141.37729146196929 141.0487421129809 142.47100925844859 141.96671468718515 142.07953987455119 142.21559640768407 142.3074485595333 141.85348830214687 142.45363336419351 142.17644893729263
