# Created by Octave 5.2.0, Fri Apr 02 16:06:25 2021 CEST <br1@br1>
# name: ptcls
# type: scalar struct
# ndims: 2
 1 1
# length: 2
# name: x
# type: matrix
# rows: 2
# columns: 320
 153.60723096071263 90.2459772884404 89.41387480558771 73.059210787261136 92.934630691087989 108.14174633099209 61.58319554544083 79.003444663551107 86.5991855192066 107.00897965109067 95.990591499377032 90.593071988679355 106.19587229075088 108.00465890516105 107.52802593318573 109.04547123944613 79.593077470383292 99.108833851578936 93.001280216233312 93.425147871716206 94.060776945876228 147.71563692414159 106.75428116007727 150.11614509134819 144.10437039027076 126.59765740675962 145.83393397564407 144.44729804184493 152.22646939146696 151.40360977410256 141.25282898901852 150.97880953834255 143.56546662265291 121.06958336033375 149.84178423037153 146.71371611241275 147.85955129007573 151.15574738085024 150.71685293358223 151.0252222189817 148.82450519990593 150.20042041098856 143.76667479379211 150.30411715290163 145.41239526659615 153.61461449104289 163.79931613406953 162.91492602804325 147.27669810189204 145.14747742366396 140.20733348794789 148.86067189222018 150.45220798532389 146.60335743484731 163.25616658832419 164.09826060536375 148.64477074882498 158.13709654955514 165.43918320045265 163.49687802762361 162.1551170396022 162.66058299535666 164.66299909637135 162.59619653385056 79.205610402157561 80.034126494894338 79.461164025429269 61.728364564177042 80.597610778614708 78.790579355044727 78.405710042865621 16.882476303409323 82.012371617004803 81.272489393343534 81.258151787620818 80.397258567143751 82.954101529399381 81.439858638849657 81.646268620972364 77.948807336082396 88.592129929972685 86.622759037573488 85.56383278328768 82.302066634932402 83.151735043482873 82.803231353334766 84.133787336015473 82.219488071845092 88.732326793749408 87.350302779456143 86.107400728978178 83.733330024014279 84.233999738424714 83.434705484071486 83.955133169626265 83.298403469143423 108.68371615724327 91.527804263041247 87.661204987667688 84.951161002153626 84.6242209551597 84.347236764623673 85.098422774983064 86.97400500160829 91.409098370988161 92.276167774154572 90.842050388985243 85.519634178838615 86.150127759368274 85.957371364530914 84.955764064181594 88.058483117353347 89.746896714938643 91.924323844919087 94.237014543634018 88.596436826968088 86.605823201098445 89.121537964708352 101.4484413379285 85.786936183192509 90.311224070264515 92.216219426126955 93.409254253327802 89.741094415717669 87.639833530365237 87.056978081739089 88.789400215602257 90.139002519789898 113.59495425693328 92.304250684834585 89.881421733288008 91.975612740282344 88.396284302771534 87.281145422481927 90.438055873350024 62.857866518814106 87.496985207628057 86.457807457972805 91.767827227173882 100.37522333856579 94.024198101456165 89.789157310002849 88.14042024484435 59.337672476557515 132.9521987027241 109.39446685125854 66.817276842418579 91.785532739367369 91.869747376008874 94.81174232235432 89.141512199266117 62.592881224166597 139.63919404048323 117.60081005354279 121.03550951718658 87.494224743280952 92.516599384075434 90.954102051820456 104.28746782530983 80.899363954220931 112.99202370137836 116.45248533669204 130.92256870850721 112.06694279870283 96.559030780018873 91.488609451830143 87.265686602112183 92.420775881207277 113.43573325176298 113.21134268005186 113.06796055953751 95.442412387780465 78.805038550764579 78.511328586008489 99.596111918640446 91.53192958040529 117.18508310021869 108.86189935866437 108.07218656214347 94.773822918848879 100.43020117422185 107.79476306297961 114.03297139010164 105.99840639987976 104.56638231788789 158.03073771350114 135.45079712393974 94.268102350360849 140.31531274506474 87.316258880532772 86.058108032639765 93.625327660099813 138.65681957861267 137.95873300902775 153.70884451206729 141.24921325855715 140.05384135103162 141.13068224207558 131.46075319189663 124.66329208743244 136.63516772618175 137.50942362371606 139.13153156657052 141.29833782743611 138.78192208549714 140.24534366553854 144.66661075896749 144.76531130059854 135.34389294534674 135.69820493783118 136.19057958076434 140.14264996599798 137.9157243826204 134.21729071604994 144.76708602741039 149.10824183360262 137.29365233443411 134.23357102533214 136.24777937747737 133.07799246705429 134.83155670065872 129.85565084419756 147.83916168888121 142.97756861083437 128.52796705297217 135.07546183258177 138.43263055341794 132.14110036515467 138.73083898382782 148.03415974760293 148.88986683745199 146.27201533792015 170.587125248798 133.77003179832235 137.27273583332695 145.8353772699686 149.68132169050955 158.93196014258689 156.11572907835293 164.47848202553141 142.14122908818038 121.90089424715745 132.63979153286232 160.58178184541521 160.75610372516923 151.66056579903253 161.57396739048744 163.03750759371687 143.22873638348659 135.25871250409796 160.00558784597027 161.21518617782007 161.65888632814296 159.3055015769626 150.76902868835595 115.0547917135718 166.1814397161167 165.85554390369751 123.62210945233193 168.85252702138177 163.70662153324233 160.45658759968316 163.54098582885652 164.79320341504257 161.102039011399 156.47531235617367 158.70159249713234 163.41818518424773 164.41255869834609 159.68165741395742 162.75358350369717 164.51215352931735 162.30355358333875 166.14362676590898 165.39373306072557 162.71899195579849 165.10320584411235 164.60586010780514 165.54277984954524 161.68947763020671 161.8837126941032 169.7164222145515 167.26873421966081 166.40774300049617 165.54167523075847 166.19800698615612 164.66908020580979 165.93869657083638 167.50817719119868 166.7368070745905 167.26868055349522 166.60814154970882 167.85727185884286 166.87505944022266 165.84923405511398 171.91712434919069 168.72248983021194 168.28729687468623 168.28824059965834 167.6193937155561 166.76094409756442 166.87173577263624 170.84310931939976 165.24007246336288 171.33978470372088 169.44827071883799 169.45014172882324 168.64741432323282 171.61125274426638 168.81684068892295 169.77841323970256 162.01752657475782 172.29203776092567 170.71233589929619 170.33052698544338 168.89880662269783 170.57122137116733 170.86906934251112 169.72706735212148 171.87995457908983
