# Created by Octave 5.2.0, Fri Apr 02 16:03:03 2021 CEST <br1@br1>
# name: ptcls
# type: scalar struct
# ndims: 2
 1 1
# length: 2
# name: x
# type: matrix
# rows: 2
# columns: 320
 121.32506750965307 114.10405492957072 112.53716054999948 111.79126466150264 117.01237444907235 119.23667280665801 110.58300493143486 114.83508348975963 121.40113415479129 118.52888046906416 118.04969468524635 114.94333959739849 117.94876151235486 119.59372455305432 119.48841055266058 120.34224889160207 123.57793424104557 122.32895882315988 117.62888877466087 116.90143564908114 118.09669953491534 128.23653745583189 120.51189335239449 129.36273080625583 126.61173246750674 123.48759519477736 127.66582356828692 125.87352974943462 127.13167133120054 130.43151585013845 129.03306051340442 130.37345040913277 126.24306851840669 124.77079050874457 127.81752472431862 127.03400983419023 128.25587529607995 131.41081579438509 130.77193892572211 129.57597125433395 128.01724959872632 128.27027673345768 128.92319813118044 128.93030472665984 129.44693534793237 131.43189021274023 135.59173720425295 133.1093758452036 130.14767627371563 129.13784947467241 129.54369870447286 130.07346125825327 132.02890279473812 130.85242780987122 134.19889183036361 137.60696255163842 133.01445295718227 132.52766936140486 138.75252171209837 134.6871802006514 135.84574778908924 136.3867523690777 136.65871541749564 137.58092100735334 108.18827488101925 106.73966114817635 105.47526581519287 103.563940205178 103.63988792897042 102.80028914132903 102.81520474659148 95.739386332050287 107.54066526385002 106.35429742295024 105.63074388834384 104.53675905430681 104.68003023500425 103.67601813060693 104.08683762014456 103.04715883920488 109.05030616902876 107.33535015391068 106.64369813482998 105.71283568746182 105.83745204238751 104.8319011891107 105.02331452820951 103.92302603985887 108.82462105129478 108.50141982909615 107.75165218300707 106.76669118702733 106.97402234467611 106.02528786293087 105.95942341048234 105.1122137328796 109.84157204689157 111.78235499393915 109.9007475759816 107.80216647773096 108.02220359992053 107.04265368522022 108.211479255545 106.31071451866015 112.38516122146997 112.01726594750809 110.80463057543628 108.82189499332002 109.9944616766296 109.01081888823319 109.34855325304814 108.48889275575029 113.30683882656479 112.89608057850934 113.02670018545521 110.87155260427612 110.00618424472057 110.10605393370797 110.46946425458718 109.57820475229305 113.98186072966639 114.2513056770312 114.13768173519537 112.24770361075538 110.79856989562505 111.06096430572313 111.4097033893696 111.39869891680898 111.9954199012718 113.38733891417995 113.93983099660711 114.19625859975982 111.81919811016117 111.3208536992331 112.06770993641184 109.77255591122413 111.45594820922766 113.18977348746832 114.94385991944327 114.93323226156102 117.26592623322435 112.99886058637965 112.21705347479833 111.63098139025918 115.41653544832901 114.11072203123084 112.17479170560135 115.05066343508062 115.53715473955599 113.36000490929661 113.28941789121153 108.65867204770139 115.2377656741418 114.51622937723837 116.58520734358919 114.26349778751533 115.96254715618775 116.08283787985262 118.01196337879041 120.69870392740823 115.465523115298 116.06117703804078 117.28716830483268 117.65096269776149 119.05806537811685 115.18774881074614 121.92225950338116 121.49808036913204 116.43715939391899 116.92935443057578 118.00018301883665 118.34307433849739 119.64209847253244 120.77673262177234 121.87780618927192 120.95026558933193 122.71900043382279 117.58304942441012 118.73941640483845 119.17491762829023 119.8649038197069 121.37268260184648 122.08843681143016 121.20802619801346 121.80958504131807 126.77454660453863 127.91872838205883 120.38751899174051 125.51015732116342 122.79364818103451 123.20519943349741 122.5192989757501 129.02848761856856 127.52814564151097 128.30373327011347 127.34960734808253 128.11300025975541 125.60801187025315 126.62104113921069 125.98075969948712 128.84833377006012 129.14810240669905 128.38120011762527 127.35455789504623 129.15989263457223 128.52085109358242 127.68985191547783 127.49826757099132 130.12615107199048 129.16106439008655 129.19670283475583 130.79279097310464 129.64955978475348 129.09332995328779 128.78796300721294 131.07403768127747 131.24065311238618 130.32990450950317 131.6415732209004 130.67540136835819 130.280936218411 131.63670246915618 129.75406443370974 130.07784556555615 129.97845611339505 133.9984312236783 131.96241287835397 131.33764445106851 132.85453021886914 131.40250498107631 134.11481851917262 132.10021735347834 133.06658668390847 133.15300535327162 131.8496779077453 132.34750885287016 133.2470818980774 136.59445460202514 133.62704240882658 139.70996283304623 133.68229637335025 134.11260046219033 132.41464810386918 135.29296006879613 137.448140393329 135.60047981050326 137.12326372559963 138.4680397339697 134.63917677464531 133.40003144727069 136.29209298566573 137.32542324197118 138.50689235166081 137.68888408597334 136.64238988282742 133.74435093460394 137.88944905336879 138.41991371260022 136.86204730488674 137.88355033893265 139.76509446803311 137.73043118634033 140.00281211810471 141.0282617023712 139.12113177144505 140.57430906699796 138.33355752214413 138.37778001030139 139.68815859122392 138.75306746393167 138.68510900319882 142.0445045951686 139.06026188630932 139.54070251198013 139.59879042187356 140.67173007310291 140.87335403562955 139.67185590902147 140.68057974351564 138.84815452081011 139.54669066478581 140.39758238533088 140.44372196011906 141.8029835302099 141.85546415713912 140.73088114921771 141.81301179644598 140.5295143351826 141.42101739579144 141.67259684742638 142.73117776638247 142.91046285442272 143.11079489869601 141.8649086112346 143.02479765071945 142.14044197437985 143.4662743845418 142.49905969835285 143.75078830063504 143.8979148319124 144.21779706008468 143.42941720370865 144.04229042659981 143.47271637982567 144.40594414166634 143.50755873442947 144.76138830903403 145.1004914099089 145.37418250089596 144.48894218288183 145.1266597421756 144.57899553213923 145.43733506024731 144.65069246256655 145.68861642214168 146.18279627421927 146.58785328928334 145.87823383811229 146.79636428279002 145.83624959616813
