# Created by Octave 5.2.0, Fri Apr 02 16:04:55 2021 CEST <br1@br1>
# name: ptcls
# type: scalar struct
# ndims: 2
 1 1
# length: 2
# name: x
# type: matrix
# rows: 2
# columns: 320
 131.18515803933644 101.32207647011268 99.098104984198798 89.945441592189596 103.6426237585502 111.23001999304343 82.307939278194269 94.625165249367626 108.93182176430027 113.13877723123996 103.12531238374905 100.04148737389333 111.49694626933525 111.78399759990545 110.41476905259039 109.84496494720513 108.37242082809183 110.10997509218751 103.94462238108899 104.11653888895874 104.68390427612016 139.38253021375115 111.58867547519175 139.67488629238014 140.10228597991178 125.24174613751126 139.84503781753671 136.35847712533933 141.69432837684207 142.76322505727654 138.59368807030228 142.28415407325426 137.12756167032771 120.95313622273112 140.72254041937782 138.5255945547658 139.65948075891316 140.41086905489655 142.22160748575106 143.8252203219308 140.3049201136584 142.73399054671199 135.65948439276679 141.19042039441237 139.05798848488533 143.36470626230118 152.87013838510862 151.60158871671993 140.46591036278431 139.25815794080128 137.5230667503138 140.09244992738846 143.32047600585886 140.89873478299674 152.50361251712937 153.99767053597469 141.79732544504344 141.78577816922279 153.93848142444571 151.4035008449427 151.06503523310516 153.0107461856779 152.12362518085303 152.11758789729745 89.267923898475445 91.685496754799615 90.482192577480802 80.000482100778839 89.990689108549617 89.65097868546944 88.351141321118732 51.262165736630621 94.306840683917983 93.369800602419218 91.834452363519176 90.741053168169245 92.023656442932506 91.061893037166797 91.308001381496268 88.98431065739689 98.016514129128709 96.039669205093645 94.882032419041195 92.769631458484398 93.090613190873327 92.430896944196874 92.987278292377582 91.705133248018655 96.993182256070284 97.156562380452399 96.046686761745775 93.812798130753208 94.136746435476681 93.488567092159911 93.710995719208455 92.595169055203357 102.18684394114676 101.1184457757975 96.881107010612013 95.083292550393963 94.484335586864802 94.753301858131223 95.767579693844354 94.632240586720599 100.91803681821726 102.75782470050358 100.06007216071177 95.216607808112272 96.387713668867434 95.565613673595649 96.863858273697758 97.654763964941637 100.26204852844241 101.04048407919151 105.63300546703009 98.079973732372579 96.138214114022986 98.54005004151044 108.49720022730186 96.631498942839343 103.19633100982078 103.87906122900421 102.15801244401474 98.873701308959411 97.173565938711235 97.464840670281575 99.67340567733433 100.2675745279716 109.02305879418608 102.15699601048114 101.14587186962744 104.43239837214384 98.157685094988182 97.272283542039688 100.2091469667135 82.908344339311967 97.598925598764765 98.484124084361085 100.53120739874312 106.9664247124836 101.39008352715071 99.134430960500225 98.489820090627319 81.803188654470489 119.24686019332597 109.01170982224239 90.449720702447053 101.83393972539592 106.3296561122359 102.2244264673361 99.207575063602462 84.050694065369456 110.65425719158615 109.91604975096436 112.08484761250504 97.390188386556176 104.90618815671459 103.600013341617 109.26490640305353 107.14599115185032 108.77506660388332 111.01523348976266 111.54131386092746 111.72004421260475 111.72211269896349 102.69602406606838 108.72932005533514 110.61501576312584 109.58405480953726 110.47391130851152 110.67971552660691 109.908031416508 112.16645049028232 111.25209245835568 107.13007439747467 110.00803613058457 118.259596778923 109.41744213472028 107.98152319282009 110.61088195711066 108.78347402297692 109.37210883409203 112.65172619992701 109.8179355785381 119.50304796535508 144.40036771252181 138.05146879674655 108.59515339860771 134.33067819368208 108.09059615816921 109.44042181851101 110.96932920230788 138.44350162048011 136.56620331916082 136.32194730916638 135.40528760304198 135.41651258351652 134.4105416257656 132.28273133685389 120.67654786617233 136.18006179725134 137.63461441646018 135.62837237411097 135.43543927815026 134.40760963054638 134.55433084930351 136.61044629394974 139.62174809994124 134.94287678405067 137.42621042167207 136.52335929189542 135.10217678181866 130.1414434412311 131.29294424808597 138.15121067074082 141.05291162928228 135.37027966323362 136.28688922662661 133.3873084278647 130.80935732240377 128.44486750048705 127.3030915828663 138.69497292967017 136.59463624735523 135.12505444682697 132.39461501802396 134.60894985660954 129.26453427340846 129.06198238561581 138.66677223584605 140.40677909445395 140.25584166328957 154.33648603394877 132.34512836075933 133.51506044984748 139.32965324228022 141.18772674441036 149.59634851921709 143.14348238633158 153.82780137714832 139.32511895362833 128.04408998001162 131.09201810830623 149.16431696949411 150.74177496459347 145.98023036621836 152.23670320369061 152.83136918849601 138.9132339442925 129.6487694630699 150.45692708404943 148.8600602509045 152.02070273044419 150.28167471338548 142.94452485555516 123.20298369104023 154.47889327531192 153.2622058065339 138.63772865066983 156.23942881281727 152.3039840354659 151.21013024451059 153.45238414723718 154.61211266142681 154.03330323222954 150.17134387497396 151.06652273271678 151.84949335948986 153.40705705038263 151.55171394140982 151.13255032081611 153.72449997552755 152.97024925260911 154.33183862420486 152.62009067847464 152.93400798861691 153.72058137232955 153.20768863707863 154.80634074152491 151.80179796303258 149.96359471824184 157.44256310467117 155.20025991640102 154.60782741757751 154.9076061540427 154.24472503251764 154.09871909792022 155.25037218131209 156.72992064980212 155.53809074364187 155.99931580857924 155.42998378695933 156.0724426741065 154.98626973709463 156.41708229751686 155.78307183653538 157.88451071799091 155.87178715031328 157.06861274460496 156.42597226039203 157.22766129398079 155.97823649780378 157.64102277294546 155.25421953838259 159.07421563700089 156.9359545328164 158.00698749255272 157.234699646617 160.99688245118145 158.2648464481461 159.03061133335163 154.29852524665182 158.5279449601619 158.20256560001141 159.16513240381843 158.02852852248947 160.21007362096603 160.16628164318038 159.2230477454205 159.50739473955633
