# Created by Octave 5.2.0, Fri Apr 02 16:08:08 2021 CEST <br1@br1>
# name: ptcls
# type: scalar struct
# ndims: 2
 1 1
# length: 2
# name: x
# type: matrix
# rows: 2
# columns: 320
 193.5564009385003 75.452026633199807 76.443414127631769 50.504874537321726 80.509576720173129 106.81765866426142 24.906667035020511 58.138069615366426 38.905027998951049 114.94937879404041 80.233773670369501 76.875419685809291 99.117534929634928 105.71394323679155 104.81792514290294 109.42526504747333 17.279554548385335 57.207678717160775 77.59141798519336 79.05287035531012 79.136838331751349 156.177848945259 105.99033745137939 158.01636691925762 154.87957880274666 141.94533684528119 155.55343863384664 155.25124765759716 164.23603638561113 159.15390735991255 153.96703601731195 157.46226858555522 156.05632508798396 148.61033484772582 161.89481014578155 155.77272362309716 157.53854075546079 160.95586252553863 160.02832913379132 156.86451792380856 159.84948977214225 160.78867941101035 155.11842262894402 164.57383578431188 156.72590268161767 169.81255320058372 177.08973745673961 176.59032589652892 158.78299396119465 154.73067216585682 145.57728206269968 159.07074054713485 161.17741774007374 158.05887353645727 178.27443226852517 181.35248391733384 159.10750235014299 165.20293697218412 180.98460833639433 183.61170421366447 177.69909559986027 179.53359607139208 179.27051145477341 177.66104729605709 66.663837846486757 67.341739177154949 66.840549638278148 37.322948833471145 66.943564709200729 66.000603386136603 69.094182717488252 29.037248743756621 68.05878277926972 68.522985118031016 67.909450764609517 67.087009005356791 69.259321025925829 66.875911815967882 67.852201295582276 67.922868380690673 76.259316279728736 73.768681687255992 69.682279334674789 68.761021256234756 69.013368317833226 67.230833027646398 70.427780119631763 68.240125437772221 77.556442125442075 74.547218815306906 73.416358914123634 69.129301047681338 70.278412469882028 69.801455068507238 70.088189925102697 70.518667463349558 104.5409557618831 46.581607276376587 75.217295493781563 70.137264990509777 71.043397331114107 69.205112577833717 72.0012686190382 68.115856492976988 78.065348037721961 80.430400575918299 77.433390588666626 71.449694647571008 72.319895551738341 72.710682803535988 71.213928090621337 73.884240098710023 78.293555678555919 86.933446466312915 78.696266312573712 75.616173484305634 71.16136847706052 74.909727180544991 92.066908977777103 71.703086519995139 59.3921683487672 81.795277546274633 76.429195528259072 77.371350454687899 74.527294921888057 72.990231393363558 73.653884141606767 74.69016095231926 116.75528766279571 76.94274171279622 76.880598857120418 79.734941687258086 75.300358628927469 73.364940208622883 75.767385164896339 39.877826962399361 72.342377071795809 72.952055364068556 81.578489747160489 97.407769928400597 79.304384954658275 76.824999301348498 74.259540943705659 29.331283735428393 121.06670799851146 124.28832502613061 35.252264413988939 79.818321880714052 78.026931381649518 79.518708888745834 76.02994192885582 39.127004750157155 238.48916282969566 129.22258955558047 149.56899311583277 73.380975558941714 77.56018395549502 80.80862743658021 107.02471064111208 18.440503531343012 129.48678957044896 116.54339818211199 96.287790035056929 94.838786838442047 59.086620336810945 82.012317550482436 38.012330244374184 60.149304079814826 123.41853380961298 127.15407289762481 118.59923885676902 61.752771986864445 18.077422821175901 19.444207838283099 88.186852242913886 60.425913891399041 119.78426441333403 101.97201910584779 89.709165787798781 61.293817595962693 94.044400459781514 126.94075139275556 123.92256714992547 83.659648379355573 91.57511853952704 177.23301618968333 146.5906681912868 60.25026754908842 169.19142365159487 37.875028197652611 38.85862268478877 61.28105656148302 146.95527125211103 149.48018025234762 188.22238520627448 179.55981123569541 178.80174846463575 158.00146131530602 126.35728114372012 125.78878633847083 137.31838695132541 138.16070427192392 154.85189912981005 177.8994216664351 168.48552626339247 155.55884991434431 155.99808743489618 157.83688076130355 120.45206008844325 131.2950606209175 160.07470693035222 167.17650400180787 160.03583715203635 116.01980676556225 156.28406503766129 158.44047851830192 166.62356286291819 114.80909268547872 160.74474794920414 122.23997381288952 121.58880995196772 128.63923285057103 158.92843971158646 154.59781888355067 115.09777710104341 120.02100124300634 161.15408475711976 116.99949546246616 235.22048022872207 157.30794636445648 160.99235261390874 156.7605178174656 192.2925244798204 112.7024865004736 161.94169676627416 155.58286553861828 159.97853690967781 173.67010641518314 171.54254793261009 179.14430891090493 148.02282729509096 84.872606674630191 128.94793523586574 176.07544085692072 175.23208839381437 159.24758725125284 176.52155303131624 178.30448071924712 147.51450029864338 121.28745403107055 174.64497202361713 177.15028365863944 176.47767526555046 175.18363530788511 156.45029058519361 104.17154228912096 200.50182815844491 188.26738624111272 103.56628241119529 185.38619136828066 177.11957879669191 175.93853404614163 178.724685893317 181.41008739972227 167.27724253930205 168.15350893320897 157.20556829470019 179.37379933276077 179.93532851930999 175.07913847669843 175.50654535414401 179.32349583014613 175.86124850025084 181.46449498588558 180.60612857317503 176.75976132378142 178.28944010835474 178.44404327303451 180.48430147683715 174.77923324306519 177.61436904675284 185.95532594512477 186.31669200600035 183.53884903085972 182.32821474982222 182.30354901361781 180.31185023787503 179.73038148341661 184.84749760184474 183.66422012489457 182.82047671786768 181.61695737305837 180.22743101414582 179.61240639635599 182.3805548277339 184.11897769732181 184.950754217445 183.81958513969957 181.89902029579622 180.80091564455995 180.63031829734717 180.34245515968783 183.56229102022252 182.41534169951143 187.1785996890203 184.67870049765344 182.88195166675155 182.7559259031118 185.63684726071344 183.60230816404103 181.70136136294573 172.32752135565465 185.00319704493629 184.74238605458336 183.92906841360198 181.4638965849843 185.92737363734011 184.52592892571457 183.19915065109498 186.64815470776884
