# Created by Octave 5.2.0, Fri Apr 02 16:07:42 2021 CEST <br1@br1>
# name: ptcls
# type: scalar struct
# ndims: 2
 1 1
# length: 2
# name: x
# type: matrix
# rows: 2
# columns: 320
 182.63428727143565 79.634609540964163 80.363404118588264 56.881493162959046 84.912236182137718 107.42864583827716 41.815546100814643 64.037180885531086 51.206594153957681 116.57209659533585 85.94559454838334 81.207313207479757 101.11874025686143 106.69244320255083 105.09260630109679 109.41053547269105 34.148253620068047 69.308827277504861 81.56273972934649 82.087977277244875 85.933262966576052 154.04421790443277 106.09147963635372 155.79643714986207 151.56814471304997 140.99954045907361 152.65783046843728 152.1967278709447 159.4096918557299 156.42790911009749 145.83222047494706 155.97851430795959 152.22690917518852 134.45263201019435 158.24575310340202 152.9079056007069 154.52242325615805 157.10910708966694 158.13201025195883 155.14523698429994 157.28807974196846 158.29611398638588 152.13398802483667 157.25529575042268 153.36712868621484 165.23303126176066 172.95469286263872 171.27013389843847 155.19962835323298 152.05297946249775 144.05907670648713 156.38988617816392 159.06538701613326 155.06227342743861 174.11243517404804 176.37837876721292 156.60070470100169 167.50617941648051 176.43885420517196 176.36249573889498 173.16111907853252 175.04970290831821 174.91104320267058 173.08538455407546 69.728473940476789 70.626840954983393 69.653686298669371 44.222909301838257 71.047158233494102 70.657267424000381 69.838340777717889 16.054708678065737 71.692874025204546 72.071548265061864 71.609576207125428 70.500667167499458 73.011571833822003 70.752824439452041 71.86539119560446 70.468708095695774 79.982322447627865 77.817771712209662 73.86779088247431 72.435330017167772 72.626814357568648 72.249084745599575 74.432706344590812 73.354407593386568 81.761055557874371 78.842873579588229 77.796925009101827 73.144144429287977 73.865081601714536 73.584779819713077 74.462465294630405 74.384776430036609 105.65842709852004 63.323875754461 79.155584616124287 74.214740618611984 74.787012139008169 73.407815406308828 75.782508789990374 72.322924662996726 81.951661503944763 83.931290560380518 81.593147785166551 75.138337462022406 75.874622408335313 76.762573642795317 75.443662976325228 77.903663617531265 79.866462976319696 84.675283527226128 82.55384009842092 79.62604117120388 76.762231878097168 79.028226884990545 94.719279383264933 76.570844291183548 72.106077692841552 85.317768598049383 80.00156449123584 81.041175678976629 78.540988282835428 76.983599110634586 77.568647911149753 78.826304065134735 117.97502193802674 80.49626796236501 81.034500868056909 83.034360042997179 79.31215542288264 77.521605372128832 79.954508597742205 42.167124249556011 76.187839433249295 77.336462500504538 84.299499947168172 98.12099715462287 85.171355303119654 80.72052810986051 78.275958960956487 37.814765369046484 125.60890327395869 121.50446426978746 44.176404053440251 83.209641795682799 82.199138500682338 83.833860289178176 80.22260000357727 43.429414811895747 210.54205123483979 128.68916422427728 141.52450565220113 77.24416840848734 80.894830179486632 84.099697401746326 106.2442008425775 36.147622793336346 124.44123763477815 118.64656002195474 106.81227782808836 103.99535864524574 70.755935253593606 79.136797696863255 52.882246021087475 70.087868167870795 117.80606657865762 123.09673481143813 123.7102249945507 71.981252101539042 35.526053303359127 36.564389757493124 91.412506810920348 70.241973990194879 118.86391457616406 104.30387644123256 95.278889621831127 68.903577453869019 96.091391943074242 121.70602999857992 121.23290845447278 89.618565353219637 90.063128446002366 171.74038472489599 142.47332144603087 69.430655380415743 161.62467690584648 52.562759649781981 51.731160165186274 69.103458638727105 141.32501261883735 145.67424487988535 178.84030426772426 168.17819143582969 167.06795806275909 152.46683822746041 121.25726428042108 126.61746864000705 136.99305968850373 136.37967817864728 152.00205863798217 165.79795798014769 160.76669324300019 150.76771181812481 153.2664204275429 154.08418026383166 126.58933411798985 131.10601101800242 155.57450157586524 157.17473424299166 153.64173960727723 120.36605613834072 153.25939365071261 156.82039384892298 157.38118204004013 120.9648812156877 154.63413594240185 124.15531407017748 126.23313254090061 123.83906281803455 156.17204940067316 150.78616199227719 119.52264469520196 127.0299718267665 153.54658561586319 120.72415065296485 208.7824711556143 155.39107329744743 158.69326438975892 153.93909016880437 186.15591946162559 121.04292030074728 154.65512728782801 152.88905831574297 157.74085874086009 170.63933074323251 167.1735852163963 174.87204095568902 146.92064022992548 95.325396096673813 128.99758298403501 171.64491436397529 171.68555682188401 157.10256547942092 172.57987392724723 173.63735928699862 145.61565164542111 125.87563725982473 170.52768145562297 172.229562906837 172.54604087220795 171.54417615592112 154.63061263573542 107.24848191697617 184.74931728551095 180.07551650876528 109.23651623434387 180.05377537753031 174.55321195420069 172.07984996909548 174.29584512310299 177.16576489191661 165.95839370667306 162.61155021091781 162.13477513239013 173.87523428535388 174.99456158018239 170.99131599042985 172.40918698735953 175.35778936176527 173.21793965216605 178.73171677930733 175.57937414208487 173.64421927662505 174.78731754171022 174.32252002152126 175.7067029424226 169.39063121449237 173.24411999956703 181.47353540947356 178.97859887208062 177.65889648186351 176.7084885913539 177.5472883197792 175.79763339753319 175.65833346821441 180.26878177631045 178.57335924311539 177.86521757771015 176.76782121671701 176.68775721119002 175.92055388195271 178.20250226606831 182.0203469916834 180.01554818041438 178.92489576569523 178.27605390344783 177.1591351325151 177.48917195595246 176.47117224752805 180.60983151264472 177.45263635795698 182.21817004536638 181.25527766111378 179.41815091680755 178.9376287756379 182.38053752056203 179.39689183079133 178.6233050528914 169.41265372126497 181.07474177777527 180.41045070732156 180.03145398575535 177.86285648084359 181.65024576919723 180.87820130941469 179.70046059813055 183.42365361639801
