# Created by Octave 5.2.0, Fri Apr 02 16:06:01 2021 CEST <br1@br1>
# name: ptcls
# type: scalar struct
# ndims: 2
 1 1
# length: 2
# name: x
# type: matrix
# rows: 2
# columns: 320
 144.95156445499015 93.266731610714658 92.346438716135367 77.664546461332534 95.679478670707468 109.41655087265431 67.103250177878593 83.26391391422834 96.876883804182896 109.89410536404365 98.494087107902644 93.492082761462925 107.64118724930336 108.57030950122591 107.99180968074738 109.20253956992457 91.687467811878676 101.47709340240573 95.391457131114279 97.488475056017336 98.52787453451019 145.93741665538602 108.09824904173875 147.76771199181525 142.46367312404161 126.22786342423734 144.01452420495229 142.24125597370704 149.99791853569224 149.49575986407928 141.10346451624375 149.55640121691741 140.48398451943166 119.15832684529838 148.14824452548498 144.61556541012234 146.10569038661373 148.79539577856227 147.95912643904393 150.45809962580168 147.03647387830662 147.77014120861119 141.29328824939211 148.62105689829031 144.04691380522132 150.29862761561097 160.07343026158165 158.8852895116853 145.09360477933976 143.40151083529659 138.79507336833851 147.09965154385131 147.21458613568834 145.16241809829154 159.79660303499278 161.01719047931954 146.18770228724574 153.10454947114235 161.7650767341124 159.55044919884585 158.78132446877203 160.01287778557463 160.46243964053645 159.18745811366659 81.499164908756995 82.909272924014076 81.781764665656837 66.711669346886623 83.105851006480009 81.506060368336605 80.574842559146802 26.258755239741628 85.092617956118303 86.071406157817435 84.058119519967761 82.6869072918645 85.251723564590307 83.725105649832145 84.130484713775147 80.468536328510851 91.512391776860014 89.134606112588557 88.096984094543728 84.908781346391692 86.187430690489663 85.13408219432614 86.162912768270544 84.228802895697783 92.003066758854075 90.0197682341811 89.027404515727866 86.989261921075482 87.080353950720308 86.156112931309636 86.183481236348385 85.225537821034024 107.09425656994533 94.351306194264836 90.332002574154075 88.059260619358795 87.182959880563445 86.696537123042177 87.282050080278168 90.302264265906629 95.24009140561644 94.634497639885211 93.692607176172572 88.163027686767251 89.109554904696921 88.320905404844055 87.54093325174162 90.913894935357462 92.254733407672219 94.580504524895915 97.705845727516916 91.04295560107434 89.039723103457362 92.039170815657855 103.36404218633638 89.13763064435733 92.987979590646276 95.684094299955945 95.378335825626024 92.828683933892876 90.072404461143378 89.925179813490772 92.011356474366991 93.247923249175329 112.34807367618404 96.356927305196251 93.272113570155909 94.57222331648164 91.163085034674381 89.959686045495701 93.286724399491675 68.198254143250836 89.397946764501754 90.304543161817918 93.589668599431945 102.21435283492447 96.435170116619886 92.502605628163195 90.895471111398095 65.464631434170144 129.90852126977956 107.76088335612847 73.262488804244526 94.548264314319127 94.296795330812785 97.495871970019209 91.968191766854147 68.70508471123398 120.71703014772741 112.60417636355305 115.28975163779307 90.480405844598522 94.332197070806544 94.533099043352337 104.50410387233767 92.572502815256371 111.00789625149443 111.2406780376518 119.19047679778151 108.36989203148219 102.68166044240569 93.775185327687396 96.589412619068611 99.612245374656538 112.15412905898762 109.34850458124301 108.57341331853424 103.24009140971339 90.590093758711916 92.896533039747155 102.23626300488002 98.026375984217964 117.85649419821466 110.68235071795708 104.64795182299298 102.14172938025746 104.58296771685029 106.71992845073004 111.95499076043561 105.532596088598 114.49442931448588 154.31336407687041 135.65485728468042 100.71958911425554 138.52279380271776 97.695502424358892 96.302787597755923 100.50232062253181 138.55352957289338 137.09769944196984 148.76991412018492 139.82453453922005 137.82434953029434 138.98931382670636 130.8339321059747 119.22272358986999 137.22286329052096 140.13594313901572 138.18828382450883 140.09805400381387 137.37988039323818 139.4712003802201 141.27423971196251 142.9498600966339 135.28943113008754 136.30421948439005 136.05991145073341 139.02244398932001 131.45374372657039 133.97055012598111 142.56479817305754 146.0354215530474 135.96343124887559 134.49096906868991 134.9502932360277 132.91557185702186 132.31200349932226 129.32774085399188 146.0195131483074 140.24566108577278 130.32717270584166 134.14482049842201 136.66479817012871 133.00458166411869 133.48192389723343 145.32172394420616 146.59645068723532 144.41538885960708 166.1551327356573 131.26474543022445 135.20088761721811 143.63456829739522 146.96802782506475 156.42123478135272 152.9881191945523 161.24004771004113 141.06789961544524 129.38316081551866 131.9128904595666 156.77765650208394 157.52509089988411 150.11138340826503 159.39179947262681 160.58634735480226 142.35708060883638 134.22525999040062 157.58491722754826 158.26364291744937 160.34985799091444 155.56314066593094 150.44066107654166 117.27702588924501 163.05158810891794 162.35924518235953 127.7172783246059 165.74209529211166 161.33986471384335 158.63658020560626 160.68170453347159 161.97056726737065 159.02102344007312 154.75604822493739 157.69671502902534 159.68596297809538 161.65589003940659 156.28082876944251 160.45888280943871 160.58119444251872 159.39224267034749 163.43955500611912 162.45372336752689 159.99861197565664 162.14676181612322 160.83013199029594 162.30255814030306 158.41200230338677 158.5747913011736 166.7728755583812 164.55261731069152 163.53828073068928 163.03423601313469 162.05662530671637 161.68462897185663 162.77309560364208 165.81515087660492 164.15428380157357 163.51257827015681 162.90823169565888 164.7926514033376 163.65642471998345 162.8462334555235 168.06007447853256 166.78573626341338 165.31799466550649 164.80443072213046 164.30128613009097 165.50409629029451 163.97920521778173 167.65175703601113 161.82731078399857 168.78014471824517 166.75857093662762 166.18240351341427 165.54388332506514 168.04408407064764 166.60698675050625 167.29326628730161 159.91234439436528 169.13686636884256 167.69527797308203 167.40105989303066 166.02698387366797 167.69455771956356 167.8947803097243 166.58387407817193 168.32093318979128
