# Created by Octave 5.2.0, Fri Apr 02 16:03:10 2021 CEST <br1@br1>
# name: ptcls
# type: scalar struct
# ndims: 2
 1 1
# length: 2
# name: x
# type: matrix
# rows: 2
# columns: 320
 120.42227020354481 113.59293167350182 111.46260639616241 110.49232383035429 116.19426142052734 118.53848178041011 108.98540128936553 113.63341267546605 121.32407935214718 118.17343247727314 117.76708545434867 113.47727388564508 117.53883346377937 118.6198725792879 119.42758869635864 120.14493615179907 123.32654049997167 121.10167823166459 116.56778558699152 115.61723539716229 117.11936718522871 129.34195004739044 119.79167809528323 130.47450402920848 126.65866828583559 123.59189606164261 128.46845918584086 127.17258026037004 128.22896140993535 131.38421226450677 129.22871306923454 131.6446813025421 126.6040577142614 124.42614323599247 128.14477066345364 128.17404292005145 128.87514934166552 132.71851843806627 131.01226125203993 129.74005615530007 128.36839809790519 129.24122182568595 129.63893386285511 129.67469746972355 130.07066334104209 131.85303639053691 136.54298301832833 134.34086475050168 130.66543145548067 129.55227976488467 130.37425100502469 130.75842290986142 132.33010407567471 131.58751339040791 135.6020621131955 139.37582283135271 133.33407078570133 132.52158256587219 139.3356479997843 135.22462289279522 137.54580552513883 137.40402760068037 138.31299337426643 138.75408776872953 105.85325631669784 106.04561803448154 104.94810371194703 102.63842083857537 103.08289808825248 102.08111296047497 102.09299442192993 93.09479483718772 107.06214891562642 106.01757258091286 104.95041307427985 103.90046452523981 103.97267332964569 103.07783112952782 103.08556327340445 101.94979103128198 108.43305689110964 106.95151070996141 106.05675409166561 104.85062241159073 105.01360452535104 104.25991125774652 103.96209565142699 102.96884919952966 108.16867977313223 108.22393159780172 107.04454467846864 105.9518532882996 106.06193154244504 105.18471804301124 104.93517956336713 103.78854566336128 109.5636120205495 111.8014438685172 109.19957889581103 107.0254391482495 107.11451739693868 106.24913807407815 107.27723378357295 104.60944060152826 111.6172543903411 112.04286737359887 110.36385400153864 108.26409290819024 109.25170140289065 108.23364576961792 108.62315821150315 107.61906615193055 112.7488748678234 112.06139715754165 112.88973930520469 110.31224663381147 108.93068618790429 109.45570280934493 109.65348862463067 108.76517634399337 113.40141327049348 113.92281339729297 113.21109678621947 111.68867091965436 109.84725824612119 110.40677508891369 110.53214425225622 110.68094135372415 111.49238096038155 112.77602644357887 113.16958744045985 114.34839375230263 110.89954083209184 109.96119697231917 111.04655767348487 107.58697720590814 110.45208910475725 112.57525597910079 113.72595121718862 114.09648319589787 116.49844382554224 112.12353382624009 111.40953409388507 109.83795240027685 115.46623837089533 114.05776302216452 111.92307478441229 114.47779505477932 115.30826420762278 113.05849045456142 112.14959892072621 107.71961026411728 115.14232092250838 114.45420407560671 116.31150509952217 112.87184646719727 115.22726394579134 115.89412636079828 117.59641137989165 121.77147387016036 114.93428292345278 115.42991273408732 116.56221990558973 117.09244792625402 118.2304244707513 114.37046876980767 122.52963564200914 122.02608395963206 115.33233444981249 115.94920245578768 117.14093589157447 117.64564055513618 118.78959281116295 120.22174464485254 121.62609227455832 120.69937605766206 122.71288915495356 116.52024674937653 117.70919891746287 118.27868774551206 118.76803696135954 121.08080272756621 121.09900018675491 120.57007951630119 121.41339714159534 127.81516225678473 129.00361079933577 119.54541362527124 126.1667625652894 121.61876281401321 122.77224207888771 122.15221398412091 130.00168353095867 128.42678431758651 128.97930196947917 127.31601028865721 128.59612771425907 126.42679355539059 126.78971607120901 125.39187058984193 128.40164082574239 129.84822501909969 128.97982001132277 127.87585918461312 129.45744331706734 128.36315919705834 127.67843035664275 127.58789797594295 130.96568431946278 129.3232429470595 130.24937573095173 130.46626556466913 129.10989123492669 129.06063449447706 129.10160462403539 131.81491302073078 130.98434599460069 130.72962188409716 131.77249755841848 130.95609493523369 130.00143906942927 131.72154763407755 131.03475093665895 130.72829796891813 129.95524908157745 133.79772611594967 131.72276830680951 131.43777251515823 132.62230008401571 131.90200075938353 134.05422005523357 132.97732319922173 134.56205958098369 132.76454187678684 131.60178356399422 132.85743461455246 133.87497014444122 136.99897596021262 134.1766080810047 140.39698138624226 134.41139758819818 134.06363679347979 132.28601368278575 136.15648437124511 138.18894128542286 136.01042959495047 137.87780200800941 140.14861695387756 135.05877706172299 133.6513096801294 137.33193365673191 138.32508727543708 139.26739582769812 138.13327771824112 136.93943218051245 133.1175669363387 138.5179945222859 139.66028001685666 138.23278356240701 138.77468939573254 140.54414768041309 138.08929029026379 140.32429581878569 141.83440037400945 139.94030842139733 140.80010908176757 138.80757904026268 139.59607774765772 140.59992280963934 139.549241788648 139.25546211272879 141.87180255323787 139.89026483091385 140.55067699718271 140.55020529452668 141.64588022786469 141.48886109631775 140.48381543975486 141.57630853911266 139.42197260624047 139.50364644097493 141.57859211804711 141.63225483124364 142.52436265952139 142.68087711116479 141.51657870129787 142.56045846539573 141.28271251714324 142.67528534405122 142.55253087769316 143.42324085647166 143.51268942373719 143.62474962900743 142.60106193476167 143.45569191995654 143.00756559997703 144.89542157051241 143.73798564109489 144.44013568657351 144.46750032089298 144.62368843043296 143.61920295492408 144.47598039929485 144.05258579963169 145.88189630136858 144.66572988224598 145.67565242460162 145.50947685277902 146.36311903300592 145.67833702094174 145.70221365109759 145.08428415368377 146.50317975440365 145.7569171295701 146.68435235973126 146.64130437857409 147.45071112924398 146.75713424907019 146.776340609269 146.27234670175585
