# Created by Octave 5.2.0, Fri Apr 02 16:03:38 2021 CEST <br1@br1>
# name: ptcls
# type: scalar struct
# ndims: 2
 1 1
# length: 2
# name: x
# type: matrix
# rows: 2
# columns: 320
 122.49415433745096 110.76512317176065 108.3869662168367 105.06038944555213 113.93404983441417 116.53781398049335 101.8657522063875 108.6082438156929 120.64786834070135 117.13221952932771 114.7271667222831 109.31410220231598 115.37651244762621 117.16484170149917 118.4719904728139 117.46648436475826 121.90028631447358 120.31602195812933 111.84057343963104 111.81834659956246 112.87111809319745 134.09164377100154 116.24604221035695 132.98056109047045 128.85423074279728 124.02806332307915 131.40794357937204 129.11813392734831 134.09143481066729 134.81151027800894 132.69359854621999 133.87161026495025 128.91927041668586 124.13210308973093 129.92358385282265 131.06574310557599 130.51400792671785 135.2852724776447 136.19730340286969 135.12149160316469 130.24625400963788 132.48292890911281 132.30676396787675 131.40288153120906 131.9432650107739 135.10585284072852 143.44215759675765 141.82606018772034 133.61738874936583 130.99408562070974 132.84193040481492 133.00116195077157 133.97047928801931 133.61350733840612 142.99798587597539 143.97917787407638 134.96628457977462 134.07927366997447 142.80836806189197 142.35271720132911 142.92439534162241 142.2024708142124 143.23939324380606 143.19431424161917 101.43334925893393 102.87285360711468 100.34594267838929 96.355943951723106 99.776836153444677 98.935634837889097 98.494281106864989 82.035594040489713 103.33093069990176 102.18258417139101 101.16355529736566 100.58383638099524 100.72157960810051 99.827879498377769 99.451069898875033 97.681238510770058 106.39824697321423 104.22818651710378 102.48394687870577 101.59909968685716 101.77883633862481 100.82918765325232 100.51154350893837 99.848891881416222 105.36863770967223 105.14206821142442 104.04837176914486 102.73784327872167 102.73751587286952 101.8186726892537 101.43841247932029 100.686450971179 108.32685427961572 109.91661220665971 106.27134757233178 103.78620245902671 102.8942232732215 102.57398747645097 103.78348020705953 102.21416952378354 109.33397483525221 109.61988378027263 109.56761779573959 104.14110285718118 105.79775690566487 104.89680393176798 104.14168957390474 104.85432951517755 110.43266230185068 109.42806308260738 112.61531340934133 107.4198182997648 104.91763140300343 106.17636185770459 107.18144322945091 105.40567482647894 109.12585282742657 111.19178457625038 110.49194112082813 108.47825526952141 105.95907918277696 106.65805711611739 107.32158256690248 108.22655622072227 110.37588383598103 110.76675483246518 109.65204108366463 112.80586572021116 107.25403079708096 106.80656485018973 109.20213181746777 100.74949146936848 108.89764767923808 107.95936494159376 110.09614068157957 114.6084902393748 113.5757091913396 109.48381456406374 107.88959174806435 101.91218215637861 113.92478974573542 111.41336723029509 108.74078100058604 110.37737621501643 113.54123128246478 111.19078901427375 108.34008928910997 102.3568277308265 113.17334868946712 112.04463328825216 114.26383751523296 108.15082811034185 111.726822809136 112.43146546987084 115.1243556716269 121.07496831227336 111.92587296432531 112.58818528727269 113.82037306362214 114.93763832659899 116.02851561041145 110.93632026440429 122.64312880946817 122.08593221188767 111.11871461106007 113.14418740285461 114.22988518016798 115.30376961375295 116.49082202267095 117.70422764592985 119.54941879859743 119.54141650410948 120.76859707388388 113.48282446928522 114.59449137983987 115.71777687474926 114.76462551440513 117.96975656791203 117.11061316366614 118.77804063809053 121.67534720309908 132.1997568025543 133.02278712222329 116.81118768227417 128.94604064119724 119.88522479600337 121.191565266929 118.36652407921981 132.68346341290146 132.27551706676198 130.72766141034447 129.38632644351102 130.53786627431984 128.2901280305004 126.35948727017895 123.47517978685158 130.24535427228687 133.77955971773451 130.38905131538101 129.11334403284383 131.25147171832106 130.0991312143494 129.6981737978995 129.79560567269448 132.50111607904924 131.41482120266241 131.86045431175376 131.17678102437736 130.12576658649527 130.42050483917848 130.49046324255013 134.55812881106132 133.39494360419056 132.44403877472936 133.36907200148383 129.57587183205692 129.06298067286866 130.34389579849332 131.91150797604962 133.38717863949432 131.52206284121795 132.3578482323648 132.33218357693309 130.03279058747319 131.01474779506125 135.31685515436791 135.86833137640829 134.93544990368105 139.79045932415366 133.5016804841988 131.71027178685713 135.90585119446948 136.71708597162689 139.78595446303336 136.31922304652917 143.94181863541641 136.30045754870048 131.50705233890383 131.03926805511858 140.8300345673901 141.31574097040934 140.25510743061059 142.08624262471267 142.71217045327126 135.55435402446855 131.2405243981143 141.02619038720655 141.4815596164334 142.82920979041046 141.12118519240266 139.20024837190738 130.49647021632043 143.29912200333749 142.69461189766938 140.10264002294369 142.03928262281906 143.55608829416335 141.15039032858542 143.75428974942989 144.50004442015194 143.33822277422641 144.00108001275382 142.65670634024596 142.73981137390831 143.32579187804151 142.42077458420704 142.25176568861571 145.41615836878358 143.52163108835168 144.33333900244537 144.09772335762057 144.82726108003038 144.50156910148235 143.10189971822078 143.86716126674926 141.65804770760039 141.78163019317984 144.47992450917957 145.28069341138544 145.64394798677964 145.201253992023 144.20381313861373 144.93445089251944 144.86659719469549 146.54603134530436 146.05194351220902 146.90688397269585 146.3532710013842 145.88778403736094 144.92882360997058 146.44349105383614 145.63654075693358 148.71726610561609 147.68615036623962 147.52452562752217 147.16634879928969 146.90063912801955 146.05814391994991 147.23091093995325 146.77754640794208 149.06428060845934 148.16514303326787 148.37354288363105 147.98266156393763 149.50780823908289 148.35893277720825 148.51256706038185 146.70506820155092 149.77752397201968 148.9980023185164 149.72365552204664 149.12968392245043 150.22026676185774 150.58723420203219 149.53992177114364 148.01393502761979
