# Created by Octave 5.2.0, Fri Apr 02 16:03:55 2021 CEST <br1@br1>
# name: ptcls
# type: scalar struct
# ndims: 2
 1 1
# length: 2
# name: x
# type: matrix
# rows: 2
# columns: 320
 124.39531139723695 108.69705719045314 106.07242417660538 101.75399460262908 111.88703299477933 115.84926776824452 97.445648418197607 105.54944537930925 117.94484848634255 116.25865402662102 111.25570306221523 107.54532412733664 114.99796532663308 115.62170323925412 116.8010650763311 115.42321496017169 120.14001108617958 118.84814554130656 109.66100986679857 108.90957592071628 111.39214200995143 135.48520709738023 114.78056105686161 134.14152900769139 131.13811498779398 124.29355643873618 133.34522981342531 130.70195900190885 136.65895967917939 138.17329184531604 134.08925075411412 136.2323526108199 131.21242212879528 122.6257437959934 131.46837792468409 132.01227551111788 132.42995547745463 135.40016987105494 138.35481843850118 138.00577534807826 132.17974589844269 134.50460559714702 133.72902156799523 133.53474191766315 133.09241883711357 137.1004794058814 145.98880696034365 144.40454851219582 134.93062355152861 133.02322945017482 134.07959801570837 134.12392893852405 135.18035562077682 135.57219701423034 146.70794460599276 146.59224030868427 136.74979143622312 134.96836710294477 144.45348215058894 145.58844349513981 144.40003698153413 145.06116101808036 145.32434834890586 145.44748828736752 100.04093497469508 100.92776832043482 98.114826834082464 92.778186671829047 97.660903840334512 96.487530291582189 97.099680532608787 75.30390659902136 102.06755857573611 100.89503702784761 99.332360105786464 98.562792877163702 99.130392629314144 98.14091646726466 97.613014683046259 96.972982491054566 104.1731189510154 101.80574934022852 100.8635114877998 99.812641138160487 100.01521085418445 99.063918340034633 98.71548982595823 98.010538240615944 102.95370175924373 102.72951328814119 101.70476431332951 100.75028270816426 100.91498718799934 100.0040383991545 100.00286486632895 99.1387481030483 106.74771453298533 107.56751489691281 103.89016323726858 101.69155951610661 101.08990949104225 101.0700569305092 102.11230042489392 100.1595614297149 108.39142543530978 108.66962361609261 106.63526049446035 102.0675385809356 103.1725148949463 103.15506797808101 102.05234149626543 103.31563832481969 109.31319769551301 107.86423469099417 113.49417896852657 105.03247451265474 102.6426575875202 103.9162740962495 104.95966417727657 102.86477270421663 108.02775261334494 108.99859247702972 108.73138925863185 106.15383177013797 103.71262846887034 104.12742819660947 104.90624316686646 107.16818082221626 109.18289394732354 109.66454745320816 107.8576191799944 112.7627893668772 104.82855237691764 104.51475289503227 107.96275201961244 96.807883612479671 106.38487346090351 104.8293333325404 107.70520462193699 113.79191893810754 110.42025960964072 107.00765939394894 105.16767180978451 97.513339827836205 112.82729012807897 110.44618680974708 106.17490393027403 108.03453405803651 112.45172497918624 109.90534107279015 106.00208186824598 98.533050123844291 111.98743580183147 110.73298390428921 113.11117278020561 105.45459246857222 111.79487075035716 110.27918168162388 113.84260114412648 118.99727279081714 109.83419906737643 111.51391954027682 112.68593823725466 114.22811627553013 114.87866558590234 108.97485546900197 121.61449806151111 121.02005988937056 109.3000889638446 112.04689526129552 113.0889993384598 114.28012850234687 115.44992914853965 116.52832233465395 116.57659685974573 120.39021735805373 120.25602991864496 112.20242972886749 113.4312099176751 114.4783637770395 113.76995615090529 115.43905319292313 116.04548407162606 116.56820738224657 121.16388008555894 134.8686404391097 135.23851453162169 115.48997830113316 129.99334903740927 117.5568412101284 118.8259018643061 117.69787111527341 134.16510811199998 132.95557503873326 131.88996048657285 130.5490250656849 132.17643917307092 129.33091632979787 127.65279041462531 123.67393934578431 131.39095979072556 135.35643741938384 131.16028482750355 130.05159047991907 132.20091699330112 131.21378821864153 131.72731956023512 131.94537887060233 135.66785586427721 134.81303110359451 133.16154248285275 131.37171052230596 129.74078649317295 130.53483743710203 132.3165926516885 135.49533241027328 134.57508971735794 133.47065318990121 133.62368384137702 130.23474385977718 127.92716682999821 128.99563999713277 133.14121401699026 134.50490245107548 133.91034907813395 131.69319633376509 132.46937737752796 128.6069522061668 129.09682819783148 135.97646462110566 137.2094182062271 136.07587815508245 142.97240266692134 132.64094711258878 131.55868615403466 136.67791504812757 137.50470553379449 141.84929707096884 136.5013053497587 145.22726869875311 137.19220002451016 130.13499099725712 131.11318875520553 142.40766342379209 143.29057699433312 141.47842972841144 143.84309688355049 143.98996545767915 136.05901121344829 129.85804976538682 143.50237491102288 144.12846034651142 145.04705824771693 143.3497292658819 139.66936139981496 128.90102003891801 145.94638062760885 144.8045894067065 142.20138867371043 144.67644392528055 145.96541920874964 143.08523813778777 146.26582706063334 146.94979388855327 144.01775964343122 145.76297430770143 143.09019045043598 145.15726252672957 145.27694880648866 144.30815667351087 144.16583452980262 147.78136631285048 144.94809021064319 146.20383999158233 146.06671109992524 147.09721758647757 146.70912579586957 145.1042348397869 145.65986069964072 143.01116945113955 142.92588882117693 147.38533614673426 147.07798507023233 147.70664299382861 147.45292020649393 146.34606342445093 146.39311539894297 147.49867266370191 148.17280428473754 148.09112283303747 148.67195820053706 148.53535357184512 148.11495181798873 146.90461641152746 148.5362413352079 148.22210164556711 150.34100430146211 149.18762286847331 149.60543009266888 149.41937830152386 148.99046238486793 147.64292679487335 149.71944009264556 149.46296338728629 150.94113123496385 149.79685226759125 150.48406297522433 150.05741816544943 152.35526859694593 150.76829979147053 150.61950202977309 148.5462455694815 151.98255880564801 150.60955409750883 151.50045599554664 151.19208254866894 152.47617303723655 153.3923583279672 151.63690881224255 149.33058587679878
