# Created by Octave 5.2.0, Fri Apr 02 16:06:15 2021 CEST <br1@br1>
# name: ptcls
# type: scalar struct
# ndims: 2
 1 1
# length: 2
# name: x
# type: matrix
# rows: 2
# columns: 320
 150.05618829169828 91.485261112963173 90.939338160948665 74.948579268931454 93.760910132556873 108.3354904806904 63.863281096681426 80.751329484341767 90.716652889570668 109.17044797671849 97.60342245341711 91.990660719677948 106.78882201733651 107.67754611741269 107.82950476785996 109.29046759297263 84.143823570835025 100.31084293196544 93.972514327518397 95.408033225422045 96.418620984291096 147.26340601790241 107.25361483426408 149.25428636846101 143.59500197224921 126.44594705495561 145.36110639350784 143.54225514209605 151.62481853579021 151.0408563071976 141.1915512565981 149.84747257005856 141.50204362200176 120.30564506021636 149.13546657228639 146.46780625020565 147.09884144429392 150.45776353974321 149.50940841270062 150.92148879682767 148.07176044542564 148.8916226549338 142.48135039571335 149.66212012403662 144.8083874491162 152.25771910176198 162.10390349063184 161.03043205823775 146.40276077475977 144.60202017709116 139.89633630476038 148.2437244706432 148.75564087948706 145.82520004500782 162.1903826129255 163.17147432398042 147.64393539429287 156.07246185071912 163.72204299710094 161.78016166619219 161.05969384925194 161.48978509278049 163.20789611265656 161.30385165719679 80.261925869993703 81.288768690267148 80.577537879112768 63.772797295545075 81.795852711444212 79.891246384237363 79.354571977728739 20.729154841391807 83.508726317894215 83.733178279516878 82.371861050389128 81.409184317946526 83.773804332814279 82.575252701991943 83.084264980669772 78.735339002482505 89.718995560478959 87.757968741635281 86.743562831083608 83.478641942341284 84.594046545118331 83.519629864680354 84.481420027213929 82.424768541533297 90.02892514058469 88.67059630867486 87.5020051329426 85.691716833111698 85.594356020156653 84.511223545830788 84.697388090547179 83.836731879111198 108.68032844988265 92.997319533482752 88.849604381262509 86.452544516020524 85.294808980971055 84.965226700257332 85.895171641725554 88.141765885871223 92.960479596649023 93.301419686220427 91.860690711515161 86.363234981843831 87.351932530102843 86.909390247901769 85.871796915618873 89.105751167269901 90.803213381727431 92.959895041584048 94.531464284398979 89.694909405977782 87.664173014861561 90.125273098001927 102.23432886548045 87.109693089295391 91.562745506835952 93.955609190206545 93.896848512181833 90.991583885830892 88.552460829314597 88.145206743502257 89.580978421361195 91.251490824172819 113.08341350585667 94.261384716148015 90.855742525128704 92.638675225878274 89.329947361525001 88.463160997800045 91.854656144833626 64.923378135585054 88.800886067283784 88.481488337885324 92.332698796585774 101.12973800373858 95.346622542933815 90.709700554523025 89.345787697060885 61.851296664296029 132.219376439916 107.74524726090435 69.461466365218968 93.043770768834506 93.508780850284509 96.247290829445618 90.428226742836344 65.210420771618416 131.36404138118644 115.54064018450768 118.65816422707454 87.749772588137787 92.722480354617119 92.598528639555639 104.06105809345139 85.453946699334068 112.2542607654798 114.3424237075847 130.91584737117077 110.30144240295066 99.888197279541188 91.857056909363891 91.018488824192886 95.033803313941888 112.91443769982784 111.84401392966053 111.15283751901875 98.464664486647237 84.09870481678351 84.599631470000816 100.56963866602419 94.1265006131635 117.44036687026872 109.5510253444578 106.38309973986094 97.627197169062114 102.55879848726914 107.28820795815233 113.16395197133232 106.23658629314438 108.63942723956912 156.5056613497552 135.57318744205037 96.732383343125676 138.85714320462861 91.859500661849111 89.862087846683551 96.619911077260909 138.30540583632941 137.49559159604692 151.68261665898734 140.85483774419382 138.7438095266026 139.87043715865315 131.88339432515235 122.43126398586836 137.23937440607028 138.49400020797188 138.67168754370877 140.80176759883017 138.07496219176693 139.39940212832249 142.60867616313149 144.15899011678749 134.57796817754723 136.53202227246766 135.83975195525502 139.69257051280533 133.03497319335187 133.73432766110145 143.63317175608756 147.91340009745133 136.58388336111554 134.7827870078319 135.41092409782974 133.3151312468066 133.56570153898787 131.00741692158226 147.30298926716989 141.46872532897032 129.26610270543145 134.45855681392538 137.63177264013419 132.50537041863075 134.41544869878706 146.82227283223824 147.74553409088952 145.77194021063767 168.76887191007361 132.47004363739944 136.81220194701368 145.08933851101219 148.39943430121792 158.17372224963461 154.83260707474241 163.00383410000452 141.63908601965321 124.98695805723773 132.94272527286896 159.20880013286728 159.79551792229688 151.02500379256381 160.50261579557969 162.19303330894829 142.93293678641962 134.89237853949186 159.31763514007639 160.32983468219697 161.38899501504363 157.98994495249349 151.04500636412388 115.96647752923261 165.24960090444824 164.06896206776142 125.30217873326484 167.44911537230175 163.03556997325322 159.26265931300239 162.46326360593349 164.21718858873976 160.378563459931 155.76997322541007 158.28933507431921 162.13985923872261 163.42197884909675 158.79384956225815 162.38153679027133 163.04941514134742 161.36036038933779 165.11168430965017 164.16728475172894 161.49216467447494 164.05895784059518 163.23897658836145 164.05871095481598 160.10204608479751 161.26734159796993 168.36516156879958 166.11942125065764 165.33297451738756 164.52063669297075 164.4328369990892 163.52737535279829 164.82420722659776 166.40211742684383 165.58524352196358 165.46115525383874 164.8104044911791 166.27784320884751 165.16253376980112 165.28138425070475 170.09403621747532 167.36017186559127 167.25963276672306 166.58120980603707 165.88687638959971 167.02116167007776 165.89597689363049 169.5836046270129 164.06864960505916 169.93511959719996 168.3348531048216 167.77672773772872 167.1067502985648 169.37948155055867 167.92843178318142 168.45252129101357 161.15386209049421 170.42065146408206 169.18296276093847 168.74887398396609 167.34729487427575 169.30764167614686 169.30384899847701 168.06418381744385 170.44473068473661
