# Created by Octave 5.2.0, Fri Apr 02 16:04:32 2021 CEST <br1@br1>
# name: ptcls
# type: scalar struct
# ndims: 2
 1 1
# length: 2
# name: x
# type: matrix
# rows: 2
# columns: 320
 128.5371178489147 104.34304096349352 102.59423830205188 94.550777266260994 106.14283438315523 113.49513554517522 88.598690618578232 98.885634500044858 112.84177250441137 114.35552918143857 106.39203663714298 103.75662071551004 112.60532265886897 111.91811051198522 112.42583287503123 112.8540384517768 113.20311601457878 113.90114889661443 106.92632817195717 106.53113988091769 107.31911517400903 137.6361165684676 113.20446692918929 138.45306665295035 137.00120262974679 124.87195215498897 137.16426986249607 134.15243505720144 140.50603922463915 141.52666879321916 136.83866168459909 139.39230825861489 133.2912352896515 121.55804407977516 136.19620730854186 135.7276962570925 136.80584756163887 138.36744057038933 141.15481754856538 142.50950495286887 137.70495745778263 138.96564049247596 133.86585237188055 138.19981418125067 136.29208279216246 142.18415021028562 150.93884463691489 148.84886156227992 138.29912014056904 136.1542771899833 137.15531734013283 137.29882279102497 139.8354135375925 138.1392622746344 149.87265638852369 152.00586150718829 139.27030874928442 140.25130076613345 150.68567268016398 148.71734074830536 147.60327722126058 150.48599184543215 149.64868180350325 149.93912058253628 94.522750853320773 95.377896004763642 94.198626987481575 84.98378688348842 93.115095165233498 93.442059762914283 91.79038869459545 60.638444672964312 97.371739190964931 96.34884770911134 95.084773660765819 93.929290383902426 94.97666703961886 93.972946249158881 93.91021888712865 92.10301446092835 99.847923290407053 98.295648304849038 97.242512632022567 96.202060295524618 96.088911363250972 94.978023620444077 94.911776892410259 93.853394585015849 98.424886794171272 99.27194615010994 98.144448645580127 97.16714095086887 97.008324795126072 95.92726427707251 95.800204114678081 95.030699303985159 101.59917977671201 104.74263302089706 99.26916985154044 97.949427832599113 96.82220846307159 97.029090052968996 98.215567636887258 96.107622877801205 103.62933531116062 106.2792418294531 102.22891895004587 97.89300968820757 99.022445752457699 98.286335841642057 98.993625943638094 100.22510749890274 103.44862224435023 103.76000154252894 108.04005205672372 100.32845103997029 99.096382386735684 100.66212309746794 106.06720014301001 99.277291573201921 104.63055060485476 105.34930633730043 104.59164439685129 101.11864148949564 100.14939166147967 99.871281216696929 100.7514553465695 102.1511474715217 107.77617821343685 105.5648843643439 103.98078271845462 107.59028724110833 100.68766937391524 99.895974466675142 103.19138821307352 87.883051650490856 101.38176595133903 100.33283331143502 104.79541287935695 108.78294689477976 104.54831949323577 101.64771573365427 100.98392913287077 87.930147612083118 115.24873728965588 109.76307723695497 96.894932664273 103.69694169417897 110.4184736828268 105.3624915772109 101.76504033953876 89.757881157748287 111.0117908675123 110.73714443917066 112.15266171478318 100.49251716894433 109.75172410726455 105.83893821872925 111.05020735207198 111.85719327070554 109.17071937975702 111.73121368576408 112.20846497299827 112.74561473175449 112.02077378916306 105.0345812432202 115.8542473079813 115.0187493260035 110.00371796673021 111.16379350451118 111.71313363496756 110.83185078013568 112.9208926750058 114.10911262855834 110.79857763848855 115.53848436397068 119.99652132938033 110.55925475446944 108.99254880951077 111.87874554227379 109.73895097861141 110.11049314858343 113.23934228775056 112.34820388011377 119.19245686626894 140.68299407589109 137.91301552972891 110.99165889093587 132.06437178942167 111.79406442295605 114.47970069706722 113.49241263658487 136.86568007773008 135.75574467450869 133.99866445564626 133.24910132241266 134.71971908123007 132.78336688531681 130.47705437718474 121.89293963974943 135.18512334121272 136.35969214644291 134.06954953007528 133.78665066695174 134.16737352276527 132.91427708311051 134.99291550011421 137.41161289706136 135.21301618468391 136.42805578719606 135.32894063056079 133.56507125903596 129.60636934926086 131.44695354314584 136.34959272948365 138.16856398280095 134.32807675836312 134.84666965190758 133.33691403050776 129.90999483707574 128.33111570613579 127.30798708909519 135.05689486225191 136.06179934787926 136.60537792759277 132.15868227417954 133.55998986798284 129.37298624343859 127.78408938021099 137.36017786149924 140.30949648966481 139.2866550663891 149.90449352080807 132.45063228678751 133.08995601543091 139.04706507534709 139.91264269047403 146.71132360241305 139.30873558829441 150.26657491976795 138.68621094598959 128.57189063664362 130.93454637406668 146.63979106651234 147.53590852577651 144.43104797545087 148.43963172938095 149.67207432203256 137.60715670454573 128.81022308395737 147.97982448463353 146.85222154008972 148.67232581644899 147.09079261356248 141.29261421851245 125.42521786671344 150.07272144783224 151.04222730547667 142.7328975229438 152.99362944769771 149.23843027624832 147.56499877077425 150.89557103475758 152.2498513778545 150.07900007097038 148.45207974373767 149.17756033285488 149.11245520874888 149.70681425807101 147.8857914331054 148.27604951706479 150.69522135749943 150.03644175575417 151.11751175460037 149.8081215361062 150.96274845085054 150.39213729070553 149.85301678109579 151.32884722564802 147.36891321179206 148.05290331122558 154.48118466667731 151.68137018547324 151.90140136885236 151.57774361618405 151.10740239189576 151.32188847295745 152.60058830092601 153.61932177995632 152.44091785956621 152.96229845423966 152.95324749020929 152.81589895068549 151.8551461204853 153.50644230398228 153.56783130735323 155.03074700310586 153.07294307207712 153.86429341227463 153.86286305560358 153.7015241778783 152.65737427527125 154.64171899854884 152.98328409477372 155.53431946409944 154.33458530527179 154.63877509223551 154.83037888865928 156.51598072885034 155.63665060041257 155.63816423564617 152.16143276974802 155.65573618745316 155.01098698198024 155.92220710063305 155.75783774708614 156.81569928693264 156.74098332514043 156.55584581056291 154.58055108088138
