# Created by Octave 5.2.0, Fri Apr 02 16:07:49 2021 CEST <br1@br1>
# name: ptcls
# type: scalar struct
# ndims: 2
 1 1
# length: 2
# name: x
# type: matrix
# rows: 2
# columns: 320
 185.46594637030427 78.550236194506738 79.416134220779554 55.228295741497519 83.999598931345318 107.01043728244606 37.327885936739101 62.507781667340232 47.610085755687734 116.15139198018518 84.984567900964223 80.154841002422103 100.599909246099 106.42078371071601 105.27520856419027 109.41435425133831 29.49978014752902 66.171492465563801 80.513566255648442 81.027318505507864 84.206259056075254 154.37843282843184 105.62753305613236 156.20463600184866 152.43943413223869 141.24474692957187 153.11279370856298 152.98864040822497 160.66096636347689 156.56541360525188 147.9412467266713 155.5918385118905 153.49188085852791 138.12314756066547 159.24761500821799 153.49807662251754 155.10977832772073 157.28929247549965 158.6296815065902 155.41979829724812 158.04187467969459 159.50310292805568 152.80068399907896 160.4637409738196 153.95647997000455 166.42031472738145 173.41884259909367 172.31500894373463 155.96371979736722 152.05187310258447 144.45268550254224 156.97574409355585 159.42991051756519 155.88400586119351 174.81413268666321 177.89781609790353 157.5463893337311 166.090007101808 177.47752854839936 178.85056058404581 174.42155516610896 176.02438208377535 175.46107184471077 174.43226496779715 68.256084559571605 68.964453285987034 68.961476768316118 42.434030661891228 70.297187074636767 69.371035122534465 69.6157809285273 19.42055239880041 70.717256085790723 70.195652595262956 70.747814908824921 69.570717087390548 72.384489216676371 69.709623060351333 70.482117762458614 69.558228365074996 78.967140571939566 77.020775442354946 72.03832446845864 71.689556765139329 71.803743778321049 71.401973086180064 73.611496394081058 72.343805503125935 80.50066503364981 77.86716367780285 76.729287385995718 71.754932783214798 73.002603708050586 72.675161059057032 73.787526195922467 73.414981801841421 105.83039973231143 58.983287630513189 78.184374787809162 72.836323449854603 73.798492626869105 72.120836361109554 74.972207202632646 71.288030024542721 80.85531279619191 83.168205093835809 80.415342531454954 74.017079306052366 75.211533775396319 75.852330184582087 74.735206755117204 76.908138457382535 78.806473738900934 85.26073317810048 81.662690903086911 78.574696157152701 75.398741664566487 78.048384905320574 94.031627796656977 75.582805435889867 68.809878974007461 84.102902216841414 79.355273336481588 79.870573379213894 77.597682221855578 76.012668748000607 76.747230953972689 77.981978838977312 118.41815331668977 79.693433545698639 80.099584704732081 82.000534708854559 78.374014084457784 76.419765000073866 78.899803622336819 41.518139470186952 75.888584225372853 76.499500225689459 83.663803375538507 97.936086392268948 83.497532915549627 79.642775544667771 77.265402775361864 35.615344204775283 123.38561228361996 122.90200568611382 41.862738220989911 82.116107511780513 81.462391742784391 82.865963700120446 79.198813125775018 42.473315129309839 217.78759868535798 128.82745968054107 143.61011351314266 75.245147504806752 80.004488663032177 82.908076712138396 106.44655523479017 31.094906336581467 125.93152353122402 118.10129584125477 104.08371917272351 101.6214326212596 67.879469760383813 79.984889979375026 49.580704071643538 67.268439308159245 119.48450850031729 124.09017941169336 122.64387813440632 69.329423923660443 31.424243163475239 32.441004080541816 90.576225996992747 68.403381321847831 118.12522435872177 103.69932083576244 93.834887146341259 66.506734531338381 95.56067819346616 123.38625241609981 121.93022737551607 88.073660952588213 90.455125877656911 173.19724258195197 142.82848552772273 66.175133328721799 163.6171244191344 48.389941745520929 48.612315230134229 67.76233203826493 143.49700548713463 146.66096886533853 181.28644767752235 171.24922688233261 170.07336035049704 153.90174050949446 122.38854516787433 126.40262508034951 136.82952197166586 137.0893075063255 152.94388243505364 168.85182088354409 162.73717381723034 151.77754448696601 153.85707284656684 154.90007047238984 125.64308270439444 130.97284403896779 156.74070102143807 159.77904489259186 155.02388408602695 119.46112335574385 154.57498127236693 157.42504992432222 159.76661607646972 119.55736973666312 156.42338958293789 124.41197195544602 124.24314696237177 124.49452590534615 156.90495741480677 151.96175507548665 117.84388214771775 125.22077542354798 155.55937852382473 119.87583536770289 215.6367698041978 156.41927336162814 160.37063472656703 154.8298684207474 187.74689113300943 118.88443322386674 156.57432319387129 153.87967668890175 158.40757207699238 171.74208954275139 168.30627925393321 176.23066147520873 147.30832147719821 92.615413653921763 128.98471134562075 172.93889597124803 173.17950297360628 157.65868223508105 174.0115140927829 175.13922868829314 146.00601669550824 124.68713034995827 172.21085132005223 173.63917363829376 172.86653552282155 172.2081085001754 154.58407063121382 106.45075682827297 188.83330158590124 182.18558253216293 107.76645561352757 180.5580957011085 175.38364059637468 172.94518668610269 175.56549852996773 177.93268686166104 166.30031747809539 163.35258034915199 162.37164197853625 175.6965382513857 176.48084084918628 171.58718161002648 173.51443170680295 175.82970623747667 174.27231443383377 179.78692882690953 176.82780473544767 174.58850950329602 175.67402950971925 175.79536288424799 176.64552276584843 170.20417172691208 174.7100757800095 182.63014075381776 180.63777057200363 179.15211587541995 178.01408117089312 178.65168501368953 176.60326404128435 176.77321732522637 181.78604212277796 180.00366008721105 179.18451592641529 177.70411461242034 177.71968967204091 177.02389364344603 178.76932104475006 183.15357942143572 181.20291897779893 180.21096460089223 179.35478036219081 178.20400587751965 178.28484099833409 177.16574805898344 181.15900261131989 178.89129688955228 183.43310006025257 182.32091551719725 180.32639121522735 179.93200357035539 183.50272416217092 179.91136231885753 179.34670955623997 170.16836014499563 182.30800179747268 181.52825678039542 181.22910752583704 178.85222052257859 182.62022257872641 181.87196173744493 180.63962454197511 184.61967882741024
