# Created by Octave 5.2.0, Fri Apr 02 16:06:27 2021 CEST <br1@br1>
# name: ptcls
# type: scalar struct
# ndims: 2
 1 1
# length: 2
# name: x
# type: matrix
# rows: 2
# columns: 320
 154.27305146115282 90.013611571342381 89.328816503450483 72.704954196947952 92.71619899778787 107.88681495902723 60.973566230202088 78.675716259652859 85.733435385046334 106.59075734723363 95.591243785818449 90.451918877199219 106.08469421701608 107.74495260022542 107.58773218487491 109.27156451255814 78.799882905441876 98.839397460208005 92.724443924283705 93.322621403110034 93.81589279896852 147.95631136436614 106.81170343488493 150.04095107981334 144.14672732019599 126.62610309772288 146.22796217259761 144.61699358554785 152.45441113140888 151.52834454669491 141.26431856384735 151.09501171522041 143.80625176265431 121.21282179160576 150.1188958589598 146.97227160731674 147.86839753550404 151.21713484775398 151.0104638901993 150.9167315797167 148.87543021495927 150.51960797096112 143.849137338991 150.48449405411648 145.61725423229566 153.86903237653306 163.97035612615304 163.25119136726013 147.53416529905877 145.31187767582387 140.2916782299597 148.87310111795787 150.42063205925157 146.95349466298222 163.36230048315795 164.44312607335706 148.88839557274068 158.52421555558689 165.52056192209065 163.77165636814524 162.08473948426627 162.7912069380441 165.05718331944686 162.93010808033722 78.982323298867499 79.866180393186426 79.479722016850204 61.345033427045536 80.411935939543696 78.708267622787915 78.060971446226574 16.161224077537607 81.769395230212581 81.025351488971779 80.976644942993076 80.397953112072031 82.679912154387466 81.401468117910753 81.531958299486973 77.820354921481425 88.509071722651228 86.417179039882683 85.241583913070585 82.096108059868186 82.760397204760139 82.543740321653274 83.773903735123568 81.903363240891338 88.51821081870213 87.230099199487583 85.765759426395832 83.558268802119215 84.014813588623809 83.241988477162124 83.6651464852591 83.225133189578955 108.68468468760177 91.339507999184178 87.538721053017326 84.621393133820121 84.382781797764309 84.211978905398055 84.822316360968031 86.717973606661843 91.123526101649176 92.072662285823668 90.841922716513238 85.094196133971906 85.77824735386308 85.734784886400377 84.649416988300089 87.846764096600509 89.500760162946065 91.526125726755694 93.813607152927972 88.528240208118376 86.246961960940638 89.058538159937314 101.30108742651251 85.738858683676938 90.102084734493943 92.109710886448369 93.313727665025723 89.535861062512765 87.467961819524575 86.722714643834834 88.421749653871558 90.030540086939837 113.69086814776014 92.084231888607334 89.519481155944362 91.710022378541424 88.311993948123913 87.037378188260902 90.238389146389451 62.516431030820108 87.184308409154511 86.28592780891347 91.656638640099246 100.23375183884589 93.958469096988708 89.661581002854987 87.788714929787048 58.866367941356543 133.08857668979363 109.76480266098984 66.321491306893506 91.566159031470733 91.670557648597622 94.441955378973532 88.938418943391085 62.238357893249976 141.19181135130856 118.00994747879837 121.54925937588132 87.306944393734113 92.650261019380466 90.732797901414727 104.32991965003329 79.956514690828186 113.17808982269648 116.82526631733819 130.79835508465666 112.47343246359496 95.945276172847926 91.102698291543319 86.540198043646939 92.194708486404807 113.47883726697644 113.52537098800528 113.3000702324094 94.846957579684585 77.82062436836128 77.390418222575363 99.416908887084531 91.055927241019077 117.13721739333431 109.10753316420082 108.32369979516073 94.14454755437248 100.02721557889102 107.69869080975627 114.19591253112088 105.7877511990398 103.80268639507266 158.3166895317035 135.16565953205048 93.740142005504211 141.05523253774902 86.434848814196556 85.490103965810007 93.012455353066969 138.59575679540947 138.47403462690392 154.08876223451978 141.41090099427257 140.21729712719764 141.30677414119506 131.28268005617741 125.0817973564757 136.34678861904041 137.3847952840014 139.28753261331269 141.8235716090378 139.28289870713172 140.4997192312471 144.82264396590378 144.9489946744726 134.93688991205269 135.48822543611286 136.364131070615 140.20190085326138 137.99793784139328 134.02551368565898 144.93698930686958 149.43494071313856 137.30095515963538 134.13822731805215 136.40628869084338 133.0320459665563 134.7826066400491 129.14850160050827 147.98529243658638 142.96491816913323 128.38956661813606 135.23441241675565 138.39419234296585 132.24729536123928 140.6168089560596 148.30782460103723 149.10177669867298 146.5603875991464 170.92804774980883 134.09411511533398 137.58690144643552 146.12746452778711 149.69706876006646 158.88755499145282 156.3563144540299 164.54436866802524 142.23748421431637 121.25425966596853 132.78110366550297 160.65743479937632 160.93026184272708 151.77973367524541 161.6486268111282 163.66663520228579 143.28209550714948 135.16965073195308 160.30364750375918 161.45240228604578 161.90938056886645 159.48083589706295 150.74118250975829 114.8838506231354 166.34890608843077 166.19778140280943 123.30709646215701 169.14055140487102 163.99342134352568 160.55178485302173 163.86123020549039 164.99893416661027 161.31876658634704 156.60756344319185 158.7788907639098 163.6746273961472 164.68988114165927 159.8304117052632 162.96164387647548 164.59477625550846 162.64552138198312 166.37956994760503 165.69736102808653 163.07581981332353 165.12044557495355 164.55637815816837 165.69164582826193 161.64249299057815 162.08145807678434 169.94856326757053 167.49343024807968 166.73681611384754 165.58350810491964 166.5069912192759 164.96364353227378 166.0540284952655 167.79682581588062 167.23150850165476 167.65001172075065 166.52624404833972 168.06955361714324 167.01388176397484 166.16270743187505 172.1253027913308 169.05751593751788 168.43500015629286 168.80888415984703 167.94380497814339 167.1135890637095 167.2247228487974 171.0582895287576 165.67586360081052 171.69378136226319 169.85356465071067 169.87200708450257 168.9963247581459 171.92468043159127 168.87929810099791 170.01900777379782 162.17946366555725 172.70373631345879 170.7988957643968 170.57938584951384 169.16418695512513 170.79262115308296 171.10347488701697 170.00807140574972 171.98016217264316
