# Created by Octave 5.2.0, Fri Apr 02 16:03:00 2021 CEST <br1@br1>
# name: ptcls
# type: scalar struct
# ndims: 2
 1 1
# length: 2
# name: x
# type: matrix
# rows: 2
# columns: 320
 121.48875876810941 114.44536244128996 112.83305073050424 112.38169231202461 117.49207222600411 119.4259308484484 111.42492352328509 115.38129749625671 121.49166755115958 118.68957056414217 117.88851114775056 115.55235872822918 118.46449571864301 119.8951167914442 119.37658691774335 120.46746399184873 123.51042793204307 122.50742087009459 118.21252606985789 117.68208171085463 118.56747679427436 127.62940176581506 120.88317235596298 128.71001221823195 126.39005012273336 123.4401857098386 127.57782983555096 125.40785497649179 126.85412025232375 130.12322826182077 128.92801424432832 129.68081813047169 126.44943067997636 125.30939067551502 127.39918541816658 126.64350666995232 127.97385519855936 131.40760779939006 130.66139139599775 129.43537466895239 127.89550708335115 127.79132866978337 128.65989465197424 128.71528032766795 128.94824453518058 131.07204960447959 134.81803026270359 132.69997084958518 129.81925009165974 129.30488101830102 129.39110242697396 129.74194420008416 131.45866679403574 130.46331182696207 133.84517966814752 136.90032992081015 132.64183327162968 132.48448927226636 138.04571503610015 134.05003250780979 135.34342898625712 135.92697184288502 135.89791235580287 136.88315878174731 108.13036232964159 106.83036612263737 105.62948621892122 103.74244514747483 104.0423688192263 103.25699802672105 103.44597905329184 96.941473375169636 107.78139297466059 106.67880614804274 105.70448208613784 104.9392885391333 105.11049941426076 104.26241474611889 104.51696106388134 103.45512952495542 109.61552952739628 107.88325756256184 106.78826696537519 105.96278919666247 106.12928445161262 105.25986402970275 105.61493800746929 104.53421942424107 108.80843874048487 108.87409469056165 107.89259690301834 106.98718873039554 107.38129064773334 106.34531129497809 106.66289719910769 105.64089115849853 110.06802380206713 111.99415666348588 110.02234512013239 108.45438679423674 108.40168878259755 107.4846130646014 108.45048228313797 107.07060536285755 112.39502363112676 112.06444295024589 111.53983494711123 109.47610172991291 110.45903962169109 109.41007772825611 109.39313106572249 108.99621650733481 113.44185001008404 113.0137721126912 113.09784958523346 111.2071877023949 110.59787570978563 110.52833731225854 110.63621316283675 110.06157514663201 114.04955132572211 114.63135057182363 114.02291060664524 112.49706964355705 111.42888029250673 111.51545505492305 111.6931497053701 111.8041938486605 112.48128847755407 113.72055732987275 114.69458217006782 113.95539023143765 112.57315600041451 111.74538918349924 112.2781622373882 110.29688113610764 111.85356693460811 113.64248714534841 114.84418519666136 114.55441212933243 117.14231539651631 113.0844711785835 112.52281089320719 112.52758320699098 115.60404965986302 114.54747420224344 112.67425905532212 115.3884883365706 115.92866802133035 113.57310443441466 113.44228469296631 109.35731419648658 115.02646394103283 114.70180152810373 116.74373003402478 114.69389581494471 116.40351470434845 116.45544363545899 118.78927001758446 120.37877473368791 115.89437791161313 116.34517272145256 117.50457163937196 117.81597722471739 118.98447293357169 115.70023919901848 122.50129869312303 121.4533304910275 116.95611596219922 117.17047149862356 118.39528883789427 118.8575208147785 119.99379072823845 121.06723637555753 122.27414723584052 120.50080190659074 122.79279354297947 117.95389085152419 119.10656889084346 119.60839960915844 120.35266664664856 121.68937528845606 122.23388545855845 121.85836903284786 121.9186551951577 126.31756053424924 127.6401043806121 120.76840889450227 125.37851672772855 122.86076505139549 123.41636860308135 122.79301701354301 128.79814081365643 126.97678420652352 128.25914028643001 127.20465147489119 127.82008893831815 125.60134508693845 126.41717520910684 125.89916977498486 129.11293321452118 128.48307612952382 128.12408231565874 126.76908824095487 129.04367491067023 128.70167127734209 127.75694854324426 127.2399787776162 129.95339817807096 129.04262239581186 129.18384096614088 130.6506807497818 129.70503573007301 128.79337337123414 128.82201976188836 130.5955980342479 130.95164190312948 130.31044899696994 131.24172000949511 130.77896104498018 129.86102997696 131.3615780408804 129.39851201402618 129.92070695978737 130.09269292902215 133.65195449086482 131.98153901318005 131.12574637339347 132.93028657692892 131.06368282335228 133.6366388319118 131.953388649283 132.5434024485283 133.45586222066049 131.98702694155756 131.99844018638251 132.90568999429709 136.10691615068893 133.44884932073242 139.34544458021762 133.82128164770026 134.68376797950316 132.36448234428931 134.70816071233688 137.17343639621325 135.15185244794102 137.01601130623214 137.8359148590811 134.63448497894143 133.55615330580636 135.83255339969921 136.92545847858867 138.24427678791136 137.312938683787 136.43344864660921 134.02925275199723 137.6110991865512 137.85438326571094 136.5408024456253 137.37903452582179 139.40790814813593 137.63045158504019 139.58946148763491 140.8302898507481 138.80974654424045 139.99897397602831 138.0404749426672 138.0313957327827 139.34124438346512 138.39913560480528 138.47000280202647 142.05111256524239 139.07106208783992 139.03987094224274 139.25475784182342 140.27520943275729 140.28465133515817 139.52081868947425 140.40467893726267 138.64093789027086 139.97883742016538 139.97854998127815 140.07937258250183 141.25921662136707 141.62632530180974 140.70867461234698 141.41267039689177 140.50102418953998 141.28040508017699 141.08800049270098 141.95581083392173 142.3000577457139 142.84971013749734 141.80992786424852 142.45625508267742 141.51906840390708 142.83696743448112 142.07600789514737 143.3631135716056 143.46201512781366 144.00224833433003 143.29063106749166 143.53623640765605 142.94243683994659 143.96937874632755 143.1445528133824 144.36501186486339 144.81857595368083 145.09271843057704 144.45961952000499 144.68325312959917 144.07912945114586 145.06036511575917 144.31347459587539 145.51024187301243 145.90927753203525 146.22764154163755 145.74322870216474 146.38634112919127 145.43492458310774
