# Created by Octave 5.2.0, Fri Apr 02 16:02:29 2021 CEST <br1@br1>
# name: ptcls
# type: scalar struct
# ndims: 2
 1 1
# length: 2
# name: x
# type: matrix
# rows: 2
# columns: 320
 121.14496331015177 121.2961613727519 121.29053453809694 121.08567343080769 121.26461594055144 121.35250020331921 120.87631465688254 121.31627972396218 122.24634841263513 122.36864557949733 122.44988404528949 122.13088917734009 122.36189912563464 122.53097005775372 121.97449830244521 122.37357933962403 123.35252951623814 123.40437619772266 123.50380800479178 123.26756777909782 123.40239483086071 123.60041221408008 123.00983901896404 123.52796104032507 124.5099946696118 124.42629668258189 124.62839334572769 124.32412652770596 124.49014358999887 124.70382723048 124.06478770678456 124.6518960692496 125.65066807823915 125.44307517687652 125.70638223024 125.44215074277466 125.58714187772625 125.77584183493978 125.13688620725226 125.75852614527409 126.82375416206088 126.47337571678234 126.78733640431632 126.48991129576739 126.68753949475443 126.88158161887053 126.26422182677886 126.80551982828089 127.88560152080251 127.49714886584518 127.81616527494874 127.58878094538036 127.71662420809224 127.91662935303475 127.35921990726193 127.96511941379089 129.01281644071028 128.58543370984367 128.89169544953231 128.62972756326636 128.80635888763061 128.98756204882972 128.45908867271658 129.07915914995633 107.73277673826959 107.84198458084404 107.81633088071104 107.80973692541551 108.04246600130433 107.44810627538983 108.0990914486657 107.55928830781308 108.84420690084569 108.94499819921424 108.92423075274661 108.89671468921394 109.1700358350208 108.53670993530986 109.23828858890428 108.68020009264268 109.95495163362158 110.03230463197745 110.0326575517001 109.97208843506367 110.29292279523847 109.63329381675193 110.33595273108828 109.74390039359459 111.07531972661381 111.09413669146008 111.13545050611037 111.02410424300984 111.38691685407922 110.74114379504093 111.44907961780409 110.84881136659618 112.21716742695577 112.18151217328428 112.27384066209684 112.09948748727696 112.4498776957779 111.84129061036195 112.53034463901484 111.97787925374247 113.32277976149726 113.23226003256805 113.3883722688259 113.14240539510331 113.57918885389731 112.97321101612945 113.57249125672261 113.1190228156531 114.44185405693344 114.29221703802645 114.51416120832479 114.20826753410137 114.69311330975279 114.06969678878356 114.67771563284795 114.22782782235035 115.56966114192358 115.37150436726839 115.64833845798759 115.26831775080626 115.81031039213005 115.14573495718108 115.76134765040874 115.35150352589153 116.68895072545082 116.44467914732394 116.7814574342041 116.34343787008977 116.91895307923633 116.2557565765775 116.84298619887282 116.48305817428685 117.82375045129727 117.53772213100218 117.9131185124813 117.42938511246587 118.03927385860042 117.39875345098335 117.91850094282526 117.62325778945174 118.95662203380216 118.6451796033861 119.05355456592707 118.53649847967927 119.15630286376053 118.53112576368187 119.02329666708013 118.76516114614063 120.09476564218696 119.75814917195369 120.18076394248662 119.65587145535503 120.26791378897902 119.64104961204863 120.0738908816712 119.8978003855235 121.2218491629866 120.88371241942571 121.30711033029129 120.78750454176541 121.39798331275952 120.70359862565331 121.36042451231413 120.82921678046917 122.35542953511381 122.00054431343086 122.41006760388188 121.94106900875076 122.49734279153392 121.87046099170782 122.62288515977355 121.83814963794495 123.46846816776299 123.10066890631323 123.4989056789762 123.06841771861497 123.62461141684257 123.02502479239247 123.63173035141156 122.98273444719408 124.57840468176251 124.22716861366918 124.58994619524147 124.2225044663803 124.71756487330586 124.12934644046895 124.86191728819674 124.09875182544765 125.70231255937108 125.36153847071071 125.68153454583117 125.38418123950802 125.85091385786609 125.28571161084479 125.85889475132787 125.17442881160032 126.82206148795916 126.49812698738901 126.76913759322233 126.53999860271296 126.93175252192363 126.37582929048676 127.12759635287551 126.34761097688245 127.93352339541035 127.63576035219786 127.84726889219338 127.69616931867466 128.04801115386735 127.56715307849812 128.14821666024511 127.45776763951991 129.0444263341318 128.7930838446116 128.92966301195725 128.85651559285517 129.13683831273849 128.56016535158366 129.33065834643244 128.67296264045822 130.17112067161463 129.93487926807842 130.02683870234429 130.02427601516297 130.26043087715016 129.87630123502421 130.43816310635933 129.87902552504897 131.28959257131314 131.06991920357899 131.13114244466988 131.18771682357905 131.31606107584318 130.88006501154706 131.54258194299391 130.99060597352468 132.40530341281428 132.19996655661828 132.23703270461962 132.35032087591151 132.40465205581395 132.01467035522862 132.62483949747892 132.12683218381065 133.52482740077832 133.3055534093173 133.32025155151908 133.46308519466569 133.48593794519843 133.16228530339447 133.72716472281138 133.23875791091038 134.63586169319757 134.38926749981641 134.40987039101947 134.56295637484024 134.56438224194224 134.22872678180346 134.80768883427382 134.35033414870142 135.75216038021628 135.48140473982218 135.51309898551085 135.67521498847415 135.66565150500614 135.33926169836056 135.90117570162144 135.47466303796179 136.87252708885552 136.57550471206605 136.61479389694091 136.77097391541147 136.77846210611528 136.44469375782978 136.98960399191731 136.59557744600684 137.99124163946917 137.65865430639982 137.71498996706498 137.85837630598806 137.88313675432988 137.5383652317802 138.06954108943063 137.71874528499026 139.11127924450102 138.74883005014408 138.81841061710657 138.94560501046593 138.99233205438858 138.63933048368636 139.14985549227586 138.8501257177206 140.23061212165794 139.83959533076208 139.92657653944727 140.03716072670605 140.09852567957611 139.74357745212433 140.22877719230834 139.97320980339097 141.3424538056548 140.93810496917794 141.02557825404389 141.12719790607571 141.19727707435445 140.84354684948633 141.30377391377962 141.09520189770001 142.42857780867212 142.03360918143824 142.12511022091439 142.22101827133676 142.28868866722163 141.97088220891038 142.38292996943028 142.20936404176311
