# Created by Octave 5.2.0, Fri Apr 02 16:06:08 2021 CEST <br1@br1>
# name: ptcls
# type: scalar struct
# ndims: 2
 1 1
# length: 2
# name: x
# type: matrix
# rows: 2
# columns: 320
 147.39290628993751 92.414723981355252 91.497117903016743 76.365605630184191 94.5704498496236 108.67582133588851 65.543654952769202 82.062243099934761 94.141046665277969 109.55091891655174 98.464260726769737 92.594496311845148 107.23353431227574 108.24412591583777 108.19454259742817 109.30549586265047 88.225499437429107 100.61344970322911 94.346663086604423 96.653977007004599 97.825900843280493 146.6850548195105 107.55453703716447 148.50752968071089 142.9008854338484 126.3321642911026 144.83478269299661 142.86347296728439 150.9622299047536 150.04515844059526 141.14559295728279 149.79601346486871 140.63695174653546 119.73269133512832 148.55376452128164 145.32401360789984 146.68927931227299 149.8402442246726 148.824397433288 150.9783059634791 147.58443167267671 148.42831038924297 141.42021741207975 148.9884142241344 144.45375990494136 151.2400475598013 161.15540004585148 160.02660290828911 145.87888071969419 144.0032899017601 139.5877086529201 147.5457697816579 147.79265049495791 145.54057538091649 160.67733952857574 162.02303747021492 146.73586741842732 154.52398582659211 162.53322443622923 160.78148877866207 159.42568947884249 160.59305943870558 161.7985470993292 160.0485542252321 81.019004013797272 82.117034450188413 81.675168394397772 65.3061218440711 82.871872818249798 80.604569531019379 80.344512145866105 23.61416374487867 84.126204412097934 85.457875156593872 83.12632368058172 82.303501694440683 84.386170942548517 83.280076673885461 83.889093100516391 79.538467151060999 90.871682959620543 88.552409025430279 87.584290141798704 84.17864641947439 85.202374120502668 84.440320890891272 85.198775140561338 83.266366462648719 90.604192412615248 89.70869147451414 88.72142659793974 86.603596309475222 86.268784072564003 85.32166996776769 85.412248966121297 84.301959917103673 107.77421888184553 93.44185547990169 89.635936756579127 87.623551227177359 86.162791238132826 85.458391133942328 86.111757153561285 89.178541529010985 94.036281194740354 93.999274744715038 92.382607847093936 87.210211937180858 87.909374938702783 87.319694515073039 86.45024426574021 90.369796130181456 91.55208192930516 93.384347143183632 96.426414909366201 90.517477462501333 88.325539569916074 91.481412206526841 102.82374451114441 87.652834781188105 91.691513275464487 94.935737324329523 94.842783815537246 91.648437285246118 89.509867282052426 89.474187539377141 90.982499453738654 92.62044401662385 112.69975794254921 95.3098070022521 91.716629041458518 93.506668709816111 90.45900353806357 89.246550210838961 92.437646273746694 66.928322150069164 88.951476205095801 89.857425401422276 92.845889945797595 101.69562400261817 95.97237027215067 91.601470957619412 90.562207336503761 63.736514805099915 131.0361969605583 107.75049465979244 71.444608507319259 93.968995694336726 93.175148088163226 97.447147050212578 91.498836890625981 66.747455437643936 125.78847758425088 113.93315760837785 116.90073157179725 88.910592575107756 93.610578501868389 94.124926753307633 104.00049623875172 88.858140713024312 111.60976354845168 112.78462275238978 124.8329975861781 109.24288935734151 101.8000745905138 92.957589111585179 93.787820690005972 97.761410884913545 112.52656295660731 110.50962686504579 109.60803983841625 100.68867699779103 87.780377543154216 88.797562360027797 101.43716720406141 96.569514788136075 117.63182969780624 110.5502036315922 104.97570087787629 99.759489943724844 103.90861755036121 107.12853887043218 112.54979731497275 106.09154387761281 111.69421093083004 155.36185407694575 135.31534337004226 98.487114750428233 138.68270003841425 94.877810650252371 92.957077061941362 98.784810704949649 138.24500607495349 137.43902815282317 150.16294576917738 140.19992913396348 138.18778859627449 139.12015094471073 131.07499839090198 120.75724290969529 137.28382827789827 139.72177412610074 138.23188202062477 140.16736372980895 137.94257147884957 139.10382232778068 141.76090188307148 143.64755468516566 135.3158821594175 136.48535930415517 136.28168636025649 139.15351275849204 132.37005691437477 134.14594103468994 142.78684545816341 146.96209508500502 136.30563301701153 134.27379437313252 135.30540958725047 133.32584012230672 133.11874343581778 129.97415966609069 146.53371544878908 140.66661242638068 129.81970444477591 134.27900275896604 137.05500128608483 133.0167098102296 133.87714548961034 146.19231286873165 147.36645050027954 144.97171493944583 167.40518190603032 131.74916486975513 135.51399747086847 143.98369925853484 147.87300141417623 157.09538373665367 153.87026557203453 161.92752756454772 141.45385798727659 127.27869168720773 132.68027763187715 157.78116794257028 158.59418254929034 150.54833228771227 159.77940623859922 161.35195456077903 142.51970781960077 134.77268275528721 158.21986674663793 159.28731654446119 161.12466636391386 156.66150229671129 150.86102083506489 116.65024189097821 164.22896826320158 163.0507792233044 126.56223069396452 166.52669254497559 162.36226494525536 158.73530861829494 161.27600698753415 163.00212390191822 160.00359646511674 155.24096887733737 157.98014200720937 161.09552697846226 162.76816977537683 157.53051686070737 161.70787829090162 161.77933242633077 160.52392089055277 164.40161135203252 163.50539221502854 161.4344093166408 162.54449910862098 162.19332413517304 163.07596568323038 158.86522453163013 159.94647967465883 167.63580888980593 165.45431658815031 164.88350596796948 163.95465585266845 163.32203856963145 162.30358983836339 163.55570011493788 165.93029835304907 165.00660037986771 164.34574789778748 163.6942464785285 165.52667976361315 164.43132477471792 163.97238556832369 169.22007627095815 167.11614677568781 166.25848472384945 165.57116258531008 164.77623643774655 166.04432638676795 164.90327784589209 168.54076442896815 162.93951647822612 169.20204791117652 168.04535754370028 166.63029067873501 166.00324327265761 169.14808022659167 167.23249880046623 167.72846310888517 160.50611372729651 169.36298645221342 169.14996825856528 167.88717487155148 166.6142474586126 168.28946792968208 168.29448133555834 167.22031137979283 169.18999754430908
