# Created by Octave 5.2.0, Fri Apr 02 16:07:48 2021 CEST <br1@br1>
# name: ptcls
# type: scalar struct
# ndims: 2
 1 1
# length: 2
# name: x
# type: matrix
# rows: 2
# columns: 320
 185.26368500609937 78.627691433539411 79.479958072104978 55.346381271601913 83.984394917538168 106.95802636991465 37.638416409282065 62.617024468639578 47.75887332802909 116.1814423098388 85.128774299189274 80.173846433590398 100.6369686040106 106.33649805439708 105.30124977232559 109.41408148143493 29.801813822417031 66.395587809273877 80.573462879580205 81.03508205115503 84.328260692542301 154.34384764638438 105.63990069068693 156.21109171239323 152.3746731229493 141.22723218167914 153.02683387671991 152.93207522699066 160.57158961292353 156.49810109400769 147.79060199440528 155.62671710619142 153.44278797034087 137.86096787848896 159.12046939180954 153.38558072914552 155.02976861758654 157.27852350972628 158.66483776127305 155.45300601966545 157.89515238981718 159.46178211413218 152.73562329078948 160.28939526911748 153.87595071737343 166.3355087655514 173.40688097776734 172.18935066823948 155.92887751896274 152.04046243815398 144.4245705885383 157.01990749133992 159.50897323606256 155.81869638813083 174.77000813944261 177.72439074393591 157.62582491250717 166.19116226714175 177.46746062343834 178.69343403842154 174.38177412508483 175.96626989325202 175.43973511010432 174.44512452544524 68.41343975625675 69.056490059268711 68.969603917405237 42.56180770760173 70.33609093110978 69.591600894012714 69.632192624059797 19.180134990176505 70.900150510048633 70.308811374059445 70.727204955124961 69.555067128387222 72.536597597444413 69.70543610422132 70.609705649626775 69.598374968203345 79.050466073705081 77.043803862684641 72.16406013529101 71.754362254333159 71.886971981046415 71.402756080697358 73.5482200367139 72.425462083290228 80.510456998907088 78.001156376223392 76.8258800505903 71.846306997775883 72.972100545498748 72.800142381824216 73.928945621621196 73.495130237943613 105.98577601068637 59.293329639366604 78.220458117690399 72.907093936000805 73.961165827561359 72.130306353081053 75.081770637193699 71.294633037527205 80.990894028510127 83.251212553158325 80.537916601035334 74.066096317046188 75.307042827501689 76.026864698460798 74.738348008636564 77.048000458493476 78.882865411723117 85.218915345895169 81.756284145735592 78.682181603511395 75.477753941229381 78.10199840432891 94.080745767128974 75.757770107907874 69.045321739638467 84.118452635362516 79.352091635768943 79.98032869677904 77.562773718689044 76.173802729252174 76.871371672298565 77.975075349120957 118.38888035364906 79.71718212803826 80.194581772941021 82.045237860695224 78.353981975149594 76.508066722284426 78.925762125332596 41.544652286751415 75.919820170447281 76.544625425414779 83.692507301482891 97.949294303865656 83.620825450046027 79.792477423248769 77.301477305934824 35.77244571650894 123.52784766135323 122.88578452480407 42.028000066164935 82.182418720947666 81.549555692151259 83.004126410174649 79.223287778503689 42.571467884918881 217.27005958174954 128.81758143366508 143.46114152307541 75.392731959033597 80.076328154987962 83.024188450151101 106.43210134963212 31.474147285029222 125.82507453862074 118.14024328273334 104.27861621953528 101.79099876583004 68.047719506493095 79.934204290097341 49.918157135597404 67.462346062050386 119.44178072266445 124.0524663670474 122.71538795788956 69.518840222080343 31.703211864514895 32.761216880889883 90.635960340844719 68.646103466977408 118.09844773635248 103.7425033790103 93.938030180304821 66.685182924610459 95.598586318438166 123.27425764443157 121.88041888115583 88.184011266919029 90.427126061110158 173.08852269065437 142.83031448743333 66.449852577826107 163.47837515169496 48.708426260694189 48.821141020596244 67.741998507612479 143.31466531671052 146.5904885806633 181.05350511669252 170.96838950274883 169.93569127410481 153.79924748934917 122.29972643993112 126.41797104889648 136.84311024631288 137.03671268804709 152.89067553977617 168.61816300826032 162.59285679270425 151.691347348964 153.82388741551938 154.91777622446708 125.75228788041603 130.98235596604169 156.65735087371522 159.59307615890498 154.91056565877199 119.52851304289473 154.50964590877192 157.25505753069896 159.596224662765 119.62548086629026 156.29507484350432 124.4128668029514 124.31025969585372 124.33285798124579 156.74806697440204 152.00226140520323 117.9776824458952 125.40303794472933 155.42710653092951 119.95183521757936 215.14717704358469 156.33114168961461 160.2123507515999 154.72405341196239 187.63325029933915 119.03898189195156 156.44084357250571 153.7829905791213 158.27405518349943 171.67333904055187 168.22537253696629 176.09867841804888 147.27282194116196 92.808983828404052 128.98563074836463 172.86297852063586 173.19721538773186 157.61895960967675 173.82906843623707 174.94875559522239 145.98594149601871 124.75240279821689 172.08043284804802 173.66353617925742 172.78281914911364 172.17035360160784 154.57552590536397 106.50773719175177 188.54158842158765 182.09308156205017 107.87145994358588 180.42422759288496 175.287554387547 172.81302319484442 175.4575430279202 177.9039910102523 166.27589435156523 163.30168391226124 162.35268863082845 175.48768624034659 176.46471182497061 171.44810032977958 173.45278036809304 175.83478102552451 174.26107189411837 179.73596796931596 176.72831393314428 174.45171414668613 175.57925346032624 175.76187578430671 176.54910646909218 170.15622568462183 174.64842846114863 182.5862550064229 180.63838475045341 179.07843024013275 177.99807347429851 178.51096199585129 176.45489670775771 176.69219476121822 181.64459268435243 179.86744335914076 178.96386368516195 177.6714150100276 177.56382159003601 177.02465122201585 178.75174434861944 183.0574095271941 181.0241410759042 180.1654531612638 179.09814463025441 178.10139505960251 178.19367675881932 177.23283915096874 180.99070930719407 178.80145912431121 183.35672131175048 182.30418802659557 180.28265762885351 179.95968535508629 183.41033035329181 179.85851993906576 179.33888601815758 170.11438111472916 182.31739566432805 181.52096309162559 181.17408807582555 178.78916536678585 182.52048725601585 181.71139442597476 180.59510419309743 184.50349655034094
