# Created by Octave 5.2.0, Fri Apr 02 16:05:49 2021 CEST <br1@br1>
# name: ptcls
# type: scalar struct
# ndims: 2
 1 1
# length: 2
# name: x
# type: matrix
# rows: 2
# columns: 320
 140.9492973531901 94.660925913302776 93.470436887303407 79.790086003211641 97.129781720555769 109.4379584588317 69.728044686358615 85.230284337617832 101.24173479000761 110.45568318721224 99.085008845659303 94.594693086763925 108.30825569171219 109.10042320534824 108.3938890543516 109.90718199481397 97.413173902881013 105.03231989129686 97.703017657080721 98.609675753455647 99.592101581738774 145.53831779849878 108.45136911135852 145.71995934945684 141.42892192842044 126.05718927845783 143.46961271019535 141.22308271148955 148.19021195656154 147.83585064572733 141.03452706727077 148.4812330718847 140.17439068710519 119.30038651899032 147.2088583436113 144.04911219108305 144.69745019301448 146.72895640717681 147.33668892103333 148.86213118166805 146.58738141936416 146.94136336242289 140.31814646862628 147.4411178729429 143.00141201445189 148.41648715993492 158.37235469764633 157.34588704426645 144.5654958797962 142.51722220229468 138.92515104259647 145.86985197730544 145.61493960122078 144.12204361742417 158.27553287625642 159.17818284400792 145.13315534880255 150.63530760979992 160.46605412803461 158.34270794050673 157.25792678091079 158.86261211756906 159.34951708242343 157.93056858283509 83.037095522392917 83.848364292753857 83.15731236251014 69.011656169675661 84.179741268805827 82.611542944178666 81.497456555076468 30.586268594971923 86.331862933745256 87.428609575192723 85.235102645156516 84.15700457815214 86.335842461307067 85.121977862280616 85.154558842280181 81.507189273228832 92.734087055812324 90.749894749370455 89.80561921481717 86.143715541808689 87.325971200185606 86.561850632203274 87.384828928477717 85.427097078359992 92.773158818615542 91.740298350796195 90.652174054746098 88.261402244976466 88.340784532008755 87.344855803959717 87.431331526964087 86.329624092866339 106.10557749313001 95.354346235022319 91.87758440907011 89.418214155504586 88.469958490207674 88.4170033770028 88.360926026425815 90.587426770040025 95.628657348278722 95.66420999724555 95.044221772110262 89.374358669179202 90.591640199933337 89.599060425291015 89.369821716761834 91.835357424708079 93.921736932957714 95.674824656490671 98.525573933957546 92.612068076196678 90.477568140008032 92.803409752826951 104.24816565483232 90.670309542246443 95.086046379499891 96.295631631020598 96.639741456603545 93.722004796565372 91.47746173598307 91.528610131594888 92.963746319088131 94.308907351502228 111.77259033122286 96.730894101817768 94.755575863549225 97.032262240382167 92.429244595204082 91.380565455105327 94.311891730643552 70.522838746613985 91.8420116050807 90.672461654935987 94.668347388186646 103.06318183324386 97.818342852792625 93.705555686719421 92.343387021001178 68.292458645375973 128.06323377577797 107.77005332930848 76.237202017394964 95.677951299251674 96.590329244968075 98.632324898899085 93.389849862113124 71.589234404287225 112.59359291584146 110.03418218848806 112.36227646844374 91.699443293379801 95.543144979917727 96.146636930056644 105.3280889257308 98.171637018714364 109.84240459959234 109.53910303086494 110.71419143608225 108.16128237322646 106.0813109220945 95.786636480410607 100.41160214044993 101.98530748661926 111.03158100457019 108.66651585170264 107.48677311366559 106.5426563134554 96.63061525005071 98.594428006838911 103.50696230890713 102.838597750609 117.84108790189289 107.76086994016995 105.04095581739207 105.26562623622405 105.66951540444146 105.83993926795613 109.63769031380241 104.82146295519041 116.77630871884857 152.59765316765623 135.75206555432689 102.71363498283159 138.26459274119696 101.03022108570181 100.91215855139558 103.94848007221246 138.87418539280236 136.77030441964482 146.49040778546998 138.72418049914759 137.44976404596491 137.53025156967752 132.33960932832838 118.31309838444143 137.95120533275042 140.22666630904857 137.74402386526256 139.54226815968653 136.36771761955012 138.98229278352531 140.86667096873811 142.30807373812118 134.68390500159165 136.788966389161 135.64686013810783 138.41165104112827 130.55205656500166 134.19147045593891 141.61152336311082 145.48676813167168 135.53044515580555 134.71688793310946 134.61717166122651 132.95074230028138 131.38901698742373 129.35546111580004 145.04436133256976 139.70174622479925 131.15757531485835 133.59022320596603 136.40231183131141 132.22168602021688 132.58859542250605 144.1269902956407 145.15522349695951 144.15961491106262 164.10959772959237 131.31788834919558 135.42349776738774 143.14813774112483 146.37735583010556 154.97854442541822 151.54460694049047 159.55287385471638 140.80153311643787 130.30619834165324 131.0368793749181 155.12255864722306 156.46989299244211 149.39637615098772 158.4235760254991 159.50986458451848 141.72576160905072 133.32720708691224 155.89048076497673 156.14846744841088 158.80123449461294 154.3961935913361 149.4754271330265 118.30267243186341 160.99989933050642 161.35271073221574 129.60735626565543 163.98671995752912 159.76513647442042 157.28887243992125 159.45584973413395 160.51730750479919 156.85598581931396 153.96254170282833 157.57990770254094 157.96886910741884 160.8471319807141 155.75566010874374 158.8171425923253 159.31115898293845 157.76405284573124 162.10646316553587 160.87449557279081 158.61349300003741 160.0761545214111 159.54931617474992 161.1491284084143 158.16384680724471 157.11504451872185 164.96885869247131 163.68846698140504 161.73494237334143 161.44355394240642 160.3824998068354 160.26196319597818 161.40486266347767 164.63421101606346 162.99356210644885 162.45202087109945 161.60053894304787 163.57963810698934 162.37784166935052 161.62003508521551 165.96406253863952 165.82181845111518 163.85006140255365 163.3887104787901 162.75834823921272 164.07779082763901 162.79556082873401 166.46593019360699 160.18629527678243 167.03014864853074 165.20461042617308 164.6174319881894 164.05194792353396 166.77008434025865 165.19868091931295 165.82465822622484 158.94072184956872 167.86594971246214 166.39685946249361 165.72678561171836 164.65477163919456 167.09124517936232 166.40840830568789 165.19123075294056 166.96644212147237
