# Created by Octave 5.2.0, Fri Apr 02 16:04:25 2021 CEST <br1@br1>
# name: ptcls
# type: scalar struct
# ndims: 2
 1 1
# length: 2
# name: x
# type: matrix
# rows: 2
# columns: 320
 127.72233625186243 105.31593386772033 104.29480231391334 95.967803627513732 107.16199467211464 115.05892898243037 90.65682536623008 100.19654811563785 113.81694724810826 114.7299143968843 107.42195272308807 104.05895106969767 112.74986361418124 112.18134700631047 112.67978745622189 113.87311224887483 114.55610222183182 115.12669261400494 107.4566938830108 107.38676691155779 108.45258600069401 137.30622830106344 113.29839955688712 137.87499053529518 135.15267759311433 124.75816939113597 136.65125405041573 133.47365288238979 139.9287186293225 140.95849590322015 136.45792587697812 139.00832369460196 132.38588682176771 122.42016697838739 135.32255461092888 134.67358530342918 135.97500474594116 137.97727415103026 141.22851198908455 142.27401734925738 136.32841440391297 137.37614581265518 133.63139952747503 137.23685199612052 135.74462282850695 141.38769567305974 150.27466082706397 148.35615683932323 137.66436829096938 135.81406157314598 136.7929547251274 136.74144746197854 138.51793608041376 137.37708312762814 149.28693414512102 150.96639083923253 138.72472747261347 139.43018511068325 149.59143874566513 148.19733218674577 146.57670532322382 148.59597679448106 149.11961374080897 149.34512628723635 95.46608318240024 96.58932101485226 95.039286156506591 86.517111432014445 94.309165806366877 94.016785547372805 93.541977498658753 63.523453576451601 98.238216872572423 97.108097034323578 96.028047232152844 95.19647697253221 95.846005014977621 94.673496011710725 94.535435531048634 93.179284954713992 100.41748478139387 99.09060686279166 97.870311115292083 96.786949093821818 96.652557645978533 95.62006835497786 95.445768229380818 94.321787726275431 99.253250689497477 99.972879641178551 98.860894034168112 97.698795208410061 97.697588310542713 96.495124214929547 96.446369113484508 95.294639127570591 103.04968962466306 105.07269657979502 100.25019202363356 98.80402557615038 97.411223775015102 97.609227894197332 98.76505946802574 96.50700027376007 104.34788292687902 107.77753261340889 102.59765494016364 98.677576363919712 99.841316158070924 99.603676672201672 99.941752236112862 101.23263171957325 104.10492807151276 104.82845245315856 109.00089507450544 101.27678831444454 99.855128359994438 101.62484540110158 105.09766659086641 100.52179032149114 105.10199316658509 106.40269117002939 106.44293078342234 101.52231489758799 100.81282310917703 100.7012931917389 101.74046835325477 103.14500733169162 107.34195985197056 106.31174359213389 105.13262053133396 108.34026641133508 101.50611525859281 100.97251975239315 103.73961697933143 89.56357274503064 101.87413523551528 102.09137216809968 105.22861952297961 109.83059126229801 105.31075909295231 102.35372370126495 101.8169245968359 89.815365752887004 114.01663035202004 110.17732325655822 98.878074806373291 103.98683789335949 110.57150055029352 106.05692481297673 102.85617720143621 91.241577852154236 111.13783941426986 110.33836107884905 112.31166565791305 100.92895621642232 110.51683039260396 107.10186656247647 111.59953072100073 113.30457079340242 109.30557662799158 111.55191306556462 112.4876284246987 113.39356063501802 112.79097939453811 106.15621110147063 117.36800316399281 116.17714385899937 109.90855113922819 111.30241020510388 112.33624731923935 111.50607280125405 113.31502139501112 114.49862668177563 111.57783840020454 117.60094822147741 120.35376848388846 110.62329362386103 109.39503019370818 112.10693347135094 109.99069567916921 110.52777935681337 113.86457221731115 113.40001015997242 119.27408154295186 139.53918680308163 137.41104716016096 112.20395954691705 131.53492345529565 112.70304319082672 115.73901119250657 114.52464838607645 136.50980530409896 135.16007195002419 133.45726629700695 132.5591497073037 133.93275858959069 132.31375151953489 129.92146146651731 121.59121662748213 134.52019548272719 135.54453041453795 134.07829667856885 133.12699834087445 133.83281201319667 133.04884300592448 133.57132636267053 136.27121855968412 136.247105016479 135.86098497889805 134.77167509159042 132.77096512722872 129.18711409649441 131.43114495427557 135.4911211549485 137.76655402244057 134.49892922015832 134.55710921228814 133.15556662760363 130.15738555605211 128.35014127042683 127.40375637176848 134.80317974245466 135.85117317781302 135.5943434943656 132.21153797124043 133.51194205395228 129.62278136486452 128.15414298386057 136.75867511996682 139.78559583980828 138.62079035601494 148.54080351676478 132.26113458218788 132.73465892933484 138.94385776169895 139.18638886091739 145.66793358713301 138.83953114242976 149.21166535079058 138.35995761759682 128.76401913937985 130.89575726041437 145.62782264211961 146.64371402363773 143.95437647059933 147.67193384837219 148.42671930688917 137.33495303374286 129.00177536878559 147.60675621475409 146.46325700042604 147.73180217065897 146.45372911968414 141.15927370446653 126.10898222845904 148.98703957335394 150.08909369425109 144.00519285388251 151.67450146389567 148.50498119702982 146.59775952993954 149.99997011014344 150.91416285257026 149.02879509630799 147.92307539566497 148.36277940082184 148.68808305842524 148.75396211192643 147.32502001693265 147.54274208418806 150.18439990663782 149.51384821581863 149.70652751210753 148.72997824342562 150.47493615705253 149.49236236677154 148.8029419586864 150.37352308077928 146.99959738571513 146.87785028684507 153.39248406682981 150.80425979017392 151.42261637736581 150.92098086422348 149.72876314999343 149.83560542798267 151.1132811289369 152.31959229332094 151.50384862286504 152.56612674093955 152.14312215833249 151.79194370964422 150.41901310685657 152.35172274748746 151.86803593725466 153.56218809338867 152.50314742567647 153.31173548850126 152.95466270073931 152.72500305178775 151.39186526007987 153.56104068581172 151.94280564170185 154.72388836178618 153.46670298313052 154.1233375201557 153.8921516014791 155.64452359347501 154.60352782042588 154.34203847014265 151.31420420790732 154.50744682723274 154.27761716515442 155.30609103601162 154.94634206877654 156.19178060716928 156.02894714964447 155.44682312769666 153.20441228205539
