# Created by Octave 5.2.0, Fri Apr 02 16:02:29 2021 CEST <br1@br1>
# name: ptcls
# type: scalar struct
# ndims: 2
 1 1
# length: 2
# name: x
# type: matrix
# rows: 2
# columns: 320
 121.13021553221624 121.24694960501812 121.2585644719591 121.15141251410429 121.26204757896322 121.37739772775703 120.98425051421266 121.26595581035274 122.21535221086936 122.33052393599858 122.36291055217883 122.2402160459427 122.33376133581623 122.46557352748854 122.03750113106318 122.36409899658439 123.32218439002148 123.38624403640154 123.43842597130097 123.31954233831483 123.40242593365834 123.54795560293995 123.08888090514388 123.47983753590309 124.4403927413441 124.45598918025436 124.52041888126804 124.40267192813356 124.49231749633311 124.64028119891837 124.15926952206243 124.60151880824684 125.560621903049 125.52571065806509 125.6012273535394 125.48442619282832 125.57732684168873 125.72108337030043 125.23495771967779 125.72171103379463 126.68841769675853 126.58189624212679 126.68014595786012 126.57045028705535 126.66076592470814 126.79811436891936 126.31665049915371 126.81513179180226 127.76891995660851 127.65363697026184 127.72797187183542 127.63633438303145 127.72097150496654 127.84914807951404 127.40994191905088 127.92118815038889 128.88919143888276 128.67767611663564 128.78147226843203 128.70646954266923 128.80553230523182 128.9138055242592 128.51401730499717 129.01623961171563 107.72439011581437 107.80568709353415 107.78928507428179 107.81239068674768 107.95607283938224 107.52337444169412 108.03837778668674 107.57634110774063 108.83364850748492 108.90789198795758 108.8935787670478 108.90016918624219 109.07004609607954 108.59549639095522 109.15100476815059 108.66502022457939 109.94451565793588 110.00031125507124 109.99308848681088 109.97873675216655 110.18149020953699 109.68099721675267 110.25259655080151 109.77862550337872 111.05771853628586 111.08338483754251 111.09767214299063 111.04318224923995 111.28990214440526 110.78174677959582 111.35057505448063 110.89618915837926 112.18544354364971 112.1688004340153 112.21788158416869 112.11750810213465 112.39000374902182 111.88169655274937 112.43609558832162 112.01566979826589 113.30455780441766 113.24628961139705 113.33557747874696 113.18095308194869 113.49229253339064 112.99342793741347 113.50806974900958 113.13346138311788 114.41785306258318 114.32108239947698 114.45185267927674 114.24959294081043 114.59078438979242 114.10798997301818 114.57650190326257 114.26042852170241 115.5347887446663 115.39667947341802 115.56850444761307 115.32684143110463 115.69132610889115 115.22551630108427 115.65798133362267 115.38682292179944 116.6584361270699 116.48952161229209 116.70763416337033 116.40886547668886 116.80438601560547 116.36343606553412 116.73122662586778 116.51489146308892 117.79020227157126 117.59567561785244 117.84954080852341 117.50769342526608 117.92905906462921 117.5029921920267 117.82736681286654 117.64889293663938 118.92014886988619 118.71376701986635 118.97881298752048 118.61991512088142 119.05631504061 118.63355480694342 118.9362408601243 118.78362460779748 120.0495509430348 119.82750998204646 120.10534707771599 119.74233543558134 120.18288932454585 119.74647434915258 120.06249425228421 119.92087274748825 121.18018206997765 120.9469734717876 121.22640218257712 120.86918559886024 121.31000948309295 120.86357566830827 121.22554603150273 120.97482467579815 122.31042346924849 122.06260302949224 122.33665683210151 122.00913497161748 122.42856067901077 121.97054731125721 122.38016268448395 122.06664780408913 123.4231127933175 123.17923087591014 123.43484038552899 123.14358777521417 123.53981035980232 123.07742044639497 123.48864749503842 123.22797016707094 124.53969802648324 124.29745237258228 124.53148160131038 124.28730635809781 124.65190863930896 124.18045194400116 124.67248577797211 124.32549377548798 125.6600379194454 125.42505117747318 125.63415560637904 125.44696906518111 125.76732098672323 125.29674531499364 125.79748150574451 125.46757802465881 126.78091688205151 126.56173580850303 126.7299268408549 126.59123347955213 126.86546898738126 126.40837789084912 126.99274690970675 126.52712189048967 127.89387604237022 127.69723646778939 127.81906441960457 127.74096598427772 127.97199539895401 127.5363097736423 128.05378545878733 127.70599572667859 129.01020786808846 128.84696691638899 128.91660155410466 128.88955199465559 129.06728761947321 128.66488559360434 129.25201618815683 128.75427404372292 130.1341762531529 129.9819681200986 130.02611861501845 130.03985897544618 130.16436776101642 129.80466428133087 130.30772990449086 129.92300393819332 131.24932809592693 131.11044072619777 131.13611723469893 131.18759990701122 131.26012905061356 130.96785681560078 131.43226296870623 131.05784346524175 132.37334761874644 132.23841192204932 132.24824218122134 132.33396755551277 132.35664811095043 132.12098189959926 132.54773798199005 132.17979587823697 133.49766995673517 133.35051936468804 133.35687008853938 133.46033131893503 133.4507856063683 133.24581686144498 133.64712316311827 133.30194751330802 134.61363052162838 134.45415784952252 134.46528158959578 134.57132929968174 134.55294995066163 134.35924651982359 134.73697153059729 134.41476886821599 135.72528171994693 135.54672088246616 135.55783450794829 135.66821536599323 135.65240771175829 135.45470336873311 135.81759579613302 135.53154239858452 136.83778819653594 136.63878591845074 136.65765929192108 136.76687714664681 136.76365436344952 136.55609735353133 136.9083004507489 136.64941471033367 137.95358472685248 137.73268490218007 137.7573875773123 137.85988942003459 137.87584727540681 137.65711389513959 137.99660888037914 137.77504577522046 139.06715144232172 138.8214127906385 138.85958035051183 138.95167948421911 138.97765162607678 138.75494225493193 139.08097287204586 138.89481751481691 140.18515965495911 139.91537704926844 139.96313634324096 140.04467582664481 140.07765259695122 139.85216186803135 140.16835521914513 140.01439388369633 141.30477942722641 141.00800679624803 141.0658947216655 141.13612580364031 141.18313084997422 140.95071752964168 141.24935242132659 141.1303981298079 142.3969734073041 142.11314015900206 142.16484912595902 142.23128960621818 142.27962358459621 142.06754479941216 142.33359957670916 142.23536770396819
