# Created by Octave 5.2.0, Fri Apr 02 16:04:35 2021 CEST <br1@br1>
# name: ptcls
# type: scalar struct
# ndims: 2
 1 1
# length: 2
# name: x
# type: matrix
# rows: 2
# columns: 320
 128.87661018102006 103.95555459722357 101.7551064771834 93.96034961573902 105.71234731740691 113.2959488513777 87.793279750476003 98.339420493547777 112.42118298316601 114.19953534166952 106.10149514668872 103.48671597057624 112.64668692718433 111.62626272874091 111.77790709772987 112.50924940566404 112.53533123854692 113.45494882416411 106.50549773790391 106.74522020927651 106.81241395933978 137.69964548582172 113.25579700596357 138.42336928950184 137.61024606129487 124.91936163992773 137.46945545810638 134.43526096337297 140.27215229344611 141.49252755519993 136.80512629365649 139.8463042722918 134.02967028434747 121.28453160099832 137.09355071109678 136.4785046599506 137.03692959994541 138.5382962995829 141.32536060878229 143.0512376189595 138.22897672672332 138.97711198004342 134.09262493111677 138.20717829310578 136.70062335525702 142.48018754656474 151.30833841884092 149.26300292769835 138.52631871907141 136.37565715355734 137.35439110551914 137.54063960421652 140.35662573678135 138.72552243751591 150.22054714384109 152.22139319716945 139.59326249275691 140.48528909694747 151.05518949092013 149.2366939023415 147.92511842082274 150.54251467495075 150.14918210095726 150.30614111263708 94.013734581598584 94.946957603877166 93.960591975835101 84.34490165493591 92.582508630681517 92.938685880646105 91.352462778780975 59.436357629844608 97.161559361343322 96.127484338668509 94.744782372283979 93.666721291843544 94.550315198703814 93.541751796275861 93.184120667365193 91.543597632675556 99.691823183921883 98.116060398336131 97.001437264803315 95.755218885576781 95.55574903775819 94.633497402047141 94.888685472484113 93.853623185402981 98.092323877009306 99.245155028735823 97.852055179847682 96.642535685119185 96.592898864114105 95.638431651198417 95.957273330015298 95.087840412425706 101.47033019247476 104.24964722353513 99.097283763796597 97.516359360554617 96.627862254131244 96.985100181570132 98.008529993512127 96.227090904405159 103.02533135845573 105.4525085533439 102.11029897159577 97.541527219526614 98.546705867013685 97.897449402440856 98.605277518047529 99.785046113547608 102.99177859118191 103.2038529302246 107.74785604765044 100.24522755777126 98.642237405308606 100.0625935503207 106.46934054062467 98.971956537861601 104.34321129000838 105.01287191715933 103.97682896239098 100.84458706020536 99.772862318954139 99.441927637002479 100.34782077958552 101.45432625364994 107.93603469814829 105.10907266500251 103.75481668767176 107.06746578992417 100.61487965118117 99.455034363144392 102.3732609700442 87.394719012012729 100.88684524820286 99.829049585280032 104.51291255865111 108.10297415076737 104.02403635646083 101.37674044862914 100.50804585243951 87.144640053414832 115.76131714910076 109.77352517868373 96.068623438397879 103.95976421221228 110.35117564941902 104.97266865738386 101.32571243928632 88.87564444074647 110.96941596442448 110.33733117983169 112.25806602724894 100.37149360310264 109.49155178875009 105.54411047149298 110.82132261501833 111.58203083511764 109.21660611899641 111.71463006133894 112.30833822846805 113.05273211462706 111.85795122981352 104.59551563666366 115.14452450766244 114.52326972780268 109.71003397657417 111.09843004023519 111.56036962977896 110.73611104444387 112.56664138292345 113.88687118093046 110.26219523530585 114.94082481795058 119.69646037157514 110.44796522320046 108.79346637697587 111.16440269121215 109.74307850201181 109.88952661190476 112.93335345520097 112.17888898487794 119.30965456107789 141.15958043956169 138.35986396756786 110.51376656179056 132.45174042405191 111.27191612736135 113.53529663643607 113.35441385403695 137.24278310465181 135.99220833684149 134.54349671803749 133.55257691488222 134.85143205260221 133.00676853996333 130.70855142329617 121.93295216588253 135.37250883900799 136.40700253697366 134.25074086545661 133.84671004641282 134.2729203391724 132.9050445550395 135.14929821169218 137.94982200960933 135.37274195481487 136.82291630343269 135.4595905239224 133.5564876104292 129.86576666242851 131.34158279831269 136.76419466267288 138.4254004733038 134.41602903599986 134.61586061004016 133.32244914281685 130.2084139409524 128.12264612256993 127.1784380371796 135.26216896367092 136.44818640972326 136.45291641987063 132.22495004201923 133.43416950677636 129.29946872265026 127.82277763109164 137.65065877433992 140.21629805783286 139.40601048378335 150.47269768915945 132.39212050082563 133.00491386916931 138.92394388243059 139.97220754809476 146.70272876426969 139.50300606346724 150.95320059644138 138.81027477453827 128.35953213474036 131.06279481846676 146.90508837775644 147.74899843612934 144.62966110247234 148.94287164026716 149.76924267682543 137.73244995899526 129.02977557519108 148.01719268552975 147.3403912567276 148.83143152289662 147.79497777762893 141.82241369141133 125.14031604931944 150.61776801301798 151.3466871926675 142.20787587265227 153.35395884869203 149.85957010850399 147.84205375572256 151.3050552167808 152.30621157033841 150.9160642499111 148.6724982221013 149.74325633326578 149.35905014179156 150.59906333487842 148.82288720229172 148.82724037376079 151.19988140217347 150.49641981770284 151.7708378626717 150.04120494419166 151.247799399992 150.91603261874405 150.08919221304902 151.8978727366989 148.18009013788063 148.60878321440418 154.6768686266241 152.25932634413147 152.38551456081274 151.96078058434719 151.18492096449171 151.53139940714584 152.69983029577534 153.86267671930059 152.86130082616691 153.04845918731698 153.15367760340223 153.25554616550338 152.10016720167508 153.78540179512061 153.65814082688567 154.81384871670642 153.5205873062784 154.153665008654 154.22139523397354 154.13724176397901 152.97089061169692 155.08016640379481 153.23751892043117 155.69248094022299 154.48534323787925 155.27244059603061 155.21874875360919 157.14822355143048 156.20232525652077 156.30880823840391 152.19195193495321 155.80019725527927 155.27437398317321 156.15861595124454 156.21025893378823 157.20552845459491 157.24427562631067 157.25906207361751 155.67914594241708
