# Created by Octave 5.2.0, Fri Apr 02 16:02:35 2021 CEST <br1@br1>
# name: ptcls
# type: scalar struct
# ndims: 2
 1 1
# length: 2
# name: x
# type: matrix
# rows: 2
# columns: 320
 121.2930375990767 118.83371571692689 118.54868511916247 117.29262170208079 119.46928042844752 121.10063855874137 119.64647805747963 119.98408011035863 121.82439631471343 119.9888047288855 120.93871533231643 119.89168844449522 121.05385094699434 121.82046296246392 121.67493406040705 122.15947364420465 123.24649019504041 122.28733833013077 121.87328999450794 121.09494343297655 121.90261629789892 123.67755624300582 122.64637938122864 124.23138416700623 124.46830724877343 123.23292962704311 124.10891946786224 123.38178505044441 124.6902644435589 125.56860016288857 124.76283279065427 125.38238887652159 126.01651228387169 124.87364493224787 125.43828521581722 124.48066563863848 125.63755127939254 126.77272615486548 125.95717175989499 126.75219704124764 127.24908083678304 126.43163234363948 127.55052443685238 126.60910988689093 126.85872291777946 127.97277075310372 127.63147579118383 128.83942808754887 129.29432443881217 128.17838992241664 128.83743055706037 127.76566095850271 129.65276780285433 129.04315630510078 128.83379728311181 130.134439498007 130.26527867286157 130.15480262391037 131.26512214301326 130.94466602765328 130.0312850988764 131.18117897624705 130.13637024708007 131.40062085402153 108.16412930001582 108.20042244787081 108.10464533593895 107.17557591773625 107.52398884892405 107.03513524580653 107.68449038181687 107.09125220432742 109.2625734893146 109.23405292922087 109.25810037300651 108.36781859014509 108.88835936642988 108.19583362567381 108.79270465016504 108.22702950782541 110.09016737305254 110.22647068651311 110.24174455404447 109.46161245159892 109.96206169278206 109.3076447081426 109.87177264372762 109.47996760546951 111.07213925633783 111.22060040831127 111.33920528057 110.53825989113751 111.04666858693604 110.37711609739316 110.91851445719639 110.55602305257045 112.11884026028154 112.49702697893213 112.37646300545303 111.62648372240416 112.06757715249149 111.51463031334758 111.92060129276791 111.58404009669032 113.06033708884557 113.16838488410363 113.42665648875796 112.63604300748811 113.14227418375403 112.5489938375265 113.02575677785087 112.66019666272824 114.35729725241924 113.70121646687267 114.58174170405826 113.76558628109277 114.24903240848215 113.68888359555598 114.04815465280905 113.73292681328165 115.44390317183289 115.10804370933353 115.73146325314463 114.74057773515362 115.43752520254604 114.80720067163959 115.17918103651226 114.84472562495527 115.59625454508196 116.1306873087661 116.88118059323082 116.00177723593822 116.57037051994834 115.8765795172003 116.16637849442159 115.87817538614912 116.45732098707887 116.42239321760145 116.98654151606993 116.98570304738942 117.61695393468848 116.99696277864025 117.13386185041418 116.44772679166886 117.82742463371865 117.24797601009442 117.96622769392637 118.04993087738258 118.07167280262108 118.19588361541686 118.22618821627006 116.88280252049272 118.96671201659512 118.46320377962991 119.15439594507929 118.69862520869482 119.33489201463803 118.96919037410755 119.23801696439416 120.12666438544682 120.0341746768122 119.76622952634108 120.52498500865455 119.90812833428838 120.83313200729103 118.95383333319329 119.96902532328117 120.56397684723609 121.1415949872727 120.97189268249539 121.62903491072092 121.39532312531858 122.00886964423616 121.19088672674997 122.14540472152967 121.02674963939045 123.3711328390598 122.33213575877508 122.82313928463142 122.57155754504227 123.52368348339034 122.69262813480498 123.71866814433211 123.08614915808184 124.72975477289951 124.25499453748179 124.6417479834394 123.73408756547359 125.03454833268127 124.11526481188706 124.77488756316006 124.37680295187491 126.2686070584801 125.61970437807996 125.97517594613467 125.07862609169642 126.32088874874361 125.76283434540517 126.18790599315403 125.60372649287861 127.782543200437 126.79938725776181 127.08367296019028 126.26284828192692 127.89576863385463 127.34868138600281 127.5463656349761 126.64766861729758 128.91357346268657 127.9842087096749 128.12919582766082 128.90088667856634 128.93199399828663 128.3234823118222 128.57226610243967 128.32570761033065 129.93441851034979 128.97233252663116 129.54989479457572 129.79302641346501 129.95895877734904 129.36156868094744 129.93151765802429 129.46889924544018 130.09081907462598 130.38738786564213 130.55661299744693 130.92281150754079 131.31387410638951 131.30315313047561 131.54290698635205 130.43698208711217 131.33809412016021 131.73046607770164 131.69595737925584 132.01531297725393 132.30243216191533 132.51747448490525 131.31851265689195 132.5601527276863 132.58892582244633 132.72317069478967 132.79120874255034 133.01402715186882 133.24332191710926 132.48109785824661 133.18355105702057 133.08212479789489 133.67971739171418 133.85623332887323 133.757528588149 133.92848630779642 134.34606218214267 133.51783259134797 133.69542626208789 133.63370500187978 134.8885717196633 134.75230212998684 134.84477270611109 134.96465445713579 135.34873004128437 134.57624557856795 134.77885583504076 134.47728410291273 136.01192887475349 135.79945305945517 135.70941774527014 135.99982519101957 136.35689110808551 135.54910272263444 135.91670552170876 135.55125004687696 136.90067387229917 136.6878510561985 136.7823159070291 136.99950164957176 137.47177005114071 136.64181815977918 137.15317761402545 136.62856045544285 137.9914805176349 137.63309685863328 137.76435968121584 137.99325028742302 138.55234319365229 137.89660289595741 138.34541238036172 137.77285030819013 139.03564178867722 138.65668737476597 138.72201775446007 139.12083689241007 139.77642249849467 138.99051575095308 139.45855425214728 138.90438693100714 140.18819848308772 139.76617307030153 139.79461056641856 140.17399841884918 140.87124772519851 140.19979800352365 140.66123229715603 139.99344320708289 141.29495884086919 140.8357762961777 140.85726695089309 141.37163166016052 142.16174363523547 141.39406963230584 141.89731237361607 141.12249683164006 142.48073711966077 141.94186842181406 142.00280465917882 142.56929316207982 143.28023149913525 142.57614035438007 143.23529775842439 142.46648859147939
