# Created by Octave 5.2.0, Fri Apr 02 16:05:30 2021 CEST <br1@br1>
# name: ptcls
# type: scalar struct
# ndims: 2
 1 1
# length: 2
# name: x
# type: matrix
# rows: 2
# columns: 320
 134.98747215891638 96.984583084282974 95.349707202202552 83.332651906343486 99.934945712332322 109.91914471228458 74.552539491761792 88.507568376600318 104.26683110871528 111.39164622582656 100.21399961945882 96.286445150380104 109.42003642906025 110.52169680463869 108.85944812680795 110.16841717777866 103.6637772263059 106.03972315734042 99.843790315254466 100.69903977091975 101.61240555979367 143.21591985477784 109.17028249819457 142.17586810140475 140.77925924997604 125.7727323688253 142.20182841044831 139.52612727446041 145.76012302798659 146.24294950748018 141.08499927827697 148.58009447715713 138.58959187620994 118.87025089020359 145.2420887984558 142.22817328726387 143.20737692790243 144.16760292217833 145.07044852678555 146.16551779306766 144.49229364157367 146.3618983780155 139.91784687424524 145.15257975151056 142.15006973634161 146.92094748688939 156.46718833286715 155.60385688455722 142.99261835138395 141.09306262724431 140.12348020412446 144.2786235914397 144.15327527407939 142.43069062679959 156.61790211369922 157.55362492682579 143.68392576337732 146.3377033914681 158.89248434360195 155.85858510967515 154.81979873052413 157.08077383352227 157.08618429139253 156.28254863267065 85.172802717957765 87.270840315368602 85.351502822388753 72.844967540990723 86.207942148077024 84.881965464363844 84.263462321928358 37.798790853689937 88.795211688730035 88.617850060661112 87.735192571112648 86.49698652960754 88.109326417213481 87.351016755009169 87.138034543040845 83.757098124220192 94.298203805066066 92.265955249629599 91.439832184787534 88.50967125427897 89.644599804744743 88.485946484252239 89.713190074276525 87.661194290807202 94.610580893764293 93.29989604503659 92.426471870288921 90.527062231778174 90.546489729089117 89.256506652348705 89.854438545166815 88.795265350654944 104.46188346745897 97.523904836032159 93.157926393328097 91.400434218936283 90.632610512817635 91.017428939563828 90.754163987602311 92.118153756316815 98.228736531175514 97.472361792486183 96.252560110055526 91.520357136466956 92.662416279506331 91.648852954947401 91.909349811184299 94.050780419531208 96.47661127191067 97.945357492242778 100.10024036466251 94.328692768386105 92.460486322383105 94.884703583553303 105.72170476899223 92.96214548701299 97.789996368586543 98.557326991366722 99.484401684559344 95.616626401757543 93.406924847034148 93.816543814023831 95.147861694005499 96.567243119058261 110.81345142295422 98.04502853678845 97.434576212477765 99.71374284134113 94.487443482497369 93.618286324309551 96.594705792283605 74.60640913136109 93.242440862287964 94.371312270022145 96.331305544244273 104.47789683044284 99.142763950791931 95.252404894894866 94.676355045022859 73.005503997385688 124.98775461910867 108.41704294466803 81.195057372645692 97.662447612537534 98.966336055559537 100.55564003275845 95.53081704535694 75.737050555630773 111.62552432145604 109.44071912787794 110.91003264027709 93.318531391883823 98.543335327011803 98.737491948802671 106.70139734805268 102.15404627201079 109.95379898430396 110.26715794520378 109.82044442209929 108.26572524713937 108.22003398961095 98.699044067186264 102.9171248530442 104.62110768255265 110.58665123459255 108.96859075349596 108.50997983892404 107.4943113193896 104.63865690112684 105.59375535751981 104.05926898532422 105.89604216978756 117.85622972936004 107.74659653114497 105.18020251026384 107.14057890816964 106.74865540942716 106.31921644441771 109.37677557694401 105.98421872081855 117.85834646935935 149.7381349856326 137.26204173199434 105.21185049164828 137.16986714725772 103.24469879378893 104.12380118904242 106.99706062060001 138.49660925826595 136.95081409287019 142.69123056094509 137.36790284864094 136.24398619613373 136.21417250355015 134.87549825330188 120.14423372909032 137.63080021332408 138.76070753955511 137.39238078973119 139.5374937651921 135.62419459571768 137.80846386232679 139.63700632989307 141.85228210952812 134.65157050041174 137.60660586956516 136.45245666867723 136.68708506321593 130.67272814795183 133.57645915077285 140.6475049297745 143.88512990855668 135.91336360779513 135.2251744862622 134.07359462026895 132.15176735054786 129.37191585911523 128.55709340974045 143.30540301516049 138.32091090536468 132.54157966321949 133.40002683642979 135.22206626473599 130.49435954407684 130.29973808372836 141.30440173498562 142.48076858137648 142.79739404668541 160.70037271948414 132.81891676886269 134.69559931179006 141.69865935087495 144.61935503594952 152.70109232418622 147.74247458763148 157.93577745876101 140.2049649089883 129.54440875896609 130.68549743260493 152.05036683044708 153.85588726945298 148.20469738885888 156.75605554006142 157.84488541352235 140.82618731851139 131.47032995001371 153.01336589263408 153.62830183727803 156.14818278949744 151.87907437970742 147.37429905498607 120.01208333622742 158.11680413677692 159.1387672116862 132.75748616740464 161.79532299669077 157.3734463085942 156.04872822179735 157.31333785854909 158.53662457292859 156.94124978277179 152.64003083264657 155.695838833398 155.21234081744589 158.36628417888423 154.76517572299451 156.30132520586125 157.68120875756662 155.68779774083922 158.93307330988722 158.22941319183693 156.71262500138343 157.36739367255544 157.38856038677119 159.09018192096244 156.83992816728792 154.20164364931802 162.13044751995886 161.09411742442157 159.17651135150876 159.48874238901601 158.64205477474465 158.12195096778461 159.19887814036304 161.20535736324973 160.0226579134609 160.51684528152521 159.77192882605897 161.13517132410442 160.00553765316846 160.48636107437946 163.24274437091219 162.08685229667216 160.21872842655418 161.71650183207109 160.85820370540861 161.38627474632381 160.22616984953228 164.26070896266515 158.664290033344 163.62011479658028 161.24131440827063 162.83838786723183 161.9135627325015 164.2965139813422 163.02249283646549 163.38510244540686 157.32135094157445 163.8940318422012 162.45052988051748 163.92822361835397 162.18521915040964 163.17248078453812 164.16327721287647 163.09821396242339 164.35791853784602
