# Created by Octave 5.2.0, Fri Apr 02 16:05:19 2021 CEST <br1@br1>
# name: ptcls
# type: scalar struct
# ndims: 2
 1 1
# length: 2
# name: x
# type: matrix
# rows: 2
# columns: 320
 133.83319822975818 98.30132214783842 96.56411160884457 85.340105918118198 101.07322510404335 110.40304548146329 76.649115632284847 90.364695998690394 104.91077265011305 111.92202528104134 101.98591747281722 97.60105932147728 110.05004551355748 111.00644918132009 109.2370379068673 110.20554606445027 105.57284754909001 107.20303961386249 100.83648457996996 102.45477906573173 103.12161398681778 142.22302779185438 109.68420559943735 141.17322390690862 140.03923057886021 125.61154012003354 141.69717792834263 138.56451919347722 144.65419572041688 144.96518634258382 140.26344756013921 147.39301255089657 139.3614224493943 119.78623801538193 143.83942515835523 141.08415431069676 142.11334471944673 143.15146512904997 144.3184481271079 145.52148759765032 142.98800893659165 145.94672054936996 138.14597802350607 143.93656092881636 141.33077204699208 145.97381434590088 155.25617047719459 154.27130731526432 142.3627838074863 140.45916554080256 139.64605834160884 142.87665909915322 143.50272341151265 141.57258534980937 155.55926839442822 156.26378364247213 142.60918283085761 145.0770584262427 157.53419825773872 154.29495072481279 153.39007058487221 156.08729691701805 156.31844530428697 155.49792682145159 85.781372397101322 88.083681829830581 86.879964926021842 75.017177318069258 87.685088077778744 86.622606643007302 85.70769988125268 41.88588680029693 90.433813304209281 89.396098954839687 88.918309677165766 87.868442333915098 89.720052360626724 88.749797456884323 88.80389896682783 85.832436138428008 95.492575286565199 93.094194323302176 92.278432686904708 89.826436421709403 90.754368515294132 89.732407907140868 90.905565148420919 88.664908394958815 95.004634988391359 94.328462920112855 93.289002135101214 91.44629547287667 91.698208627584833 90.76970689121282 90.611666754240929 89.651180916461414 103.53045685291205 98.779044172534469 93.98688696798196 92.430334538136691 91.781378133151165 91.820597326758815 92.226940813461241 92.839091728479758 98.567057797317332 99.189594529418443 97.781581817945337 92.772192030712858 93.889400765725213 92.919180754818584 93.249199358550868 94.894186729578038 97.954437809679447 98.700078825592684 101.69882966499138 95.422027073574682 93.624901330981004 96.209172877427505 106.55671026701617 93.981558063046748 99.209404006391011 99.542662026771097 99.937586589249392 96.124725167329373 94.519107904058629 95.014921112523339 97.166768577997459 97.765760566761699 110.26993937493532 99.004532517540952 98.90957040231261 101.33758823720376 95.746838149555103 94.869044257794329 97.740621505590568 77.266775788396558 94.479823530273123 94.66631514934528 98.340957494167128 105.27956866218894 99.877867386512733 96.611422610793014 96.355795385786351 75.67622969685786 123.24498309699607 108.57644463280218 84.004508740621105 98.258488012366541 100.59986235903918 100.99118029910376 96.778790105003992 78.378440518252219 111.594688558393 109.85313584285272 111.91766555571843 95.593221028027301 99.730494509801773 100.2684063959102 107.47960545403508 103.01922904953646 109.44769337525788 110.56458200529998 110.34137439708344 109.32624291629018 109.59234668745354 100.2447930679574 104.47518257176293 106.67326842896132 110.80948075643232 109.5108459772601 109.27189291936381 108.26366260761769 107.49920901294399 107.90106115862027 103.65137217049617 105.74103347603102 117.87726835725498 108.40519960242193 106.43916183230516 108.33864010640113 107.38897161787443 107.31363182112749 110.32935985776433 107.28617152256038 118.45904293565201 148.11774134915254 137.68088602571564 106.24077398269228 136.57368102259801 104.43330274231076 105.48355531336883 108.25781017649781 138.31595498004168 136.9592176100966 140.53836346704765 136.52535649968013 136.14783133339168 135.37362841455786 134.08840829652303 120.02214644290044 138.03299463276957 139.18959400780685 137.14356414305888 138.4512224148778 135.15153613071246 137.22598142459415 138.38779082006295 141.23371820043502 134.75133349372075 137.80140305730868 136.80506655397309 135.94412115623436 130.27732099051994 132.78495802863731 139.40952414988769 142.82091607059715 135.8965278464992 135.91265315089353 133.68136580627663 131.69853859269307 128.98062505009781 127.94886375503276 142.37358695801112 137.18506031506294 133.32584879395748 132.89768137842276 134.98295096730868 129.95435936011643 129.17080165782883 140.43985058217541 141.77181699616423 142.14972893073019 158.76847854708947 132.51625910239386 133.84726545756988 140.85838263379898 143.387652788152 151.55926659382547 146.87800002583523 156.83922989534068 139.91434471754513 129.10053747993953 130.38759890963271 150.94930814760252 152.69385906262579 147.52941275698586 155.09645570950252 156.39403336345731 140.26899342776099 131.03939114438057 151.95459609239367 151.63416424404838 154.62361094519528 150.31061474653006 146.02573188922685 120.98074951536702 157.01622076301632 157.35102864736643 134.54255977839586 160.60702791604578 155.39145213167092 154.19195431101264 156.57393460627637 157.70513725469797 156.14245841717496 151.89060800621024 154.58612946343689 153.56403810703907 156.3980559200173 153.35726705051223 154.62566659030855 156.77503452154622 153.91878869537121 157.41637020363959 156.39582631435115 155.48197736124621 156.41885861460932 155.645420073769 157.93383296672172 155.72514955751987 152.69739678668267 161.02884878994459 159.63349146155241 157.76376911601028 157.89547107712727 156.81969177175864 157.2408784461476 158.39301154242528 159.89519189182607 158.59461633755552 159.14204956501132 158.47585041840014 159.73023445295692 158.59144009619172 159.7242570071584 160.78553059291116 161.11638361536669 159.04395824441164 160.22164688095825 159.5071717616963 160.46989911132667 159.45493634270136 161.94622334723954 157.41410595631743 162.18253947225165 160.14665658968684 161.27702001411265 160.62628968282829 163.29471091741632 161.9910924254433 162.36224347123115 156.40370742704437 162.0110579082731 161.11527509996424 162.64449763514537 161.25384259700047 162.778123585261 163.16010156615312 161.7776587956433 163.11183662078966
