# Created by Octave 5.2.0, Fri Apr 02 16:06:45 2021 CEST <br1@br1>
# name: ptcls
# type: scalar struct
# ndims: 2
 1 1
# length: 2
# name: x
# type: matrix
# rows: 2
# columns: 320
 160.70931629874133 87.767409639394856 86.876918772880458 69.280473823920502 91.058269687051691 107.0645786678827 56.750329831205576 75.507675021969789 78.228306958397923 109.84985724535862 93.185228655489482 88.082993159148032 105.00997283757962 106.01193759567801 107.8317868662602 109.38189463283662 68.629087799983168 92.838838367062806 90.764182825778818 90.747136318665412 91.947761208509206 149.26615537943033 106.76124190635018 150.50200322094815 145.56834298877837 127.79974792325595 147.3716817555102 146.25738384134269 153.77373664973237 152.73951146171902 141.37538445385937 152.18347065691418 146.26402988046075 122.59745996056853 151.37854410581275 148.4109405695315 149.31221514853596 152.67813866236116 152.72782937389118 150.93245661260144 151.83454515298345 152.14812332154162 145.34544499150778 151.7036044227126 146.74382527100965 156.3284052696047 165.5285479197039 164.67903095453846 149.35318891186412 145.89298623809461 141.10701073607385 150.18889441680014 152.81792152552379 148.22614497862233 165.49911081788949 166.48862328435482 151.31085197743712 162.26636594722717 168.03919171309826 167.51712050852461 164.47489688692568 165.7633114215871 167.29979479000789 164.29593788784456 77.192729493982483 78.349162857246938 76.816442885865797 57.639499101440975 79.050235842486458 77.700732370441372 76.053441979107873 9.1891192274443547 80.081693001445728 78.667057993239553 79.607501526910255 77.986548432627217 80.986948824144548 79.059241755348324 79.843793657186282 76.607552413722217 87.127269074720459 84.340757119902392 82.200333880933883 80.199163060023949 80.713916471442886 80.571892125576724 82.059869614013095 80.091068959749393 87.791382887203028 85.9775556303846 83.380345276844821 81.429765335109451 81.749306961268744 81.32860516627801 81.760332161242729 82.35572424385559 109.28835502314416 88.538369021945087 86.694512907219504 82.582093516082608 82.47451333229543 82.781160249035011 83.203195573193057 84.585056243675965 88.170429957857422 90.066319603367148 88.67429448662304 82.864691594349907 83.564885754961423 84.015822582221105 82.849561671854005 84.982855166442874 87.515505422999595 89.45293387980297 91.906191341448547 86.434387668572455 83.945603474418164 86.071528867471855 99.876666282824601 83.742137166645279 88.783782325774467 90.618031856675586 90.439293476006966 88.274159711301735 85.257784352045348 84.379833956324106 84.967647614040743 87.479037613342243 114.6180357590865 89.535872722245188 87.13312375029038 89.840952677125429 85.729145305460705 84.710061775667739 87.445504497969608 58.033837632648122 84.539278657048754 85.457844951820618 90.503125745688521 99.507827872277289 91.569756903486422 87.637662831565976 85.398017443713925 54.310424101080486 133.68586728627167 113.39368487583114 61.528897796817802 89.563359369750401 88.439104767476806 91.588906658537127 86.366863513187198 58.323502393641078 156.20044535595338 121.82392554348566 125.88244669513757 84.285634631162097 90.569179070950952 89.542636397796571 104.74028728902671 69.726501773135368 114.90501623882197 120.56983284303401 127.21200894090698 115.50304088888122 90.103141362985312 88.529060947275966 79.131184239168647 88.138338235234116 114.03519782313751 116.28110902518893 116.60651263862248 89.533499393629086 69.654876673779867 68.823746323326674 97.684612915377357 86.820307575575953 116.67451556011864 108.8380434822585 106.10890818800513 87.913421321374173 99.527695467252514 108.760132490058 115.77101022764026 101.74939795583579 95.778658610468725 161.08089044099302 135.3309362617471 89.14120047516964 145.72989648333996 78.096949013638707 79.349168681510363 87.703363425991796 136.17452881873777 138.2725012058369 157.73801665226287 144.95860217615504 144.27818890408128 142.96745325713459 126.12635505322622 128.22867847767409 133.88393542164474 135.32113953876902 143.37766870484722 146.81918895924835 143.09339565610452 144.2538188459925 147.22014431521066 147.0597930823771 136.18813066538021 134.26303743810092 138.83992579623146 142.49139477806679 142.22925147096547 131.34683812306315 146.45898765296357 151.76488013439533 139.9980250317069 131.15680002436238 139.9996327672506 132.55579257684064 134.84245824167093 123.22723741507279 150.40962402775637 144.53511229838207 127.05169574805362 135.59594743908744 141.91029417892634 130.60945065875325 157.35733186970708 150.56295201769228 150.94970263162264 148.40538041864366 174.22363192624678 132.75917800978547 141.02506042069439 146.67172168262184 152.39768354627881 161.54680719208747 158.68197308557396 166.67216423876204 143.16018228727535 115.63652002927009 130.88541535809148 162.62694638850954 163.36691608657719 152.93168981196996 164.49642119184784 165.68519084951197 143.80566851557961 134.40077378178552 162.41270442120396 163.50721458615257 163.61498762868527 161.37069042856118 150.82529656099246 113.2314200822502 168.12204571302075 169.35177920200351 120.2619708904661 169.31371830654038 165.50526517987427 163.42696037694822 165.18181006593747 167.62415806770539 163.09632751050069 157.88599061770088 159.52610734275859 165.8670575089057 166.51425870374842 162.49159974362371 164.47975074198774 166.58120120337006 164.69707071613308 168.55637457297414 167.51039991181779 165.30791024515912 166.51908953354254 166.9078315197369 167.93563388438213 163.13031719727999 164.42374078839578 173.41770051016073 169.75882917806547 169.08280816765668 167.7641887072609 169.07903983759084 166.56099250411231 167.78276953779763 170.98839349584588 170.13389895483459 170.0460960898055 169.02978823457968 170.17592530652325 168.96737971899125 168.68011351102518 174.331311895418 171.19902048936822 171.11392204723086 171.31354821814887 170.22923483461568 169.68352383157563 168.74647512787942 173.47731926364884 167.61980170426222 174.31861101382299 172.18690386272647 172.34678067106535 172.23019961131862 174.66873760385374 170.9328149751581 172.03802819185165 163.74485554328504 174.67704493607152 173.42114696975688 173.24661188884414 171.16591119934915 174.11157662236161 173.90579574911294 172.72481615547392 174.70203902101636
