# Created by Octave 5.2.0, Fri Apr 02 16:06:59 2021 CEST <br1@br1>
# name: ptcls
# type: scalar struct
# ndims: 2
 1 1
# length: 2
# name: x
# type: matrix
# rows: 2
# columns: 320
 165.37005980182266 86.140849619708717 85.818118645487274 66.800677691728211 88.965248351539501 106.37306720945288 53.98233444298809 73.213576194682048 73.650767919224464 112.0897071651941 91.373053773814689 86.527619300796388 104.23172632143599 106.21815044617585 107.66636569118501 109.38762280080751 61.839926416496503 88.132836149151217 89.083257022917337 88.913708510035875 90.271368890813577 150.69230308920854 107.28846112208815 151.98947827098235 146.37064548455893 131.25055312302362 148.59273120315501 147.44525264726309 154.45555728857028 153.92822938434654 141.45581147766117 152.10945087110957 148.17678456745074 123.6001289794726 152.43371526223487 149.35304233832883 149.86356347332836 153.16799210716948 153.91572703508362 151.51651493520649 152.95435096694249 153.62895194475965 146.51664690179749 152.75413724339487 148.08318094117189 158.10933046803589 167.1405227266028 165.00079781193324 150.67492675521933 147.65021417588173 141.6974239301565 151.06240511859826 154.22155022508014 149.74516712252691 167.61518814342381 168.18805146149649 152.43973074278279 164.97619898944944 169.7207117712116 169.97907956196588 166.61806175008272 167.9400689456798 168.67635281800995 166.02612284837724 75.542922677744386 76.692803076959166 75.468697643031035 54.956181141520432 77.913945182588364 76.400406947551431 74.736873039642262 4.1403536463423443 78.221265197720058 77.20440559356733 77.70425976218705 76.254675296563661 79.578881733094832 77.396408681312252 78.459440241547398 75.20841915344532 85.517741253730335 82.874628602073017 80.771717014937408 78.634915037836549 78.692822009039887 78.982663761925579 80.64398670091515 78.706582484493183 86.505280250452472 84.117127792331971 81.779804617510152 80.562162879583127 80.399267215754179 79.63734131521673 80.225985403193434 80.706267387789737 108.21299599391006 87.243733929677234 85.005588235646982 81.658050415491033 81.138402070737968 81.502597081275809 81.793515851733872 82.550001181020178 87.138325853834829 89.042551828798977 86.836686401722346 81.64573067696972 82.224738113561429 82.794013134356604 81.267706646671655 83.872650458907046 85.366467384869779 87.561913210401187 90.084258282089493 84.987753787612348 82.635227325362521 85.06444931712501 98.845188902912668 81.937358192781346 87.291441468986847 90.521105326369295 88.070067835474632 87.171704085060441 83.795106641843873 83.205561954491543 83.248210552432639 85.182292660802432 115.28943299487455 88.074700565393186 86.110004425497479 88.0018809964794 84.56294753701151 83.387008538241233 86.085537813238332 55.132884011616149 83.895228060638701 82.603244529955191 89.086260893014142 99.230461728746405 89.973002776437113 86.148647879130493 84.274120867676388 51.011292354673685 130.93285516586889 116.80671246590434 58.058399048142292 88.265517513878166 86.803041884310375 90.134709895022638 85.370922116067277 54.853334463844817 167.06876653173066 123.77449786718887 129.01085848655191 83.081428069879451 89.064175198396896 87.820944164212236 105.03745006209091 63.08066726075257 115.85882897581698 121.87943727045183 123.28437665622621 117.51383524267507 86.010196887591789 86.874761832457395 73.156263795608908 84.536116247694636 114.64688392584137 117.95570017290247 118.82098182610756 86.155845077761043 64.100964371613387 60.923075902168847 96.430191694485956 83.734948318803688 116.33904646728877 107.93121007405331 103.94290447477033 83.339123602047536 99.275674440722739 111.11097619245436 116.91159821477498 98.88799175700818 89.719852796253704 163.07120289255201 136.77761969373654 85.112808527174366 149.44927023960142 72.841110250323894 73.872897147017966 84.694522968137477 135.24645786707225 139.75390096716626 162.05327058286915 150.06224622055137 148.54842855095171 145.34092975551388 122.05595259759848 127.90652999795228 134.22955225836841 135.56402206251317 144.82479877355689 149.38798586639015 147.42817439915584 146.08989642681573 149.1929633122015 148.7191624919875 134.72606373306741 132.51462985387229 142.51882121716665 144.30951276580149 144.21568849994702 129.43741486268522 147.34530163669126 153.1541347945049 142.70539754412397 129.78575803116416 143.49588187674624 132.01332888848685 133.70151987666574 118.93248079266974 151.83425201351861 145.51945051428157 126.08289270420082 134.94823796450331 144.8718475864942 128.27985706234915 167.65667926411334 151.71635380659916 152.40371573910301 149.26117577932132 176.61008943332254 129.76581867908195 143.4513652123704 147.47690392968119 153.60168277439226 163.32352996493975 160.37742099117486 168.46213943925426 143.88756534326441 111.57791518039681 130.17804325504798 164.46576023473281 165.88396223291269 153.76586494546015 166.8347499391846 167.57439069659236 144.12558520818237 134.14751188562624 164.85558530439582 165.60907744184937 165.3060862025954 163.25256392223804 151.13782127974949 112.03483244919539 170.23057997403799 170.81117204096751 118.05687995924166 171.90533739884674 167.64058963041774 165.81683224998875 166.88819635151054 168.99838767638133 164.13471940689504 158.81174822682812 160.06719521020082 167.66400123556835 168.62076915602327 164.32483560777825 165.50060033122912 168.64101098943465 166.51015561613661 170.77063906086292 168.71147638446189 166.74870221294998 167.87252652106437 168.57496987782392 169.51862740489685 164.84424201425188 166.62275862036893 174.97738786082971 171.90467925488454 170.81259480431353 169.70287137395982 170.78921131496 167.91028309261714 169.08487456092081 173.06153210580104 171.87379931765824 171.75270629898381 170.57411161752185 171.18382070491083 170.27720053623128 170.93692672523702 175.18572882309002 172.91040722553092 173.01909449373673 172.589311862382 171.5814334486596 170.69474149995452 170.0468027654241 174.86337584816553 169.40899050517635 175.91629650418591 173.96727869942305 173.71544034545806 173.30826413980634 176.50768826138199 171.79725733855201 172.88236742253019 164.87841517888103 175.63809933612188 174.66845480837949 174.50933268087857 172.27485967034582 174.14352626016702 175.33742446847594 174.07618536945361 175.94157227728277
