# Created by Octave 5.2.0, Fri Apr 02 16:05:46 2021 CEST <br1@br1>
# name: ptcls
# type: scalar struct
# ndims: 2
 1 1
# length: 2
# name: x
# type: matrix
# rows: 2
# columns: 320
 139.83351356629225 95.048202108466143 93.871873584232716 80.380513653733615 97.855218376192909 109.57425828241419 70.580244768586425 85.776498344114913 102.32078599561777 110.6116770269813 99.388533294158862 94.965983753458232 108.4935524812702 109.16646306437607 108.48974548676311 109.87243970265074 99.223203897173249 105.20091397873188 97.767797407861821 98.74636422506849 99.681035529915974 145.26396776003648 108.74594320433324 144.87130476542745 141.24441418034053 126.00977979351907 143.29539805088942 140.94025680531803 147.46598889260423 147.32040139780702 141.01537777588939 148.1734519005839 139.81204772187667 119.17940947789189 146.87272931910169 143.847117624844 144.42752782286158 146.28413593888092 147.23979064511073 148.61225812179521 146.37700578661875 146.56228094275227 140.52187955087831 146.98209774678674 142.745609974031 148.51335092903349 158.02198923230628 156.83595208836007 144.37392969985146 142.21833030524422 138.93531397489741 145.67787207309635 145.54917710724598 143.68251665423665 158.12616801485964 159.09094252091472 144.83010458069623 149.92622333840575 160.26541036575625 158.04454785971743 156.7310778541752 158.61946662400743 158.83361303372089 157.48166092761278 83.554074320121387 84.634977394702645 83.514456181810615 69.650541398228171 84.769167686532725 83.03056461677393 82.198367847247368 31.788355638091449 86.591500979730867 87.315729157617838 85.625466303087634 84.559966990123058 86.806976282845838 85.718377465990812 85.716551966222966 81.926112349157137 93.076695488667525 90.69871918154152 89.655045048600812 86.620641598781702 87.760245398801118 86.812510335814139 87.767715607613894 85.836474491193727 93.165687092232702 91.965928709697906 90.966009163778267 88.897414948048961 88.736378631898063 87.974599678055583 87.608022609468364 86.77020690129136 105.83162848885151 95.975885998088401 91.939011214888779 89.934136050377134 88.75635559157233 88.636670536518778 88.648998876474238 90.760634966178927 96.013231694589038 95.795983489350832 95.090425058958459 89.870668149462006 90.821169504322924 89.800742591467525 89.775741537605384 91.886262694103877 94.065707924136987 96.261381247507913 98.89023370883271 92.912932208032132 90.788946479154006 92.68098543947157 104.4937555071923 90.741202460757279 95.907088263575659 96.32929682827087 97.096853801144491 94.260756736126297 91.920418031434835 91.670403813721435 93.033485497473919 94.686527091885154 111.61273384651142 97.189642800371345 95.056304073113466 97.711531839083406 92.73255794341803 91.715615484858233 94.92573472018816 71.191057635083624 92.29656020284871 91.248691675286551 94.967805554374976 103.29896766611036 98.23147438425562 94.061363147499392 92.816702516026041 69.077966204044259 127.55065391633309 107.73528696189263 77.063511243270085 96.157098782926951 96.891576695522161 98.676673939833577 93.771888310045313 72.244795657172062 110.89835777932048 108.87553906734333 111.09561258088809 91.788392670394074 95.795047686473268 96.947981660552927 105.55697366278444 99.425670775881116 109.54477688895514 109.62005154884874 109.89180187273654 107.84177079602065 106.73878777529445 96.598137324299771 101.10639022221375 103.03467646658757 110.77006435821933 108.30302536727363 107.73990918193425 106.79133791729885 98.668909939780917 99.989845651125464 103.41618114929132 104.04277766800512 117.79775968140166 107.17840067763635 104.74988614902082 106.00888584879108 105.94542248305144 106.04493986449752 108.88709797019899 104.81984599842987 117.00250020233612 152.12106680398563 135.58547360164025 104.0048841422486 138.20325383934323 101.94859660896009 101.64738801162892 104.96702195246436 138.98315488062195 136.67358839051565 145.8572115813825 138.67276872078929 137.02280343574836 136.95015097683986 132.88440373700945 118.66757537818356 137.98141080926231 139.87920155771383 137.81596612795221 139.62180964526928 135.77393226090859 138.70255850872232 140.64250388160085 142.17742002335612 134.80400225370784 136.83125622271533 135.78192198872134 137.99907030618874 130.27961247683439 134.13509951499842 141.74363136952655 145.16067246387217 135.63129678999576 134.88525937885544 134.49528079162502 132.89756107186972 131.0358648125387 129.42461534132585 144.8433826297497 139.6385719947649 131.38824270625187 133.4453112357605 136.48809399607933 132.0574453121277 132.17147654321045 143.53288628987829 145.0373629765225 143.88977977035529 163.54139356124099 131.78402112985697 135.40378957454931 142.8232227733717 145.94569407250594 154.76964010218956 151.14363131436218 159.25533383084743 140.62379953496477 130.32256135093226 131.20169483703796 154.47811229698206 155.84782658872439 149.19776302396625 157.89997190246277 159.28846046146168 141.65413810752571 133.08759138511414 155.30408641613451 155.88391074999836 158.60029531406803 154.07448964262116 149.06720886067555 118.58757424925741 160.41006065942338 161.0930429509223 130.13237791594696 163.39302324114615 159.45327516838975 156.79778867728623 159.03482103315673 160.10891430923678 156.36420291804257 153.74212322446471 157.51067670776476 157.1791074708695 160.26970500758938 155.51261135894282 158.46081899476729 158.99991894851706 157.43568342326679 161.65825065922044 160.50019398065729 158.39372683671215 159.84560804447602 159.14450791286089 160.78029470418616 157.98540252553747 156.39398801055333 164.5662228671047 163.17401323429982 161.38267593673046 161.36619220997355 160.28213583073722 160.04696133072727 161.239860131092 164.00674468678119 162.56178744086023 162.35020182040807 161.33572507800031 163.04937820886917 161.90075531939732 161.07997526688274 165.62066144375433 165.31479202611177 163.44475240060549 163.09761862199488 162.35026503359393 163.74432951945857 162.51772487387936 165.88382962140162 160.07023537046723 166.41188435895313 164.65579215179201 164.18408550343293 163.43903303442781 166.42120596628507 164.78153660340726 165.58990479038002 158.67082669823634 167.47565856350917 165.78567121990983 165.26121686238571 164.31460329826766 166.36112449017722 166.01869217314771 164.85946705551999 166.74778389124637
