# Created by Octave 5.2.0, Fri Apr 02 16:03:47 2021 CEST <br1@br1>
# name: ptcls
# type: scalar struct
# ndims: 2
 1 1
# length: 2
# name: x
# type: matrix
# rows: 2
# columns: 320
 123.51263133376489 109.35414983748915 107.48317004310594 103.28910649398621 113.10702711128839 116.36459167425225 99.439443010031894 106.96960179620166 119.25530029956205 116.66423801002055 112.2309930939131 108.2849474650596 115.35520205892892 116.1835948852669 117.32110408332592 116.57702001181423 121.18436814981386 119.08244910291515 110.62601727053027 110.27396638036753 111.92349168968806 134.47748853016847 115.28900759786046 133.41523983655478 129.84489973597542 124.17029177789541 132.60970092399077 129.96661164586288 135.79867396018011 136.62833883388367 133.17115361526703 135.59484467241953 130.32293591733912 123.09799934749829 130.53589051265635 131.40404656967902 131.53002354892928 135.33262982547694 137.72150241498244 136.86493938474345 131.60973560389462 133.54960608185772 133.12071929862205 132.65344073013728 132.13564737445608 136.56483750929814 144.62112155226436 142.74688079542452 134.21636906120355 132.08076020819641 133.52561565239384 133.82241858940017 134.4336294937072 134.58982411888351 145.34978071929166 145.41715757607673 135.7560729075081 134.74549487991942 143.74024405659281 144.19642952785236 143.45327477886789 143.51760230744122 144.26468726640832 144.06532483442294 100.65714843238446 101.69854524939117 99.069868833681426 94.439288266065574 98.685406739940802 97.610805582248062 97.57737922495842 78.429332911131667 102.35880848341075 101.24471366182865 99.958707327350155 99.639647952821932 99.618151234909305 98.429185573458199 98.743034824423276 96.757542054278389 105.11942804964687 103.04895862094575 101.93897759983584 100.89126037739625 100.9373414201623 99.849512120531031 99.73327556493085 98.533190129385716 104.10520506931782 103.99579810777787 102.82893146277858 101.76867436756891 101.76723535853665 100.77244468125309 100.7059609630674 99.460869910956205 107.1575713015977 108.63414491126048 104.98951681054385 102.51015683707362 101.52062864427755 101.84015890019973 102.68177301424558 100.55102976063533 109.34504719033478 108.50153906496067 108.05195532176724 103.02596110045039 104.53936710540238 103.79240639160484 103.10720045997112 104.07463777662917 110.43888158981353 108.68253640018997 113.6654795607207 106.0488014019419 103.63051776129198 105.12044310134314 105.86407140392254 104.08989649521506 108.54286271039864 109.75604618173192 109.51882451668641 107.00526249991101 104.82334989908699 105.95260304052533 106.36302323391685 108.13008729501081 109.98925638165365 109.71798384072838 109.06848231344959 112.85696827431254 105.88682965500267 106.01741159664209 108.5650705449129 98.499416165720788 108.05568704403575 105.60843491559507 108.6539243278422 114.28147162422303 111.68957641636418 108.03654605018399 107.04467768798668 99.555659480373748 113.14205931031424 110.87671641010651 107.58028756234597 109.00650743142856 113.41487909574303 110.62450178765928 106.98219115185491 100.50527156008283 112.14428100316631 111.06965073773485 113.64415439455328 106.65899044493443 111.91863606548633 111.70988681767494 114.43770146046596 120.18118140376026 111.28758882000847 111.96706967683393 112.9872658927773 114.18860999327758 115.84580969682882 109.62488669863812 122.35360831077463 121.64973948940765 109.77866907126113 112.39317997705156 113.67078935208055 114.84687849771181 115.97427168218709 116.91372249585243 117.7584013430567 120.12407329515968 120.42897073287844 112.95635957970093 114.07602272025815 115.08105995847561 113.70643804296553 116.88880651101161 116.93257019531779 117.80636658317013 121.4663837551158 133.62951589356612 133.74386921889553 116.02396267552986 129.76504847204524 118.59226810646867 120.1555538058262 117.98676039407624 133.15309181538731 132.6830195889136 131.63064715247702 130.56000337254267 131.25646330881517 129.30338798791226 127.0508980947356 123.80878367115301 131.20860870819962 134.3402909706675 130.62929007137109 130.06831078986613 131.82426275687692 130.7161058990674 130.48114773384918 131.06914087388924 134.00282453455529 132.24659134805432 132.3516462744885 131.2740866087465 129.56593099805346 130.61919072158838 131.43735946766819 134.90269887523283 134.39874204428676 132.85264560876314 133.45809500594873 130.01979980894464 128.42248329655143 129.62993743959962 132.57139567835665 133.82662277369565 132.98801672784467 132.13294353444775 132.40204371542677 129.28099932314475 129.87533947674558 136.32953737631195 136.45611904457303 135.46786360352789 141.49507182920777 132.92853093841626 131.79485231159029 136.17636925544764 136.80929650286788 141.35510791409479 136.37394706021095 144.58071848392777 136.7976462293235 130.7311719192501 131.10878411163097 142.21082866934859 142.8684512421008 140.82175120641813 142.98444147893508 143.46168121881655 135.80523659283998 130.53921449056949 142.57042389401144 143.09388376268041 143.94448061965193 142.36138684024715 139.69727402567969 129.64176476414056 144.88217997347286 143.66007328466353 141.50819874679721 143.35074499616971 144.68819656661768 142.12508747884581 145.39997795353369 146.10092377433799 144.04277477258475 145.14905142662258 143.25027657540349 144.35095531155412 144.38147345053957 143.4306397793718 143.11799627225949 146.66259488290584 144.10642245601889 145.48233570688097 145.0558425404125 145.89490418712833 145.61878113644667 144.1015721651026 144.90586495580459 141.90898200564666 141.96577629479361 146.5274279836712 146.29056164144225 146.71517833582726 146.28024568419872 145.08172380574123 145.75751787047756 146.46962834362895 147.40423707069715 146.93916332645367 147.77098304868619 147.30311543558875 147.00143428451668 145.88855833038616 147.94574347228496 147.16077728084318 149.79827108940472 148.32440015761506 148.5161373277781 148.19269110056209 147.9444121165651 146.85913262640918 148.8366545195386 147.85771202921231 149.91910998430902 148.93420212180959 149.43613552845949 149.078581936609 151.13921335648544 149.87393603339638 149.51070995486998 147.9304462575854 150.87909288337036 149.53526264086398 150.50135096647389 150.17464071614808 151.17348644759656 152.19912876221625 150.62548701271882 148.36862490096553
