# Created by Octave 5.2.0, Fri Apr 02 16:07:50 2021 CEST <br1@br1>
# name: ptcls
# type: scalar struct
# ndims: 2
 1 1
# length: 2
# name: x
# type: matrix
# rows: 2
# columns: 320
 186.07273046291897 78.317870477408718 79.384985796711291 54.874039151184334 83.622936812751448 107.14416550835716 36.396294519110207 62.180053263442197 46.791070555702142 116.06124099122432 84.790649816164645 80.018948168273752 100.4887311723642 106.4166769302111 105.21060838022082 109.41517256104844 28.679642324285425 65.499206434433574 80.290263761612195 81.104046011653935 83.54555528569459 154.30356107113579 105.76067315349563 156.40419930601189 152.53072173240963 141.29729117325007 153.1983494623781 153.15833595192788 160.92909661513696 156.56443372742018 148.39318092346934 155.80405602001744 153.73946168535289 138.909686607195 159.57265407445186 153.52185104645963 155.24547475571748 157.3783239917268 158.80811144380493 155.47362004747717 158.20050889289394 159.6246401159861 152.82761957188481 160.81458160615901 154.26296251886714 166.67473261287162 173.7271345960327 172.62718370734711 156.10367986127241 152.13173571557633 144.53703024455405 157.23277777003202 159.71569063813783 156.09818430075092 174.97371632219821 178.32817766124694 157.66327957514309 165.78654160580675 177.74065953587834 179.36098490952585 174.60839409255405 176.15384262686098 175.58154523089104 174.36829994952973 67.897574056738293 68.922022104800263 68.87930562024556 42.050699524759722 70.055508933996762 69.030947814013942 69.559561620871833 20.141804624672126 70.429364930590978 70.00675439009683 70.443575117474168 69.210029407507264 72.533556131101022 69.426634462429789 70.174741759740485 69.651172047686714 78.599733288347934 76.953532814726174 71.697914071601573 71.39277379488243 71.690730748940155 71.250126361286107 73.488192468677127 72.33904698358235 80.415546654769273 77.514475184740263 76.404847889839587 71.445977890677597 72.773381696089388 72.414274770127875 73.352056792247723 73.074540729057205 105.46097271686818 58.053161603952944 78.068530702091849 72.622029537017255 73.57708067369002 71.983514164199448 74.540630783382326 71.108855488305153 80.681549935490978 82.924368499248473 80.071975653996347 74.007133952901313 74.900586975931091 75.460113061496912 74.507639356644304 76.523643359655537 78.596002656450565 85.386186674716413 81.414449991959074 78.3413486612979 75.398088090213278 77.845470141146166 93.884273885240987 75.417948914315318 68.103550677114441 83.937126459214156 79.267189201515762 79.658818867499065 77.156133082227527 75.797968913046731 76.356333780900698 77.65315754591289 118.57304966113527 79.637932236217722 79.94601466766477 81.725521515988618 78.108672872008327 76.137817531558753 78.928842175025721 41.383856552821001 75.840084466067182 76.122806195195793 83.469693843120737 97.896462657478821 83.099827071864894 79.614205561161185 76.999541931465018 35.144039669574312 123.00701796994949 122.98132574876779 41.366952685464838 82.019985855483498 81.088727242747183 82.482567549961615 78.875333001093836 42.23360133015526 219.3402159961833 128.85709442116902 144.05702948334442 74.998504497526341 79.902207875740217 82.903547394251589 106.48991689026431 29.937946720559879 126.25087050903385 117.98445351681906 103.49902803228818 101.11273418754828 67.307216719538587 80.136947047208082 48.724047868345188 66.736780121262939 119.52770563900454 124.24485367024683 122.47716708347018 68.761175028400743 30.624417926110443 31.376558383001285 90.397022965436832 67.883561839256842 118.22346296477767 103.56977320601884 93.525458044450573 65.872122364026353 95.446953818550142 123.73532239781416 122.07965285859677 87.742610009595765 90.539125327297171 173.37726664969799 142.91156350083043 65.582543894448762 163.99992042569372 47.741568579076244 47.895706974071373 67.500127079620739 143.95546114616747 146.87240971936421 181.68123715035625 171.98139468383556 170.65338315128167 154.20921956993033 122.64192984510441 126.35658717470861 136.8271109624504 137.20873814643534 152.99442657310391 169.49612327503607 163.20357668656766 152.14521244875417 153.93886938211182 155.10339658105534 125.33755442737572 130.94430825774609 156.99075146460663 160.33772994980083 155.49046466605867 119.19504766822035 154.69693835661701 157.53504802270345 160.27701146143554 119.34780046694182 156.58911213535455 124.31489522028805 123.88234231362647 124.90579992790582 157.0607210560666 152.04926997839002 117.47700673718975 124.77158430977001 155.92453867366035 119.68245284097991 217.10554808603712 156.64973257669558 160.786416960661 155.17144885568763 188.08781363402025 118.42078721961225 157.09901425443516 153.9473077327153 158.53704688650831 172.08254618490247 168.54899940483398 176.60234836942718 147.2592407801358 92.034703130474895 128.98195313738913 173.1512362453206 173.4987892480068 157.77785011129393 174.43265596266176 175.47428394086768 146.22182159914766 124.53108159255964 172.3719657724485 173.94934559083035 173.01556034019515 172.35376597924429 154.70695297805685 106.27981573783657 189.70844107884201 182.76712365215661 107.45144262335265 180.89285860433591 175.50358597039917 173.18266558521972 175.74905740126775 178.04473165592032 166.37358685768589 163.50526965982425 162.42850202165963 175.635634628573 176.63730643319735 172.05778595259977 173.680057563074 175.88264137545073 174.63563320831918 179.98982292104404 177.13657490671059 174.86796031310632 176.04043504153935 176.24741501783345 176.91022319520218 170.42175429838395 174.95708058138254 183.01798892912535 180.79500571041444 179.34685287414942 178.25534012146596 178.81038770929513 176.98332804099206 177.05500361671321 182.16285006922004 180.13143816898841 179.47543929596947 178.28629808967784 177.6718419110928 177.36015978074147 178.96554608667995 183.29705724584875 181.68793512030859 180.86017248589366 179.54816463198097 178.41412209508798 178.28250007318235 177.17682064277727 181.50134736448319 179.11355286190863 183.76429582777777 182.29024274360017 180.60537167911284 180.03910342927966 183.514204418189 180.22746545822375 179.62364212179611 170.33029723579506 182.33433729748339 181.90570047575139 181.30791570734064 178.90387392538946 182.84522131808521 182.17064097590617 180.69334916665457 184.87168033450186
