# Created by Octave 5.2.0, Fri Apr 02 16:06:28 2021 CEST <br1@br1>
# name: ptcls
# type: scalar struct
# ndims: 2
 1 1
# length: 2
# name: x
# type: matrix
# rows: 2
# columns: 320
 154.71693179477961 89.858701093277034 89.214211170968852 72.468783136739162 92.514484443090879 107.81117574501204 60.730002461875358 78.457230657054026 85.213242366825796 106.40930895292226 95.303428738558594 90.224776960116856 106.01057550119287 107.65524874856115 107.60199611799329 109.32884989449119 78.239515838223483 98.667375985953271 92.577558670141585 93.196230207924444 93.599020755712019 148.10151071826115 106.6990747155584 150.1554600792677 144.15358416596985 126.64506689169838 146.48264878169056 144.73012394801646 152.51122955761397 151.68712605992394 141.27197828039991 151.20659276377785 143.89793574634109 121.30831407912044 150.2311437338534 147.08404259858582 148.03656839572082 151.24227773095367 150.9616734528465 150.8464952457023 149.07638357371974 150.75928002593284 144.07217081698485 150.47334871525686 145.90910806799985 154.03864430019317 164.2595791341426 163.36406096806471 147.83441178454854 145.42831149409901 140.34790805796757 148.96031385776132 150.35803493563671 147.05481822448803 163.6030834313469 164.46575628841654 148.85789277023201 158.78229489294139 165.53743200509629 163.90515790950036 162.22059649067339 162.86439857145447 165.15686894526931 162.90978730920943 78.82340134795345 79.702947537896932 79.325644257665886 61.089479335624532 80.469404107415357 78.528445458293746 77.934507874909656 15.680389260289797 81.795311030576784 80.716331178058724 80.908903891811562 80.36095714165937 82.355802727427204 81.339960134671429 81.264242956852854 77.769519911510315 88.376813138366842 86.283273643028906 85.189097639283275 81.937726053376693 82.791340949117625 82.470591369642221 83.50627829776964 81.713457188722813 88.357997769874714 87.231907981732746 85.627356585563206 83.345913822093735 83.799226237550286 82.966332445483872 83.606004970666802 83.368060500931705 108.77747559293429 91.138934791490101 87.368222522021028 84.549006555745947 84.334615184732385 84.124256181030432 84.474841052780377 86.535614865385597 91.047808603326445 91.940850692160481 90.704649376416683 85.034842555162896 85.469169374037904 85.501353951073895 84.423703593761346 87.624564894074567 89.452393967812938 91.316612257878845 93.888049220974281 88.239673057334258 86.103192423464421 89.059082705329004 101.20285148556852 85.65482874069194 90.039272588719413 91.939418501249222 93.165873839357118 89.533594324282802 87.229992039695674 86.487253788062063 88.127991076480015 89.942484427699853 113.75481074164472 91.882248077802288 89.335745850356261 91.509865354740697 88.167912392462881 86.866013403763262 90.062523868613951 62.265314171388674 86.887570189931353 86.125259402568346 91.587580250941741 100.13943750569929 93.905477265385215 89.630075449975749 87.746720724803595 58.552164917889229 133.17949534783997 110.01169320081071 65.990967616543458 91.410983825423287 91.341526654856708 94.288798578037486 88.94840844054859 61.862646431575236 142.22688955852544 118.30962315784157 121.85858772195019 87.31645982124931 92.61606627568905 90.648041978628768 104.35822086651559 79.324016601098862 113.32332605093275 117.04686957556277 130.71431878061475 112.67097043983131 95.532841744743806 90.710232083707893 86.127401999283052 91.807221259199991 113.48689240548619 113.73397386461636 113.52850320098203 94.480419000202275 77.230545233524509 76.61245026491288 99.297440199380588 90.842805929835365 117.10530692207806 109.29994461889353 108.31355804858291 93.732019944360971 99.75095572867788 107.66484758104458 114.30453995846705 105.66890463437028 103.2935557798625 158.50732407717175 135.21937337773318 93.37411733792689 141.40048948953586 85.813873355688884 85.016966603041155 92.7163310660831 138.57625570874751 138.673846253937 154.34204071615477 141.32828568186378 140.45128247959474 141.60832191393442 131.24225266995873 125.36080086917121 136.18503166328964 137.22426625416131 139.65719920979333 142.0536582513617 139.33327491526182 140.71482335041125 144.95496050961606 145.09868756789399 135.09037425850559 135.27054952371839 136.40307938757846 140.27955708040787 138.10688240829035 134.02162137800929 145.00540745757945 149.60816240459559 137.24842786702149 133.72116793223466 136.72951838419434 132.97733126183036 134.67443925689415 128.73291489315633 148.05117778133601 143.09650491585015 128.29729966157865 135.24723946993439 138.34201922552128 132.29369608453942 141.87381893797865 148.57792770067513 149.22883339983713 146.71831403275385 171.15532941714937 133.75912620057093 137.75380802923641 146.07282216530504 149.76352698820747 158.87205190714414 156.51670470448121 164.60273328299496 142.2406831845214 120.85634150490357 132.9000089452594 160.62855195073922 161.15705095270309 151.859178926054 161.80729118568746 163.69886536702165 143.37863937014373 135.54437716885914 160.31692493691139 161.53026987248853 162.03504205858891 159.52263379751147 150.73197135116695 114.7698898961778 166.46012729419544 166.42636277799548 123.09708780204039 169.34705459489575 164.23697904196567 160.75512547506011 163.97283800455534 165.32692465110438 161.29053253856736 156.6957308345373 158.83042294176144 163.92108025470233 164.94633252248011 160.10720546850786 163.10396828149928 164.72938591299041 162.83336554951879 166.25086921773101 165.80226574890392 163.38646189887746 165.10054020006297 164.7188091900436 165.53729976311141 161.69959839250862 162.48654699874254 170.30098324242553 167.74264701712866 167.1134215452476 165.78888398763914 166.66605675034759 165.01861277589873 166.11583473851218 168.22119167048251 167.61312237703382 167.63031231012528 166.79816638427826 168.24214922424741 167.04715034010235 166.38451519657116 172.22449505550836 169.20611565026158 168.62536173362045 168.8428093189049 168.29344053272129 167.37248064935136 167.36577081184566 171.21765430353693 165.97086279268208 171.82462357967421 169.96370673777679 169.96173278568585 169.3418969629279 172.12750288253423 168.86497835262568 170.03242053985971 162.2874217260902 172.94130472693257 171.03807571383115 170.78444554166995 169.25197264273584 171.08503765629945 171.32535878705332 170.24535213190802 172.19393569636875
