# Created by Octave 5.2.0, Fri Apr 02 16:07:37 2021 CEST <br1@br1>
# name: ptcls
# type: scalar struct
# ndims: 2
 1 1
# length: 2
# name: x
# type: matrix
# rows: 2
# columns: 320
 181.01619635779645 80.25425145322555 81.22771895629721 57.826177403794205 85.354750850181901 107.16363493361733 43.507046302101919 64.911123295926416 53.690682467567576 116.8124992325648 86.124285196799903 81.600148736993958 101.41521512015424 107.25750553921769 104.88371552129358 109.40835331346405 37.004355381233985 71.101590027185466 81.709997309851872 82.675046655948563 86.614653087801727 153.78343717804495 106.16849465720503 155.54703144824339 151.47921201879763 140.85942247593175 152.7774160176094 151.74420642107026 158.69461859381269 156.01917637100922 144.62706261681893 155.5309339188527 151.75397311225998 132.35519455278228 157.32790065162274 152.73171396728941 154.52373971229085 156.67223648206664 158.10082151369659 154.88496456309755 156.55481051162147 157.96600416174564 151.31612279281279 156.82730718246304 153.13934564978592 164.5545835671202 172.32717253446646 171.06927380425199 154.83799078161613 151.94007476034494 143.83415739445564 155.85278629354738 158.70491933483214 154.24912042070224 173.64265169725013 175.52818482527104 156.36099360333333 168.31542073915051 175.72110250878814 175.58377320523982 173.11701243569848 174.53343147531373 174.44771654394393 172.94965153514835 70.198169628935162 71.623596469494103 70.513187150884548 45.245125667522274 71.820761660119672 71.390503153004786 69.974640741271429 14.131369409074493 72.664957166879944 72.954595589327681 72.601090973919455 71.438672342684086 73.763518735383315 71.859884234957605 72.419929415335417 70.916867537003469 80.56451647734329 78.645230842254762 74.384134710786725 73.249611881917687 73.77677283949572 72.918090021067485 75.101535038786167 73.915510861531502 82.217697559312896 79.485657504964308 77.996916664958732 73.89481600323785 74.778365149624761 74.358197194631089 74.797066303022277 75.092299942434082 105.94695984318044 65.804211825287908 79.664412446069917 75.059395650391338 75.423489161721093 74.152894993810762 76.237718637271698 73.130839386249306 82.454942879496997 84.664915341874547 82.270955907716953 75.905818776126878 76.576978930286103 76.910132977029733 75.823665763739612 78.356091591735137 80.084930028168259 84.335860595875332 83.520940646887951 80.27407708028808 76.861640160538812 79.299072746513559 95.112223147040908 76.866400893741087 73.989619817889604 85.83539997111528 80.63846309620925 81.374907297971603 78.875960953667473 77.315355158356724 77.942576788088033 79.038475993693339 117.71925156248844 80.977781468260019 81.644844083234275 83.89607730623969 79.816722517407158 77.552574895418758 80.004384929008793 43.185075713630034 77.102654317555206 77.272875398785274 84.662938669816711 98.22666044739654 85.861118831910957 81.522196089757287 78.327669364098028 39.071577462915741 125.8691866663879 120.7229322305888 45.498498814840445 83.536759047012623 82.65703013132196 84.738868029441505 80.652495142797704 44.201531504266164 206.40173840597225 128.6101382492694 140.33272973166311 78.184505418113275 81.606933348573193 84.826400183999056 106.12856976131312 38.748922251431253 123.58964569395194 118.9581395537833 108.37145420258256 105.35188780180926 72.358255506921054 79.098914255183757 54.815460624439368 71.857831380968591 117.65848602803575 122.31122217811659 124.15135191705647 73.496582488898241 37.914908537102328 38.961782302277101 91.89038156173612 71.093061936276527 118.47704659782092 104.64933678721549 96.104033893539622 70.539885401485975 96.39465694285029 120.66935248867122 120.8344404995909 90.501367867866165 89.839129913628341 170.91186833571271 141.40580296307138 71.111327850642823 160.52884183555477 54.504724849494366 53.480299583956111 69.864808863207642 140.94844141608868 145.11040260248353 177.52254396982002 166.449961766999 165.4038306393274 151.6468940662981 120.68642682716366 126.74023638838278 136.96859228931524 136.09209322878408 151.43677382847011 163.97300042233158 159.59799797756742 150.21776436140101 152.58269688264846 153.81028019468698 127.15929486430348 131.18210643459363 155.01331769342497 155.60851529134487 152.79801210288224 120.94721408623701 152.79937827511634 156.74724053571882 155.99090251321161 122.04653808542805 153.71609713586867 125.15088539397182 127.75325033776039 123.70142920115194 155.3222381443706 150.35517369537394 119.9878615947257 127.50921399425205 152.52450601125815 121.44195938326465 204.86572907070945 154.66240770843868 157.62010055934184 153.45028091190107 185.24679279226339 122.19688388289636 153.3798949557671 152.38212157776755 157.43359448537748 169.59063486063948 166.52633148066093 174.44194424410415 146.683127938214 96.873957492532128 129.00493820598601 170.69177293421191 170.87771413998004 156.78478447618656 172.0537461021456 173.27447660884832 145.40856605292691 126.69713958071389 169.69203530727901 171.3644008801235 171.8021190718089 170.72893175025354 153.9190734278273 107.70432482480658 182.41561197100222 178.78972855912909 110.07655087481032 179.38757123488767 173.62204478302422 171.36374754916469 174.01700092359923 176.4789811848253 165.76300869443173 162.16070270200021 162.02682436451903 173.18156200282638 174.31222141943095 170.16467896633088 171.79879520744245 174.632469416318 172.36536979382484 178.46019919441602 174.63954476291116 172.84184736383801 173.99438509923732 173.87742477109742 174.91318328963524 168.84403723647335 172.56509821969581 181.2212669911379 178.16269271659854 177.10370932993791 175.62986585693304 176.7466868464594 175.38319758275918 175.09853173309179 179.63213980238987 177.735492553147 177.05475004538039 176.00359655403781 176.22467590967989 175.5672329849402 177.50562947531398 181.88807163277269 178.91494695600932 178.13925786598341 177.75442136146799 176.67329403941929 176.80073684012339 175.56360185783279 180.12504395813082 176.49542029393402 181.80637870035349 180.01739416602294 178.88328690008888 178.65242899303334 181.15169165843332 178.92149644710787 178.24408134128976 168.98082147913317 180.77545892845149 180.03109648265189 179.72020344056281 177.48941782916788 180.67079781432071 180.81319577165704 179.3863128489121 182.82934383685063
