# Created by Octave 5.2.0, Fri Apr 02 16:03:40 2021 CEST <br1@br1>
# name: ptcls
# type: scalar struct
# ndims: 2
 1 1
# length: 2
# name: x
# type: matrix
# rows: 2
# columns: 320
 122.69784973671375 110.35401085165881 108.27955320195049 104.70613285523895 113.76838337155978 116.34045675290699 101.37636612314705 108.28051541179465 120.35621355679125 117.03862322546628 114.24356525097505 109.25066101185541 115.26392440040922 117.02141346310302 118.20566383411216 117.40575748589329 121.88465091339127 120.13590013526748 111.56640243572683 111.59891587651754 112.63259194909507 134.2734285653988 116.19183626790334 133.33220346434121 129.14181666004723 124.0565090140424 131.69797739078618 129.28782947105123 134.500703730065 134.97043931563894 132.87861297448725 134.17806196272798 129.24085196817126 123.97021715047687 130.02021069844125 131.0969198192912 130.78886921879754 135.59708350069167 136.30370962103038 135.51645372338467 130.58073605821565 132.89209329890738 132.25825957925207 131.77972675338722 131.87043897402324 135.2084101958167 143.92026207461132 141.64683536833576 133.77296348192959 131.27470183922799 132.8766690856134 133.0353338061727 133.87956598611166 134.12453367046464 143.67032298804719 144.29557908374218 135.11542877073089 134.06308498674801 142.82455444897141 142.68201141719101 142.87619780868741 142.15916766781697 143.43409431190705 143.5105236539855 101.1694902736552 102.68367920060882 100.11507933117453 95.972612814591599 99.47453400327656 98.597099031416903 98.125619494324596 81.314341814618103 103.17116782725729 102.00877754643928 100.91603635294682 100.40998663355127 100.53357222400211 99.552052457154403 99.291602850696677 97.510426419188022 106.14822446000662 104.02477201948599 102.43860768342827 101.46820637650181 101.57047127786758 100.63922363122003 100.34739316991289 99.511722369475137 105.05860947746956 104.77650394165346 103.6471559199923 102.58718792563216 102.5328693592628 101.54481567100963 101.34623766275452 100.48086034523303 107.90026477614011 109.96390996048488 105.91653215411205 103.58188327386583 102.68856737913691 102.41082238476665 103.45847739391526 101.96908339046418 109.38997436596439 109.22216486449045 109.10498632111297 103.85836130931843 105.47667213904995 104.66862984175815 103.87306486591885 104.56849713656143 110.61949711010706 109.2193530250108 112.88257851594597 107.22187988664466 104.64733416568956 106.12491776731719 106.71147230629676 105.20583824486627 109.17622147506778 110.92398843974368 110.35687441360015 108.34830247915123 105.70723448644296 106.72145392760017 107.18975105062097 108.0524322461185 110.33382077526109 110.51358113192279 109.42380975552254 112.93485894771166 107.13580659778222 106.75581001544597 109.24704372376941 100.28223149174239 108.70146922389819 107.44655388800601 109.69930650920492 114.42596782416183 113.25436872200812 109.20950174134308 107.63176753970623 101.44087762117763 113.71929863332765 111.16318750182911 108.53321716876198 110.1167317152686 113.62579064897632 111.18662708974625 108.17501221725263 102.00788565754367 113.05976151406379 111.88170430018585 114.26818081237995 107.89316538465029 111.58179202579636 112.28501627171107 114.98702482939471 120.97548919281601 111.65917443317053 112.49611775272228 113.58549377322301 114.90530522266403 116.02528262509827 110.55944281885823 122.78283655175265 121.8966769365251 110.82885406857848 112.87381873370656 114.03247559961225 115.30097539171308 116.42747302582487 117.59751864289132 119.06896254964855 119.59824628248201 120.57948488348707 113.17800428903224 114.30047973365815 115.50252898626954 114.49904566987861 117.84594788771352 117.13562638669542 118.65138454468341 121.75474143569816 132.48570862075667 133.48705655555284 116.7880469630114 129.16746084430218 119.69556714845085 121.04327588675677 118.17676765371577 132.67031345178333 132.48036589838892 130.82646534804957 129.64021007604421 130.7180066697789 128.62474043460637 126.49530518406817 123.49696575451945 130.34484035100306 133.84814119701025 130.3343254220612 129.33428957918474 131.40062046848684 130.30535742986015 129.92666799816956 130.14809361981003 132.97072121756065 131.39879418166069 131.81494005799931 131.20678675768343 129.87328632478852 130.51399727814774 130.47543731745699 134.67342828325474 133.45640590369973 132.42987462545665 133.43339230175405 129.5671451512269 129.18111894791082 130.13418098840145 131.9489711572709 133.63334784714252 131.54947098047413 132.45214617654497 132.37765491043268 129.84093657099976 130.80134264560792 135.31258834076374 136.04047171077372 134.94618574380897 140.13138182516448 133.63837598633509 131.65540425119949 135.71715753141009 136.7294722025016 140.40872633435305 136.41457957678819 143.90513174998054 136.3319228982989 131.31125553141797 131.09845138874584 141.12735257938044 141.65039688183109 140.65656389992637 142.19019278486968 143.0026169655618 135.67250292466903 130.97294601420552 141.47312769597175 141.90063978098038 143.07174975813885 141.45778551860062 139.32671863786052 130.32552912588446 143.60006048247601 142.90337728995675 140.00658537032442 142.27259305381241 143.82586320057669 141.19628778674831 144.02184435754955 144.79802885783403 143.83705472203414 144.22925835587989 142.67464338948173 142.96176576389533 143.38626421434537 142.72529773151226 142.31403604067947 145.85110041792063 143.42491403141537 144.41903253621737 144.2831904602188 145.12258620961882 144.7089297225435 143.13952361504428 143.82807822679538 141.77153489036982 142.04196463080595 144.5628595739723 145.32555243147164 145.94774909820777 145.32448459731012 144.24472791119715 145.17957519129644 145.28619284222935 146.74100041411521 146.13125479587686 147.03480675134691 146.65934223357124 146.30885550222271 145.08310117771995 146.77971695474108 145.83245893187939 149.07930244701441 147.85980902230204 147.64888392499435 147.51353484112155 147.15339885250052 146.26585753920929 147.66269024896187 146.83048801183833 149.35135638175183 148.26606875910116 148.62984969801022 148.24856629565369 149.88720298379314 148.74144414341328 148.74527356890277 146.82015234548982 150.15994495882694 149.1851876397927 149.82749720279213 149.20649098234261 150.44226593684795 150.90197908853713 149.88742753891879 148.09262189582003
