# Created by Octave 5.2.0, Fri Apr 02 16:04:51 2021 CEST <br1@br1>
# name: ptcls
# type: scalar struct
# ndims: 2
 1 1
# length: 2
# name: x
# type: matrix
# rows: 2
# columns: 320
 130.70986877438895 101.86426314334139 99.345170804311422 90.77204030292036 103.98616249766617 111.51380239301847 83.347617221367742 95.38986485846354 109.53418414713894 113.35716860691663 103.60492928078932 100.41016815263575 111.76319256667369 111.75528246190514 110.68891089763041 109.96884308920326 108.94702602159732 110.79640979716393 104.83428348141126 104.50068649423888 105.19845993140112 138.56095452008327 111.8814565875424 139.27508846280193 139.77123387423072 125.175372858597 139.5288929483514 135.9625208566992 141.08071493186011 142.64968107858417 138.16835118252132 142.13674440191397 136.59543591887433 120.77051024078595 140.61749928934762 138.06057275058953 139.30168707262067 139.97530504364633 141.88408385451626 143.68054967639321 139.70073635201223 141.76307178532093 135.87014284001714 140.52960834440424 137.68422276933757 143.34607516667498 152.75050923883202 151.35809947905079 139.93257198284874 138.62172611808325 137.72338347804262 139.37247099484193 142.60124849166795 140.64234833745127 151.76507848239365 153.875999621153 141.1991620452936 141.76822235075409 153.27318160303375 150.70112772488287 150.55084143814352 152.45606312029454 151.71044429720615 152.05625404384716 89.982292489247286 92.287313487956553 91.262189005069814 80.894921420752354 90.418784846784362 90.120993440565741 88.154832474452647 52.945087596998206 95.310117543219476 94.371903097541136 92.429386850112166 91.261388685505267 92.730034332278933 91.610934081352127 91.727607086142925 89.320378916647698 98.268442785325931 96.272478340311295 95.515139548098389 93.570025035796263 93.83033892677291 92.945686036669301 93.454895288567755 92.214313491484575 96.653809361930996 97.266591710064574 96.477290791532127 94.787663805162424 94.878912792753923 94.009934390902885 94.018473824911624 92.755399804176889 102.29365485660588 101.61044623171804 97.249611769205231 95.824628133745918 95.010412850316982 95.061724882843009 96.267066467720355 95.046005739486546 100.91234949463824 103.41123144104132 100.44305990356882 95.806891777679184 96.958395975420615 96.085120512391114 97.392036787384868 98.236522135151731 100.70372918044859 101.45767449530591 106.40549432347126 98.504695083662369 96.693663211650787 99.365147621759803 108.66956594945225 97.231894676631839 103.81649438314886 104.43397879075016 102.37570611687281 99.401046952383012 97.515156982448715 98.121076461996637 99.919515380248541 100.31558617267072 108.79925971559007 102.85688677789113 101.32185354224173 105.00632237115695 98.414375022071368 97.777603314692058 100.66483772090382 83.92620745763935 97.739958634677294 98.90251113231956 101.11629995238762 107.19269710478792 101.86495579495104 99.472722551470895 99.117229959841481 82.902899236606089 118.52924839010313 109.33097027492951 91.606553618672223 102.66762362015935 107.29164844354271 102.26539160852174 99.467634308705357 85.039525316883712 110.45832885640797 110.07049226462674 112.2855916314173 98.398387495871134 106.00651205090762 103.95475189387619 109.58534503492864 107.72742710897904 108.97016644846011 111.09507727588881 111.67413784155747 111.88245080749627 111.81817341839275 103.02798890707683 110.03797814838371 111.51528407932067 109.39470055602905 110.73022750207056 110.74422522904504 110.21134467645869 112.44154016536532 111.97830393631567 107.75892407254106 111.03230876396364 118.42086426120387 109.76828717708985 108.43251305445037 110.68641255793949 109.2122308215905 109.50054676320261 112.84417063808513 110.16880006113827 119.59778905126906 143.73314680338297 138.30421659879889 108.82299411065436 133.96783382033482 108.69236561412002 110.22423160607214 111.34958066294769 138.3822708171862 136.47345527045059 136.09039607399487 134.94971089785287 135.32647648925246 133.61474716797599 131.95863547229789 121.18607378181862 136.38103479149501 137.47514675753379 135.34635181087995 135.00746141175574 134.25270753673445 134.32230810048472 136.7615637400439 139.18987584507246 135.59158090297561 137.35958676466197 135.6446206002806 134.76827069910388 129.94740987501746 131.09089862375959 137.60200690757651 140.57392053148752 134.59786352387584 135.90502511639502 133.4995860081124 130.9145615898783 128.24502244591855 127.20796235727794 138.46794000545677 136.782766256054 135.44803808914119 132.5715604810392 134.4959783540458 129.21750126262174 128.86851452293433 138.03249627882792 139.94489261682779 140.32654915977361 153.54100019825685 132.52003135340703 133.29257084837113 139.24624865861446 140.79015764586816 148.9803474033732 141.88873850639271 152.79996688078944 139.21788447874002 128.02594391192102 131.35589782707916 149.04364016638769 150.20453219193217 145.7021719883883 151.26819022732604 152.16980598781916 138.67136850298343 129.41185547678009 150.04447612888117 148.73554974152265 151.37580294006898 149.8225541975298 143.10826841574342 123.60184623539183 153.76600808821112 152.78578196030765 139.37275896107798 155.5422668383078 151.77348538304173 150.09433285171676 153.1271402668977 154.17342832279257 153.33988516449213 149.86275800526488 150.97871730690761 151.8187286848152 152.87995179171233 150.91344320697058 150.56573701157154 153.14674840744206 152.79778605215282 153.81575410205818 152.22560875679838 152.84041437661958 153.26307555902886 152.53440909338417 153.93471834924409 151.17092484363457 149.91806932072453 156.77780544661076 154.38101089758285 153.96904497616683 154.1807423655998 153.59466891909491 153.73400830415028 154.82344694340739 156.02316155554868 154.87551326353497 155.44605220990596 154.63973003962951 155.58541037544501 154.49416982735289 155.87999279325638 155.61031754421106 157.05777018120688 154.9582430752711 156.48874335822933 155.81229926245348 156.42725714471973 155.06183152072288 157.16194705724536 155.12223750542157 158.53572444206867 156.3388595433224 157.37708228182117 156.59595106250489 160.11613886679154 157.62125534113838 158.71889383172223 153.92067203478649 157.79454842582354 157.63060535716883 158.59851144578855 157.65001327605569 159.37149007445291 159.7061720164215 159.09273934693502 158.72932350759223
