# Created by Octave 5.2.0, Fri Apr 02 16:03:29 2021 CEST <br1@br1>
# name: ptcls
# type: scalar struct
# ndims: 2
 1 1
# length: 2
# name: x
# type: matrix
# rows: 2
# columns: 320
 121.4648402996493 112.13258656462291 109.59369428437211 106.83167239711806 114.96317895828329 117.24995048863362 104.19067023723969 110.24688583518414 120.94178628539606 117.56323907426309 115.98544287042488 110.57932154699482 115.98035099216565 117.99122282291616 119.0103020393779 118.45734247031865 122.17846023944841 121.09929147423614 113.00609707775135 112.90921133967531 114.2996682090736 132.28428696199751 116.74768123023503 132.63864809866479 128.43626616752456 123.88583486826289 130.50671379813161 128.26965620883374 132.17183857299125 133.83947151280555 132.04363993141178 133.02442902499516 127.38576587898652 124.71448600540349 129.87199270584392 130.88519005947705 129.71634137046016 135.08375834983661 134.2856380652054 133.22654896357068 129.34033943454196 131.18340391124158 131.63033805468351 130.13917544596325 130.74971100166576 134.36098002758129 141.14598320097684 139.14113483927233 133.06042575335886 130.40329002143218 132.3302299318882 132.22274955101943 133.60327760174371 133.09236082078897 140.218105125226 143.14095766410117 134.20923866607907 133.52857311577125 141.95623023786627 140.16078564633435 142.17588602522568 141.27508783399864 142.10308816475188 142.31511072600452 102.83734865260332 104.35650068811131 101.88444032136933 98.272599637380637 100.56434225051581 99.62850350376084 99.603406269192078 85.641855169847759 105.16087560882464 103.9878840664482 102.68349563091353 101.81514608571763 101.80518863217722 100.68927232613258 100.84303850126757 98.407065054861235 107.3835473359018 104.91898810194179 103.82032504108392 102.84090968760502 102.75500716387245 101.80778468073943 101.86402005136529 100.61176574231796 106.18647065521932 105.95679030748759 104.72886372531957 103.82370831901663 103.78811570056689 102.84945817769842 102.81162016481423 101.90765472110097 109.69587649801453 110.84303407832232 107.03237977634981 104.81292797693288 104.70884452151809 103.74584746929412 104.95497192213782 102.85428288342106 109.92257251392678 110.09580524260141 109.34519080192382 105.72667738744178 106.88419887644295 106.02672925020649 105.68763427949867 106.21187958266174 111.0661735072056 110.83625701254292 112.70718674067793 108.11767739634027 105.827783466451 107.25562664692306 108.06920119378829 106.73727176985582 110.20644591067648 112.50719923825541 111.91580934638323 109.10249161754957 106.88654608930213 107.60814210007402 108.56053689262008 109.12023765793015 110.39206876884268 111.2463052594492 110.91891639585388 113.37627157976473 107.89560437770636 107.9126888664221 109.83186746599637 103.00930669506049 109.18869756666379 110.06897439292619 111.18804213282667 114.69477450627035 114.75119422705153 110.24501985684104 108.58537013006426 104.26619654122605 114.30152702246149 112.60939383738406 109.69645772577347 111.37007809986868 114.39502068356343 111.56147812493226 108.89775159299484 104.30254343618695 114.66843502858136 113.34105457698467 115.28523749337154 110.05524861460341 112.18239253994037 113.063550662918 115.8479718571609 121.37925767620649 112.78166274210724 113.6916508162526 114.67954736149343 115.71821133705816 116.58645777777387 112.02896613931274 122.11649458622146 122.34583903289757 112.71429258194055 113.8714279335117 114.99928951939999 116.13650954350658 117.16458505063467 118.31630965090167 120.5259321761532 120.30535368479399 121.42657057020934 114.2797617609138 115.49303387778396 116.55212414289956 115.99119886582014 118.6986910012013 117.99972438682006 119.42672698759112 121.56596349576253 130.76999771154249 131.33004072858856 117.61207373756764 128.26998742000612 120.29042254973642 121.28542375905977 119.18532132370987 131.92161348213861 131.00644505318903 129.72036870543215 128.61742094630674 129.85417133825678 127.71104027782508 126.07871369781441 123.59329672911024 129.40884950271038 132.94563353297127 129.44799485471151 128.49509632931259 130.39671057757724 129.21545796286017 128.17818240922406 129.45048757852413 132.31269508290848 130.63181841344527 131.44622403731327 130.97732218882456 129.9346547815264 129.97359793945637 130.51841383862123 133.39998814984403 132.68492579505406 131.81168406806009 132.96318634426774 130.55255231739883 129.30363457239943 131.25662618006163 131.39660575685886 132.3430438710669 130.86482997357143 132.5383186393654 132.80758326918385 130.40791268546477 131.44585936900549 134.12292385951699 134.67084210997351 134.11791239019192 138.08584681909954 132.86335144975314 131.90981198403944 134.85149863778813 136.2574105073617 138.99316580550658 136.09032710796643 142.7962732300299 135.77713169521019 132.36077021775588 131.61929695259079 139.83675453936274 140.4523110137101 138.67218413993834 141.04855199415599 141.3278411731315 135.32960862896431 132.46836441530857 140.30123824078652 140.55499980345317 141.7295113308775 139.91147925556561 137.70367604704151 131.3511756685003 141.54695874800626 141.8982557958708 139.27010286693044 140.97145476247206 142.69405535221321 140.30090319138162 142.5591994690148 143.40764056341021 141.74712830870234 142.90305111975223 141.3208330022965 141.96303193249406 142.44502954754918 141.61945425539187 141.2946903101554 144.2811589880364 142.06332793752225 143.03718421632146 142.91445893291697 143.93840448801649 143.52170371253581 142.21483617571195 143.04598863653726 141.43203623638792 140.64670916454114 143.92283193555943 143.92465712976571 144.70331362109533 144.4561358003219 143.20349334391136 143.82445532531844 143.65966451760724 145.38164873062212 144.92596629081635 145.69233240811295 145.56864407663988 145.38200537006801 144.40569815806074 144.62594618180105 144.57223921020326 147.25270415173352 146.18991046034284 146.80090840373506 146.52399058280022 146.38539439670063 145.16631222667235 145.77458813119537 146.18986692754771 147.84475050298892 146.70480392813661 147.66996833553199 147.42016088393405 148.21949419412633 147.18067287685935 146.99876276138968 145.96513907477711 148.35933512221479 148.10900576555986 148.80127659486308 148.62107236066356 149.33927490411045 149.26725453027737 148.14290675493862 147.36929521245017
