# Created by Octave 5.2.0, Fri Apr 02 16:04:05 2021 CEST <br1@br1>
# name: ptcls
# type: scalar struct
# ndims: 2
 1 1
# length: 2
# name: x
# type: matrix
# rows: 2
# columns: 320
 125.4816868599718 107.84103133362659 105.23342348139253 99.864626120958761 110.14906004157757 115.82388004872453 95.04660898358361 103.80156055851859 116.58793290010887 115.75947373936005 110.26149110414619 105.53617202169485 114.24842903303217 114.20091564652003 115.89786678427856 114.73679199862104 118.29796216864017 117.72013049599168 108.97306719969771 107.85329361837123 111.54907083069936 135.82196851192339 114.1145180591473 134.89378624629353 131.32950100269019 124.44526679054019 134.61634139133005 131.60700190165772 137.87971287215819 139.08446264936015 134.7144618673166 137.06595586029579 131.92989229382275 122.6590202377363 132.42569573281509 133.08020357314859 133.88015422884209 135.97135748846489 140.04153780824797 139.78197826835168 133.82376509289867 135.46538151355418 133.78078611863563 134.86386744509952 134.10330460139093 138.54766974362124 148.02121030216168 146.4460758394097 136.24161806882589 133.94896737727581 135.03996409295473 135.06025197181199 136.28594645336273 136.53315698720027 147.94747181963461 147.69379360228714 138.25108029178989 136.41761608116298 146.11099444770076 146.98055237704423 145.36317243576349 145.87788788784206 147.0502334655325 146.6533599283872 98.69484826064874 99.506074583404171 97.828091021721889 90.733753940461014 96.172929976239445 94.986650028902886 95.734887886382992 71.457228061039444 100.62333422795346 99.871962404148704 98.859556969049308 97.713087765302703 97.913072542547098 96.881983157629861 96.637225770029289 95.047643096295843 103.61304525685657 100.81562892461294 99.877229142283795 98.758913050693579 98.776195790127602 97.676020375422269 97.515981808155274 96.643302870942293 102.53707378305248 101.9246766635638 100.90922596891834 99.502393474975989 99.776244437598379 98.612344311349844 98.539378485876426 97.578559432548587 106.61112866044967 105.56230822944704 103.27226810573777 100.60348696420228 99.737039688813894 99.987553792910518 100.90998396421607 98.532707223376576 107.22067525690913 108.93799142685566 105.53004755219744 100.91166463503964 102.00910422091319 101.89980976557257 101.1402769197195 102.1190037211625 107.51920516205764 106.58560250914155 113.20849270474083 104.53377615908704 101.87140373183087 103.2116198869477 104.08093871029394 102.10093236902536 107.45936254919879 108.89476029538896 108.03762736490856 104.75119847711568 102.86476809870125 103.08733033179439 103.97815344080777 105.70126576833989 107.69305877954068 108.26966847712531 106.73876023426386 111.29118440899164 104.00802690263944 102.93414339962256 106.57518968146141 94.644115550134458 103.82169906502006 103.49944077991366 106.61027162273608 112.93976247189281 108.47419820659667 105.66918448556103 104.38755957157903 94.999715640097691 112.79824625767016 110.39544451590531 104.82485888883207 106.52435499925052 112.72571958621259 109.03519590707165 105.07838955853923 96.132720905340136 111.72661835218304 110.60906382849959 112.67255212574395 104.47038535129836 111.42156150037292 108.73486344022201 113.1101699855548 116.66818336922623 109.1365744801234 111.30182697667129 112.33262600912913 113.46575384221383 114.26599892658838 107.83230495269963 120.47719889472791 119.37324024281406 109.57616952983557 111.40628506291931 112.85331538873808 113.71030789497939 114.7648844195343 115.72827351373131 115.0027277683423 119.22183363632695 120.4692618702763 111.81138458158856 112.52711496464718 113.59403553187772 113.66201296538394 114.67865521863861 115.49504595258151 115.77141131559816 120.36548569233953 136.39371680285564 136.25158468993087 114.66561206762829 129.7866996666215 115.77853053524998 117.50446197998255 116.64344765721779 135.19668746187997 134.12639854807631 132.59238459091279 130.81121051242047 133.13645961217671 129.88670371900608 128.39358096218189 122.89346305558153 132.34687716852088 135.35365732301111 131.79523624728085 131.03704044031971 132.98273717536378 131.98385492074522 132.93579142960635 132.36655363317564 136.58849551875093 135.67445701309572 133.95619549877722 131.7558693700197 130.0931929412416 131.07531820840575 132.85643107994136 136.28218383888901 134.50018729121769 133.93221474372169 133.47565024808046 130.85133287348617 127.45504496979055 128.30146270718564 133.41212248630399 134.77950051773769 135.22641479265914 131.45315105927378 132.77090073502686 128.49698931462783 128.33648320815485 135.57954773274565 138.18079782448453 137.26059896673434 144.79065600564573 132.44833282040571 131.63132603480017 137.467703411244 138.05806807540804 143.50259811147725 137.15200694927137 146.6005255985441 137.66815484678179 129.41622447111874 130.31813939791789 143.28880569816934 144.50270178514938 142.99098409698544 145.13032041815842 145.21386140176045 136.38099905677026 129.35452210484698 144.74693902572002 145.28113047719106 145.91047844633238 144.51636016542602 139.45645197553912 127.98933422325945 146.85538486083777 146.6140058210824 142.60185392275275 146.64605362271342 146.69261891336419 144.36785888056809 147.29776354788194 148.63048575918066 145.10462706762348 146.46831343846503 144.43690549563902 146.38716572647942 146.46023930151296 145.39981046585686 145.4433290201824 148.74133043560158 145.6704595893724 147.56553211159843 146.95840669442254 147.88845942006063 147.57947091015401 146.31828609220159 147.31492351696807 143.64788310629973 143.87462258059824 148.91773777855141 148.25044096888237 148.76093718698058 148.39655869202565 147.40297646640551 147.6726032359222 148.39952063515341 149.72024808882051 149.15168459924035 149.93131720771086 149.51578126223254 149.31865900393365 148.28867302756666 149.36185065234449 149.51415005517902 151.59542516040085 150.37156736786164 150.64320632359147 150.47348867438717 150.16867307298108 149.10025630822102 150.95245914065438 149.71826145152085 152.58548995638401 151.03353136267748 151.51045423996419 151.37551841977847 153.35729771222194 152.05719611157767 151.55385531104056 150.18760725802539 152.6295142142549 151.88904255018591 152.61245769640664 152.64888860072077 153.82072566378176 153.93723936535034 152.62779849673689 150.44367731757387
