# Created by Octave 5.2.0, Fri Apr 02 16:02:46 2021 CEST <br1@br1>
# name: ptcls
# type: scalar struct
# ndims: 2
 1 1
# length: 2
# name: x
# type: matrix
# rows: 2
# columns: 320
 121.64250540804612 116.05005327974614 114.41403214672954 115.10340435586672 118.2495211536624 119.54624207047425 115.36490387854555 117.90428212417011 122.24621231107274 119.10558275778992 119.62741729186529 116.97838331993286 119.67492377018746 120.94244812087639 120.52903032828451 122.15965495793979 123.86616578538472 122.68176541369512 120.28218263397565 118.46157372978669 119.37430775236913 125.30742998628254 122.04890613409135 126.34587698534635 125.4471384138338 123.30898916639943 125.39818341359825 123.72333825131082 125.08299633005888 128.09350819957882 126.32758117164286 127.56389122675445 126.00589519862582 124.76871134754738 126.33796122712965 125.13039822749531 125.92668612487948 129.05995173829078 128.58185577015189 129.08509162129099 127.33817535385386 126.36521407900683 127.55374911368195 127.46927073254531 127.01267326073123 129.27559949279905 130.31731138408784 131.1381678847942 130.32839941700104 128.67577412261477 128.54174915887205 128.29237751068169 130.77197961649111 129.42460375823254 131.72679942521549 133.6166232937052 131.41502708305438 131.89197785034742 134.33886417260231 132.57154237058731 132.26870855079579 133.55889347501162 132.83126842274197 134.38519002782525 107.98113308729181 107.38444072363801 106.9463878103487 105.27444972872861 105.86176300365987 105.10600114703261 105.47632207854623 102.47107377351864 108.47054595175396 108.01096478958105 107.83418551893845 106.76773664579999 107.07680995463301 106.29887192087611 106.66026930826189 105.95957988172 109.2085190498841 109.28738141478624 108.84706996622205 107.80540105032563 108.14305374474846 107.38814397843886 107.79390625282528 107.22089501626456 110.17983604503513 110.38934144142932 109.86450545951159 108.91983957230431 109.19956174143792 108.53606702171525 108.92279331958241 108.2965696621916 111.3827118881612 112.54008794776924 110.96055360386788 110.04257018250478 110.2924494612093 109.71754052983688 110.22380911459345 109.45701671530206 113.21920869556661 112.50687673853034 112.89405749463673 111.19256846939525 111.64864278100318 110.94694653849766 111.27856949588511 110.51331920115223 113.76036116791876 113.62626386585436 113.97196778963566 112.62998975954413 113.05155616255689 112.08339875721289 112.50732354740857 111.67639680981544 115.39218127025796 114.92243631960648 115.02831325226796 113.86860696702897 113.82364893587663 113.29288053676811 113.54123219026161 112.79520144959612 114.44079243202756 115.58944470174514 116.38737589000566 114.9344801289806 114.95061672231226 114.17981619438696 114.28933868277306 113.80921241454138 113.89742862590636 114.47576035925982 115.31135188007998 116.59425632342708 117.76197202661689 115.35533084866229 114.68984620837604 115.09077756535569 116.20354209668361 115.29737097659088 115.77464749578083 116.18990214499608 117.3449456329287 115.98357692736587 115.345824362511 112.9589071513403 117.06356446370336 116.71464998872933 117.85054906504959 116.64184830853368 116.53453509612501 118.47557130944914 120.05729297003434 120.60857337191719 117.99315338603259 117.99074578693352 118.95597090843044 119.09315715855105 120.01838829718871 118.0109595809753 120.23930614689544 120.96842536394902 119.34001486066069 119.05778706890555 120.23041848773082 120.11954843468499 121.05382621650034 121.05006679335376 122.18084889268063 121.29100843578922 122.46915634427462 120.15257306632397 121.1324208721098 121.18163084990232 123.40884345047371 122.03874676248583 123.56486876781328 122.28754178245234 123.10484017916521 124.6388382859851 125.76817101697577 122.28803082833586 125.62467580131168 123.29310775376447 124.63961223502207 124.21192189169037 126.74333585121175 126.68059329079969 126.98047857687719 125.45133186850865 127.62618348834465 126.17602428164362 126.73386792975656 126.46436228331871 128.52191398310535 127.41577960372697 127.56976077487367 126.52333148898136 128.65079161859896 127.05059801539653 127.49613031964469 127.32015683326209 129.54065554559753 128.49995179807149 128.53376366827686 129.70697374171246 128.7580309231237 128.84034664265366 128.61252809010418 129.0738181878186 130.57381173315562 129.63716964307497 130.8877993998218 130.97700335474539 130.41022504311738 130.88757694605238 129.10510815656957 129.71893392823335 129.52017247182215 130.70350680209199 132.10506688550089 131.57633414364744 132.01564099527857 131.4106347979704 132.2686195658068 131.12225764897488 131.88085994038178 132.93701946994656 131.98808210394574 132.02321032092991 132.46148069367254 134.63811444832263 132.55371776090286 135.5402554138013 133.31051324024912 134.45971976978973 132.65351414238293 133.36188320092975 134.81800847684556 134.14958979121724 135.40817608312156 134.76484808129493 133.41865024799779 133.58682310280281 134.21128146731004 135.53598680635213 135.71498171334258 135.19827710022139 134.75725497465413 135.33902805473593 136.66874590324898 135.62690787383798 135.52029258909059 136.48373717475994 136.80945057873038 135.81748603286937 137.06957066514718 136.987622475748 137.43970744642456 137.58750252857834 136.72355857304484 136.6804695151252 137.55868659837935 136.18803360591065 137.00187688014569 139.08095856544531 138.1396806842248 137.512618860559 137.42212131734107 137.84002206658738 139.00283842000192 138.12916759185077 138.98625624535191 138.11647302265666 139.18004085841858 138.89772910960926 138.67346087951421 139.78069068360659 140.26553559491234 139.79716074953942 140.03191429604175 139.22658890441295 140.1889469545518 139.73136406580193 140.36337107618516 140.90297160888647 141.48237384080801 140.82204699734541 141.15426920926541 140.49940882253819 141.30958456584165 140.89486397491197 141.48292978196136 142.12506573371709 142.49685440253688 141.96493893484615 142.27934986528066 141.58417896551867 142.23542073516501 142.24546193685484 142.53729519654803 143.08407556283967 143.63379483678477 143.0603509030594 143.33992109157327 142.67709409131055 143.21753553094769 143.17218262286801 143.42064369665889 144.20798583663017 144.77087553283067 144.11771702306547 144.34286000040913 143.73049352315559
