# Created by Octave 5.2.0, Fri Apr 02 16:02:50 2021 CEST <br1@br1>
# name: ptcls
# type: scalar struct
# ndims: 2
 1 1
# length: 2
# name: x
# type: matrix
# rows: 2
# columns: 320
 121.75887059114466 115.13305173913062 114.00620684890551 114.39283420168262 118.29671648050353 119.32151659717638 114.57461909788432 117.23842511834678 122.45292100806184 118.76404438459556 118.96552728890929 116.21171948822126 119.47051865537023 120.50314371123714 120.26382957494316 121.99470888488308 123.87594207089136 122.76232123726723 119.68535236401372 118.53512254216248 119.37424045532097 125.85980897285577 121.68863604872634 126.94839226699378 126.08201054876314 123.28609275128721 125.82440409950237 124.47510230691067 125.46990412416083 128.6823117573073 126.85376560550613 128.43146367984215 126.32142823674387 125.23857123090208 126.59161957620061 125.60274104631311 126.45393031405986 129.57560760972228 129.32364709408404 129.39534806510056 127.35702764932468 126.55991926282763 127.91329440506486 127.63984255224101 127.50810667155973 129.51877684252784 131.17670515297104 131.62868879335872 130.41383097481256 128.74321948429218 128.71361899487488 128.46820512552932 130.83732872672684 129.73447309313869 132.50425904123369 134.46799287225713 131.68437288114563 131.91024329767919 135.45647203673769 133.19039014746065 133.02480208988149 134.05991980081888 133.71886501592491 134.72759169140971 108.21374485872622 107.28829710564005 106.4564994494576 104.46356729729629 105.43919172041217 104.69159468115568 105.08012866481303 101.02856932177542 108.47529477853189 107.53327925879496 106.88892630262811 105.84510551669631 106.50792994819608 105.9405253815944 106.20754935510281 105.31530767409359 109.28527701475653 108.97513631660752 107.99341497981226 107.3583540427921 107.60944588058456 106.95884943248836 107.37622128624125 106.42651896084409 109.71548394772861 110.07039485331744 109.4230736944445 108.55000025356883 108.76456100812483 108.19792505799302 108.53199411913552 107.69887331461581 111.40272027655732 112.12745484645859 110.87212412807931 109.58465803317027 109.99425321946481 109.27108130392926 109.52549137582099 108.76154548843571 112.61390587089404 112.79743545744043 112.47080322296638 110.82736211743487 111.59018848189228 110.53922849314323 110.82783719115835 109.78626923793288 113.41284558391312 113.46870768714027 113.65147344486877 111.9653037870023 112.27192762973047 111.67451826502239 111.94644017156337 111.23199226221656 115.10433304143373 114.93396261881172 114.47306729616723 113.41154145649445 112.91285313072211 112.80479515890903 112.94045784117365 112.52425131827306 113.96749860231196 115.10503415031572 116.0238383917133 114.468309285868 114.51328235231976 113.54993866294498 113.62753671769474 113.22784531344278 113.48873388339916 114.21438059663204 115.41394004673613 116.46209692941129 117.5974022136604 114.67153962479989 113.95752992944068 114.2672290661921 116.40009213770898 115.34727901393602 114.82609300571082 115.98084239837654 117.04225395466722 115.84440043667674 114.88696086734011 111.60237916712043 116.40792272141555 116.09710479433485 117.31017997788956 116.1202160078785 116.62849116303673 118.1213362804391 120.02579118779433 120.51264271782922 117.33568308466886 117.34359968769895 118.56435565535142 118.73352415760708 119.85038772681298 117.6115932710689 120.28093288498086 121.33491623697114 118.7454303043761 118.42039535270324 119.49884434541984 119.82013722531156 120.93429228878928 120.95788026684336 122.41772785270425 121.26017389332848 122.57796432420966 119.452132878795 120.41798605276576 120.75138758028066 122.95764533804412 122.08545284443373 122.92158066292835 122.18430412902573 122.755219508115 125.17675443867863 126.00575895290542 121.81225752289254 125.65876210371317 123.45998964363447 124.09152719085391 123.8391152808294 127.02016360392734 126.72519088607513 127.48450348380764 125.80699236873413 127.76463193551851 125.98726538845033 126.94799188202873 126.61337569593636 128.67191065855721 127.5895670770453 127.63437728257246 126.77886551666208 128.81050775165642 127.99218418049843 127.61235743794887 127.28632395458382 129.46804585734404 128.55149959341716 128.7035335849848 129.81118198161647 128.84686912042505 128.9123101992416 128.38316877616921 129.62093875038477 130.73105044934249 129.97794769823361 130.95586994137022 131.07565897100676 129.8938740287706 131.37978979853895 128.7860324891013 129.59795397715129 129.59738225810872 130.88428020277078 132.07719771772071 131.23036957045883 132.51044720523842 131.15824023488511 132.27062328813125 131.20053952028712 131.97457113345601 132.89203860913267 132.324273388184 132.02228970391658 132.29753038232914 134.74044525511641 132.93657952246087 136.65894478233264 133.58873640609991 134.73284046409717 132.35073515886205 133.85750819061994 135.5296987361871 134.26882997946583 136.00129271177175 135.52250338055458 133.87698881388837 133.37867380290925 134.88500291342461 135.59645681189136 136.42684813132612 135.53676836941622 135.1427394680172 134.99791893113442 136.96564755561914 135.96178353921533 135.90838336534568 136.4758899626076 137.48214216049294 136.45973585575163 137.47936302805658 138.53042859750573 138.01431511541875 138.11579814984378 137.36785067211193 136.53063986979129 138.34768183524207 136.75248220596097 137.66386498531239 140.14148372723844 138.42565749308042 138.05769284313016 137.72022055024692 138.34838536755558 139.41348329926859 138.8890626115502 139.27301463642806 138.31047764069496 139.69378751252634 139.19792307839742 139.04942559727345 140.14704793036378 140.74669487211867 139.9152654777759 140.35936352995049 139.37753944484172 140.34341668932905 140.14749661882527 140.78217692304403 141.33431422689594 141.78037608879737 141.03973535158019 141.43026988015453 140.55017547354996 141.39376078412039 141.23282656916098 141.89065551075325 142.74965737336422 142.98762170775558 142.14488626222783 142.50323561326158 141.67773288440583 142.5373360448944 142.30649071120138 143.00565818404615 143.68937129673893 144.07657281607268 143.33722273636528 143.80211184646976 142.97861458012451 143.76784735458929 143.44283135970096 143.84418750987606 144.81984510172157 145.13144296070126 144.43334206722636 145.37066651287992 144.35834835141901
