# Created by Octave 5.2.0, Fri Apr 02 16:06:04 2021 CEST <br1@br1>
# name: ptcls
# type: scalar struct
# ndims: 2
 1 1
# length: 2
# name: x
# type: matrix
# rows: 2
# columns: 320
 146.06126528905713 92.879455415551291 91.815726982619466 77.07411881081056 95.131762655438479 109.10848579604067 66.456134589887924 82.717699907731259 95.619715321183648 109.7381115242746 98.539029282696106 92.850581810520538 107.45589045974535 108.28155560453072 108.05083687602919 109.15379916868861 90.240111200523771 100.70557349460294 94.496573087204069 97.172592112759418 98.375435416497808 146.39828505186688 108.10912516308903 148.01622871426906 142.22093367788582 126.2752729091761 144.22049866361724 142.52408187987857 150.62788512669164 149.63346745849583 141.12261380762513 149.81642905527823 140.43352551401239 119.44154393283563 148.26919036138463 145.19059742029901 146.26202058303079 149.41608755272867 148.19387930922781 150.83572653192684 147.26287153838524 148.09895394661353 141.34305496629281 148.65365693085937 144.14250992036759 150.72848185612597 160.51328910502113 159.4991636537417 145.53906531300305 143.36384677623636 139.09673122993431 147.35192504315469 147.6868112449101 145.50503288889018 160.31974586575598 161.37692347939301 146.60376888007571 153.7497478145286 162.23241253469521 160.05084706318104 159.14858349926564 160.24632132954318 160.86357443420357 159.72917919616791 81.236993831740847 82.337085459291927 81.787102645875933 66.072784118334113 82.869950903018449 81.127495572676736 80.60072998984522 25.056668196622102 84.969335192237963 85.864978408191334 83.524480206979447 82.611103878720556 84.788494676740626 83.726533000444903 83.827357870934094 80.053594769741736 91.160676869685801 88.977490923291697 87.888782483488356 84.759657082691504 85.894976625190665 84.843458766098252 85.684286500029899 83.902567991259716 91.525034868440457 89.969962221403819 88.671387314900613 86.717066448672284 86.816182061611698 85.709505208417426 85.885445500801751 84.693297303091384 107.38583371630286 94.042778482999253 90.031840836397834 87.644378118847428 86.669081702656015 85.84375097248477 86.816848967491865 89.61519880014167 94.694684439542968 94.320903804875272 93.148194782184746 87.724295453772669 88.723381035533649 87.943570850322175 87.074512318022329 90.651893095879004 92.202818320084731 94.015347719188725 97.240456558280073 90.992013249878582 88.699655707212045 91.668912934679582 103.11845233397639 88.432255442041026 92.170922067078237 95.377676348599564 95.066516291988194 92.18823195502172 89.633776036056076 89.604799243344559 91.766330699416343 92.753136553787144 112.50793016089548 96.034772116304239 92.715675696627727 93.96957476496523 90.90206180382954 89.835486392398323 93.00484892026725 67.615670828409733 89.01642751674072 90.289040590836777 93.094003002268778 101.97856700205797 96.411313449800573 92.027288061578417 90.751941410794771 64.679123875501858 130.42110112922444 107.75616122143028 72.436179578369405 94.467389144309564 93.542479767452221 97.568358323979808 91.887587909623193 67.758803390483465 123.02223352796535 113.25316476001962 116.02201524415861 89.757699668207849 94.038705338925155 94.297860756987333 104.27521913528402 90.968715869232497 111.20051227979056 111.88357829004988 121.75525897432541 108.68465946002007 102.50666594813626 93.247973849768201 95.230710415420049 98.804027980769519 112.40588905289839 110.00102926378146 108.84484097538481 102.12740511635566 89.0565299014375 91.078959830782793 101.87303764087156 97.67932791844801 117.73223165132359 110.8565549389168 104.61248362541689 100.87595221112498 104.27641709023349 106.92406244391945 112.24109314450277 105.87133925598491 113.2216027764605 154.78995044054102 135.42414253319137 99.695179341030297 138.59547845530707 96.482201433766122 94.701887057430483 99.783684689975956 138.40904899906894 137.03789368687239 149.4031103242724 140.05500628693895 137.76822848848315 139.12378649664686 130.82999608779789 119.92023237160876 137.33133294441194 140.09667207080338 138.16219295308443 140.18416544930938 137.90746514742531 139.44750791800797 141.65469460510383 143.12912093067516 135.41197710709886 136.56151689014752 136.20124030476146 138.8424018304076 131.98010117827593 134.27063454429953 142.59249502732155 146.54940228442152 136.10574295783266 134.13533448885531 135.06548493470936 133.23608712475627 132.54001819522435 129.48932491685835 146.20540440204735 140.54975831224181 130.09650531444814 134.08523971621526 136.75270879146959 133.37648749438316 133.70865748636635 145.8036406342045 146.99681458342107 144.68165422492305 166.72333690400868 131.42823193022713 135.17143645903158 143.96445571703921 147.07430347858474 156.90587537211334 153.38909482068058 161.45567967054438 141.28874611189767 128.42652675166522 132.08540094786525 157.08091206142998 157.77169399189157 150.3099965352865 159.93204189984638 161.03413047164807 142.38559119538198 134.55417169382275 157.98994302530164 158.85163262241878 160.74322993444949 155.9430070566514 150.67256755856428 116.99212407185101 163.60578926393268 162.65455047972128 127.19225667431436 166.05753209540936 161.78458297000893 158.83545725473792 160.69900237686971 162.37534997473901 159.66822930857811 154.97646670330101 157.82554547365444 160.40430104983895 162.18743944534978 156.64865976765847 161.06813797697637 161.22077317953853 160.00833250199935 163.95543886071201 162.85666256462093 160.23166533959912 162.80104011818202 161.44602749554596 162.56235888982798 158.56120324283091 159.11450566966968 167.03842742814814 164.94545701749152 164.09378922714598 163.39064588494765 162.6658391537236 161.88068131786639 163.08606121952087 165.85066874211373 164.53272504651102 163.82793231772806 163.28984904978549 165.00721551957778 163.84295281922317 163.26211829544644 168.52672920382616 167.11764293819979 165.62453481457246 164.99379681929378 164.38715389111016 165.64487853363647 164.4183639123014 168.14772829169485 162.25506223895425 168.71324535838642 167.38204975197124 166.59978900884195 165.89450363224108 168.38644660744603 166.81379671777023 167.36915925204059 160.18223954569766 169.30845526197936 168.53711866654797 167.69430510954632 166.26257913895478 167.99948612367649 168.24933148817451 167.08122917991065 169.02648364826757
