# Created by Octave 5.2.0, Fri Apr 02 16:05:39 2021 CEST <br1@br1>
# name: ptcls
# type: scalar struct
# ndims: 2
 1 1
# length: 2
# name: x
# type: matrix
# rows: 2
# columns: 320
 137.60194599249655 95.822754498792875 94.553349502843361 81.561368954777564 98.731606613949722 109.90431216116176 72.579229942580085 86.868926357109075 103.83260235308929 110.9236647065194 100.20276258088938 95.6195363695536 108.86414606038622 109.52982004205131 108.96882435539032 109.58322185416868 102.31255756713647 104.96597314383342 98.527974687184809 99.505490280376776 100.29424652490765 143.99661986532337 108.9787271594321 143.75662318027977 140.66090319521092 125.91496082364156 142.70167090446114 140.37460499297498 146.54541819442755 146.91711109102144 140.97707919312663 148.38457186933493 139.06416739817615 118.9415930223163 146.36997462812744 143.42214704643627 143.87884743130186 145.24378186937241 147.13601026268614 147.471412256501 145.40920372205389 145.87261307152104 140.52098454768878 146.53018757593239 142.61906954054339 147.67028233012252 157.42916093520893 156.26627466686656 143.88443944457919 141.65823519797581 139.39298611211592 144.89859136468755 145.29831576222298 142.92398751738259 157.74793110908524 158.47125875790383 144.22929039652931 148.33320118342905 159.50032916921569 157.20430473091017 155.76011431344531 157.80321959180597 158.21537031047507 157.07311412195472 84.943945473198184 86.182474266565734 84.357102089993603 70.928311855333192 85.285743785051608 84.221131069250575 83.076091199609749 34.192529724330825 87.233692824220583 87.135142604475391 86.364726081390231 85.253418246329147 87.533742732176563 86.271748267909217 85.403078679596248 82.960954299263292 93.605559148774191 91.593861728550706 90.646627454257612 87.217047766088967 88.279860843435415 87.659154079983651 88.561340204970719 86.613536457742924 93.447313829521022 92.646868294876541 91.52875218699586 89.296397886380902 89.256630763204015 88.372917979360039 88.792300061063557 87.558159730632795 105.28373048029449 96.866661044462418 92.559501473088943 90.386692296716248 89.374756039738443 89.999684682212475 89.587919568210083 91.047083755365065 97.04043321492864 96.354678766218939 95.528353821097184 90.199497715047229 91.562465135458865 90.486551752052506 90.551770854563387 92.688755435494556 95.161526410595243 96.673448259570279 99.421532161083789 93.583103871057361 91.371580228387529 93.774187708718131 104.98493521191227 91.562727567602835 96.358093997443916 97.012409356288899 97.985527152267323 94.575370196918868 92.419884759442866 92.652968812726087 93.491263282345415 95.490827013967319 111.29302087708854 97.541678493741898 96.266679811498292 98.376135883340353 93.480713232626485 92.649516558987202 95.773613616884816 72.390009747279777 93.044838039451164 92.619532724344268 95.39670745245617 103.77053933184335 98.596340437150573 94.562764812154001 93.605413106955197 70.64898132138083 126.52549419744332 107.7405073904888 78.716129695020328 96.999958085068329 97.592851641111395 99.301885404848051 94.441235595875867 73.398818818146808 111.0281339508802 108.89850719734184 110.41969492232427 91.908729774999756 97.02474869841194 97.661092456794748 106.01474313689174 101.52185268704194 109.66761104920266 109.77416684739858 109.26472487676602 107.61766342137315 107.06496710191576 97.400238704589441 102.11111622090834 103.74492465243326 110.32751871939307 108.5654931327997 108.23009098949811 107.0251088831689 102.02394776196857 103.2055464268782 103.65624077365962 104.42193939197389 117.88509224150997 107.08988706364634 104.78364714642611 106.46678685363847 106.20406443344018 105.78004535809673 108.85396214964982 104.85258600146287 117.2808941682205 151.16789407664442 136.11831266317631 104.27616668780736 138.09393507581061 102.63189070658505 103.12626384015779 105.36223949764531 138.29457793649672 136.74730312430165 144.59081917320754 138.16030199958342 136.26652265168602 136.528141739392 133.97399255437159 119.37239173904661 137.88531371668961 139.29626240613314 137.36970648356717 139.40028031368729 135.56433787200655 138.29367180942609 140.41118262568486 141.78561186089112 134.53142881244295 137.00388176404257 135.89950862251729 137.18380058762924 130.33155563411 134.139029760146 141.49097828360846 144.75283630278048 135.56532276492854 134.92112708584219 134.72962816766952 133.22294409193319 130.24501496751066 129.245606906929 144.43213191909916 139.52146634704746 131.84957748903892 133.65239263611028 136.34555095176555 131.3209975112853 131.24016460424653 142.97811333210757 143.87683619578064 143.47213502434104 162.40498522453825 132.63781294566087 135.35671809677697 142.51404339012873 145.34999582207206 154.27422319505754 150.32276143661463 158.5333298533676 140.48557347998704 130.35442049662348 131.33379313411393 153.37024365199974 155.31528031107749 148.8005367699233 157.11596686266816 158.41013686247328 141.29364999650716 132.35004899942069 154.41638429714936 154.77929704686127 157.46341042207212 153.49517229582506 148.48330404014439 119.15737788404542 159.40442684694216 160.39966385865063 131.18242121653003 162.69237154647956 158.38616221345146 156.28571799051423 158.24975090920026 159.47656236443541 156.50866967622102 153.30128626773745 156.62515624409625 156.47059532158309 159.5185105639865 155.36919457843663 157.42667696180982 158.83153257692493 156.36696815773743 160.69069534431389 159.80636652621956 157.441863941365 158.63520604941402 158.39463467672471 160.05896296567994 157.21481643530302 155.52090240243572 163.30080402764261 162.24225898970479 160.91836338085358 160.64149877697238 159.53798551646634 158.99359363700063 160.34987473688068 162.8472936994371 161.80451601478441 161.76046318919839 160.65124679612958 162.21290690672112 161.02887530999345 160.5644687947445 164.91226228707552 164.07375941583794 162.20415115429341 162.82597555874418 161.76170184600974 162.56471935237971 161.44322727062195 165.61218208898262 159.50111784773392 165.67286256718333 163.42770590276618 163.9157874829597 162.80794424067508 165.84339015983954 164.47260486494011 164.69671750697825 158.13103639557158 166.32491260985685 164.46794643760646 165.01443831970758 163.48148301733457 165.21070855993301 165.233335853325 163.93478310189366 165.86102022964207
