# Created by Octave 5.2.0, Fri Apr 02 16:04:35 2021 CEST <br1@br1>
# name: ptcls
# type: scalar struct
# ndims: 2
 1 1
# length: 2
# name: x
# type: matrix
# rows: 2
# columns: 320
 128.94450864744113 103.87809935819089 101.56719479235105 93.842264085634625 105.75404142286875 113.22875019413576 87.606009203570807 98.230177692248361 112.29162985558382 114.16833657371571 106.02096737352431 103.37963946438938 112.67574870986856 111.63405511204563 111.73787409975327 112.38377034216265 112.48763832693633 113.31334648299003 106.44833515915693 106.67602308150255 106.61507438998278 137.74122349817389 113.17344256762129 138.36377020991134 137.71113323378674 124.92884353691548 137.48714890356271 134.49182614460727 140.29894308014002 141.33550662184129 136.87491086704381 139.8799653570297 134.21875634617953 121.18522396196967 137.15375279557696 136.44817757288746 137.12835281023243 138.79331907586942 141.39038295101957 143.19695703964547 138.39132191193241 139.03803719407935 134.0928637483822 138.34862590079985 136.652684959401 142.51215710028595 151.42775182968302 149.32391663476028 138.57960044967248 136.38047594571267 137.38539137173527 137.51529532791241 140.39244735324149 138.85714466775627 150.30038402431367 152.27233289108628 139.74514842221851 140.62932223079972 151.10164363507039 149.35657212294771 148.04135441501214 150.55017647593732 150.25941179530929 150.41466838542499 93.828768137504554 94.907127618264298 93.803533874436781 84.217124609225408 92.379400996605483 92.890120812093471 91.279477720355587 59.195940221220667 97.098609906084306 95.990900535443899 94.651443333475214 93.486854453188812 94.523923920012635 93.502399820872924 93.074488881937455 91.523051998089628 99.593020234940724 98.184294325635406 96.999602723175357 95.605264982623694 95.480577561222034 94.481831904980922 94.889890599897157 93.72700279726412 98.10013781816987 99.206046713779372 97.853975447895607 96.574910265522888 96.519032396612687 95.566216841917097 95.968021195290476 95.098781580108778 101.56338499938384 104.13988300989274 99.03906703302529 97.502574896425259 96.701924662679389 97.033784423250907 97.855958069344823 96.191318486985182 102.9267081797974 105.4132597220363 102.08178825666201 97.488387914808868 98.539992883584446 97.873205344166294 98.515670844201551 99.67195462060026 102.88957650197129 103.05363142487479 107.67156591307044 100.10369458954801 98.517038128584986 100.02891140752929 106.5497686201476 98.944511173980047 104.35516634103412 105.06917612889652 103.88348907680532 100.776197652318 99.759004874752591 99.357447467375877 100.39321353147371 101.31595531074267 107.96800599509058 105.01446207098253 103.65085515701153 106.98571585107591 100.5627516174944 99.37054686892553 102.34517497159122 87.288375422107933 100.7685801715818 99.730449932387728 104.38819754214666 107.94327299608167 103.91593093506866 101.37195185320853 100.32661837402857 86.987538541681175 115.86383312098974 109.80289424001023 95.903361593222854 103.81215549104651 110.30975396922082 104.90055203786355 101.12193434994713 88.734062532839999 111.0288374902557 110.28669885908907 112.25226011484429 100.3644127335894 109.41243460934241 105.56781482769969 110.7755456676076 111.41748365101853 109.27475230712358 111.60859803760403 112.27220744885167 113.04295480280017 111.83920872546904 104.54234181732215 115.00461233068908 114.39310144071776 109.68961840130189 111.04141397072785 111.52023693813526 110.7751098817053 112.49409751055671 113.78159795396598 110.23650088196675 114.78664930156582 119.66760187397176 110.47173643970818 108.82208675290832 111.11190376424561 109.64111450629473 109.95691304138447 112.94259282046512 112.13259978150504 119.30194040608202 141.25489771229581 138.42075580638348 110.35958807049279 132.52649965403501 111.13858055850082 113.45289882348257 113.22893487488061 137.33386156705143 136.0030935065617 134.68204635950707 133.56912341179984 134.84194709275502 133.07131139714613 130.75485083251846 121.9855598143824 135.40949978794512 136.38152051800321 134.26871006330458 133.89046399726831 134.17827400926069 132.94230217694144 135.31331752860143 137.99898272911375 135.28161417376373 136.88553608924829 135.46926702157549 133.68925619853658 130.04264075440182 131.26639515056124 136.87556018385567 138.4120226522586 134.48281367033422 134.61141754130799 133.31853761204587 130.21790334540754 128.18739768720295 127.16976744489635 135.34204492665148 136.48639913149833 136.52092701613185 132.11757170511365 133.53721706461258 129.24294196750614 127.83726959901219 137.74674655658356 140.15269638816923 139.5031433942691 150.58633852282972 132.40134903928205 133.02645548998441 138.91404476556283 139.95308775949007 146.72959989167612 139.45379139973403 151.00563632222898 138.83087431928769 128.21180639305868 131.11144152317624 146.84903575665697 147.83894269731769 144.66938372787664 149.10935389294531 149.69577173770469 137.76172183084543 128.99365740534881 148.05335842466042 147.44688133033762 148.92802288705423 147.88800121454733 141.92858556752512 125.08333568584064 150.72757348391568 151.40678301224514 142.10287154259396 153.45737815470483 149.97604036103687 147.95891974030354 151.38323456523653 152.40270762160105 151.08072285390367 148.71658191777402 149.93792478351858 149.49000804476532 150.79051138693839 148.89591693981623 148.96117143223765 151.16617708717882 150.59715586582729 151.79696061171805 150.19132618174635 151.3018936646607 151.01875591215571 150.21433303793214 152.02676208026219 148.25897800604344 148.75791355573031 154.68990267341351 152.34336920064507 152.42420083900225 152.06908500389 151.25296478244013 151.55103342112577 152.81523202007219 153.87681447713041 152.82582710293786 153.0825684564218 153.10594473693291 153.25780126166094 152.23211320788263 153.821597323313 153.63604021128987 154.9431552932034 153.54154408953715 154.19473811349769 154.33920962222345 154.23315517801956 153.03641237549985 155.14036149112681 153.28236126505954 155.7165567703691 154.52218606878998 155.29260515986951 155.28981602952121 157.30568716823626 156.40371630075146 156.36497254186008 152.27887599942346 155.82585575753967 155.33713294384214 156.26974895789019 156.26855412603166 157.26801711193286 157.33109987839958 157.3207740705997 155.89674081782556
