# Created by Octave 5.2.0, Fri Apr 02 16:02:58 2021 CEST <br1@br1>
# name: ptcls
# type: scalar struct
# ndims: 2
 1 1
# length: 2
# name: x
# type: matrix
# rows: 2
# columns: 320
 121.64479703259816 114.73388083158791 112.93105700308188 112.85403443244219 117.70488301685091 119.39074345380571 112.09541393251469 115.81826870145437 121.88842108995375 118.83125010554629 117.98141937505471 115.79106349340962 118.51868072246428 120.17232606143136 119.47613668111038 120.88837070425363 123.73468167168991 122.5731822186798 118.71498411125519 118.20968177313972 118.8077551249135 127.47159513639409 121.17935296531839 128.38957401991479 126.56467627911837 123.4022581218876 127.24014744511707 124.94065397781689 126.42285705692787 130.02359805546374 128.55701947697341 129.38912742492144 126.52900584267043 125.27260034282412 127.26184199418449 126.05410029700506 127.43850946446243 131.10027013377911 130.41016215488651 129.26779963798248 127.82651662588158 127.70060724056735 128.38988386615927 128.43702472995636 128.92500921148888 130.91610119557467 134.12865375102632 132.46064933602429 130.4307156799596 129.22028256152652 129.00218368210989 129.44202368205563 131.17923336677865 130.19347916534863 133.55811683881183 136.2855875678749 132.09946212261056 132.53317940929136 137.57689969628782 133.73000736922819 135.00307437216799 135.52725496795372 135.22091347080089 136.13360806523767 108.15493689540816 106.81371026082255 106.02778166470044 103.85650394811648 104.36812573195631 103.47375864932172 103.81447553765145 97.903143009665115 107.85815933459726 106.99466025827967 106.07917090689958 104.99012878158605 105.56203019571869 104.64382136429677 104.83135721405114 103.98428164004699 109.70544717164734 108.21530522025337 107.15419130779411 106.40283294978872 106.62537401918934 105.62319827153358 105.88554552809252 105.12596603483466 108.86793518745804 109.25818205100612 108.43183874603881 107.55320841809349 107.75139309629535 106.69793028467789 106.98785219134592 106.21964032087659 109.96691430578885 112.00419458220371 110.50785316391045 108.87150889016914 108.66247623474575 107.83435235140367 108.80012619564086 107.55088925925453 112.13508676972093 112.15497670957603 111.91948144800574 109.80142846233177 110.82899582909324 109.60279966040748 109.82658918248411 109.23144978308228 113.60338363321854 113.14211626329011 112.92299224105346 111.18713055320619 111.10312817954542 110.8557358011512 110.82000939838512 110.37035003647806 114.31673573217549 114.6528750132675 113.9200755190834 112.8523434084792 111.48019593107617 111.80071918603366 111.87146136574239 112.00086616976833 113.10873049157523 114.14061002461744 114.96531092427543 113.89696399161366 112.80524002796332 112.15211423715832 112.505296652833 111.03568856798285 112.23701142102865 113.83418992380687 115.10028491353043 115.00942612914301 117.30135799526542 113.29865981801447 112.80122716138841 113.14647444604594 115.86248810668422 114.7921801891224 113.06049938904854 115.47202259385574 115.83758219328276 113.92645655993786 113.50582748093149 109.69831534212751 115.35810690773498 115.09107556526021 117.06396322816435 115.19438582568493 116.54775901584341 116.89365825185651 119.25394305789028 120.3473655441707 116.19082069268009 116.38294498011008 117.7040496798585 118.23466492340687 119.28441992291094 116.22769317122363 121.96569528393745 121.34754695431651 117.22437373165555 117.27913293928397 118.68302327888529 118.91233875809408 120.02049960335667 121.16071086294559 122.44896846594195 120.58583516641318 122.72776833790383 118.26998415805025 119.45553860708314 119.704077225978 121.1238035420602 121.90967333960157 122.41313758325215 121.70607993201368 122.12997101063036 125.96455164351457 127.15159457346948 120.86726216313384 125.40249296571314 123.14506980889752 123.5788449487636 123.0362587452597 128.3157321383317 127.20799410379209 127.94720036369658 126.68733741048963 127.70337407215476 125.70538221704176 126.62379029155097 125.93609796853555 129.11822889775442 128.14939829751123 127.78353382814664 126.80027298061178 128.86446561240462 128.3238324941716 127.70951183561523 127.58528647110029 129.97703892116479 129.02855406896853 128.84797193296885 130.53967150398927 129.67825965203187 128.74134211807572 128.59600386664786 130.38432855797583 131.0323985818803 130.08637730092252 131.26404285567151 130.7316823688835 129.59214374660866 131.54229700487227 129.17328882156613 129.71669202359837 130.06293046145385 132.9828277962462 131.921296523677 131.07699942243028 132.79406214573086 130.84545851708364 133.06170858688185 131.42336188624543 132.70480427285287 133.64463701934929 131.90758105790206 131.84498973846374 132.51997226809146 135.70037098371762 133.48061339140378 139.07130668082939 133.97839877558835 134.71785299235739 132.41297118827549 134.54819727383568 136.68930901336688 134.75582212457726 136.71919986112431 137.4063503517464 134.50425316253211 133.67676272907809 135.69916045766578 136.59939838480429 137.90771127028114 136.95936137587003 136.15990588433195 134.25717420591187 137.41890054521758 137.38581072566379 136.39862074983398 136.96911027709794 139.08205426982741 137.35678978781274 139.56679510589001 140.64629959400753 138.63489521476089 139.44694041775233 137.75263863819916 137.52075602787698 139.09584088033927 138.18121389596845 138.19140843844727 141.7655982184387 139.0062976752132 138.81382187913971 138.66505722053802 140.26380628554429 140.17040661580617 139.33820006998982 140.12114149192638 138.84217342623788 140.31633299510128 139.8607664708228 139.60009449603484 141.11279545551525 141.47453524274815 140.51659920558816 141.23723437209222 139.84946424102318 141.11382881951749 140.66402639188513 141.73907800340945 142.21143838932727 142.58200551286572 141.63404990679192 142.29037829439395 141.47893643273053 142.5820893287771 141.88749606140894 142.80310518723061 143.30499218749165 143.59136604000028 143.02066998487714 143.28246336024833 142.49713865461536 143.64532000114033 142.97955944465608 143.93696911274466 144.37706180321666 144.85057647015333 144.12213480005471 144.43038444667397 143.37305687846091 144.7443913502668 144.02861395270665 145.04382032754035 145.73179759199209 145.93291490624512 145.13956118694381 146.17464909579644 145.19506811308219
