# Created by Octave 5.2.0, Fri Apr 02 16:08:02 2021 CEST <br1@br1>
# name: ptcls
# type: scalar struct
# ndims: 2
 1 1
# length: 2
# name: x
# type: matrix
# rows: 2
# columns: 320
 191.12926456804149 76.381489501591886 77.190473574438442 51.921900898574464 81.752902406694247 107.20043448246798 28.633032705536088 59.448983230958568 41.364215112538496 115.30998274988384 81.224010122949835 77.724545045150833 99.562247224574151 106.12241551327047 105.07852020597794 109.42199180863282 20.711866324201345 59.896822841681683 78.34542971369963 79.495278977929317 80.153618470664995 155.6135691616517 106.22819211560127 157.44576062925901 154.60507740520518 141.7351598705684 154.90201076027964 154.5724654827855 163.16351537897086 157.80964216570155 152.15929923011976 156.59219573117662 155.15473937737721 145.46417866160772 161.3869902362558 154.46371392815206 156.69764919904313 160.16099440901635 159.65743719768827 156.36967056341169 159.63186993693907 160.41151465768885 154.10120226208062 163.17465342370991 156.0028866990441 168.79488165862304 176.17061029868009 175.62479457014697 157.88321751972967 153.78160259224143 145.23990309465245 158.76548112794509 160.29412800565788 157.50588558611054 177.37616198974339 180.31845840397312 158.58465236575626 164.40532368724084 180.14962595565217 182.28921777278333 176.78394662027446 178.57279087984239 178.00778403297343 176.71824580187769 67.217964367175156 68.109634796606812 66.913353310904398 38.85627338199717 68.024207898500038 67.471647985090783 69.717414363822613 26.152239840269758 69.149947559304806 69.078746160955788 68.838600553701312 68.009645786567233 70.483698667140843 67.621875467320592 68.362164214154234 68.409597815611789 76.604559406864112 74.73823907092013 70.255818199939625 69.812868824168348 70.158637482415998 68.684184404785839 71.692894047333624 69.835553916961871 78.345622365076096 75.498699123210372 74.304221302533975 70.024383703541119 71.101470954576442 70.855684736259775 71.428375122376636 71.432549145144762 103.93632056647409 50.302111382617568 75.793961833029385 71.48883953980706 71.772936529530497 70.351311791003312 72.848404716795727 69.207410024344497 79.081267721955385 81.307483583821664 77.75248916786849 72.309280502247631 73.093819071178274 73.572035144199646 72.473551155660928 74.632797583924258 79.275595377615076 86.431632479849185 79.564360713720745 76.360563533158356 73.229232519251681 75.690336489753562 92.656324623441066 72.325360588329488 62.217481536339278 82.485926855696647 77.303682587026316 77.698259016668871 75.219043822156962 73.97058849683593 74.238954279478008 75.344882597661652 117.30669916311173 77.9261922776018 77.826969106308482 80.321106949609231 76.110175508638861 74.183887767039636 76.624796068650681 40.364542091911495 73.850230162294878 73.143031530690237 82.363989840502214 97.566264867561102 80.455527958603739 77.527751153544656 75.15804847682243 31.216501876232705 121.6520030283599 123.86166892912085 37.235406556089231 80.292009912677557 78.891055697849836 80.64557695879131 76.733816362328895 40.136276486727056 232.27869358639435 129.10405059306865 147.78132923502574 74.369493490139831 78.448668406322668 81.423488125487225 106.85126401921551 21.764886778111762 128.91548828777957 117.01076747985482 98.626601861993805 96.873580573287313 61.560796293818484 81.404089279150213 41.485001444408908 62.39631160700764 122.19763731297051 126.32598092805216 119.82948502473225 64.025767567903245 22.433394056412624 23.697015077143693 88.903664369137545 62.765863312709889 119.28931586540821 102.49020962482219 90.946882195361525 63.210757569111919 94.499250694249994 126.00233424541683 123.32486521760265 84.983852151325365 91.239120740966001 175.60311909819495 146.26622828833993 61.372931225806596 167.52461594100109 40.871042242718026 42.0933616292671 63.632873088351516 145.11357662649573 148.6344168362449 186.06977572453363 176.82533106201925 176.31047323917744 156.77154507356255 125.13895392736201 125.97293796103443 136.94981919377057 138.0611935059014 154.35468343634929 175.29920509045184 166.75553847039956 154.27005641749585 155.63576446758347 157.07881479502657 122.21723406757424 130.70311711723528 159.07450515767798 164.96044459019674 158.4327953142311 116.51436038529974 156.29559112807721 157.77708653207475 164.56330050582989 116.73770361488435 159.4392159945786 122.97016862292078 121.8395965371859 127.31580512079711 158.86443184224555 153.73086492506974 116.20183150970716 121.12760979625246 159.58123208401921 117.61588808264243 229.34536710136479 156.76268834902126 161.51625193506072 156.34685949641019 190.92883447577711 114.55707051749154 160.33450586041369 155.07944714825928 159.24804827452738 172.74628108681918 170.57166732900703 178.30576975917722 147.88570744273187 87.195448768417663 128.95896806879225 174.77441234887493 174.43755361957449 158.7709157464013 175.5667079248648 177.23395415901922 146.9847233246939 122.99810182915704 173.90272543129427 175.93814391699911 175.22304019387096 174.25216174851346 155.50830317343059 104.85530665086657 197.00127018668181 186.51467335154288 104.82633437189497 183.56470399298382 176.73483786883838 175.05989265893794 177.8729465507997 180.57253630588636 166.98416502094005 166.45540424324849 160.07695083842299 177.89056768846669 178.97212623031749 174.39102813982186 175.14715656064357 177.95589800454232 175.57887972742208 181.34423019188085 178.89514550851277 176.26561701346282 177.48237441359595 177.67144366306917 179.52399639769885 173.1674396677156 176.50145753148666 184.92757544113906 184.71314543669115 181.88127661528591 180.46114070990956 181.29246107470348 179.31788451779516 179.02794100667177 184.11620919271903 182.56705231031057 181.81065321275926 180.72895855844834 179.45712075194157 178.83136985642057 181.43144242004223 183.42921015992874 183.81964836801993 183.14613061185551 181.26505039484306 180.18551438451698 179.89949573223785 179.27860876954327 182.52634036175155 181.65030531110816 185.70881508380276 184.49549976730987 182.36735591654826 181.77640670089394 185.58514123890717 182.50435729353103 180.85702356321522 171.67977299245695 184.07862639097269 183.89087806089245 182.82602002028901 180.65813864352091 185.00178502077202 183.75861551781628 182.1962998515487 186.4143431848905
