# Created by Octave 5.2.0, Fri Apr 02 16:04:33 2021 CEST <br1@br1>
# name: ptcls
# type: scalar struct
# ndims: 2
 1 1
# length: 2
# name: x
# type: matrix
# rows: 2
# columns: 320
 128.60501631533577 104.26543982089689 102.4682965015526 94.432691736156599 106.13962516714885 113.51068872042983 88.426967118209703 98.776391698745442 112.73820329203608 114.32433041348476 106.33992547915837 103.71442562234238 112.5390150029788 111.86986268776144 112.22834433559557 112.78749032128792 113.06824638933388 113.85781755987416 106.87625882116043 106.58095841387755 107.19491586022131 137.79982700123517 113.28929491289996 138.45535900392557 137.12112749440789 124.88143405197673 137.20819443188509 134.20900023843575 140.48143269193213 141.64322463446115 136.781255163498 139.51653046153029 133.42475108874982 121.48916619387697 136.39951717488054 135.83246876810207 136.85022656366155 138.35808699180734 141.13251739943556 142.45443571822659 137.83006727270683 138.89696167151499 133.85539575372692 138.24015822981781 136.42828521728376 142.20983989700335 151.02824133671905 148.92234742986219 138.34467242779573 136.15677150562877 137.3316330674684 137.29305986330576 139.98825737550897 138.23521319920954 149.91872794338724 152.01027791063973 139.37307504554772 140.31506038597354 150.78078327499853 148.77065448835558 147.61685567903965 150.45336539376251 149.79394431231287 149.97350537017715 94.408070036355824 95.30024146216526 94.170095643672795 84.856009837777918 93.099320477255901 93.323050651115139 91.695677476378933 60.398027264340371 97.337438307070528 96.270917481768834 95.04929083920122 93.955728911161643 94.836910427015667 93.913757435488151 93.871465891277552 91.969076226677984 99.80046124182202 98.261488751350768 97.202507052685519 96.117960496976195 95.997024009071311 94.807924026400187 94.908265890851311 93.841751144039009 98.276054196465694 99.282168782585174 98.001296460831483 97.056063911477409 96.862836323662663 95.880264433880342 95.870145746259041 94.994235583308807 101.57472179504627 104.69688824940185 99.187345924935556 97.89341668751274 96.809447071794068 97.034965843073948 98.099343630036813 96.125500768710083 103.55163753784284 106.08627402389158 102.14895091418725 97.833036245767204 98.90620970743467 98.15375942330806 98.959127290464579 100.16587383412921 103.29840647594334 103.63386794449407 107.97847213301682 100.30996028522351 98.964742162456361 100.54353792614604 106.14762822253294 99.223294233674451 104.59398328209168 105.25974168143723 104.45926051298375 101.12666807298005 99.997046799050267 99.793904208962061 100.7184791280478 102.02345315363502 107.80814951037914 105.51381562363196 103.93578854333704 107.5477962742836 100.71941740559053 99.85111623851293 103.05276168468916 87.767209348040026 101.30005876667455 100.20836567524906 104.76243663368081 108.6143866144904 104.468756694673 101.65532442136141 100.85158222690598 87.773046100349461 115.35125326154485 109.74477148587874 96.729670819097976 103.70192874255515 110.44702044818506 105.20366456074561 101.6263551926674 89.610250915851196 111.09579006649363 110.61496149399244 112.08561737951996 100.47474639076823 109.65533338295295 105.76636328073801 111.00443040466125 111.71311683819262 109.13606961699242 111.80332107936661 112.31051985276719 112.84138415796696 112.0350723983307 104.92283173840558 115.70896328308982 114.9891178184098 109.97192996172537 111.12377117562373 111.6685428866756 110.78241348766548 112.82340838904732 114.07245787311342 110.73774267428817 115.36764463387149 119.95757492961553 110.51948289608615 108.92542790609252 111.76633951330086 109.67114298928057 110.06538285110737 113.16184173542912 112.39687156227791 119.19483061343452 140.77831134862521 137.96642595571663 110.92045531757461 132.19403949392085 111.59782635161145 114.31055115291683 113.45938314417839 136.90845657884972 135.83340687956178 133.94314354780118 133.25416756296914 134.80943069130873 132.97138711849811 130.52335378640703 121.91511753511884 135.24625409298088 136.46200139814479 134.00923153611549 133.78565490338087 134.15250206496972 132.96608130470713 135.04473951227322 137.55783731361421 135.2034325012807 136.56817655255901 135.3800252261378 133.47523482452425 129.62830726195 131.48330615240548 136.42298095410655 138.27584738464515 134.34850924277944 134.73767416028409 133.25056425712583 129.87898486936618 128.27349339748619 127.36642226326907 135.0787239435939 136.1360051224579 136.5945810338338 132.15627567938569 133.53691322745573 129.34615924957291 127.85698094621613 137.36573790900775 140.25964702913637 139.31068559981415 150.01813435447835 132.49189934144118 133.1476726407152 138.96336673866381 139.98959795069007 146.71545129160805 139.28571456271149 150.43399328748691 138.65323072878164 128.62289478032241 130.86748396465401 146.77700733474393 147.56032376587319 144.47077060085516 148.57404038284304 149.7417366467763 137.69000833835332 128.82314835823243 147.96837478539652 146.95312241700842 148.71999638683954 147.21313577440421 141.41072527445064 125.36823750323464 150.2139165067953 151.07093353698895 142.62789319288549 153.10177565519967 149.35533585525582 147.55079149103466 150.98256009886794 152.14280170112536 150.26596075479091 148.4961634394104 149.17380495768808 149.07834449806029 149.91846932191444 148.09591083040561 148.39402430986468 150.8214972725296 150.14842360181288 151.33011677969984 149.85108995295204 150.89348206123864 150.54807648167809 149.89565301843555 151.45696621671456 147.49311685144369 148.1304093505658 154.55556375475743 151.7795300957755 151.9942198892908 151.62204838958968 151.11427425321119 151.46153591157753 152.68164130339963 153.64671233918648 152.47935830370244 153.00498593608299 153.1051045567458 152.84966371883718 151.83866385867219 153.68541122755954 153.49369681517615 155.01156229108747 153.17636909888313 154.03450587699692 153.91361880432825 153.79879537527654 152.75429032277088 154.6752861212816 153.09894811607992 155.53931185401345 154.34972982257537 154.75441746797691 154.93680415776649 156.69369199922778 155.69494264932348 155.86434293978547 152.18315990651581 155.7003017302745 155.01486789979015 156.01682660235949 155.81843338044828 156.84963830409546 156.86009672463749 156.64117537747799 154.80983820408488
