# Created by Octave 5.2.0, Fri Apr 02 16:05:37 2021 CEST <br1@br1>
# name: ptcls
# type: scalar struct
# ndims: 2
 1 1
# length: 2
# name: x
# type: matrix
# rows: 2
# columns: 320
 136.93247572035784 96.055120215890895 94.824052406128317 81.915625545090748 98.943022495550807 110.0138244673696 72.836087262987263 87.196654761007323 104.00056271544904 111.01726101038084 100.05902210621004 95.693341122674482 108.97532413412102 109.70182311812044 108.94472548892502 109.68629905834742 102.46197321998604 105.06800387598142 98.874936949687381 99.677770442405574 100.71710306188908 143.64747629342816 108.95305018894177 143.60982032032041 140.5736644761125 125.88651513267831 142.56965942870741 140.20490944927207 146.24586529079377 146.842350019435 140.9655896182978 148.47248171936454 138.69664164342274 118.93299775875829 146.04716812166583 142.90012350052604 143.80281269265421 144.80018087551136 146.88211477509279 147.15507778663888 145.26576042548447 145.96544985001978 140.40567866459526 146.20461449112327 142.82149463355231 147.58324585783538 157.26750310282961 156.10727767438431 143.52214832235103 141.4897201378723 139.56693149872416 144.82780060692403 145.17409297676727 142.78904888700353 157.65494816785122 158.36223303238447 144.29546191622444 147.84930930475383 159.31362129860224 156.87511080895382 155.61550412610723 157.63064936780577 158.07650271332 156.88832462259069 85.108036881253014 86.441867983474182 84.396734106096119 71.311642992464698 85.532174531017148 84.301687997158112 83.256060825212614 34.913781950202647 87.608770310415352 87.47523410644024 86.589112338882671 85.393834995223202 87.714542767765309 86.731903653400167 85.504025209012795 83.059587460330746 93.725731261106219 91.758693283767428 90.639753744351026 87.343771034001136 88.439344509824096 87.886603770382251 88.785691630197434 86.775744237677841 93.798645462355694 92.605827760491465 91.530244033287858 89.54026052649219 89.660970617945722 88.507720672861069 88.788803631757361 87.898579165597994 105.11936107772739 96.811295051517035 92.815382801068608 90.529703039838424 89.78700275023273 90.006937498367805 89.800065301162931 91.451447558244809 97.434423586739413 96.568130196052039 95.678326515241963 90.637373363086482 91.794042275760034 90.717626723371922 90.951025626675545 93.024457212867333 95.442601993610737 96.715839492508437 99.515767943360785 93.744621217877324 91.728662740964836 93.997550971120873 105.13228912332826 91.94096152517487 96.480839522699696 97.202159248391766 98.40429951032317 94.857473213312019 92.666583705204829 92.943172308559284 93.931400820112145 95.680404150785975 111.19710698626167 97.661591047762016 96.441435012204337 98.68546019919053 93.615660887359013 92.764968457771005 95.965556331381336 72.924011088543097 93.183180122461664 92.96734094320901 95.560222008371113 103.91201083156325 98.635217957211552 94.657779134688639 93.886326321570493 71.120285856581802 126.21794628177639 107.97734272388955 79.211915230545401 97.190962388145053 97.816777278406335 99.416426920815951 94.730660805255553 73.913548290625698 111.03042713351076 109.09942389927515 110.66787149333771 92.094416270204221 97.477936859166306 97.924745473855026 106.15207397912393 101.44937596767242 109.80539913995855 109.96172625603899 109.40806473882138 107.80400129104878 107.47084552976042 97.721940472469569 102.20972323225243 103.85284276291017 110.1295804200202 108.45800668111615 108.22811071666932 107.15194718853829 102.41981465657223 103.76874684598235 103.75921876322884 104.78171091258284 117.83380340411318 107.1562098852947 104.81982753080665 106.76138701005507 106.28714690185721 106.0920854684164 108.94573831353215 105.0536516808354 117.44190096341507 150.88194225844205 136.4549535414759 104.47836280087847 137.96956803538927 102.82268195120555 103.28668079652287 105.69105119182292 138.48116134068329 136.74074939887242 144.21090145075505 138.02989215086674 136.24132344604607 136.40590592402137 134.30086919958023 119.52108697419079 137.79979400568374 139.02167096069527 137.19582277190929 139.62581513864322 135.40918124832572 138.02046253958815 140.21314492279089 141.73091935816933 134.52949652885781 137.18580743216589 136.03059796904378 136.99264099626532 130.40771419643619 134.08162629206026 141.37872274586732 144.59094527908539 135.5819275807431 134.93358235631499 134.73149736922213 132.96991320795567 130.1147834072822 129.17495711352055 144.28167749791302 139.36685056369129 131.98797792387504 133.66865249008541 136.14662810412347 131.03389527397394 131.13425653839852 142.53401574886257 143.86599670526843 143.43487526667298 162.06406272352743 133.04793385084452 135.22369734761008 142.35804216792445 145.20186909465636 154.18945359650908 150.02396183084679 158.27214984322219 140.35889026317852 130.03215353512891 131.09970859736714 153.00788891698917 155.13950554424969 148.68136889371041 156.98302086037722 158.38597176385306 141.27071896351677 132.19180082334714 154.17876724058669 154.51761447022506 157.16630285379327 153.20836993200757 148.26778233507275 119.32831897448182 159.05204962370027 160.2423372104665 131.49743420670495 162.63033612477977 158.24451859120026 156.13333068338406 157.92041477487064 159.04845145105963 156.69602697992352 153.16903518071928 156.41710459767904 156.1728677035583 159.27475567780903 154.97133019841445 157.2982106606101 158.78662833141172 156.23316507812342 160.36221689209953 159.55851173606766 157.28945069347529 158.15929460387835 158.37937094213061 159.72845741378271 157.20608506558685 155.18957139939465 163.1079021535339 161.69329456523886 160.65343014052843 160.33191875260633 159.37100009470944 158.87183591849555 159.89736865500566 162.72941841234285 161.35971593811726 161.49300315645317 160.44524975882479 162.04976916163136 160.70684948663487 160.28121278501038 164.56223528529631 163.70632734054777 161.7739770212645 162.60801221448543 161.63847867163057 162.31296067383423 161.09296182893235 165.46629289667763 159.41199915025223 165.36578471718784 162.81454645307289 163.70034040156702 162.87365486596022 165.71683407198941 164.38350417081008 164.41658540162771 157.96909930477216 165.83938181993921 164.08890597330779 164.78417965842496 163.23209268897776 164.81586725176462 164.9361959577449 163.93321079014663 165.53703560670738
