# Created by Octave 5.2.0, Fri Apr 02 16:02:25 2021 CEST <br1@br1>
# name: ptcls
# type: scalar struct
# ndims: 2
 1 1
# length: 2
# name: x
# type: matrix
# rows: 2
# columns: 320
 121.06684591563501 121.07362801870136 121.07353071803027 121.06990668174781 121.0792586830962 121.0749824226662 121.07855318750968 121.07494920416492 122.19236713068479 122.19435166890607 122.19160864736426 122.19212427165213 122.19190041484629 122.18925281626861 122.19592538186679 122.20308045178434 123.32049883157767 123.31445973826911 123.31862829222202 123.31394545964667 123.31577838223161 123.32372060935154 123.31031123311637 123.32309103080661 124.43510727432636 124.43802712946056 124.446175023508 124.44056775758528 124.43980658462782 124.44549448241075 124.43114936233917 124.44380665116987 125.56168959247196 125.55877164285256 125.56061052457966 125.56452843644674 125.55969327544531 125.5660940718183 125.56120111365192 125.56918062915611 126.68289791733554 126.68141234359045 126.68462599048723 126.6884680924959 126.68296176630747 126.68432782362976 126.68043899692148 126.67922928774627 127.80637102448856 127.80939747410126 127.80521812271446 127.80622147575367 127.80818362689311 127.79699410885968 127.79860555366446 127.80362492076196 128.92616575046122 128.92814203481458 128.92098411828567 128.92102700198353 128.93408670698679 128.92905496243128 128.92114993928746 128.92510822135935 107.60707295244859 107.6044343621722 107.60808822996685 107.60255678690082 107.60716362279466 107.60208747575825 107.60720044964179 107.60405747265426 108.72020947715356 108.72404692019755 108.72149654095934 108.72480596919651 108.72390676799475 108.71419546419529 108.72767776904618 108.72216685376718 109.84527008659232 109.84523983708709 109.84324393317725 109.84842584268883 109.84639014194991 109.83990963385743 109.84676225384156 109.84345732712799 110.97297590644212 110.9655295706432 110.96505178821306 110.97024395514472 110.97134513442302 110.9706287308959 110.97098849703389 110.97105343344202 112.09743748360079 112.09081413620605 112.09269665968282 112.09642102334067 112.09201018866949 112.0893362153378 112.09602366846508 112.08863523372531 113.21809237143411 113.21740437988967 113.21816230042562 113.21689535916526 113.21567728068833 113.20815988310871 113.20862915562199 113.21082312303345 114.33995797842041 114.33985149795399 114.340075540149 114.34066466414619 114.34047903495195 114.33249553686787 114.34216298288287 114.33348603896779 115.46232478400596 115.46205103929121 115.46304394449547 115.45694286459397 115.46201225965025 115.45951730291013 115.45682098270478 115.45825996902819 116.58364545078803 116.58605309339107 116.58145477161021 116.57882785662774 116.58531513228536 116.58521102915157 116.58176878886634 116.57977881590159 117.70284338457145 117.70938147326521 117.70711639709766 117.69961776020833 117.7015317933911 117.70554665341358 117.70279187490652 117.70614206541745 118.83137342663382 118.82501548870634 118.82631691681794 118.82565086509844 118.83460508990554 118.82144407951152 118.82435591540776 118.82496933816506 119.95350499709296 119.9493271789308 119.95493472158492 119.94882754248206 119.94924362913241 119.95081550818691 119.95533849490982 119.94411616066267 121.07420303022286 121.06837696951607 121.06888877468016 121.06475855900217 121.06906414751803 121.07208441141221 121.06928689708174 121.07391508464515 122.19742280048737 122.19005601211828 122.18932829041657 122.19516662949364 122.19120527724547 122.19557578368816 122.19065198933536 122.19760129477874 123.31574364327516 123.31294558478247 123.31693095140139 123.31305776379618 123.31584323557239 123.308085920484 123.31407514743793 123.31343382525655 124.44005943568189 124.43672477485548 124.43810619352492 124.436156570393 124.44348677120504 124.43000483167788 124.44056644251899 124.43673625014893 125.55734104937828 125.56313183251575 125.55788129621837 125.56197682394016 125.56268574939806 125.56145939913361 125.56026821671114 125.56078148313821 126.68991655980875 126.68443750061674 126.67994278632561 126.68310959537638 126.68603396514784 126.67900031813475 126.68470997732435 126.68457839250372 127.80578229047023 127.80284634382099 127.80915371892024 127.80523311749124 127.80495571159283 127.80382412415196 127.81077034420319 127.80613706505447 128.93325796796512 128.93021452091762 128.93202798742513 128.93281482298912 128.92922342602776 128.92684444998474 128.93431100065521 128.92911489832932 130.05585847319293 130.05079436153144 130.04995649702221 130.04803730353342 130.04883777662965 130.0450692096791 130.05449645841864 130.04363715428289 131.17370654827454 131.17291355049477 131.17165641150197 131.16990774855049 131.17698197888132 131.17603488903251 131.17823508504702 131.17615183029548 132.29379315090492 132.29775357643231 132.29360851607552 132.29837473658355 132.29704083670052 132.29825903837332 132.29695046178392 132.30161948529468 133.41587416735237 133.41546798060509 133.41542097518871 133.42184526960119 133.41337910459242 133.42069876390249 133.4232647202023 133.420466314435 134.54322995370276 134.54167761481298 134.53932123978251 134.54162490835802 134.54430246823316 134.54518809570487 134.5413338142518 134.54276190156156 135.66773859217113 135.66598705128689 135.6651630602374 135.66570758614316 135.66945394208761 135.66350721766813 135.66446541937867 135.65675114097124 136.79025855696884 136.78337208147872 136.7855289117982 136.78417775453971 136.78464278494152 136.78159192157938 136.78722855035332 136.78348372433592 137.90669883184628 137.90460874154348 137.90922619973185 137.90653052451842 137.90525981731128 137.91152387367597 137.91542673238635 137.90662308975345 139.0302575117984 139.03004629040231 139.02744368567252 139.03152953512591 139.02564758905595 139.03180465636336 139.03411912270133 139.02566659572261 140.15609053058364 140.15089558668757 140.15345860387529 140.15735141081421 140.15741262897285 140.14852483906986 140.15606696919636 140.15274287213069 141.27812688609433 141.27836512276929 141.27389119854533 141.27580059707978 141.27905895783641 141.27140218694058 141.26981718455355 141.27589647330689 142.39776601507006 142.39561997452543 142.39229756822809 142.39180354370288 142.39392042675692 142.39132525047478 142.39379067166365 142.39242515105295
