# Created by Octave 5.2.0, Fri Apr 02 16:04:17 2021 CEST <br1@br1>
# name: ptcls
# type: scalar struct
# ndims: 2
 1 1
# length: 2
# name: x
# type: matrix
# rows: 2
# columns: 320
 126.83965618839036 106.61157537965966 105.24553898138078 97.502915518870864 108.64590173624862 114.85893198685295 92.61735923936898 101.61670453253026 115.10054310263938 115.13549838028383 108.15782082680573 104.12414276686918 112.70611169194672 113.16926893248939 113.87269151344856 114.81841598263416 115.94143778790082 116.61387903652968 107.90379802367586 107.32576621377832 109.7927294328554 137.4184818948992 114.03276164148662 137.15324371505392 133.54495628548946 124.6349047302952 135.47859512131964 132.73830552634382 139.39544923700262 140.35286321150798 136.00379552195079 138.12858694906862 131.71337015170124 122.83117044828083 134.39034049348982 134.13105760468994 135.23048487849385 137.08095780058011 140.47139372119011 141.41787421184537 135.62966815418048 136.69482143032337 133.49876427203364 136.50891850950052 134.77922822614889 139.65975190165972 148.95446700413805 147.10171033794796 137.01955901855749 134.60708502910293 136.13505172684987 135.9544529940857 137.53639463814801 137.64463765836686 149.04191571524552 149.61594885147022 138.33138922948953 138.38975456989263 148.07288935786067 147.90690161190295 146.4026409825031 147.52438764991174 147.99665061176569 148.11737705312069 97.002442135061401 98.116019490274297 95.83642591961474 88.178213026250972 95.006769453304017 94.104980189647378 94.567323860065883 66.64887988856205 99.204410666094645 98.230492376209241 97.233842896847108 96.128073833484848 96.784342977730645 95.629034880849318 95.578019838245694 92.965058575772701 101.57369069053027 99.665445761692723 98.82350929263049 97.825599565945907 97.66228180433643 96.740429766038389 96.376378791890943 94.827031485722671 100.55610881824889 100.6633952921521 99.722329081371129 98.763998327874205 98.455099921206511 97.538739576850418 97.079605742132557 96.008083825393754 104.4541612165803 105.37685388060703 101.48610951743814 99.453895461285953 98.280212924023374 98.056078094329223 99.186266706792239 96.828820394923895 105.58416978609378 108.22657076160529 103.80615587811305 99.469189329381919 100.4933041295192 100.3705392691609 100.77268676731737 101.76523365873983 104.90244510103736 106.41835053268029 111.08384688806237 102.49439151250675 100.34314539650796 102.74884437223497 104.41017553212056 101.74033886403413 106.15245600235846 107.33196911021511 107.05816032292365 102.4750668510821 101.81044533277844 101.45488603208629 102.49705910283602 103.6854194751412 106.92773877297155 106.96698854407761 106.48452827295743 109.48987325203582 102.91576171660648 101.38098946983241 104.77124092809002 91.561092242042889 101.99785259270934 103.16440664457768 105.7905653759765 110.57619616009397 106.08152040693476 103.58263197671965 102.54779185328827 91.857685405424547 112.80193891825229 110.2776164524025 101.03226642187067 105.56141444207245 110.98109186371437 107.49466769871015 104.07072533003388 92.941073063317191 111.82951729055351 110.22385450349586 112.87674760983391 102.63770954187397 110.98591010336126 108.28008352229234 112.19463103734022 114.89515699881298 109.09942072122608 111.32649986889577 112.41051154325999 113.49990690635643 113.3543178469866 107.1584823662939 118.79554918159599 117.3665550712919 109.10345859795885 111.38631901020612 112.32124404018904 112.31025697201692 113.69137544843633 114.88211806371989 112.68248696464347 118.487066384889 120.63044536689053 111.3335732851712 110.76872219376132 112.53741961995989 111.22572996851015 111.94532541029214 114.4854920712696 114.39427709766008 119.47284914374021 138.30006225753806 137.20415080899409 113.28049536489239 130.43627378715394 113.99168751942244 116.83231502285845 115.46160362758987 136.32988029332193 134.32062326274738 133.49300717646619 131.68554084602846 133.31269093558626 131.5385031317355 129.3195691466276 121.7873130344623 133.62070245984614 135.2450458192117 133.41795174505282 132.69177835517803 133.27359343991483 132.51811066897537 133.16924790066781 134.96022570381552 136.59953989568496 135.36037825167142 134.26495094670236 132.35417922871179 129.92934668468766 131.35546399518529 134.23498562284789 137.37060280388337 134.56902548318118 134.42543783741013 133.53067336222585 129.9992006507357 128.28713081327763 127.91487879870745 134.48459257018806 135.37541210102154 135.19369908372204 131.72921315516896 133.24215810202114 129.33046171983 128.49562285139126 136.46493475319451 139.26431938756335 138.16339154605365 147.06347267905122 132.39738344823061 132.0488365662255 138.38517846199204 138.6269675486478 145.0422294489756 138.70595448143729 147.56425031163604 138.15263768499946 128.95548810919291 130.75365307852132 145.00870518740192 146.25099269926025 143.4379823403435 146.13941508761627 146.83630619418162 136.89394455054506 128.98394332836941 146.33172106776527 146.02534755423608 147.17719719081387 146.05479098387346 139.41830305677811 126.84972695368344 148.02658027987809 148.84083621154804 143.56669169348254 149.35614316227569 148.05444627113982 145.51360396168306 148.80157412199659 149.90854766732122 147.3555988112812 147.34998735191954 146.99970128629019 147.51206201455753 148.06747382700055 147.09974296931117 146.80119462281152 150.04079279849626 148.1709995477774 148.55847931311615 148.28860586011882 149.45420466991732 149.085378653796 147.78313588946031 148.63786555397104 145.80739785420906 146.34384109353573 150.77167634662618 150.0387827358002 150.28702093693471 150.31701005590824 149.09669367641163 148.57272028662021 149.80589852071427 151.15595779147398 150.50757253214883 151.57317111224333 151.35133341192289 151.34762226810082 149.33545919512324 150.58154776736401 150.87374729343577 152.56094153204702 151.59850632031635 152.45845879154271 152.26671667326386 151.43642566332866 150.43942602196026 152.57445658472977 150.81129496862326 153.53528854620833 152.61970722124269 153.48687878753202 152.95263830406023 155.04937812555926 153.7979723454857 153.3458800457033 151.1071532427431 153.52610536302277 153.52642289007846 154.41175308877962 154.16383714008464 155.26179557369349 155.13472623723393 154.53640490440972 151.76906265614102
