# Created by Octave 5.2.0, Fri Apr 02 16:08:02 2021 CEST <br1@br1>
# name: ptcls
# type: scalar struct
# ndims: 2
 1 1
# length: 2
# name: x
# type: matrix
# rows: 2
# columns: 320
 190.92700320383659 76.45894474062456 77.199002293688864 52.039986428678858 81.875859508867975 107.20034406831617 28.943563178079053 59.558226032257913 41.515445515898442 115.34003307953746 81.278476164041848 77.720845393123241 99.599306582485752 106.09254489278379 105.09657067375598 109.42171903872945 20.942797373103335 60.120918185391758 78.456621654117768 79.64757052691688 80.349897328671943 155.59448029178989 106.3300521258202 157.38448820403747 154.61887799777568 141.71764512267566 154.86852307728887 154.5159003015512 163.0741386284175 157.67483461699223 152.00865449785374 156.54592534565941 155.1016094452109 145.20199897943121 161.39904246019935 154.46231520213291 156.66168517863252 160.11522963779169 159.60378759693535 156.35857023189359 159.55336779055892 160.32506781532319 153.9645437423369 163.05435572940709 155.94362390506137 168.71007569679298 176.01204484566091 175.54467165048823 157.87086928505829 153.64368947833358 145.21178818064851 158.66710206143247 160.31376953586724 157.45970590884627 177.29428499990158 180.30650937391229 158.49824285377935 164.33885591349556 180.03492332936122 182.16786856913473 176.70686296998366 178.4154997716235 177.8659653208893 176.7279277465415 67.29253262626564 68.082293134364093 66.897587677764804 38.984050427707672 67.997690424273401 67.685868916438721 69.738098148374831 25.911822431645852 69.177699892105124 69.183946534510525 68.848619480391307 68.159131979772852 70.632941641969865 67.801991679109108 68.34696502584049 68.595837722513963 76.670814591648522 74.823331698176602 70.361449666584477 69.856836297653928 70.182448899071133 68.794710485956301 71.791581794167868 69.994161384141222 78.378276496622135 75.471763704791101 74.488605279150747 70.161945834119038 71.114233636085444 70.959628152472334 71.525935600576446 71.533887948145704 103.90345967533005 50.612153391470983 75.879915766487485 71.520402504451951 71.918124957063895 70.3965846601631 72.960586908542382 69.273041738540371 79.275829345383627 81.41815183220443 77.877393031227697 72.42713656489066 73.095445317178587 73.670178030651201 72.708255964701536 74.759587067645441 79.307001059016983 86.389814647643874 79.6488682104101 76.447488002028948 73.368992154335032 75.847382043095223 92.705442593913062 72.40132702263864 62.452924301970285 82.517503974968349 77.32954894348255 77.696328804096993 75.309160181562333 73.994595702805611 74.186212525230985 75.40070471918537 117.3526501214714 77.973873505993978 77.867453748609094 80.312828563298808 76.146182051495714 74.203758832137254 76.663012702752397 40.397790513270444 73.955955356670259 73.241732167426164 82.386641013216263 97.579472779157811 80.359177261343305 77.568751095043169 75.126624200191543 31.373603387966398 121.65606868911715 123.82611425437004 37.400668401264255 80.336713086014797 79.037345047055098 80.721709189269518 76.783313971154044 40.22769363754162 231.76115448278591 129.09417234619266 147.63235724495848 74.389013258055115 78.449157960763088 81.548554718652312 106.83681013405746 22.122504947551356 128.80680791141674 117.04971492133339 98.82149890880558 97.043146717857752 61.879611793425269 81.353403589872528 41.795287702966498 62.545187308193142 122.09589593825031 126.16079258155607 119.93374677310446 64.215183866323144 22.81457536243072 24.007740677507513 88.963398712989516 62.876244698491206 119.24632891870581 102.53339216807005 91.050025229325087 63.343220850684183 94.537158819222 125.91246442658847 123.27505672324241 85.094202465656181 91.211120924419248 175.48812791600639 146.15180367633408 61.499850303930046 167.37843289682823 41.173088433274778 42.343349718723282 63.833130898936133 145.04749002778806 148.56393655156967 185.90256066963806 176.65102175128519 176.11274612329041 156.66905205341726 125.04909504921564 125.9882839295814 136.88099320872598 138.09101294731457 154.30139427676053 175.01907718581316 166.61865522260683 154.18394154380513 155.54254074439638 156.98469664628033 122.32148916409371 130.71486042806885 158.99115500995512 164.78644869412025 158.31374676602485 116.563269809967 156.22634909201605 157.92460029929896 164.38093625451478 116.93934478242092 159.28657570024214 123.07572711548683 121.84640713945004 127.3017001590143 158.81684299848988 153.69609479533821 116.3257674678071 121.26195166415751 159.44188236454136 117.58670249717058 228.85577434075168 156.72084429229778 161.52952086497885 156.15951313859924 190.81519364210683 114.71161918557637 160.23815964148483 155.0228785523727 159.20690375755709 172.68703412270366 170.49076061204011 178.23218259423547 147.8361686330627 87.389018942899952 128.95988747153612 174.6275453482144 174.3835850938778 158.73119312099701 175.58310643525931 177.12821851126532 146.97868739883742 123.15546233877518 173.82222277987566 175.90561833027516 175.08613422565813 174.17778648400156 155.42872168555533 104.91228701434537 196.70955702236822 186.3564448754959 104.93133870195328 183.36985003715844 176.80506086809766 174.95946032387261 177.80557170814757 180.52817780214482 166.95974189440989 166.31389551908512 160.31623271706655 177.77697163607104 178.83082122177368 174.43056549430631 175.07536209976496 177.86431605919631 175.53540016607718 181.32408993525587 178.80472537049425 176.20434420350466 177.50757212999409 177.61805043574202 179.53424612272673 173.01325796566832 176.43377979866966 184.8442575541157 184.53204156483031 181.68327376750713 180.33210258752399 181.14383846895026 179.21164622870938 178.98446782143529 184.04655661614188 182.43925648359345 181.80246877177387 180.70458384408334 179.44580008047035 178.74919998680414 181.26548666209828 183.30449468911428 183.7936817730635 183.12033476393626 181.21496514215511 180.07053308068333 179.79183783584617 179.2105177130247 182.45715974356065 181.54152799334361 185.54736298142768 184.37495075097854 182.43033355143345 181.69666381862257 185.53767377032301 182.28510951061523 180.86400237139506 171.62579396219047 184.06414801824477 183.74965481540298 182.84907881806919 180.52617843701648 184.92810954731729 183.55411129021871 182.25908560219298 186.37848493688821
