# Created by Octave 5.2.0, Fri Apr 02 16:03:48 2021 CEST <br1@br1>
# name: ptcls
# type: scalar struct
# ndims: 2
 1 1
# length: 2
# name: x
# type: matrix
# rows: 2
# columns: 320
 123.58052980018581 109.24467365670898 107.4609330136294 103.17102096388182 112.97876617351635 116.43793251559164 99.322669664449037 106.86035899490224 119.13684287486687 116.63303924206674 112.09578383724238 108.22222003375764 115.27063038661049 116.12721772958227 117.24777232954327 116.45887521674874 121.09995315453892 118.97904843425397 110.53767982556811 110.23797366983966 111.85649808269467 134.57188959189975 115.26988114229903 133.42820793873258 129.99925394953544 124.17977367488317 132.7552628696123 130.02317682709719 135.94322549885433 136.79093061836531 133.21461834404539 135.64296807996399 130.42895403029587 123.01883108425301 130.59344686218719 131.40009456824274 131.53006430584287 135.20755585941049 137.81368760359598 136.92283470673067 131.64555895028903 133.6229523564254 133.14819571137105 132.80976887107809 132.09027030894075 136.6580924136972 144.7515032814417 142.8663173896152 134.18923928540997 132.02634870330627 133.55810045125438 133.91412686650045 134.50052027502065 134.61811542991913 145.46485818992457 145.46742076918275 135.90540172010293 134.75789316362471 143.79902783103793 144.2442141972698 143.61269401483989 143.65896585336984 144.34037027966698 144.12105568557496 100.56684843978623 101.64984296337434 98.90975862148278 94.311511220355072 98.572933358115719 97.584263778628767 97.537054175754349 78.188915502507797 102.37913880526992 101.23884074144237 99.871380453010644 99.67315876095418 99.536585608772043 98.390488403539607 98.680278179766788 96.716560886775596 105.03943998087279 102.96278991650949 101.8606414474263 100.74234043272881 100.91364447806521 99.689377965580093 99.702998831175407 98.508225071950832 103.96334100237202 104.01038432722041 102.78208547565183 101.61621987582312 101.77657944128462 100.62751257747608 100.5344742242893 99.474391698217374 107.23310640143404 108.61044192013097 104.92577328061046 102.44054908228945 101.52490181262705 101.7549430842214 102.61336137196227 100.53888988706679 109.36229631632807 108.51577800200602 107.91371625107926 102.90756230248088 104.48720708927407 103.7386993159314 102.98261213788953 104.1079608743875 110.41318479496383 108.58610687565699 113.71270569269872 105.87039578080687 103.52317531594419 105.02821075515314 105.7991542863099 103.96637003667094 108.41487887272675 109.69710008961815 109.41934135853595 106.93168124050723 104.75539123200033 105.80943199979723 106.22716871398487 108.14099303416945 109.9767349992908 109.70903288955117 109.02412475399433 112.90102356783929 105.83574743967581 105.90533346077392 108.4686324329773 98.3442665686064 107.96697688759402 105.50852510019304 108.55865926598548 114.28555157418263 111.49164222156746 107.97933597790102 107.02925862255296 99.398557968640091 113.04136745944555 110.87688320960558 107.46885410422202 108.96768226813313 113.37347672677589 110.49921028209047 106.82340871275024 100.34199845806363 112.10527559824506 111.07130495679452 113.58185344783938 106.56983643070055 111.90616684617052 111.55999888853825 114.39192451305523 120.01810451065577 111.10338942595617 111.93297993408152 113.02132024060028 114.11723037841929 115.80283806225218 109.54115453314526 122.17461097519291 121.670247220322 109.7572973297748 112.34123101632005 113.62401104314337 114.79900888753957 115.87780769266588 116.90044262584334 117.63241251307053 120.156310183823 120.35105412834133 112.86254890581448 114.04741344941368 115.13183542895015 113.68161113333612 116.8565842119674 116.99151380115602 117.81216443352247 121.50772770705362 133.72483316630024 133.83394891045165 115.95332526801936 129.70181523796001 118.56846922174492 120.17532979140759 117.888917965036 133.26552291865175 132.75954533423641 131.64005855241089 130.48055056117315 131.33264795849348 129.42091513271183 127.09719750395789 123.84125194386957 131.25597147070803 134.31875150317737 130.51837902918285 130.16537311502375 131.82737367703891 130.72062734662117 130.59550980565149 131.0988177131249 134.10863405255827 132.46743835231177 132.41242187517784 131.29419241619294 129.55468335307953 130.60894435893678 131.38276435014475 135.04706998697071 134.45516153664153 132.94658876863582 133.5078514648244 129.98072169784822 128.39025941759186 129.53415359991408 132.68504554043326 133.99456517300413 133.12573933090215 132.11207781855268 132.4341442746894 129.24187296335401 129.85613088456023 136.36173233748394 136.56443771990172 135.41947101524508 141.60871266287805 132.8570655558145 131.82020669641625 136.22032446537222 136.84676988204359 141.44536939158579 136.36408134775007 144.70945910822385 136.81091301450687 130.65839127631725 131.12580256398371 142.32764487026139 142.92200927921931 140.72216860806583 143.04972387039192 143.59577916258854 135.84184122425626 130.49276138165038 142.62471275498984 143.31009362570927 144.03009784797567 142.39635064290485 139.75321812979348 129.5847844006619 144.9400763372077 143.77207821140399 141.59848058875463 143.30406300380349 144.70068558565572 142.17702105939654 145.44144544194788 146.03583909440653 144.06335165626959 145.2042472572403 143.32273974264496 144.35817029691884 144.29045157776821 143.45927398897243 143.19373302492923 146.6770058522475 144.12165411704635 145.52131209113045 145.17465164527442 145.97436686910712 145.65964611374005 144.04914161220566 144.8912637082382 142.01936196121028 142.09492730434573 146.65303984828225 146.45061343781688 146.82629101826601 146.26977228524396 145.26535080871562 145.87274349211347 146.47616249472856 147.52200714880388 147.06692401947561 147.89629883359009 147.41016136055461 147.12217887387865 145.97453313917001 148.00891601267446 147.24499350864616 149.85421339169574 148.35168327448068 148.56329862337586 148.31478339723256 148.07023897217042 146.89933945233307 148.91690634576685 148.0326764807966 150.04018091341254 148.89037962100397 149.44410109686444 149.19608504153192 151.14987451667093 149.98588886149795 149.57479399291725 147.9886052130793 151.00522853433404 149.68476871876086 150.52939049246675 150.26500255255939 151.32663064328761 152.24764237203675 150.70276394534881 148.52603155262415
