# Created by Octave 5.2.0, Fri Apr 02 16:03:23 2021 CEST <br1@br1>
# name: ptcls
# type: scalar struct
# ndims: 2
 1 1
# length: 2
# name: x
# type: matrix
# rows: 2
# columns: 320
 121.03551470821496 112.86633818754893 110.30844674352593 108.012527698162 115.54789712349454 117.70928312701369 106.2462927511021 111.33931384817831 121.678039849035 117.78707932720404 116.70933145490996 111.83483796779524 116.7797846320973 118.31984948777574 119.01462952299667 119.14391318786683 122.55339502623578 120.66134850938155 113.96303493812816 113.74267484473906 115.35212650221763 130.7722234579183 117.25149999662939 131.56016640594942 127.50706987858031 123.79101589838538 129.89353320191253 127.70596518504726 129.80212466719337 134.08491680915986 132.02083480735848 132.92039854121865 126.6625353947922 124.68015899299 129.23197207456045 130.8784799182217 130.25384982422239 134.55224991496456 133.13668131557571 132.01264124056362 129.29010577843798 130.33685868911033 131.14356399079031 129.75449127770366 130.90952912296154 133.44425411495996 139.20440174257334 137.33032225363067 132.10375691524038 130.71080650077414 131.4030142965639 132.2832897789516 133.24610058542387 132.5987103246992 138.35239705563768 142.44760928894118 134.00057019936969 133.43565028216182 141.45636746572228 138.03504990146007 140.71024829646305 140.19409518609694 141.21358880502993 141.32495025302867 103.39333932563865 104.47674426189614 102.94103374372396 99.550973435513853 101.71633479991627 100.58029837700907 100.48247391262393 88.046029256086456 105.9659162386268 104.5156481323838 103.61377514322216 102.57511858682454 102.49268572435795 101.51039932515567 101.62271682021189 99.467473364936723 108.31124379751388 105.23940926755517 104.45028586345094 103.46415169218881 103.39556931025963 102.62780537856922 102.43728441037791 101.26974484281841 106.49370635299444 106.28486287783967 105.37297346106216 104.40369919566881 104.44026646333347 103.65320845953686 103.4099323584543 102.46221812216638 110.46697294556728 111.51711374154084 107.41220299405951 105.42691659442374 105.55999140818527 104.64967485757276 105.58247184025315 103.6494808088203 110.25984201444358 110.67151460401654 110.06557404981889 106.46155071310379 107.58546393670909 107.02710283969684 106.63074842744557 106.55948622532551 111.62742502955889 111.00154769862964 112.55083097047421 108.77051927401594 107.05961412900349 107.50429181679975 108.80122266254116 107.64370160323003 111.64137402796837 113.20161608733103 112.4502600094284 109.34697578747145 108.1582571323262 108.35531394055312 109.15756350110512 109.95065142672344 110.66794692455117 111.58598835608149 111.64763598928926 113.3580044190447 109.22754820595559 108.63803088754676 110.31241686474199 104.13322920381152 109.36303870869452 110.99861227178431 111.99556704818288 114.43695526949008 114.90900007118896 110.68037479163037 109.36134333902046 105.98838449763569 115.00464732732824 112.96705627256421 110.42102611099548 112.71435332336355 114.46616496557009 111.78035181883918 110.0103617331862 105.32378602166531 115.15996381527566 113.62503565769634 116.22111342263285 111.10940403001811 112.57020247565472 113.94826448337021 116.39388875786625 121.51437470446494 113.29515089364673 114.04634069198687 115.3464579411022 116.21842515528419 117.62621195255582 112.9562001752941 122.70681415383811 122.5271224537842 113.7573854667417 114.35971399047244 115.76121039862538 116.46995270386417 117.52444367780892 118.64861296963338 120.68408935009718 119.93056324386444 121.9020503984748 114.59000971329553 116.12040230127984 116.93920880710776 117.31987450047087 119.56713504577871 118.68115509953604 119.81988007057964 121.45621019348967 129.81682498420128 130.63962120761136 118.14531898721813 127.41451938290665 120.71731401925554 121.77708819458034 119.7032163158014 131.3089689250987 130.1736970638955 129.29492198231392 128.17563614589224 129.32918414026815 127.30898260479795 126.31739411006835 124.09462364681102 129.10960489521696 131.91205034499706 129.16531960102614 128.11736149821095 130.10191401324445 128.99530418914412 127.86106705718967 128.61603869280995 131.33551848650313 130.53706729973854 131.12119579420096 130.82195351035091 129.69827892189849 130.22483426647258 129.71285535328232 132.56030894550187 132.18046138111754 131.7203495926907 132.7552124806441 130.37200410292053 129.48667685651844 131.85542398756695 130.97929024873918 131.93119996711235 130.31956697636392 132.71218553035277 133.01607735004063 130.66196508207176 131.77622715482812 133.23898003482677 134.29598403145775 133.75232692926139 136.9494384823968 132.48857384582476 131.34484630491548 134.40533319985448 135.1535532100747 138.48248227056885 135.09107490834037 142.32835306726648 135.39276894671471 133.28323398711962 131.57667737759778 139.30369270587798 140.07049962791919 138.16904895820392 140.62198110993006 140.74325077040939 135.17849164275415 133.27098580741273 139.55084872993118 140.07365039226849 141.25785048506984 139.62882927579699 137.14167535799967 131.92097930328688 140.38461788200232 141.36158375712171 138.35662395168342 140.24297561246919 141.97673819685531 139.56462395915116 141.79411617465644 142.73564045191648 141.00544554404564 142.07452718629781 140.88852827640594 141.20245439271616 141.82094632453595 140.90290918448534 140.72160527657402 143.6268544588462 141.38904175598557 142.41902047532935 142.18410747870459 143.03321824328685 142.88509320880596 141.68543088010395 142.66121091572356 140.91471301953536 140.06964407747523 143.44466749846796 143.160809151649 144.04125847839433 143.93256175184442 142.73892974976246 143.38851820837257 143.20095327702069 144.17137874052389 144.3124013607468 145.11207452482739 144.99684931299768 144.7696214977307 143.68202073780458 144.32625647853408 143.71524161755593 146.46300895573111 145.27604973439199 146.09530602904445 145.88371341550987 145.604880767509 144.48409360604714 145.26376812686331 144.93364095525391 147.52483630971295 146.39569374680815 146.81895077207508 146.59703683621191 147.57174516116959 146.44551578364582 145.97965575270706 146.0485591928898 147.3621336615017 147.1519375376275 148.25664057190963 147.50643419702033 148.46362990637587 148.56629119666053 147.59715988748991 147.02813312169843
