# Created by Octave 5.2.0, Fri Apr 02 16:03:07 2021 CEST <br1@br1>
# name: ptcls
# type: scalar struct
# ndims: 2
 1 1
# length: 2
# name: x
# type: matrix
# rows: 2
# columns: 320
 120.79683260752691 113.7979233329297 111.88234039990327 111.08275148087627 116.57022319388622 118.95519927629852 109.38727786760874 114.17962668196313 121.28324078524336 118.33965382416925 118.0302284328256 114.24767580110762 117.95549908616481 118.96315048160842 119.29058780126699 120.06451144844785 123.50214562831428 121.79042907935698 116.89318114776457 115.8587332693742 117.58960019539457 128.93538392602616 120.22349762849815 129.99444206206078 126.63063637214377 123.54448657670386 128.0694644515024 126.68335187359993 127.97816089212363 130.55174841694188 129.10969627146426 131.28180308524577 126.4731097079828 124.47623171349781 128.28425949486859 127.26298353881202 128.6253260954943 132.19503152544451 130.70963873385281 129.57979691230108 128.34564631556549 128.77917384892959 129.2939323774888 129.49201976831552 129.77984015914652 131.85363708516655 136.26160000461854 133.58948901179176 130.37982450821551 129.47089478804082 129.91355298951117 130.56321804752875 132.10200660574307 131.19267803288542 134.82934719186088 138.65515550961871 133.25223585687553 132.57083884895073 139.17879197444796 135.07960951589837 136.75668513597074 136.93396237012627 137.45138608154645 138.13523254694789 106.8349061412508 106.57187140790674 105.05397429801812 103.2411183507967 103.14853630794786 101.99521647293301 102.36395664538603 94.296881880307069 107.59273844019597 106.25480440492947 105.35823480869435 104.35087175380971 104.36478751342879 103.33343914055764 103.31137557497136 102.28139433738787 108.51292315335159 107.31064350828271 106.38557552878198 105.39762581384639 105.30756439714563 104.26177512526667 104.51396206445362 103.50137500271744 108.58158809194916 108.41739312663012 107.37846829216014 106.37425987984845 106.51861337094904 105.44670098478785 105.49493875138259 104.486778582675 109.71538608586897 111.62884365353372 109.49034417194881 107.30649864096003 107.57111109669685 106.93480887025223 108.0047117005258 105.35646885800368 111.89800645885781 112.2078163805743 110.67903998631647 108.33731950524795 109.70887122419806 108.70491219052204 109.03360060665359 108.05663482393541 113.055075171781 112.65678805583536 112.90123256519833 110.62338997639756 109.21599493837059 109.80654278098847 110.01564433198936 109.04705131417752 113.5885070652816 114.14483665000864 113.69726158705156 112.19534508981059 109.98360421396956 110.72541134913483 110.88050233339426 111.0238852924582 111.75068820863683 112.95015952353175 113.35969540941366 114.09254071438392 111.38159641051513 110.35004197339681 111.29431971048417 108.61738289749674 111.01837784383484 112.85850857950655 114.43774487453345 114.51004884588437 116.78557636319212 112.58081475814326 111.81958928029111 110.7245882558465 115.31564761351878 114.33974867259695 111.76362216130262 114.61317278893839 115.23240787871218 113.45475412230684 112.3561627918217 108.36217992096654 115.35293556312645 114.18129828069804 116.49525350605803 113.48190590749405 115.83583902965641 115.76550489712415 117.81110079953615 121.28053087293958 115.19292977724379 115.8718037673173 116.99394871677195 117.43969444750945 118.62022173849708 115.01596794615773 122.42653993363166 121.77622428261424 115.80685927352106 116.42150151269256 117.5663266260311 118.07446731354516 119.12997964456521 120.13169157994616 121.4359662521797 120.74384357468375 122.78567996986392 116.924144400134 118.13785431704549 118.61737818418234 119.35802038363188 121.24028781900316 121.51224097731392 120.94681247672942 121.52346958968135 127.33862382881246 128.45165946739962 119.91980444480564 125.83163580048642 122.12331394627462 123.0241571748254 122.26172911784438 129.62593147168974 128.22840066609828 128.87602484134831 127.42003367427016 128.41186606693515 126.10008529931326 126.61272577169652 125.73588645956789 128.30137884827514 129.18741961330551 128.98230827714977 127.46905491651064 129.43784984077521 128.40419200583636 127.64810040564186 127.46696142191075 130.56946433908945 129.35800010795305 129.69057615731828 130.39624981520942 129.37362347656452 128.98318933616855 128.62633090826139 131.30751892493913 131.10501481367669 130.65069029178159 131.54392489940912 130.88552237159763 130.16169277544412 131.706531358614 130.48163574108793 130.53048933359133 129.98730642308425 133.84480424032765 131.61151894508438 131.3300059595739 132.74650082784439 131.76588109411571 134.09262332634921 132.55253312894504 133.96001063415682 132.81206872792228 131.91222796732586 132.75833908189372 133.64905567916787 136.79808831449745 133.64964441624741 140.27085853146943 134.30014752985926 134.08007873222851 132.52859174058705 135.88691682213863 137.83287613558471 135.74038248471379 137.35843425004799 139.5684235648867 134.72937498204809 133.64985623839638 136.90174553719982 137.82871157061814 138.87873016358702 137.88097853195933 136.84044854017637 133.40246875373199 138.22465475400799 139.10411333275815 137.4523956771252 138.25358366116777 139.8526811076064 138.04156504961713 140.14898177315592 141.16423690027986 139.54616601629607 140.93940138748943 138.72764803447075 138.95425011841408 140.1127088403635 138.85475925290939 139.21927447459566 141.73112177380654 139.42996681387368 140.05058814290828 140.19515944751092 141.15025500738227 141.0840311225208 140.23921999714682 141.40732060517286 139.42058370469641 139.59770349551508 141.08906267428256 141.14057118458402 142.21477270175041 142.29963218988405 141.28632953441141 142.25082575013346 141.00144370630144 142.12568027029519 142.04229410928724 143.27048394856297 143.18187163167943 143.30005314609843 142.41923529587672 143.34714624310709 142.53463619736866 143.97980316112884 143.0260893618094 144.09313525758694 144.17201261567851 144.28088872784357 143.46056031957906 144.43146094620417 143.58314637257641 145.30163160380314 144.34661977480343 145.26208481843508 145.13103158476505 145.91908446133954 145.29336738405121 145.65484101751619 144.82609594666971 146.41757088960574 145.47079342814189 146.33887985110101 146.22002703836716 147.00784218421583 146.43592514165843 146.75243285089604 146.00736227731292
