# Created by Octave 5.2.0, Fri Apr 02 16:02:59 2021 CEST <br1@br1>
# name: ptcls
# type: scalar struct
# ndims: 2
 1 1
# length: 2
# name: x
# type: matrix
# rows: 2
# columns: 320
 121.60921218301418 114.66834348864823 112.80759740978216 112.6178633722334 117.59443213811079 119.46234175693117 111.79169413586384 115.59978309885554 121.76720194245134 118.7584102848357 117.95958271919028 115.64600335509766 118.44073832815479 120.05862034460002 119.41107506699518 120.68246282753664 123.68645911119685 122.56834519269054 118.44617463103698 117.99368144978371 118.69011805383131 127.58923692548308 121.01395028201941 128.38578706768956 126.55970073885084 123.4212219158631 127.45199187698448 125.17337484358831 126.69842897903412 130.07536969256785 128.65240945893092 129.53842626682564 126.42649916927901 125.2300945012861 127.43766456366947 126.30539260739391 127.77157211984661 131.26217879031097 130.51590065575576 129.44734817316785 127.84046386749736 127.64317337976765 128.57955650403994 128.42484795516657 128.90111763350518 130.98939024052228 134.51331078750422 132.54479479555965 130.19394644635457 129.26184466001223 129.20592363223653 129.68404446442383 131.50264333969443 130.2917821641858 133.69917236668138 136.70756129165937 132.27067196863305 132.47924312497619 137.76323520399686 133.86835006801681 135.17605687567101 135.73567769354625 135.58631633080341 136.41465548574601 108.12927767998718 106.77435378760991 105.78683431984126 103.72739367027967 104.22255483607205 103.34913908105345 103.60683918567004 97.422308192417375 107.80677611482687 106.81665066271165 105.9201617487002 105.00368702953473 105.27643266386211 104.43345654358994 104.68032746893114 103.67026392486248 109.71873828949143 108.01669930893762 107.01604396376133 106.23288985534003 106.40629001620592 105.51636859103901 105.71587703066413 104.88899523897658 108.96769968033436 109.06403581857488 108.17153091835642 107.14644012924944 107.72494644579201 106.53512306499171 106.76505442714077 105.97340580472445 110.0053032640301 112.10322585353794 110.18145579828317 108.57431028489353 108.72598749832513 107.54905895461636 108.55439852535626 107.32015132230732 112.27671434167969 112.14552993878367 111.89518438313431 109.57385767095907 110.56971140015327 109.71196240338635 109.59688360860535 109.09387608050501 113.47096227841865 113.02157808259946 112.96371524095481 111.10041045783463 110.85801817554749 110.61043397380527 110.8550139529768 110.21946854293429 114.18748058161246 114.60654480845788 114.00077886345301 112.60312270019323 111.68172182976305 111.65956989537352 111.73893774628608 111.83889627069043 112.78864610859658 113.95244056900228 114.76998669659282 113.84135524536769 112.71637117881593 112.02763827510884 112.33273802824452 110.6148283775569 112.04784764207639 113.75541480722734 114.94573379980166 114.83471110095074 117.29280720700363 113.09652208152627 112.72276997182529 112.82574154043039 115.80791672569677 114.58678463872353 112.81655252138927 115.59274142348144 115.82577011629537 113.49680528678094 113.47382036972206 109.55903312191954 115.14406595738147 114.89302118941697 116.85905574642146 114.95074786851418 116.45443841475378 116.69627132711206 118.98226599570135 120.30530878786635 116.0039625917736 116.38128380005114 117.65233672774758 118.03646452680712 119.12496539128813 115.98816505198458 122.28805680877643 121.35365583890173 117.05147238954707 117.16899108651336 118.46904411543153 118.92322647045174 120.01081606341714 121.22750284459906 122.28688959211676 120.4849352848413 122.70026994194103 118.12751678577158 119.34097902716708 119.71674920082688 120.80067447846545 121.75593605877744 122.31500994088918 121.72817651126746 122.08432410139467 126.13892885173772 127.2986243244749 120.79688530735464 125.36050508446216 123.05614921714489 123.52917470134268 122.81952261357875 128.59700157029917 127.04088535101266 128.14588542037913 126.92403155045483 127.74145495086761 125.74055685355323 126.43111133146343 125.89944496968414 129.11198747823715 128.39263441816246 128.01512520881096 126.66784613823974 128.9570922973148 128.52065598931682 127.67326620158406 127.47950438753965 129.90588113134027 129.02683402436998 129.1061389114071 130.79259006633274 129.6940504363443 128.6991883685576 128.75057756066323 130.46282424669818 131.06307239289947 130.10043591226008 131.24969386499026 130.75603282846689 129.71090347094494 131.41110493573629 129.30637536371989 129.79611338856424 130.10647251446667 133.35371512331255 131.77962910836183 131.04381782832382 132.89282908440239 131.00196508694094 133.27598881340955 131.77035574476952 132.5644715203546 133.60956552114604 132.02874647884585 131.825658280071 132.75488588896832 135.85848465026089 133.44928665703659 139.20365906322465 133.91155242233677 134.74933440180951 132.44153740903548 134.57548938335481 136.91822952548674 134.8915665275359 136.93247271569331 137.58167736766268 134.61885548589899 133.5538425363136 135.73629083298474 136.75611410025317 138.02432379556257 137.25997145359531 136.27750633328668 134.14321347895455 137.51709512673929 137.61555208445566 136.45657970059517 137.16540670259411 139.37848606744893 137.33968277494765 139.58964865620217 140.82555765290815 138.70633118420614 139.7274514758596 137.92100464609675 137.95811855009717 139.16242320484398 138.32033957408859 138.46186929091084 141.93683050651128 138.98228966165863 138.79260265585461 138.95496866813338 140.31558093998419 140.16788854577771 139.55025896684688 140.2770229714277 138.73023932011412 140.20975312724076 139.9204633254345 139.81715782619909 141.14274377722103 141.67786510671874 140.5157080300458 141.23038514310218 140.09106706500481 141.26225622703828 140.98186730134452 141.77657850885009 142.36760638405656 142.72855585755283 141.71426156552576 142.31695833031264 141.41686325231657 142.64288243992252 141.99104025896546 143.00751880918381 143.36860647030943 143.89681675353279 143.132476327739 143.49392836833809 142.71789081727204 143.76040758491627 143.0313502293738 144.21193138967695 144.54628007707998 145.08434579977174 144.28042410428364 144.5309156184457 143.69772294811574 144.8748998374796 144.20631336086265 145.31613821498439 145.68338891284805 146.09725400519159 145.44540810179285 146.2984656873054 145.31567573227531
