# Created by Octave 5.2.0, Fri Apr 02 16:03:04 2021 CEST <br1@br1>
# name: ptcls
# type: scalar struct
# ndims: 2
 1 1
# length: 2
# name: x
# type: matrix
# rows: 2
# columns: 320
 121.22439876745102 113.9787091711587 112.41087387719905 111.67317913139824 116.92791515556486 119.17445820459086 110.43648775073353 114.72584068846021 121.42560889074672 118.49763346195832 118.09107436329803 114.84222542249687 117.91875322865297 119.47610742878071 119.41967267342795 120.34918564075934 123.53662515879681 122.28063309330607 117.47692797265022 116.66205840682883 118.01056214314352 128.40620116031479 120.50532350143918 129.46908801984114 126.64696730570206 123.49707709176511 127.75721430699807 126.00598552085445 127.19452555661327 130.39895462016042 129.01609042118503 130.49064179079454 126.26098932517819 124.70303648321214 127.91405054790145 127.02682414007451 128.47150450114566 131.55900569166576 130.81088217891107 129.5595055294356 128.08153329243862 128.34578190240606 128.90174752521577 128.95894225755464 129.47399884468959 131.53871974692132 135.76147963358153 133.12044537584788 130.21969512465779 129.14401657705832 129.55094089790828 130.17999134353317 132.0700686092797 130.92718660871554 134.30857685908143 137.7790002165639 133.09797823008424 132.51468561600885 138.82154068778752 134.77008130329858 136.06517842975666 136.47821616103869 136.77746870077036 137.67460281412261 107.98552762007273 106.72355890651492 105.3393841509174 103.52959603502843 103.56060863991763 102.60910667932652 102.70306438771392 95.498968923426418 107.58208131362922 106.41750805571505 105.52971467753903 104.5212162533431 104.58865464423423 103.61426095124617 103.91968791726609 102.96852122189213 108.93728231616633 107.39890676133402 106.62522253325449 105.65126687042682 105.72615441888468 104.84474624053719 104.9593756242796 103.77797369980472 108.81832065544636 108.4018220659358 107.74310985610552 106.6267516666436 106.83747555781228 105.91579602772981 105.94534392481474 105.03418387074542 109.88435052739646 111.83598318525161 109.77260673998835 107.73891056953742 107.88266259135277 106.98967134696329 108.17795588144386 106.14681589822543 112.30455895221102 112.07673321508375 110.71004582294935 108.7760808589948 109.90235056969418 109.075075765431 109.2971476720957 108.38286840073165 113.22808191328288 112.89513585566777 113.034120860179 110.74753962230595 109.89948553740687 110.13669001308079 110.37373552727344 109.49880001867957 114.02748628784086 114.24952233546769 114.09049844329998 112.28061371805076 110.6835188272928 110.92919130623156 111.37395379840692 111.36865790854223 111.94162226421544 113.33587201686697 113.74410343347778 114.23721920713254 111.82607028945787 111.11116048158159 112.0546134544109 109.59527184180583 111.36068030886747 113.11189933522073 114.77904640835327 114.92796633846235 117.15718714127229 112.92275308810696 112.04201933439641 111.45414407812262 115.37121311697393 114.10406900061805 112.13144749609931 114.99281894946004 115.43511257811109 113.32295375870522 113.19435243579801 108.5670130535074 115.32771826628449 114.48836120958018 116.51316543971315 114.12496331480121 115.99120456019676 116.0004112467355 118.04782395370486 120.78483119971968 115.35261817069883 116.02227575326829 117.16919817338024 117.59548055539921 119.09040364087045 115.0433469287141 122.04326007996299 121.570570429919 116.32331063677948 116.83003345517358 117.95080710803579 118.37040608156255 119.54475874339481 120.63065164309015 121.81133880889979 120.86420880596918 122.70441331154923 117.57215471085418 118.68893697963429 119.08544624883427 119.80135768884521 121.24997688024703 122.03798479461615 121.13144338059463 121.78759951099234 126.86742691290299 128.02699255529126 120.25187825286096 125.54696584104379 122.73219835598314 123.15483079674208 122.4367686078984 129.08592598380781 127.59311770165556 128.43298851595679 127.33069811411687 128.22818119166462 125.63853041973336 126.69348240767508 125.9366563816764 128.76760102371725 129.18645855799028 128.50539255465824 127.37201512374418 129.25586708946415 128.42608504751431 127.64778843144755 127.52535409204958 130.23714585872818 129.14547144498977 129.23604823728607 130.80053036795246 129.53976796375315 129.0191428062258 128.80780927429325 131.17370682819899 131.25179968573087 130.37041346345842 131.59507950248897 130.76797856941295 130.31356305848573 131.75518005360723 129.90777059156972 130.12790058953044 129.971033197098 134.05994191581053 131.91852786913856 131.35344786231218 132.80470228268553 131.37964390372758 134.13518689933451 132.22340944703339 133.21268863452627 132.99356843090825 131.88258607523707 132.41536829753522 133.29511144030212 136.63573322942725 133.60123974462118 139.82109573395115 133.79666107475265 134.03142055787495 132.36868171372421 135.41622935822258 137.42495414569734 135.62576558542372 137.12599178744992 138.58605690687227 134.57333376424887 133.51180480811391 136.38004539257415 137.4504660826646 138.6537170946637 137.69561937341794 136.67436447586897 133.68737057112529 137.96471654343409 138.51454509095569 136.9447120419222 137.90951167719209 139.94065255048639 137.82444465294256 140.04682073262626 141.07605508840928 139.18807546676194 140.63772872852249 138.44030809917578 138.58107511757643 139.6821022077639 138.72226399178481 138.72085579269253 142.01026689605081 139.12646627343057 139.60434479726871 139.61454272267795 140.76731261774768 140.83771225978603 139.8884123964171 140.79110892060822 138.94850510725118 139.47592862145422 140.41108533569562 140.66655798345738 141.91758557427863 141.97608547611449 140.8312915761766 141.88912314420611 140.6389073547497 141.42731350293016 141.81403995513188 142.81510973386369 142.96183674838539 143.06990846915829 141.81720560084472 143.01039486216033 142.15592708053063 143.55931841331775 142.63144263027405 143.8175961672348 144.00986639183938 144.19622911883476 143.41060963572525 144.14980345896117 143.5454446624027 144.50003222561037 143.58534575092457 144.78237257820925 145.05517793677291 145.41033586297027 144.64556440034787 145.19559397363986 144.61448498986769 145.66071846458448 144.80800532155266 145.81497630488965 146.21845786335356 146.66377662524084 146.03422805763068 146.87757304683066 145.85980454434531
