# Created by Octave 5.2.0, Fri Apr 02 16:07:58 2021 CEST <br1@br1>
# name: ptcls
# type: scalar struct
# ndims: 2
 1 1
# length: 2
# name: x
# type: matrix
# rows: 2
# columns: 320
 189.30891229019738 77.078586652885946 78.030531629180516 52.984670669514017 82.615802156048787 107.0929632655896 31.427806958422771 60.432168442652674 43.217617348545083 115.58043571676642 82.250887980016927 78.195595870558662 99.895781445778567 106.03389085706443 105.33741914627318 109.41953687950245 23.519721382135035 61.913680935072364 79.205028676972944 80.136713738431908 81.189756300971027 155.08144046692672 106.45357981280915 157.27106875618327 153.86700949486794 141.5775271395338 154.29229659817088 154.06337885167676 162.35912462399065 157.21381008531009 150.80349663972561 156.18914124999094 154.44853735609769 143.10456152201914 161.04210104933026 154.04766255306521 156.40840133717404 159.19976921208445 159.13362567777878 156.02644855162833 159.35742549859708 160.14266615444672 153.51978538211304 162.26561249577543 155.37239533441669 168.03162800215253 175.46852291196078 174.84390603723722 157.24922850003631 153.3191151763501 144.98686886861702 158.1943548596121 160.23124785627215 156.96665541332416 176.55424416084549 179.99341089881798 158.10763789459332 163.79987817339693 179.11494086988611 181.15685271820382 176.10555043647113 177.61732405943008 177.32409016704557 175.88693992489669 67.404005881413454 68.32904233366223 67.632942266065726 40.006266793391688 68.67564559732034 68.531407407005858 70.037358418126374 23.98848316265461 69.620776641245698 69.521324348711772 69.502671201370589 68.57583553312945 71.189815949720611 68.284637201015627 69.219049809583453 69.060076108027687 77.462652935817175 75.279733856486175 70.756342213699668 70.224520453931348 70.528300854793443 69.664577315704221 72.22406331209946 70.595036462572324 79.178094016648828 76.288632345791825 74.893150853652429 70.887756804535599 71.671635283178333 71.340439005922946 72.325694999533837 72.12112336310534 104.16182677198547 53.092489462298303 76.45851750352827 71.970376644484105 72.560515471118237 70.966953610436548 73.393372689094079 69.919134648396764 79.744802802192211 81.942567883648636 78.557974979641543 72.814234732411762 73.73716215444783 74.332814835853313 73.232162263538953 75.317611263601933 78.842326308283162 86.055271990001387 80.413286126653844 77.089282742749006 73.746593113994251 76.349827639538049 93.098386357689037 73.58093953329886 64.336466427018337 83.07249626618254 78.062141502894178 78.524610520425099 76.089310892045035 74.539648451336248 74.696759195661443 76.055494331102949 117.72025778834875 78.16296163381854 78.740788089680279 80.810525804436381 76.881440051699016 74.837546183783616 77.137623051700643 40.710881634809681 75.044636147424711 73.923770268595405 82.759808813777411 97.685136071931481 80.936021150744537 78.150009599541661 75.743031392510417 32.630415481835797 122.27641112496353 123.54167685636354 38.72276316266445 80.863309989481806 79.969543309674364 81.478993093068993 77.496432363246456 40.911927093390425 227.62084165391838 129.01514637118478 146.44058132442046 74.409859158343991 79.055035626948239 81.963112402537973 106.72117905279308 24.650636920354174 127.95405439068627 117.36129445316195 100.38067528329978 98.399675874421263 63.483299921674714 80.947918075651046 44.351964080339918 64.065098098188571 121.28196494048866 125.36792289762676 120.76784076008214 65.730514253682344 25.6730875892002 26.287821466691508 89.441273463805288 64.51571267626197 118.90243334508662 102.87885251405298 91.875169501033582 64.263931024269468 94.840423818998048 125.27449532915756 122.87658876836053 85.977004980302709 90.987122392045222 174.56508033712757 145.04680547900031 62.9018014191061 166.2277836234357 43.1549983745874 44.210999102834563 65.049104768990517 144.70839853941371 148.00009427416785 184.48096219997487 175.24766786335135 174.25541112052628 155.84910789225495 124.24303775793582 126.11105167795714 136.73855967358867 137.92139413340038 153.89517362054497 173.0624514264328 165.50477416027485 153.47492993378484 154.80674108205486 156.22679058872527 123.32596913524861 130.79211742456366 158.32435382817229 163.31147923570285 157.32919632899183 117.20839376847002 155.48304574296651 157.88563941736732 163.00502453379931 117.94386138510554 158.35655612875286 123.33237790622692 122.64532184745303 126.66022337671252 158.22163484077703 153.2426876368159 116.69058368442047 121.98974590656992 158.22575079472836 118.33465343802504 224.93903225584683 156.51848858954733 161.55350321536716 155.90997229420947 189.90606697274464 115.948008530255 159.30978297222532 154.86532378800098 159.07796297746549 172.76643468193518 169.84350687630473 177.5892081901973 147.64328037336884 88.937580338758266 128.96724269348712 174.36292569851059 173.85217013703661 158.41341211776265 175.04020865637429 176.48156399719448 146.72697777432575 123.85261484057223 173.19085828235518 175.45622193020199 174.45130963774869 173.33219485321075 155.0241251450187 105.36812992217577 194.37585170785948 185.17449509761892 105.77137334241974 181.78873114826004 176.39621235089047 174.28412786020718 176.93251716696685 179.42507808413706 166.76435688216856 165.18182572577814 162.23772329635193 177.87355108824622 178.08305485877213 173.7455966068292 174.37132988475406 177.23180862241028 175.34105590695503 181.00960589474755 178.29465277834822 175.63208107299803 177.26721875808497 177.24060012537217 178.93920916832809 172.18898400977199 176.28828481785067 184.22624374472775 182.8278288502859 181.14137702705253 179.93717426500677 180.37605163439633 178.60749934993541 178.13644743149538 183.52607051090183 181.71035405464909 181.13984477386896 180.06694045882622 179.08481283681667 178.35022432902977 180.01874897995671 183.53383774605797 182.83874386095891 182.22238605074941 180.71842432871966 179.40995466896561 179.19278510538004 178.38474156291286 182.02545175438721 180.59666121164105 184.66556903981018 183.54262740882487 181.91044407677833 181.34316880983215 184.72747254217757 181.2118526683399 180.6886197806167 171.19396172005867 183.45280863164686 183.10003804791842 182.42654763328596 180.29982539976558 184.16081637334594 182.73099210117118 181.84577014809187 185.75270926279174
