# Created by Octave 5.2.0, Fri Apr 02 16:03:30 2021 CEST <br1@br1>
# name: ptcls
# type: scalar struct
# ndims: 2
 1 1
# length: 2
# name: x
# type: matrix
# rows: 2
# columns: 320
 121.60928711436951 111.84544785329724 109.59834688465523 106.59550133690927 114.80416485985762 117.01789729308589 103.85572301127601 110.02840023258531 120.95608454646066 117.51136896078648 116.00153698774039 110.43116849922956 115.9116217745744 117.92754144068357 118.99467266759245 118.24869853849557 122.00855590029833 121.2450622919591 112.93265990018698 112.88989596112104 113.96711551691206 132.66471048314835 116.77999634706862 132.72560380799547 128.53268233396111 123.90479866223839 130.66478456815256 128.38278657130235 132.44840116822837 133.74238735787387 131.86031296039258 133.2615854328306 127.47584857076257 124.7568554565612 129.95177198186684 130.83302143610737 129.70379942384827 135.13710001799564 134.57896233739942 133.56043268606143 129.63762366621106 131.44656898555789 131.74576660939368 130.17234181471002 130.78607034506692 134.33753348930119 141.45559999973815 139.48445429903748 133.13440241104834 130.46274644050359 132.57406080543618 132.1239326759524 133.73801539721774 133.14923352296262 140.43877431818129 143.38265339004025 134.29624337470423 133.75041591902379 142.08374400970359 140.58508750283974 142.47073796019643 141.58822641115907 142.27123291984728 142.56871853059849 102.45403760112326 104.26446911104071 101.46578200776752 98.017045545959633 100.42984637284674 99.385936879819724 99.583406029779979 85.161020352600019 104.91461385267196 103.73229214205651 102.67341142318597 101.52545410663548 101.61958668520313 100.65961820241496 100.78410989159653 98.200973077455728 107.34450406070142 104.94818798593955 103.77557249870898 102.53343553024625 102.72793758903696 101.75104577131478 101.66839535257118 100.47401773715696 105.9583483509807 105.80425291786806 104.7818435047451 103.69351233206039 103.71385835064739 102.62975573434802 102.7091017810552 101.69968284843688 109.63506051946044 110.58382860049068 106.92808964904169 104.55061496764797 104.64967332504781 103.7372515420905 104.84076753464518 102.81369872391355 109.79317924683561 110.06778506956992 109.26606264203164 105.61943868876439 106.62282426267727 105.92491208150241 105.41100840167692 106.11211496776605 110.93607639986672 110.43891762235727 112.66013360012107 108.19706163050949 105.59380218001783 107.09788770428398 107.76286128615224 106.58175543130675 109.85916227376856 112.24911742070863 111.97112569831333 109.04676066534397 106.61228749964576 107.39297926265849 108.31253707610119 108.96983999360842 110.19919430391525 111.22285683086194 110.86778859337051 113.19717551503402 107.67609309500386 107.62435991199725 109.80711256085903 102.77662858197351 109.21251175244282 110.03003959494447 110.97101500044394 114.718576229164 114.64001762750786 110.1595528782924 108.46903213195168 103.9540818759441 114.23656263863157 112.48521260209303 109.58663042905515 111.32522688153458 114.25481232628196 111.58979474031783 108.86482984480564 103.9976883276193 114.54659209686884 113.04793736270345 115.14459425427755 109.77322883666206 112.02903932296046 113.05482539545658 115.74589053990823 121.09788316967668 112.71590626254638 113.54821350932704 114.62546532119227 115.47649391612697 116.45308973497272 111.94310967412839 122.17547839673911 122.32001977589282 112.43740543696688 113.765766652504 114.80739620015355 115.89750934502374 117.20184209849764 118.25123904961143 120.53162980377058 120.2493215589178 121.32356118627325 114.23363724433857 115.30962960747912 116.52002671446411 115.71203564057294 118.71828291734433 118.03655298914579 119.25751810276505 121.59582757450008 130.96063225701073 131.53799497288119 117.68393837879597 128.21661073981534 120.07313253012815 121.28439330030801 119.04040620263235 131.97160606491826 131.31529133969747 129.84947179314807 128.76646190402414 130.11830321569667 127.76281648177167 126.06101600272808 123.45752729689502 129.62187446234853 133.13858916437471 129.42786245877508 128.56727737958624 130.60335146743552 129.28093037386537 128.43257423121682 129.47025553261736 132.16501170786381 130.61865611222956 131.52536021957161 130.9268673731151 130.07447001991542 130.06887933706554 130.55404262962807 133.70004703108205 132.83050429664058 131.80865493269309 133.00720363062061 130.44678228497017 129.46097462553303 131.0435642447805 131.44253208910632 132.41121621094723 131.04882676910108 132.56815328745978 132.74016064135017 130.49299345511318 131.42054754467969 134.36694158128054 134.87780511878802 134.20704079134904 138.31312848644009 133.0170976658286 131.8229072126064 134.72047545358782 136.35449883394423 139.01157059394365 136.23885075738815 142.98883629909787 135.83572924867403 132.05478337460067 131.42272604357791 139.95789354151259 140.40280213475776 138.96392900637051 141.16638820839702 141.51736271730346 135.37075390869975 132.28348937673732 140.44897084691951 140.9785088554257 141.99931575575883 140.07184961377482 137.84101701567835 131.23721494154299 141.75541006400823 142.02960706081939 139.18198581372727 141.14277506447087 142.74616595503906 140.56258258797183 142.84062575731835 143.65005720728041 141.93547029647564 142.963913784602 141.60077170740044 142.07467281494027 142.58143643370704 141.67771142093929 141.48424126625781 144.42753171670861 142.30887611444322 143.27751968614882 142.94127902095289 143.9009255389422 143.54153432974061 142.23218649557484 143.08263698491862 141.35529288494831 140.69820200693951 144.10054568150031 144.09359788330607 144.85046527009234 144.45320798406252 143.45736678182297 144.05515062933182 143.93680789885229 145.55494987381348 145.08745800778865 145.85689784745307 145.7632830421806 145.65958495203412 144.30189448676919 144.78835574977452 144.68486597320975 147.39853192855196 146.25160298229244 146.79747014883671 146.65074856381403 146.49446781073098 145.23924986966546 146.02008929592839 146.40428153501006 148.05107371007077 146.96145593476311 147.70153844085971 147.60659088062945 148.26221575267883 147.27660720966631 147.11166609357289 145.83883703633867 148.47035130899849 148.05761209481093 148.88021006970538 148.75959269527641 149.48245770400592 149.4782251855367 148.14096498145821 147.43019842285062
