# Created by Octave 5.2.0, Fri Apr 02 16:02:45 2021 CEST <br1@br1>
# name: ptcls
# type: scalar struct
# ndims: 2
 1 1
# length: 2
# name: x
# type: matrix
# rows: 2
# columns: 320
 121.74467419147037 116.24032865280233 114.56854876314429 115.34018419664545 118.31695289514991 119.76624096936821 115.51919365397565 118.13571884673539 122.15283800779289 119.34224352141635 119.76397997603375 117.30122879588438 119.6778113197355 121.04861778358968 120.65792925270173 122.12487541385508 123.84417653860167 122.61654023920653 120.43322534347426 118.51598010424051 119.36122319207659 125.26972550303418 122.16891922388319 126.17582202723486 125.40211093967218 123.390710958754 125.09614903666592 123.52057318687001 124.88772621751323 128.0069024354097 126.20481912804718 127.1360386739501 125.88411373016507 124.70409074324256 126.33476207186699 125.02124764244653 125.74436265661804 128.89174892389622 128.38573003044422 128.73567755886873 127.24664937214661 126.43927059175267 127.65791508083656 127.35407831215662 126.92207699969175 129.00377756002862 130.19422903292607 131.10747558580763 130.2802107251087 128.66011483431501 128.62309269849962 128.15104595700814 130.78391781412009 129.31724754093145 131.35793295788451 133.46774172219614 131.30376111060221 131.79975757811982 134.10742995175258 132.5038788523342 132.00581263504392 133.24147990428094 132.54498382947835 134.18622878807255 107.99774029008837 107.43356587519726 107.24209156617738 105.71527998131232 106.13804089848786 105.33680902510174 105.67718963060878 102.95190859076638 108.54601915626307 108.24462208466527 107.96625269607161 106.80509271863683 107.17406629063753 106.40634378960114 106.72092983161971 106.1942902450478 109.17932778328363 109.32656963880486 108.96890033384295 107.90470045228446 108.3152314278432 107.50965248464161 107.83866022468112 107.42497682734474 110.37048744208896 110.39086410987358 109.98544137808679 109.08280161274196 109.47551118580101 108.62653296841529 109.24150119278296 108.55734357693335 111.44009310911831 112.50546734705475 111.29979752770366 110.12544106589027 110.63295579233743 109.73163254447776 110.42537061265135 109.62817660573008 112.9712110720257 112.56615693152499 113.08653207034095 111.23254198985516 111.65165917011582 111.15221820915488 111.53488424946677 110.90565100458986 113.79963018708663 113.71048559107592 114.11755196550095 113.02775901459034 113.24410683471787 112.3093430903868 112.55885829816428 111.79742647332792 115.47853352087293 114.86301001033304 115.28438625357802 113.85684451659033 114.01896727779503 113.30525945622334 113.59600561778046 112.97118751094081 114.62998868292286 115.82461792966342 116.45346936717684 115.03874664041746 115.0457921843384 114.23850965629272 114.49029732224881 114.23513340056496 114.12049075808082 114.848508718635 115.68750568638184 116.64019716386963 117.75912717500654 115.50160345537417 115.0561521154938 115.31814911698356 116.30096641780426 115.40171852098858 115.90211066797501 116.40790514681346 117.39416644453414 116.13084373515599 115.61528650772165 113.33531117058909 117.2726073733411 116.78406579288192 118.0267919825972 116.69107597650408 116.48379627774561 118.51571100001827 119.89498074801102 120.53345236208155 118.34729151812286 118.3424126200452 119.35778401200311 119.02043344750859 120.06747174189749 118.20909550402112 120.02517968578275 121.00565451566167 119.3384152541697 119.25754862983375 120.3336118296114 120.27063667299583 121.1597025177938 121.09187812760408 122.05640581283056 121.26308840046659 122.50231590069991 120.32961166827016 121.37658048832755 121.23622969383999 123.49709946713482 122.0554892784866 123.77060598595205 122.44931372593555 123.18668002314118 124.54761989759892 125.60399068015384 122.38835466437241 125.80802889898706 123.33658789897659 124.73251492950169 124.20317483753448 126.61596117732708 126.6433531926391 126.77815466074256 125.28725054958299 127.55682084402584 126.0723357900241 126.72618235113677 126.27501425419815 128.36697044199531 127.47033067668485 127.6321894005542 126.47918591695077 128.41450438925318 126.86424405390397 127.38973880115039 127.4360864644128 129.5158686193285 128.34185962691237 128.58484882786524 129.56286403329347 128.73477557790599 128.92817336865889 128.51662903241416 128.96531428072186 130.5584366288478 129.56078696077464 130.88706894635112 130.84134430800492 130.14855364075768 130.63946470577315 129.24290907398924 129.67409985503491 129.69426657222039 130.684727827534 131.96790188275577 131.63651798709543 131.80839767392354 131.35638757367354 132.29639556234162 131.06838163413971 131.84473166510767 132.77085024226216 131.99190033449619 132.07042623692635 132.39367877143812 134.31878534211401 132.46511712326068 135.18666425914654 133.383636137167 134.43533372928019 132.79762788057016 133.38880685880784 134.63321634756858 133.83437818005476 135.26445109826309 134.47058890210585 133.43891093702092 133.81768234616692 134.08854305284748 135.46322854641187 135.66982132041005 135.01085909948236 134.48640241359303 135.44376245390137 136.60130466190734 135.4290779527602 135.27865461468485 136.45881583137793 136.72886679747586 135.67307203593859 136.663986812421 136.40831217297173 137.25759022673049 137.24756994189576 136.72645394605277 136.4581601310486 137.56432308718632 136.18892427935398 136.939342659869 138.7818020737592 138.08418610207215 137.48564962683054 137.47331705613803 137.4906298980417 138.78585745631185 138.05042330365063 138.71597207321295 138.03095397522998 139.19683098030006 138.90417545541797 138.50726813388644 139.56884379635181 140.19730169621215 139.65586695287442 140.18665331711435 139.1412663279325 140.15779671639658 139.60802798093025 140.06376880308778 140.75004971451767 141.2592390194261 140.72933535536453 141.14168834045111 140.30841422331355 141.17386647327612 140.68265082556286 141.29040638641533 141.86154740145452 142.32940783121214 141.71846714089278 142.20437336061366 141.42760350526319 142.1232321655049 142.05539933569716 142.38125818202727 142.92044029926791 143.47412455530048 142.86381228378497 143.24285496369993 142.49519074162689 143.05730406809198 143.07015526456809 143.43857692331014 144.03518523949157 144.67519138091987 144.03787628709574 144.38040557782517 143.53983960304961
