# Created by Octave 5.2.0, Fri Apr 02 16:06:34 2021 CEST <br1@br1>
# name: ptcls
# type: scalar struct
# ndims: 2
 1 1
# length: 2
# name: x
# type: matrix
# rows: 2
# columns: 320
 156.71439329610018 89.161603941982975 88.481015595362322 71.406013365799609 92.110386048585539 107.72857103525456 59.736844030561997 77.47404544535928 82.861254346399562 107.47738322649072 94.495653772241511 89.695969224367147 105.67704127998846 106.9510318913136 107.74069919732972 109.37698477457586 75.072687084910953 96.872554553844168 91.893337110601991 92.433110831209973 93.202410028851077 148.89837783043606 106.76964971727006 150.45720801951586 144.11460539993121 126.73040396458813 146.683546971016 145.2392105791252 153.03415494360198 152.31987947599674 141.30644700488639 151.68315187636867 144.82233447937625 121.73802937293647 150.58898424384094 147.37311185978618 148.44594674191544 151.85397377267321 151.57993280586655 150.35375940181669 149.68589236857142 151.21474957656059 144.05132845179139 151.21151759330618 146.34311769863916 154.80189795666368 164.51870632520766 163.68805215911513 148.04759871160732 145.83526709435046 140.600942284003 149.55115156987335 151.10674041487917 147.79747157806696 164.32534391861989 165.15879698057 149.48518196094966 159.94365191103665 166.49075567242937 164.86484152225384 163.09059361849333 164.17041020501688 166.11849835337415 163.33975756589089 78.065499297440056 79.389143411305142 78.231448691442324 59.939485924230013 79.439541080737413 78.395251912965207 77.081651526894845 13.516632582674649 81.007089489275018 79.833675184747634 80.462795831962779 79.346454819970901 81.844977440587911 80.377270648294314 80.718377043411635 77.050635918073482 88.025647339358073 85.911717196101122 84.822631134195944 81.444738840743142 81.909362015802742 81.528352133438034 83.017306827868126 82.144144503852544 88.249458773694514 86.948598875988637 85.2248007392879 82.812595241540933 83.227536319142459 82.697864863056012 82.813877035740816 83.21974400568746 108.79554215800721 90.556191136929485 87.029876950393557 84.132632536586584 83.752870130848692 84.065449499353548 84.138569189386374 85.864089513552273 89.975040127770981 91.353683675263753 89.9057636474177 84.402137306261139 84.945934443012717 85.038797502584018 84.075826758707052 86.476086640639863 88.878295590245742 90.813935407200844 92.859751398767742 87.709462468777048 85.554718681023118 87.522116688831602 100.76078975132054 84.824264500269535 89.792485068055811 91.073152611233581 92.173498491278693 89.166269368817964 86.595922773491097 85.747840588263244 87.015175063473208 88.583347850821909 114.04255241412531 91.223159652718437 88.904600512018533 90.946783709917199 87.19793649731902 86.143573329650081 89.080569036107548 60.647986258605748 85.580938188664078 86.044057047880528 91.232011011568346 99.751730731541414 93.084546717647697 88.820852031470238 86.918775184736774 57.138251312286314 133.58862930904854 111.12270063000462 64.503611009968239 90.751516731786936 90.48774486075888 93.575189664619799 88.020297413520353 60.556368373223378 146.88474149100142 119.38714038805063 123.20095087392447 86.688783785965242 91.96533183306083 90.05764645915788 104.48557634068597 76.354609025809893 113.81215368091488 118.31510756305886 130.25888610598884 113.50427439477289 93.645928958588414 90.137038939119734 84.031830455240041 90.657370817204693 113.70018225247364 114.75115401256794 114.52129496786654 93.007113512954689 74.536401373591858 73.918725330935558 98.759831104712845 89.522422239626422 116.96170980142492 109.46828341913589 108.13826798565363 91.950814040515098 99.528511200681478 107.17198691657872 114.79336338152478 104.41723412985506 100.96576028641523 159.36517953177884 134.80826309220532 91.861591942544749 142.99470929145377 83.233064995592727 82.923376050232079 90.796353273454358 138.07849577169395 138.96576789709681 155.48179388351224 141.7174978559423 141.54022195128434 142.31077819522713 130.89572401782743 126.61631667630101 135.56849752446757 136.72368664874776 140.86683933512546 143.22768288012261 140.45669715200768 141.86708379946671 145.96386672281744 145.64970367841909 135.94194924227111 134.75121146207582 136.94025869937008 140.71414102799906 139.41535705690583 133.48940436637153 145.14845836990256 150.20989910960449 138.08527983743468 132.20562252979616 137.06408763676095 133.48589984139628 134.24353327622813 126.89728295119413 148.81765410864028 144.15824097617332 127.8820983570703 135.82349239974391 139.12999439747225 131.76038802665795 147.0867535027368 149.15435307380471 150.13105208413614 146.94389156287548 172.17809692018184 133.27039318719267 138.90101050193644 146.35675178753951 150.37935476651305 159.79525316275095 157.23846083151213 165.20268189578206 142.54578237874097 119.11532418544718 131.7610387883428 161.27251744724495 161.66048345658638 152.21668255469265 162.50297532584429 164.0637929841468 143.52238292532081 135.23292179946955 160.91095919494381 162.06770399294373 162.29337093528264 160.13493329168645 150.72018398124709 114.2570666248686 166.96794627192136 167.44765541454754 122.15204883151563 169.59214168775657 164.65969142408511 161.48805980983872 164.54696411207578 166.15807985913898 161.3470761777705 157.09248409559183 159.06231774209382 164.43390264874151 165.38449938286735 160.6332600032888 163.40425326219801 165.31796777214728 163.21624930174781 166.83662660306271 166.55534181524476 163.53622582203047 165.71506266397276 165.38982718838562 166.45192339161537 162.46787578996302 162.995906635078 171.56602232361331 168.4589362158066 167.58892171083414 166.51048581208502 167.63815124261993 165.46292284219442 166.70947178331204 169.29886377936194 168.90532467450419 168.59453342702923 167.53390527555996 168.67805866751854 167.63143847456143 167.16212855069108 172.87529315249461 170.33140450232113 169.92396098351642 169.67722487839254 168.62737295767974 168.49266364086048 167.55758247353319 171.97093946909013 166.2380746375209 172.78324296300624 171.1024104817451 170.84773913671594 170.47225193610788 173.00044220815474 169.52563808342765 170.46192511056978 162.77323299848848 173.09177349051956 171.96429918619376 171.58985789344351 169.66283943945882 172.56849839969621 172.36953490754772 171.29299504615119 173.16703723210807
