# Created by Octave 5.2.0, Fri Apr 02 16:04:01 2021 CEST <br1@br1>
# name: ptcls
# type: scalar struct
# ndims: 2
 1 1
# length: 2
# name: x
# type: matrix
# rows: 2
# columns: 320
 125.07429606144623 107.89093337211655 105.32772458862911 100.57313930158513 110.72418349397917 115.54374584119546 95.791757949393443 104.45701736631509 117.20672645617189 115.94666634708291 110.58466231601201 106.38726813972849 114.97610394830446 114.90160102376898 116.11205754558077 114.83484260471576 118.81128322875499 118.03324427664504 109.04554216568849 108.09031700608728 111.41496250681968 135.46739871829442 114.32331655319793 134.89564871353397 130.96669786605088 124.38837540861368 133.97884662726025 131.2676108142519 137.55477665683321 138.64005088056766 134.508700886881 136.50956380699284 131.52056434586933 122.50523321554421 131.8647998388428 132.62438024160821 133.2259621266609 135.8089133794976 139.16656035418694 138.96998510250003 132.93838834884099 135.44447895649267 133.77391217678883 134.40994235204113 133.70617284241095 138.00919541046949 147.35274835765335 146.1899849162464 135.77371833545371 133.58945826501582 134.69272750576508 134.90324730108952 136.15620151159993 136.56605425314973 147.81509162454878 147.37308815221337 137.32676936725412 136.02023905788613 145.52216002080181 146.49726894061618 145.19169157702842 145.87423967316772 146.194948629343 146.31579913701523 99.413938327708166 99.997495836286447 98.21731232729384 91.500416214724027 96.852509206030291 95.24899320453838 95.921301645094474 72.899732512782663 101.29581064192345 100.46942706488524 99.273646627847384 98.06579413938266 98.101125012472281 96.983976839364217 97.187437950276816 95.89507820584106 104.12276676034344 101.34346178934071 100.13522331568171 99.002867009465717 99.071402342434297 98.158417214323492 98.324846845339025 96.865543602748104 102.77487600534681 102.25367812722611 101.24939735819966 100.07083126966555 100.19668243784588 99.329793687422864 99.368834993249493 98.455024896508817 106.84740672237771 106.33700093075011 103.36206704027019 101.09216393747602 100.26204452246971 100.41337548282026 101.20674125961895 99.492983360447468 107.73326297480158 109.09349536515877 105.83711618247239 101.19085441862798 102.33209538867206 102.14556872460037 101.41485821798696 102.56956447316514 108.16860409438567 107.12288877269134 113.2566766691896 104.51510807733193 102.10017056602203 103.23749088349986 104.43396131069814 102.18575810121504 107.59176689695622 109.10609654013567 108.26898690665548 105.31309490292664 103.15052969750899 103.18770970977538 104.30819973989912 106.22597397756925 108.11920193288081 108.92473023749763 107.1355616928919 112.35605949977918 104.17962036687423 103.57360057731957 107.27722385255804 95.852186281765384 104.70697156772901 104.04490897822176 106.8769417921892 113.42095243404411 109.33783871350143 106.25067790013601 104.68312552707965 95.942324710499634 112.54973952874917 110.55760179860061 105.70077364780627 107.01044631615484 112.78979919578805 109.44002060132641 105.31974294078024 96.790677476198169 111.70384028590428 110.56408505475473 112.94549693936084 104.4989745565168 111.55685494522754 109.149559338294 113.38483167001918 117.7265948923049 109.62524619819391 111.59494672605405 112.56453549611763 113.63767583767465 114.36688964781243 108.11960553987196 120.9163879409713 119.94177306062352 109.62479125653087 111.68440768509453 112.75277823681125 113.6898873952087 114.8254453894392 115.94385865714391 115.67659993934015 119.48310287182208 120.4057436000335 111.96010267352089 112.86771041680338 113.95825435072926 113.96429959574697 115.30223731131329 115.55431869173535 116.11927628294519 120.64843987817785 135.82181316645091 136.05618050800004 115.04573236143088 129.75688653755378 116.4797452609626 117.9914505865685 116.96193019946469 134.72572620414164 133.77926537737349 131.97621221141233 130.89009041698679 132.66669446253309 129.75059552479254 128.11578450684817 123.32745002094607 131.74536428217598 135.31388943439549 131.69807004405476 130.74284002575493 132.81412666513694 131.60449374743266 132.58696259547662 132.09241026709773 136.52139121367216 135.67497123503642 133.63366668948839 131.56026299875205 129.69644532507817 130.79082208190846 132.66377668566506 136.04655083241846 134.65914240288944 133.74412703045664 133.59000916795267 130.4700129777919 127.57274978801644 128.6320371491573 133.34581832060579 135.10008499764913 134.89341282721364 131.68767571958577 132.49563181441906 128.52500772308412 128.76422071106049 135.74685612501833 138.10445102553959 136.91435102495336 144.10881100362408 132.30297971758691 131.41675143935583 137.12456107965582 137.54164834215476 142.69655437420801 136.92413100945811 146.34500410731548 137.46872479854909 129.66811905067362 130.63301108808616 143.01188677591449 143.9397066402515 142.63889057424862 144.77593769598141 144.62769628896882 136.28120060540542 129.62382958920202 144.07584816109616 144.71483991284151 145.57688812152793 143.90738052587642 139.58611585849906 128.33121640413142 146.50251726330251 145.94746567576576 142.53823721883342 145.7301931485064 146.35682694256855 143.77648379368682 146.91378642308248 147.94383901301291 144.70657552985676 146.20381126442868 143.79763167202259 145.87171021380661 145.79669681555632 144.98169345950302 144.81194759254217 148.37206262742754 145.38392302203664 146.92266819915562 146.74317637068481 147.48530170082861 147.0712612286967 145.73086336714519 146.70663367545703 143.27063057523333 143.38934340599337 148.4063656150426 147.95774490881257 148.38188112222974 147.92556235612994 146.81911500012436 147.37818025120293 147.94178666397926 149.18623504240171 148.90370978341571 149.51700797597283 149.07491482719669 148.80886197846206 147.72225632428479 149.51202442247961 148.93281952585798 151.12442584847904 150.03012409567643 150.14561260556664 150.00161411430702 149.75720485040398 148.47389961932046 150.52306027961316 149.49437602718658 152.0771383488478 150.63991728420018 151.27157342453464 150.75677585837605 152.83567034691663 151.5994353015661 151.46632824249346 149.22853145123969 152.10551241318097 151.6823178844802 152.43406165334318 151.93714423271035 152.97290656537066 153.90330758097898 152.44266124037136 150.12977697114573
