# Created by Octave 5.2.0, Fri Apr 02 16:05:22 2021 CEST <br1@br1>
# name: ptcls
# type: scalar struct
# ndims: 2
 1 1
# length: 2
# name: x
# type: matrix
# rows: 2
# columns: 320
 134.17269056186353 97.914045952675053 96.278537780879844 84.749678267596224 100.64268564671622 110.32823395221898 75.934485065135078 89.818481992193313 104.79911245432032 111.76603144127229 101.37038284940328 97.608318571975857 109.86474872399947 110.99656878241153 109.16755360762005 110.00146147305487 105.22115652385062 107.02185909494391 100.57119445180521 102.11683672521869 102.38055975136928 142.28937172957572 109.48443850239947 141.30376947722806 140.42229677179728 125.65894960497229 141.90650770825846 138.84734509964875 145.31571725163514 145.47396698114127 140.52704465420149 148.00182020492014 138.71999429016719 119.42861365575119 144.36808700128122 141.38239521314247 142.12747111503853 143.7461129526252 144.5501685378031 145.9248821179288 143.06503074852392 146.20808930564618 138.42835251686492 144.52737608957199 141.44521559452326 146.38414721728216 155.33328848799414 154.63049453718031 142.48639743190279 140.87870626642112 139.78768634454715 143.33030972178531 143.62034158485037 141.5829229871388 155.76948871317285 156.70042056928045 142.94493807262128 145.5293602307396 157.87110949591695 154.91193029368486 153.71648261725525 156.69638016182049 156.59693195127514 155.52027366851712 85.554350844755646 87.586797807896389 86.52478159415277 74.378292089516748 87.36327643562845 86.315714532158509 85.467143706624512 40.683799757177226 89.814892321752538 89.039627138411475 88.41960071287825 87.330090525729133 89.481423100940347 88.288844021331357 88.417715440700121 85.323872430564847 95.285539030855674 92.706734545524526 91.982583356609922 89.142642685399821 90.311317030328638 89.476618712858567 90.379175027197277 88.579793390156695 94.500563409526634 94.057861727375439 93.205769233404169 91.033277384683601 91.335334623282449 90.690239479494409 90.473869225338419 89.463130459569172 103.80440585719056 98.348249050182972 93.554422330209249 92.343281874511405 91.752055803562968 91.542077857920816 91.435852674538879 92.539523574377611 98.763251180816894 98.526699719345274 97.166251764977901 92.453798023543655 93.570924754726832 92.745423474465767 92.585211591868344 94.735483259969854 97.477244190721322 98.297234667504753 101.28370338420659 95.207914965839635 93.410288085231983 95.682443907408853 106.31112041465619 93.702721546191611 98.848840351136516 99.493942529481487 99.647476323359356 96.009966786069484 94.382280703112784 94.703737902532211 96.646647511783712 97.263165731934649 110.42979585964676 98.554157245977621 98.593392154368672 100.72794719633548 95.353707794581638 94.396134594756447 97.245526112215643 76.552625127794357 93.946563362341408 94.592157540038585 97.6775604333085 105.04378282932244 99.864668201635212 96.425676935085036 95.743609287314939 74.890722138189574 123.75756295644095 108.09328073730826 83.178199514745984 98.134184821702476 100.19448265105791 100.65653764941473 96.299744844619084 77.631241522421959 111.76444511239353 109.7190988321167 111.48784834305977 95.080910810132849 99.436861610956214 99.923996686463923 107.25072071698143 102.55297206947434 109.72504142308252 110.67238519419871 110.35780080200729 109.00279151425372 109.15171650507281 99.751737794693256 104.11519138926083 106.33084529599108 110.71032313379592 109.49912688542149 109.14609475444645 108.04133260448349 106.38442304320102 107.34826141106893 103.74710383566673 105.8821660221415 117.82446903508792 108.37967409222485 105.81022814352743 108.01168101667457 107.243667928213 106.78902532391963 110.08196034703998 106.88451826131048 118.32897899482272 148.59432771282314 137.52732014860703 105.81733897482492 136.88680419356248 103.70518056747531 104.76439185553421 108.18641616992937 138.17816397444267 136.70482392205642 141.17155967113513 136.64543336356326 135.98725810513031 135.51023631801681 134.31990534263446 120.14627084988759 138.30344577552978 139.29040380450539 137.34036747410883 138.91273673436345 135.23747533570372 137.34457830769753 138.82268836843292 141.47352440457516 134.5630536589604 137.75740156861548 136.62187900943212 136.2529183689368 130.59491602270015 133.17377688638254 139.85317136154612 142.92472908485354 135.7091634425235 135.3678007475138 133.97343045595559 131.6669994960277 128.99650652447923 128.24997702323532 142.2012066157057 137.57423987148834 133.09518140256395 133.25325254887471 134.97704106278698 130.15809733192017 129.2641835595557 140.91113086583781 142.21297736644243 142.19005911625769 159.33668271544084 132.80074161911682 134.2313849108867 141.12330487282111 143.74017211527681 151.85880307767258 146.90950808464171 157.1977888541052 140.0127228445736 129.24933152817204 130.40019812540746 151.05428012315872 153.03781310735189 147.72802588400734 155.74944878390045 156.78861073462471 140.41997238373068 131.2197115984668 152.16270354103884 152.12065329561668 155.16460350833222 150.68104060808909 146.49711475819777 120.69584769797302 157.32672070490258 157.89003515785694 134.01753812810432 161.08264621063319 155.52718404650625 154.85659580826953 156.9076140503544 157.97466334253861 156.16599365539815 152.11102648457387 155.06390014890337 154.42397935843388 157.02377743734553 153.83585058994589 154.96217492320847 157.14167415406308 154.30023334344 157.95017108890872 156.91327416886315 155.65005110874344 156.61702833226067 156.15425995156116 158.62375835083088 156.0948254500197 153.12021832623074 161.25995122729387 160.06934442413191 158.29347959844057 158.19935111680599 157.24184471570089 157.79884970412346 158.81786886174737 160.15755718233331 159.29810654075209 159.51687066995834 158.72939112698498 160.23305368646126 159.25352028599875 159.89536177196169 161.62755726561207 161.36481371290461 159.39207504709282 160.72941469303248 159.88386098571291 160.62881899520917 159.61180318527138 162.89354418371585 157.80494956083265 162.65875800175871 160.48087302384099 161.73380872022619 160.99952301293675 163.5738233657645 161.68981749107132 162.60224419861328 156.67360257837674 162.28748265771642 161.51118085332411 163.41086636606056 161.28817503018479 162.73974609597801 163.53626623556727 162.17086418033992 163.68232385573205
