# Created by Octave 5.2.0, Fri Apr 02 16:06:09 2021 CEST <br1@br1>
# name: ptcls
# type: scalar struct
# ndims: 2
 1 1
# length: 2
# name: x
# type: matrix
# rows: 2
# columns: 320
 147.83678662356431 92.259813503289905 91.47956851557646 76.129434569975402 94.597164951138893 108.71263086441169 65.225057201610653 81.843757497335929 93.560332535593716 109.48852138064412 98.448288648287445 92.422092817924778 107.15941559645253 108.17036274097505 108.0098410060637 109.25439535706703 87.442374476367988 100.60127770000318 94.37939591706413 96.461681581627317 97.485055285954729 146.68464652043417 107.56938886017237 148.74305747247141 143.09145025572354 126.3511280850781 144.96431923768924 142.976603329753 151.12970036075609 150.33804154514814 141.15325267383534 149.79755409798051 140.74126733966139 119.828183622643 148.65761292431287 145.68789525258015 146.56752303555299 149.98773939750075 148.8808922936683 150.8554820197073 147.70490767818467 148.53281435630552 141.58253354422402 148.99438491727852 144.62519297458667 151.40965948346141 161.26747195369708 160.17075398406308 145.98463872671769 144.12494578357393 139.54091017140951 147.74693157233563 147.98997198733971 145.73952190090679 160.90072700629398 162.17715284068973 146.79554449887331 154.78206516394661 162.592020516106 161.0619179400145 159.62275669330552 160.69993898661636 162.07151188562852 160.11090001290702 81.027651497716221 81.854667388743124 81.43840009119296 65.050567752650096 82.64274759795876 80.434386782150014 80.224713839353356 23.13332892763086 83.96629696373634 85.312826409945671 83.02609902239837 82.060076403305516 84.245246002442897 83.210853226655573 83.765046070775938 79.305817987680285 90.611469709438978 88.380381975698697 87.495036072647537 84.185315954489795 85.120668407711264 84.195625053870003 84.852667710559288 83.116278324210015 90.608276722030851 89.626145176278925 88.321462317650486 86.382318923598007 86.328377822965777 85.184254409881802 85.271787126455379 84.289743202517272 107.91849123750298 93.431042673592017 89.408832932185561 87.317968985284082 85.968623162314898 85.36483607115278 86.024409660693649 89.114453501934705 93.92496958240568 93.884360301976614 92.296900761171855 86.998621778533604 87.817024134052033 87.256163516176329 86.376085485780791 90.114783664560363 91.492170699798024 93.303583954275339 96.112634842247431 90.433587485898315 88.171409375243712 91.336519156944789 102.72550857020042 87.560424839494559 91.618742351330567 94.779124443026376 94.566873594454549 91.636212231107919 89.258582511017565 89.276944961763235 90.681322813448972 92.482899287087562 112.76370053643379 95.292274940764571 91.522544091785875 93.306766294179667 90.245377336908959 89.168217886585268 92.537050940001336 66.632491002914918 88.917774642262586 89.713236674334311 92.861687428231065 101.60130966947158 95.707570063011431 91.442413568933219 90.324781321755751 63.422311781632601 131.24122890433625 107.74860580591316 71.114084816969211 93.7120674657736 93.199064611738763 97.258364912239088 91.504971345259321 66.491492246523791 126.71075663392625 114.13741001363513 117.19363701434347 88.64059166697578 93.469758508681693 93.967489947370368 103.91546360940801 88.346180882400034 111.72076592295717 113.12359614128779 125.85891045679566 109.63619702995344 101.54992164610063 92.534242508353756 93.302887880146244 97.224096367135147 112.5914625950292 110.62590796314706 109.82322523245981 100.37615636913532 87.143928065324573 88.168184380095809 101.29187705845803 96.271984122637093 117.59991922654999 110.31474541531963 105.17123643401342 99.352202663746908 103.77947603423669 107.22696326999574 112.63647788543156 106.07953959869675 111.18508031561989 155.55248862241399 135.2219355777641 98.222190049554513 138.71177389944998 94.340250895176425 92.491494610406349 98.274158092501821 138.28434642804842 137.38061862553377 150.41622425081238 140.3834805684933 138.23468726337697 139.22441666709895 131.21401191966933 121.0362464223908 137.29212832068174 139.51149773730245 138.32243260725181 140.29547319414092 137.79020554239588 139.26679581211621 141.79975798299515 143.66837034217883 135.11761083467945 136.53176011074294 136.15804983891789 139.25661679488496 132.31162554005903 133.97670349675431 143.01813249313724 147.08295894322163 136.37073388114476 134.34792084654734 135.37182632559146 133.16090709805084 133.28834563064427 130.14625179354573 146.78035353398093 140.78493272216295 129.7274374882185 134.62148107773962 137.14275696038573 132.95944142079964 133.84681831043912 146.17784101949243 147.27318797907697 145.14536807963623 167.63246357337087 132.00697997699598 135.57182097590263 144.10198558956876 147.9373108152011 157.29325273043548 154.03065582248584 162.20712796333109 141.43542702386964 126.89588230147505 132.80166497441294 158.04458438816258 159.04768532163735 150.62777753852086 159.76232209272564 161.50193437678323 142.63788161620695 135.04009107021321 158.41154824793489 159.40323730993893 161.22859802877446 156.95554762505066 150.91468146323626 116.53628116402061 164.32763052079559 163.29191954666103 126.35222203384791 166.8923144236727 162.29747680274122 158.75096941668602 161.44054295306984 163.01218868016696 160.12099184012658 155.32913626868282 158.03167418506101 161.24882766315321 163.02364284006603 157.84815618465356 161.89593277025614 162.06224193529846 160.80596976556737 164.4975134833399 163.44011374584221 161.48578208445011 162.80532482184086 162.31693507509229 163.35270011288199 159.09160615673909 160.13726188958159 167.80063047576152 165.75718105233724 164.78291866328186 164.04359732262265 163.43964102893332 162.62695837284892 163.69370584621291 166.05391696186081 165.08148030710689 164.53383681721252 163.82215588122301 165.6794705723664 164.58907495272683 164.33215101878974 169.39463603808602 167.14922684137767 166.43010403759575 165.59623025532602 165.02899500695611 166.10723325761927 164.9912997474199 168.78771630684307 163.135323205188 169.27205674973936 168.19592458216596 166.72661477671232 166.18986982153893 169.1879051691767 167.43743424021113 168.00347871350101 160.61407178782946 169.53337529775547 169.18117370639993 167.87737663966172 166.8820246058221 168.31432671740464 168.40167680461917 167.35127202261901 169.15571117395206
