# Created by Octave 5.2.0, Fri Apr 02 16:07:46 2021 CEST <br1@br1>
# name: ptcls
# type: scalar struct
# ndims: 2
 1 1
# length: 2
# name: x
# type: matrix
# rows: 2
# columns: 320
 184.45463954927976 78.937512389670104 79.798114416420844 55.818723392019493 84.349586830561122 107.52351387684688 38.880538299453924 63.053995673836958 48.738881691424837 116.30164362845328 85.380909614567386 80.249094696847493 100.78520603565701 106.42556089387064 105.05728513948704 109.41299040182143 31.077929276357136 67.29196918411418 80.80617420949747 81.685401269434863 84.98973773567424 154.26376700523608 105.62479644381527 156.12145281621872 152.16592058989303 141.15717319010821 152.86275846740281 152.70581450205344 160.21408261071011 156.41721114594583 147.18802306534121 155.63195088520825 153.03289355754609 136.81224914978293 158.64876715813841 152.96458109567953 155.06481835748778 157.20464449594374 158.74543319534405 155.31754341023588 157.63364270433561 158.95892722639121 152.46593740774063 159.41292030884142 153.97991682161125 165.99628491823117 172.97358153679312 171.93347706957951 155.70428956133958 152.16218366661187 144.31211093252256 156.83015990185152 159.42509981758138 155.50673425101371 174.52362162259618 177.19150731471433 157.24858389929878 166.59578292847675 177.09368296987287 177.98487493610506 174.0373450750235 175.79043630089828 175.25131001923626 174.02938693784307 68.962352199618095 69.634019218167126 69.383332637795846 43.072915890443738 70.543457066219588 69.998147832018319 69.697305918588015 18.218465355680884 71.01911286936577 70.780561096817479 70.899629711362309 69.714430556732978 72.465750695183459 69.877113229810647 70.919958775074875 69.94384821510161 79.327154775386518 77.245415338899434 72.743146634958165 72.027014118949452 71.863956576701739 71.494245933099975 73.961031730534813 72.697674797086478 80.886341741781209 78.066106628397492 77.085997488036767 72.374786954730126 73.156754533092425 73.168096050641466 74.228981433883035 73.535807264129431 105.81864875284862 60.533497674780264 78.421183680173897 73.556400883831415 74.536885566589348 72.449861334009896 75.579071401520551 71.454194601293352 81.13738550721115 83.39877207761198 80.650315828326299 74.299483032371199 75.508167519916768 76.089638124906173 75.020070402495961 77.438048556499453 79.316382656121448 85.051644017073926 81.934553348044574 78.965671741615509 75.850498060556205 78.489367092566198 94.277217649016961 75.966852635699908 69.987092802162493 84.410351494860237 79.675557843019064 80.213030381953232 77.79807287550571 76.65613493101192 77.123268922113624 78.138878967181839 118.26276985437521 79.966087664514461 80.486730348321402 82.248917118186213 78.8093588401521 76.768667572312012 79.212626294692924 41.816242422145159 75.814606706339433 76.999372894332168 83.749666565243743 98.002125950252491 83.891001930500465 80.376244975554371 77.696568807467528 36.400851763443569 124.18396940197292 122.74625075841578 42.689047446865032 82.689790310469348 81.630436685134697 83.067016976057943 79.606644687935045 42.798540038219166 215.19990316731577 128.77806844616114 142.8652535628064 75.938980350330354 80.362834159698266 83.391667263477672 106.37428580899993 32.951026860649016 125.39927856820763 118.29603304864762 105.05820440678238 102.46926334411179 68.879585287737754 79.729790623741195 50.796484659662895 68.333378170296911 119.02116789049688 123.76093443582944 123.09369757243178 70.276505415759942 32.989868444772711 33.843389769966223 90.874897716252605 69.350313648198252 118.25006161554238 103.91523355200177 94.350602316159069 66.992614030652348 95.750218818326189 122.80955235424965 121.68118490371489 88.625412524242293 90.315126794923145 172.67246566272718 142.80573169936969 67.427214750323657 162.90671329997181 50.072945987418798 49.65248917413237 68.200948185776795 142.61720326192014 146.3085674419624 180.3114770553502 170.2374422946196 168.91221938118846 153.38927540876801 121.96117773166722 126.47935492308434 136.90546418644914 136.81833257338499 152.51183368635995 167.76392478426661 162.03225347656505 151.51257306926234 153.62251859254286 154.54045729034738 126.09816916103217 131.0204036743373 156.3239502828238 158.8528716201979 154.49421017876799 119.85780842899548 154.32242025736133 157.12143595149314 158.91098861190559 119.85812255205504 155.64043117229926 124.24078812442826 124.89671733335359 123.89772267687658 156.59370557625542 151.73825057550388 118.60757317336336 125.97668590543641 154.83971824166039 120.14121001251219 213.18880600113226 156.13493205580474 159.86180697971818 154.5169412534261 187.17868696465806 119.65717782935205 156.06969188918663 153.28246264545675 158.1444600229859 171.06926940543235 167.9017456690986 175.58123330024966 147.09997638633149 93.58326452633321 128.98930835934013 172.31363547671538 172.85746157959568 157.46006910805957 173.34711030555155 174.51910002797635 145.93648810874646 124.94182743516788 171.74256841037945 173.3053206685278 172.86972674565206 171.9697915027906 154.57423736348002 106.73565864566697 187.37473576433328 181.5333354996223 108.2914772638191 180.19177237291265 175.1436789917463 172.45023219055039 175.05303547369505 177.5881523295439 166.17820184544456 163.09668220266445 162.27829120203086 175.07140216120774 176.03460530333777 171.12104924088197 173.24229325837373 175.99699338768826 174.00175121930516 179.4771239958333 176.45428661813864 174.34314485503634 175.35789463828735 175.36706668969654 176.20069728331222 170.11988543176685 174.33792656765092 182.33675792499577 179.7728772138565 178.72604854966278 177.5813699500178 178.23627968353756 176.4835469681008 176.2358026814899 181.15797936187332 179.59796840687758 178.4559218927285 177.35168723042642 177.22817011523225 176.44576422815274 178.55799258182475 182.65812714347422 180.74532491150177 179.6626924116679 179.09635714305509 177.99323197251437 178.0845693132664 177.02880649204792 180.88218945178699 178.36640958199095 182.91921849079233 181.77355801331578 180.25893567518051 179.53649013027584 183.03262595842406 179.69045278892872 179.16205643191935 169.89846499366325 181.79836033663415 181.26648277036153 180.75337576249541 178.46848972135285 182.66011618843464 181.49155477652366 180.25664625413526 184.24978804952224
