# Created by Octave 5.2.0, Fri Apr 02 16:03:27 2021 CEST <br1@br1>
# name: ptcls
# type: scalar struct
# ndims: 2
 1 1
# length: 2
# name: x
# type: matrix
# rows: 2
# columns: 320
 121.25634791636951 112.3673858295018 109.90849343613846 107.18592898743124 115.08475039434421 117.41176710996024 104.53011549331639 110.57461423908239 121.22548111875656 117.63715468009448 116.3346352931936 110.83552227223217 116.26477575147071 118.16767578070402 119.00812854497816 118.50667444588392 122.35405720787374 120.8242234563384 113.40239063657044 113.25607539231692 114.45296601506176 131.76055773110608 116.91246138386973 132.24653034592973 128.12256056464301 123.85738917729964 130.20036309450978 128.09996066513082 131.48862828066891 133.99768402209077 131.99164866528832 133.09009512718913 127.00399753137698 124.76383541587383 129.70908387361291 130.66344100352563 129.8937484422799 134.86022013563795 134.02062637951914 132.79820181871108 129.34792399720962 130.89968478154134 131.55659666282435 129.95437783730148 130.93778460079128 134.21494526775473 140.74927941670489 138.56459004989287 132.702332357176 130.51343497382868 132.04007596332096 132.3196318979075 133.50636239738299 132.96707975815269 139.56664161107835 143.00381834566983 134.22591305088667 133.53957541992077 141.86957368419843 139.29786572269882 141.95341359093291 140.79357517894348 141.8447802080087 142.04217296499272 103.43277534387748 104.43917042808943 102.04453248707823 98.655930774512143 101.0032721300655 99.942015526928017 99.922402500227435 86.363107395719368 105.43541698206116 104.46460181634811 103.20845577156224 101.80212565978341 101.88364255772881 100.95235835718806 100.89298210384133 98.818771245724093 107.43283801451926 104.948166380302 104.09174186953607 103.02214898142745 102.97868801557313 101.89941452713606 101.86670821881714 100.9957059432538 106.36267807800283 106.00920032604999 105.08554518520548 103.98649110306089 103.92258277893337 102.86988085612019 102.91352784560902 101.9150405975092 109.93531498771895 111.13749550460837 107.08281586174473 104.9785215894801 105.13880803317166 103.93903314127952 105.00009221381062 103.12824754473868 110.00871241827353 110.26639882823339 109.64875107782312 106.0583622047874 107.13831400549972 106.32467630527225 106.11964793005512 106.30675671356524 111.3931965165411 110.83271467278452 112.61006224294621 108.23867844672603 106.10562075185315 107.20651299321707 108.23948347103277 107.17698333321228 110.5248040640619 112.80719367589957 112.06248582733949 109.19398387762578 107.1306474360814 107.83676733709714 108.62980498801977 109.45589102988809 110.4401769379447 111.30693604267374 110.98894896814502 113.54436676917769 108.27101444730114 108.24796460566073 109.9345360984492 103.61148068513047 109.21843216340952 110.21061516554593 111.70156867604378 114.52250955911454 114.89400461081757 110.23833148325721 108.77997326419212 104.74520138065783 114.31087364781104 112.73339628851531 109.89056950023671 111.55394475614209 114.59775702235058 111.53969834275027 109.38167165988487 104.65881201995896 114.80224121298157 113.80115283825715 115.42708293209967 110.38908082712159 112.3964955459182 113.21215863839657 116.00498339742342 121.32008898104813 113.00812536193168 113.8359132452188 114.91729008403385 115.80862247245258 116.88018738840897 112.17550997666245 122.3032885841025 122.45813202564452 113.36916853733754 114.07035342965355 115.04245895628078 116.28117111332905 117.33129390179558 118.44635627291777 120.7194189201637 120.32748996304991 121.59761808200869 114.33573243532773 115.46144489750827 116.62878457855705 116.45655703511879 118.94922095737404 117.99739119487108 119.55141477818933 121.50463394176096 130.48404589334012 130.98760568374576 117.84368684579569 128.4414003634293 120.40094878089111 121.54248409621559 119.01533984612006 131.80005961968985 130.6744911055597 129.42137679277241 128.45711630371196 129.62124192722965 127.23982579230849 126.19853851081592 123.68404729022606 129.38692829097536 132.76414843396145 129.46405195879638 128.40445866748706 130.25203094971664 129.08662869378429 128.17140575401868 129.09801506433459 132.19163439172638 130.46955870491496 131.30523168372187 131.14531313180149 129.706165119551 129.90815824772909 130.28079995856118 133.06645045570573 132.44384051695815 131.78056991210252 133.0041967285201 130.65786367782431 129.20518794257717 131.54451355626136 131.43186592168038 132.02530186397371 130.66762678807416 132.58528250680459 132.78203578517591 130.39306383111321 131.56012326559903 133.73947453161213 134.66351086240215 134.00806380066101 137.74492431808872 132.69692305642002 131.78336685823896 134.82295381253854 136.02640419266561 138.77788986455607 135.81433491428189 142.72905470306202 135.62902631163246 132.82760099706087 131.72509587962961 139.71308115963737 140.58340182171162 138.56178501622276 140.81672478040977 140.99430901000486 135.32809976274316 132.67104907466967 140.10909606793965 140.21608332064585 141.39804634867778 139.83699728303594 137.53030398684433 131.52211675893628 141.16736849047783 141.76814218197356 138.97414976492692 140.77670952090921 142.53601391770729 139.72937043327917 142.22882117461072 143.14562640527902 141.54726294886254 142.46769758990507 141.4378470808185 141.73217966586296 142.29887853813946 141.54339962221241 140.96963079897125 144.06955666752629 141.81016313722446 142.7395997455755 142.65444469131972 143.32446805465599 143.45835173945457 141.95328570453083 142.91050314873533 141.68054451851947 140.53842158812009 143.71860692192783 143.99797329589532 144.45416178065474 144.42076495234468 143.16333715854819 143.69217838260062 143.22092471174321 144.93995680659535 144.77763309725307 145.59096241638613 145.55200807392677 145.34933130794875 143.99789616646856 144.43158253705116 144.48334673605828 146.93033816869828 145.80208396486839 146.8129045103415 146.39370851926478 146.05989555452663 144.88063303994088 145.65471217808096 145.67177411568281 147.86176366490719 146.71011174084134 147.4905478852057 147.19150509813318 148.09460354607529 146.97399372575421 146.6478170423247 146.12296619024926 148.04364634015852 147.8249080367176 148.75856788389316 148.28718842906497 149.19537937670648 149.0285197344439 147.74375959371639 147.35033689298029
