# Created by Octave 5.2.0, Fri Apr 02 16:02:31 2021 CEST <br1@br1>
# name: ptcls
# type: scalar struct
# ndims: 2
 1 1
# length: 2
# name: x
# type: matrix
# rows: 2
# columns: 320
 121.45345366443496 120.37070400482907 121.09234750543737 120.02488479346752 120.51855434241814 121.15625766653173 120.44139686686562 121.13864992648043 122.49284555656597 121.66288619921789 122.16247723801297 121.79363861763588 121.98634574160286 122.35131333440799 121.81970818271505 122.5254382216431 123.5764998238251 122.9654992869156 123.52135486927625 122.99284914810367 123.26617393001109 123.75300551350421 122.90785217651091 123.653765688349 124.79839972155793 123.94895882437429 124.63570294787415 124.06197387754798 124.41619870162927 124.92335295285916 124.30801295853293 124.8019457611808 125.81579155167481 125.24908571538782 125.6310973774398 124.98309961035774 125.48458430275663 126.0483234387179 125.52953566564062 125.86704353592157 126.95509088865647 126.32713515320842 126.7179470085818 126.24816480932033 126.84177670783264 127.1051199165867 126.52414203801577 127.06624240775396 128.1318585807268 127.43165622414774 127.9636993817733 127.22650221040232 127.94912279812016 128.20625030659232 127.63642999807021 128.27734963907335 129.56873629224231 128.63653891089584 129.83064063081372 128.88644480326033 129.19374173501953 129.76007038154199 128.67847965300416 129.49828958091979 107.80234172782191 108.0089487143831 108.06939871730296 107.58132117654249 108.15861786212456 107.40498682058794 108.05071522486209 107.46246324529103 108.93997342812051 109.13032303561594 109.20158623894095 108.70772411151933 109.27405322972828 108.71540514088373 109.10939658649748 108.71048968796869 110.04653567022747 110.1637022673936 110.24653772547055 109.79836710793954 110.40174082489779 109.83067149240402 110.22412261700548 109.83475114222865 111.11933962766979 111.14826540905511 111.34111247717381 110.87129582601607 111.44951920135834 111.00187205789891 111.36895284462514 110.92575296561789 112.27985091890892 112.2498506622008 112.38394061561617 112.0167583206394 112.60835230135929 112.1521127633315 112.52422246710407 111.99769624767258 113.47021307621576 113.28924351944337 113.39523993457593 113.11371749547961 113.70188150359185 113.18357801060645 113.53993945534127 113.17136421171233 114.50020743946133 114.14552736229504 114.68820626607966 114.23548953484512 114.73122562498015 114.18642978043529 114.58967358037116 114.23392625405596 115.72000758305133 115.25020892207898 115.77744296837247 115.31413613822713 115.74924585274609 115.17354703442182 115.76936489203922 115.27412449797131 116.84762830600309 116.29169796700484 116.86319514314144 116.35631992601256 116.82088101656429 116.21921604819157 116.93275657846755 116.38554363387873 117.86178768847766 117.32520043196595 117.91421100646969 117.37755527499692 117.93965589650033 117.25406863057712 117.98723617671079 117.4373738546028 118.96292082795208 118.39570381669601 118.98117189133937 118.40121053909979 118.98919072392344 118.25424796993649 119.01815322569679 118.7252146878197 120.10998624249264 119.57700494653849 120.04018829116336 119.43833603837216 119.99753942074103 119.01526145229242 119.76614409980509 119.95787002734973 121.17041568149068 120.6610274120017 121.21193306532493 120.6221475323068 121.03152519439516 120.03844225544954 120.88065305979772 120.53050704262397 122.42655463839854 121.78312384203521 122.23749335375902 121.75372042172106 122.2418536541999 121.9336233919956 122.45689385435681 121.68066974533291 123.4258478996333 122.9862488171139 123.67956364809952 123.06200934777502 123.35408687209855 123.05387189042752 123.40540258214835 122.83306756051115 124.78694848269667 124.10650432515305 124.69709209322852 124.21122778386103 124.50746007463772 124.02159308233271 124.74301574311929 124.18623803480476 125.84489755835583 125.27682895324111 126.07121122973787 125.31897955477281 125.79509334616877 125.28819024126284 125.77446411181438 125.16786821866052 127.0289063589267 126.46262157945139 127.13391352457786 126.5908908927133 127.04663946836574 126.31920510787891 127.05447642090864 126.44086675750454 127.99888122023646 127.52556253183246 128.34140492092075 127.76482188091352 128.40981339047408 127.47513549250415 128.24370105098308 127.61714439346105 129.0461622000056 128.61040750757516 129.29953200499276 128.89397097685566 129.59682661247442 129.14541473427076 129.6538808642068 128.7901795066123 130.34694169884284 129.69516386752332 130.34130209481262 130.02063798349909 130.64550084057376 130.15104075564292 130.90045154068119 130.13343269351782 131.41661195389312 131.04481227851105 131.27483272122078 131.35823144974631 131.7986427900133 131.21115236167128 131.74666101317126 131.19620300417935 132.48061165618876 132.04448878083815 132.26901332014739 132.49648985393208 132.82098458833366 132.08845960450378 132.74004219859998 132.22277060559944 133.53939812489509 133.08761708081877 133.21858264409903 133.58181446998424 133.8267278423132 133.14743233442829 133.7599537445723 133.23600130328271 134.74321730652471 134.07572079781644 134.19614727445449 134.55663146863296 134.84689811414157 134.21198581023663 134.85913797215326 134.43057164557769 135.88561429131872 135.18024490559452 135.28948956387779 135.65579650343429 135.85666294225416 135.2717477719761 135.87774443444684 135.49994057611565 136.99391458748664 136.22788565540924 136.38397004028724 136.74141349611889 136.882213403458 136.29651096003226 137.00043917148724 136.49728084562733 138.05889825364716 137.35621459870939 137.5047313587753 137.84847460921918 137.93489774080032 137.33504430325917 138.11585157901064 137.57733451965319 139.16767338599928 138.50443203012341 138.62119265808076 138.95569951083442 139.00637348581913 138.42158064594804 139.25423168024528 138.6829812387696 140.28256064622096 139.60345454487123 139.73982891206634 140.05908961570771 140.08758990915314 139.51539261057295 140.40205003387209 139.77772573975415 141.41576233969903 140.77074599006988 140.84164004585213 141.15539865192309 141.19979020240331 140.6371192679228 141.56200284624535 140.9086957203024 142.52857986223304 141.86226799313866 141.94219061729768 142.23999011196449 142.34089177084275 141.78586767715518 142.67103225234021 141.98845019292708
