# Created by Octave 5.2.0, Fri Apr 02 16:02:26 2021 CEST <br1@br1>
# name: ptcls
# type: scalar struct
# ndims: 2
 1 1
# length: 2
# name: x
# type: matrix
# rows: 2
# columns: 320
 121.10491953596033 121.14940141835621 121.16269518609606 121.13452457685769 121.15504729585751 121.17461127828244 121.13364885093299 121.15454358456199 122.21152776024348 122.24974217541968 122.26130177040676 122.24169325627591 122.25356457121899 122.26996629644258 122.23626792065598 122.26536471696726 123.32347850464782 123.34410516595359 123.3581184541609 123.34129630026409 123.35482407630917 123.37230278067389 123.33038897806371 123.36546028279137 124.43446745799406 124.44173834628577 124.45623701358028 124.44359856956858 124.45300983801393 124.46379809422739 124.4160549141133 124.4708895025945 125.55661335728088 125.54799621173775 125.55225948342745 125.54785654413655 125.56192638335243 125.57196761456485 125.5089506503848 125.58460221475556 126.66345798273827 126.64765299198149 126.64858099286113 126.64799498827799 126.66863606334438 126.66816427770092 126.59890565517544 126.682337859226 127.7715319650537 127.74895551892799 127.74573955287055 127.75117792075112 127.7656186740455 127.75305991891697 127.69746994326958 127.78596557975027 128.88139418407036 128.84808521562934 128.84250121066137 128.85678888247202 128.86846968272314 128.85509960056385 128.80758892175865 128.88986151595833 107.64909344213986 107.67453068489522 107.67076041931413 107.68504185030872 107.69053890946303 107.63727610659659 107.70631378152515 107.63177936197155 108.76299196888044 108.7778068507326 108.77472028890747 108.79009578192499 108.79389091286792 108.73662918133333 108.8128609764597 108.74086530469492 109.88008567247121 109.87766094790102 109.8812112288792 109.89066392106788 109.89611931258008 109.83846078112271 109.90863427084794 109.84762180242627 110.98980794403892 110.97585717314476 110.9806640313641 110.99105791142749 110.99737946227643 110.93923611657507 111.00563381336404 110.95833866030738 112.10861483919132 112.09163596345977 112.0949082467573 112.10672998083689 112.11031505018416 112.05570807884645 112.11773267968853 112.07174279696802 113.23427382315467 113.21786940520293 113.22088308637238 113.21852856286077 113.23281503809778 113.18939622171395 113.22457877972488 113.19911697781141 114.35749891197941 114.34886157705887 114.34817851553045 114.33497420528229 114.35431691763196 114.31859683927517 114.35159045098918 114.32520578098469 115.47889994403195 115.47473353396222 115.47756209882068 115.44846176584036 115.47745575595441 115.44039995925581 115.46176226333827 115.44888689654033 116.60234532206394 116.5942224089041 116.59955367625733 116.56771677172821 116.60737373817042 116.56763889313984 116.59019161056172 116.56745020280108 117.72339945348565 117.71221530594106 117.72351747134587 117.68108008338716 117.72020198771727 117.70274493480416 117.71191409652361 117.69481633266814 118.84807223654609 118.82340562351095 118.83489937460593 118.80093236313085 118.84442144822641 118.8252591462564 118.82604228824529 118.82284384739884 119.96756343572798 119.94079295929843 119.96107583977016 119.92757986076815 119.95976067548645 119.94234603490159 119.94921111856929 119.94619549799229 121.09019704653419 121.05443392785463 121.07925186321638 121.04857478461474 121.08706472228626 121.04871329128775 121.0682126854508 121.06829486919339 122.21471755977851 122.17452957252354 122.19695512332142 122.1797568769878 122.20997010954912 122.17121965042499 122.19878602363215 122.19012980430566 123.33250078904926 123.29764035042346 123.31198378187091 123.30115787435531 123.32887410318824 123.29133178069675 123.32120234823815 123.31304327450273 124.45670992997468 124.41998902356266 124.42911240388537 124.42906989993999 124.45245680631373 124.40867973941633 124.44800717914828 124.43852504796619 125.57183680899205 125.54702574295949 125.5581036869321 125.55619197884565 125.57279905047899 125.52754884869611 125.57937714991409 125.55594060402207 126.70214192524321 126.67604153999243 126.68319093273281 126.67854631754462 126.6986900285342 126.64086092395877 126.71230541182265 126.67127150438783 127.81862986078258 127.79885972503637 127.80295769442355 127.79963935655618 127.81743413613447 127.77138234723481 127.83754760178033 127.79197662715045 128.94400421637405 128.92578157458902 128.92229676467801 128.92703135181418 128.9389886074882 128.90508141225237 128.96234328707652 128.92493649039466 130.06475236611868 130.04455127552353 130.04505178470006 130.05248043288148 130.05153029110275 130.03339294280184 130.085757615826 130.04598234014225 131.1854895493133 131.16777174077799 131.16755606333484 131.17988853841663 131.17460202483505 131.1671485399464 131.20840316186914 131.17089036114913 132.31116829294209 132.29663531065407 132.2865881001922 132.30126867694185 132.30108769587136 132.29232647422467 132.32156218895793 132.28792955768947 133.43176495479585 133.41499530120763 133.40787019602305 133.42183003880726 133.42314418610522 133.41664068329354 133.44362561454452 133.40859381338785 134.55022301723872 134.53437467055568 134.53093027355922 134.54414352535039 134.54275116674188 134.54466584894556 134.564350738005 134.53706242724539 135.67059233427798 135.65285260273009 135.65510286842351 135.67061360144055 135.65927988295056 135.6677178176736 135.69346105969601 135.65115655908244 136.80022384150934 136.77203227014542 136.77749623733371 136.79248096496414 136.78344000470389 136.78109429715684 136.81434724852502 136.77029703093694 137.92472183183696 137.89569280182903 137.90352661226606 137.91426404707863 137.91573366806526 137.89622890222103 137.93092795747259 137.88732543131971 139.04263851104054 139.01295294571634 139.01133997583079 139.02065064312347 139.02492833743332 139.00062165343451 139.03473115606255 139.00101643235331 140.14900394372964 140.10803889967423 140.10888405512839 140.11827612577829 140.12387638367287 140.09535028926715 140.12955642539384 140.11493083239816 141.25425489339472 141.21128098028345 141.20464946837032 141.21963886696054 141.22430918961754 141.19486343352861 141.2211464525258 141.22702619093715 142.36625441635823 142.31281775160002 142.30468034994851 142.32563645182532 142.33048260318964 142.29573041418024 142.32233010796998 142.33867400353492
