# Created by Octave 5.2.0, Fri Apr 02 16:07:08 2021 CEST <br1@br1>
# name: ptcls
# type: scalar struct
# ndims: 2
 1 1
# length: 2
# name: x
# type: matrix
# rows: 2
# columns: 320
 169.08253248848922 84.824110556153272 84.82987496329693 64.793223679953499 88.403761358665193 105.83072478745218 51.454593359408399 71.356448572591972 70.012189981411353 113.71860795518216 90.446598783232133 85.263823136079964 103.60171723693875 106.75429031554246 107.26558487393746 109.39225988916489 56.889532915840327 84.323215306079931 86.837878551875605 87.475603742280271 89.603134241300808 152.09971134643311 106.82428876467968 153.2428247823467 147.56599867199512 134.04415669502566 149.81095123029306 148.40686072824627 155.8939020495543 153.98048682586665 141.52091906835787 152.36825446058597 148.87751881659446 124.41181342334733 153.63237149650809 150.182822980938 150.61341145212779 154.4217944370773 154.68847389584118 152.79807305466372 153.1874820980004 155.36658358439371 147.6359235218774 153.61853756588636 148.91328498796932 159.55103181914686 169.4074650627542 166.4521747528884 151.70218639003377 148.68955101625428 142.17537746822342 152.46515647183105 155.34093272680161 150.73158364614392 169.41642533482846 170.34735792893997 153.29636096632044 167.10832301007102 170.71043796886269 172.00713436548716 168.3704836226955 169.40533274929774 169.74053014841385 167.24341486270998 73.931960598179515 75.751994494993838 74.797170594099271 52.783971364441896 76.453001840906083 75.916534210854849 73.689897546205373 0.053257699735937108 77.353371910031484 76.272404739922081 76.82245914441377 75.03233655008502 78.223040172693061 76.446423249554087 77.019293653619144 75.444399974367698 83.890165106880303 81.726516874742074 79.944349305510912 77.468859529467252 77.996205363773683 77.697964201507915 79.309916096742128 77.272694569027735 84.70234800871556 82.858668916093507 81.135109821409714 79.708816777491492 79.061407906625192 78.494656196449853 78.819066186160072 79.561076444698699 108.11364633355451 84.096690347635203 83.674914734114765 80.757168313961898 79.764069123956375 80.187709113071421 80.35445231986364 80.628612619044702 87.117291564693119 88.192303731927964 85.741828459210083 80.153772484956733 80.924559082437412 81.103005751151613 80.132817886513664 82.445002447822375 84.111196859133941 85.991436945234952 87.917661482638351 83.870885199557407 81.288415958511493 83.748018518392485 98.010183404888721 80.94291291155541 84.14447643786265 89.483980818800831 86.108236465279873 85.844650145834507 82.560280326532947 81.5263329148069 81.999403067262321 83.46869160879109 115.83294504289344 86.463744676599958 85.765672225472272 87.069448248202448 83.345914222827702 82.139708689703568 84.942808472656765 52.498272700353724 81.445915029430253 81.715030052283069 87.88670252581781 99.005927231602357 88.4455854198644 84.818613498307329 83.028402754837757 48.340566655201513 130.05946284346538 117.64906661902999 55.248947680166879 87.288939872566644 85.914005749818358 88.589986653830749 84.161322081376184 52.617354098507128 175.86693129307417 125.00076499742147 131.5433823176952 82.611880395308219 87.368188996373746 87.621944976780682 105.2780104021905 57.539220636620065 117.02097354587123 121.2536221679506 119.93118794959648 115.37610080441721 82.360294026395749 85.183746088517722 68.24155624284414 81.474273432248339 115.83353871639973 119.54352670332227 121.46657488769712 83.301463473944395 58.107287868780048 55.640838409491174 95.41470784900244 80.800538181743264 116.34062553538855 107.19710683883959 102.18947289738978 81.465037263696289 98.631236316198638 113.19835119189199 117.83493134721738 97.012036413384308 88.184706573112337 164.80155996548604 135.20820732709834 81.856556829981557 152.39524961996065 68.871100888168186 69.165825986933228 81.464204481546332 135.7804562277708 140.95206580664512 165.56106139174292 153.54961848737605 152.08712983330852 146.49863480988364 121.17172248525709 127.64564853265384 134.66202569801226 136.77267001885272 146.29594346704681 152.03666214656968 150.70636578426726 147.08557672081986 149.62153433113576 149.77061379552615 133.59074895781407 131.42385958975612 146.14728629023756 145.31504926220757 146.93966064640628 127.96527042311253 147.65244675128628 154.38579446580607 145.31464525609229 128.27590676117435 146.468694520768 130.21903826486491 132.44048379676715 118.70209362184517 152.08583632897765 147.11409297566311 125.10018151631172 133.67836008273869 146.27543589995852 127.41953057892981 175.97975619453615 152.60872663757294 153.61883204140534 149.28489025086662 178.54198360571721 127.1051072821233 145.79303540816554 148.69408770417942 154.17302766115611 164.04664647961926 161.75283517961253 169.78310811030732 144.47186518558189 108.29237792178512 129.31571948481272 165.32738133905281 166.41024467990277 154.44114957733316 167.40291620655466 168.59716289289955 144.3890994480586 134.77213807642784 165.49937095394557 166.49673095841618 166.38175204232687 164.10270765366641 151.30246558292191 111.06616627005579 172.22401827494326 171.70605567814249 116.27180634825044 173.85016139709973 168.74813393822703 167.32945249656333 168.30232525981413 171.1660154819794 165.52777950538865 159.56117105326445 160.50521872193977 168.8892668625025 169.89685935271248 165.36527649170054 166.94901110348343 170.72907128227399 167.74978576258181 172.79143819288947 169.88630904965123 167.97853226798838 168.91219923454611 169.67499921054733 170.87849958043435 166.30548356727289 167.51938840688058 176.59567412725309 173.40362179589781 172.19607374411871 170.96075383418321 171.96508424571439 170.05528432743657 170.43994157770919 174.74749932242068 173.01263176979629 172.79910012109988 171.78853773878086 172.7823699213962 171.83866762637589 172.63341818663969 176.77880674786738 174.32575533143108 173.91030722197686 173.76445974805043 172.73228558480369 172.18744492019371 171.64837014077031 175.73366165996433 171.4924067397674 177.42235573713205 175.07542150388528 174.75286849151192 174.50687840394329 177.95818123285312 173.41013632856115 173.92243100238198 165.79605869341111 176.60820569165 175.81449393151024 175.40307228617206 173.43532204039445 176.12406124465218 175.90160758915246 174.93912975121233 176.58492205475073
