# Created by Octave 5.2.0, Fri Apr 02 16:03:24 2021 CEST <br1@br1>
# name: ptcls
# type: scalar struct
# ndims: 2
 1 1
# length: 2
# name: x
# type: matrix
# rows: 2
# columns: 320
 121.13497087821654 112.81834679494955 110.16153694714978 107.77635663795321 115.50229071704707 117.65810866854146 105.82827598719487 111.12082824557947 121.44153883557792 117.7480611885408 116.52119026311433 111.5602236123366 116.6342042055871 118.29384489266921 119.02099890044587 118.95177867940899 122.52702927637702 120.65471308842763 113.72527955498202 113.82725006232673 115.17546540868788 131.08854058498002 117.10360262558051 131.81757937192654 127.68229008664318 123.80997969236088 129.95285163940704 127.81716502396449 130.21421113633079 134.05727830051256 131.99733615893942 132.8520101006317 126.7729625003025 124.68589583906024 129.27231743096999 130.84011613679147 130.16193259834787 134.5605552665094 133.35215604592855 132.21757667533271 129.46920828097922 130.6065598248889 131.05918020399866 129.78878625650185 131.07506262392704 133.93763292293224 139.64412381027253 137.56005536481663 132.33230466335954 130.78830386134445 131.67847708463049 132.30633909602057 133.30852316540683 132.63313231831179 138.75813109944585 142.68355761007894 134.05998690409825 133.39468895883803 141.51301559550541 138.39298328085957 140.99980059108896 140.35719575755508 141.39973055629048 141.65667513890574 103.36711185350757 104.55072466740422 102.71147830121515 99.294816003064653 101.4877693663604 100.44531637678146 100.3522408320817 87.565194438838716 105.82253128775911 104.40794812409538 103.53739980066585 102.40114959912488 102.37917436651053 101.3209203595156 101.2448524247671 99.288327280654826 108.04522509647153 105.10601020453399 104.28330709580302 103.21480601468609 103.31684129243673 102.41390257068754 102.22688345519471 101.20193491979249 106.4607357984811 106.1450695048991 105.27505486290012 104.28368757553802 104.48122948402593 103.42995375846441 103.24548019607205 102.31058943935103 110.24015135368833 111.49676286446379 107.41343206897136 105.28977582309875 105.44570053692652 104.40104888493843 105.41510451391879 103.55240800869767 110.37128108673845 110.46464797135418 109.98969245574366 106.2766630893675 107.43902766781835 106.72138951557147 106.39488083984298 106.46058736484801 111.50607230246167 110.91375728371841 112.62782441173226 108.55707551455173 106.74827332929824 107.5361341708319 108.61942966765501 107.62916238301489 111.31697953227257 112.99935869256761 112.16235216099615 109.38123971671524 107.84385011036188 108.15861240256118 109.1308025919418 109.69766313987199 110.48465418442194 111.5076713552665 111.55588120240553 113.27098396409468 109.06942687283862 108.57393377450815 110.1948812451687 103.99829634890008 109.24741744546061 110.74935580356686 112.09393090011122 114.52036649290868 114.8811893273553 110.49270478840539 109.23508464552079 105.62459773886704 114.87645829916983 112.87292940049343 110.33221481376599 112.32142947482073 114.43253474718507 111.71157249571951 109.92606855849309 105.05592728635239 114.94911812922714 113.62623292763642 116.0277943391861 110.86865059246401 112.4127744783907 113.84660874867828 116.27895546580024 121.48911711031964 113.14272668598333 114.02112232502701 115.3546412763845 116.18924840425935 117.16144639025813 112.74380769720736 122.67966172786095 122.62329106471201 113.57891219431941 114.41823778070906 115.55473116663991 116.34091543610141 117.49365099812414 118.56712359483552 120.8085494453976 119.92008918813463 121.8335451850118 114.55672594019184 116.00552946658573 116.68765429450858 117.13881713453316 119.45634668838565 118.29363903665593 119.7142218799996 121.4515701017542 130.00745952966952 130.6840466396558 118.03060744142003 127.6999584542135 120.67161044457433 121.68662865377404 119.67430899311792 131.49732790440368 130.37088655477467 129.33852414140665 128.25266129591824 129.41753365818337 127.37476875696537 126.21323010045052 123.99548681968329 129.25396240206518 132.19298199256744 129.13698157755678 128.1544770160412 130.17377396419411 129.01682401810973 127.85784932567753 128.79038941052289 131.47848983370363 130.48884055411273 131.03544776036711 130.88003873370894 129.8565858826467 130.06073529058659 129.85374374713135 132.72476647887649 132.42548133355996 131.70671756577295 132.73747056944353 130.59033788398915 129.4246724837113 131.78568649965882 130.99733779359588 131.82657307120917 130.41506077616751 132.60429915883523 133.00635279154773 130.54635461893537 131.63827614683214 133.34444903705949 134.52872959066048 133.7640953349744 137.17672014973735 132.46919679386536 131.54029439124929 134.67460816044101 135.26197039976262 138.56183596182578 135.26829113068962 142.49950074704086 135.48924544470532 133.24005886278351 131.62067164103163 139.31127586778896 140.22188390245566 138.44997138517334 140.69694456351436 140.69298173294368 135.20549740806419 133.10455561339066 139.71534599142419 140.25737478980548 141.18452992737087 139.56826833968398 137.22354934477121 131.80701857632957 140.66712812986083 141.41887609021387 138.62741164621985 140.4679402835032 142.14365487726559 139.45433352012833 141.83938234462173 142.80367062469907 141.27298505387427 142.20909075801686 141.08822791560857 141.17282029687678 141.97746957050515 141.10542404215477 140.58713367767027 143.727304630091 141.51076736103761 142.45865253356621 142.19815950560047 142.97375919412056 143.33736729145213 141.79615561715019 142.60922671362897 141.29405141331262 140.06202673559537 143.52574390138824 143.51100131988841 144.34669079030417 144.12809874419156 143.00926569670605 143.5545812856999 143.18065935493124 144.34973913778234 144.47577091710093 145.38367244529439 145.23099208063161 144.94037088935971 143.73705309440322 144.32370384169809 144.11510457644803 146.62832705303279 145.42171779904044 146.20005039587298 146.01938519130752 145.6536807008151 144.63902715371228 145.4319285404448 145.12489452531685 147.63869420087875 146.57548499068014 146.96134343573095 146.69576341943556 147.76212116892731 146.56399911044608 145.96501641852646 146.14377293748947 147.49922465372259 147.43391220926136 148.43665375287867 147.73623286798195 148.6795935578032 148.68793016572491 147.49155675055911 147.03843376348041
