# Created by Octave 5.2.0, Fri Apr 02 16:08:07 2021 CEST <br1@br1>
# name: ptcls
# type: scalar struct
# ndims: 2
 1 1
# length: 2
# name: x
# type: matrix
# rows: 2
# columns: 320
 192.9496168458856 75.684392350297827 76.627028430263678 50.85913112763491 80.858384281619479 107.00727187979643 25.838258452649406 58.465798019264462 39.622548186407471 115.03952978300127 80.64729386904942 77.137125031617998 99.228713003369734 105.94974859457979 104.75545250065717 109.4244467377632 18.009233630191119 57.879964748291002 77.681598181861176 79.30774117283714 79.433754512163389 155.93946420673339 106.05487135313558 157.90297934545401 154.61924023086735 141.89279260160299 155.43889087323862 155.08155211389425 163.96790613395106 158.64263467969471 153.51510182051391 157.35049218664258 155.87928890734568 147.8237958011963 161.70064774589068 155.31805438029932 157.51924249420804 160.83123977670814 159.97411409174643 156.82938298862976 159.6160921809921 160.566589863991 154.88734808358524 164.22508403680962 156.49547022511365 169.55813531509355 176.70996433400001 176.08183739531597 158.54005987374933 154.83169688689506 145.49293732068787 158.90159044134771 160.92828804631893 157.74103790227812 177.94375197841035 181.27214410320315 159.04932063880014 165.0035336509483 181.01792057930297 183.28642941600293 177.41933774398441 179.22606630611895 178.72447904706002 177.37597149160038 66.862387225854022 67.470492457197707 66.76877034441047 37.706279970602651 67.209669889664553 66.406457246960017 69.454214152482265 28.315996517884905 68.335179071203086 68.523293161241781 68.083990210349754 67.161335162934861 69.646870941771425 67.069523674997285 67.92978117946339 67.923385461870922 76.327434880739048 73.897028190066749 69.669250402916305 68.934994198211584 69.409609462586062 67.465962964143202 70.825592891259959 68.726527671695422 77.736723085992509 74.708178384273452 73.596207291032655 69.444924420211976 70.478693441430963 70.061141053181515 70.300557237063927 70.730295880702826 104.28474158569274 47.511733302936833 75.351450665144867 70.613781857266559 71.339101855124881 69.447546659276171 71.892602661249256 68.224639705443309 78.293659824200034 80.665214890042776 77.713209114873564 71.74746442794536 72.586431018808568 72.988840878614511 71.405523189402203 74.033226424345841 78.474443188606188 86.807992969696983 78.846817384704906 76.016614988695238 71.842422450788632 75.203990711415443 92.214262889193094 71.89310659900849 60.098496645660219 82.074339715258006 76.632413555882025 77.408019357160882 74.794272362203387 72.964382387447273 73.946822767900912 74.906189415309996 116.89314053787471 77.013250375881796 76.99537929253016 79.872220356231665 75.442286656135764 73.648014672560123 75.989890410078672 39.980548835189978 72.534930016808772 72.991284121893784 81.802368254326439 97.447393663190724 79.615753789093347 77.123535959729381 74.355040548787883 29.802588270629471 121.10723225248101 124.18166100187817 35.748049949514012 79.893696842725731 78.316793501095631 79.800695236730917 76.386743249622199 39.398279593887047 236.93654551887033 129.19295481495251 149.12207714563101 73.8210306531832 77.78721014660438 80.939345503146768 106.98134898563794 19.393301491681633 129.47864956879246 116.66024050654769 96.87252844068783 95.347485272153364 59.687274689079274 81.86026048264938 38.917536093632947 60.721298534994943 123.11330968545236 126.81915654147863 118.89184460723226 62.321020882124145 19.193035879176279 20.487486112308819 88.366055274469801 61.148508857408217 119.67548306788007 102.10156673559139 90.018594889689467 61.643147758581812 94.158077569501941 126.69783609918511 123.77314166684477 83.990699322348021 91.49111908988678 176.84684440710717 146.56812825822254 60.596696824765104 168.74355708661403 38.537851934918692 39.613725736598987 61.803191620291365 146.43627755303476 149.26873939832194 187.68055377575666 178.84203742054856 178.2616538332619 157.69398225487015 126.06101034636636 125.83482424411173 137.20565482114503 138.15641677121008 154.81561589342013 177.20079711917634 168.08419395247668 155.10287884322005 155.98397183813705 157.54798633022398 120.81369569551053 131.01238942598613 159.82465648718366 166.65112985786101 159.64289318903471 116.20636868795897 156.45949282546536 158.43409990785054 166.0798565646902 115.14719829750592 160.39961989365284 122.52832201888992 121.52314793603382 128.43626928188061 158.61270107930994 154.54051263813861 115.25745816919058 120.54704398357384 160.75266835080618 117.35104975439086 233.75170194688275 157.11477017418542 161.17484915200416 156.72946783468674 191.95160197880958 113.16613250472808 161.55903084829282 155.56371413160679 159.86199202603873 173.60126138820175 171.29982778170933 178.96421226887242 148.04644551795906 85.453317198077059 128.95069344409737 175.63040040462786 175.21795502915339 159.12841937503995 176.31042425233628 177.94012255331671 147.3241578691981 121.6737419282901 174.60706651175082 176.73803544121412 176.25298610522128 175.07086525860043 156.12711513508674 104.34248337955736 199.62668866550413 187.83288707880283 103.88129540137021 184.91167179048051 176.9035390310608 175.72176924529128 178.49037720774362 181.16764725040102 167.20397315971155 167.72898276071885 157.92341393063089 179.10555718002655 179.57832997228419 175.0936127190692 175.08127782656794 178.87595453734792 175.84580701857854 181.48970666394769 180.05432453222835 176.58392561236619 178.11126779397867 178.4147309219166 180.17167718393611 174.36575680585426 177.50278550463298 185.62902987330088 186.10664174342173 183.13136175907925 181.9124563746299 182.06141317532678 180.23915877320806 179.51737056454797 184.63160195055625 183.62430664396155 182.34174317487268 181.21214990420825 180.07801009875402 179.56613270539123 182.11985003185583 183.93028065596613 184.57258279538451 183.66310037169373 181.63133731939925 180.64502836882096 180.30595749209459 180.09719639243238 183.22895262014831 182.26768857840409 186.80532050348427 184.63706071058681 182.65358786528739 182.36056120693777 185.73614675824388 183.51985451306729 181.73784298794428 172.16558426485523 184.68058123344005 184.65567465076003 183.41296899703599 181.1965362348229 185.6257028966877 184.64959871658243 182.82321514489877 186.80792651348415
