# Created by Octave 5.2.0, Fri Apr 02 16:06:11 2021 CEST <br1@br1>
# name: ptcls
# type: scalar struct
# ndims: 2
 1 1
# length: 2
# name: x
# type: matrix
# rows: 2
# columns: 320
 148.7245472908179 91.949992547159212 91.296185412077492 75.657092449557823 94.372186637442553 108.65425557086517 64.952348280173524 81.406786292138264 92.600330581230025 109.36372630882887 97.997103065220159 92.264442481919176 107.01117816480613 107.88669373684367 108.00878672598311 109.02384464418635 85.995409410408655 100.38308962201066 94.303991781360551 96.121490645853612 97.151978371408802 146.85265690764808 107.54430611149118 149.07351688350499 143.06165823938167 126.38905567302911 145.17233644291983 143.20286405469022 151.43474989455476 150.66316456413585 141.16857210694045 149.71373873875541 141.09572972348212 120.01916819767234 148.94525108609071 145.79603221060918 146.60612744348302 150.26006689470725 149.20271401433902 150.83500694479125 147.81528677208442 148.45983714612504 141.92286679166699 149.19952406331819 145.06239141911664 151.74888333078164 161.43275346120637 160.34012197665291 146.41158956170452 144.18534840771889 139.7918232518152 148.00108137183344 148.1555204752506 146.02319577040723 161.34896847827105 162.38799322365014 147.18382172395468 155.29822383865562 162.92263626420814 161.55510689482418 160.16799681239024 161.11642679400504 162.54094404313591 160.67763220518836 80.705590757330867 81.430091547098812 80.966463051224252 64.539459569808088 82.101304098032429 80.141157737939636 79.846120039154314 22.171659293135239 83.892115580153444 84.675695805345157 82.740278058307794 81.925984426421991 84.15245963921349 83.170732319541074 83.15824966365831 79.062488431909472 90.35098986829864 88.220483902610027 87.22044676820768 83.894036263930332 84.960264018689429 83.732998103094474 84.661526738848153 82.603116187584092 90.339446023043919 89.207034187635216 88.113119827756719 86.014066138764989 85.968457521172482 84.936252914373696 84.929161386362921 84.336065457152941 108.28996014757922 93.542098102941239 89.366960175983337 87.131505660442556 85.784265366680302 85.452132735110496 85.77498703998549 88.815006778323436 93.689848117214851 93.609937722909706 92.033568532356057 86.844163299963938 87.683927458442028 87.043284204282216 86.268122962817088 89.883142105838857 91.018691519214585 93.139178940014403 95.301527656246193 89.958822456405741 87.807754325936315 90.886945170333533 102.52903668831243 87.394829774136255 91.609549423132961 94.457583667831187 94.236668770086766 91.333554580939108 88.907125845393196 88.712392158280792 90.14189057143183 91.972344334755491 112.89158572420294 94.802022140938419 91.426064357532724 92.866145038512244 90.375628864775067 88.526213491172825 92.282932935226782 65.87784486916452 88.859958621589996 89.381528704463165 92.533314916643619 101.41268100317838 95.543968992100588 90.982421748591349 89.960158460547262 62.793905734697972 131.65129279189216 107.7448280981546 70.453037436269113 93.602772178691765 93.304633287427762 96.982159948665242 91.245973455865013 65.778063122845566 128.55413443342209 114.75778477014759 117.77944789943589 88.134333261413246 93.189198389752988 93.348548728035752 103.97615444400448 87.270544683678537 111.80638446526463 113.55960456041178 127.91073619803078 109.7309087646974 101.06057212706192 92.315315802722722 92.34012483743868 96.56307380148273 112.85517781153035 111.22770004683659 110.44759693055407 99.663475955816509 85.918639948204245 86.794249263003053 101.00129676725126 95.214580337010659 117.53609828403748 109.96784328624074 105.57295305800908 98.610683129804229 103.29043690870374 107.2330000427464 112.83990743902324 106.24282633208529 110.16681908519958 155.93375771335047 135.27013336728146 97.577697013917629 138.76992162152143 93.386830876057203 91.247380715369545 97.596424936884276 138.42399733826463 137.47619670535184 150.92278121408236 140.75776336556635 138.41783740027788 139.67034045284885 131.44772699022499 121.59425344778182 137.35805367217733 139.00249898108711 138.3823306316319 140.42805970418578 137.99339550775267 139.46991566899396 141.74144884256083 143.85922552930384 134.86708240745435 136.4282533876752 136.10880328556905 139.30174799345221 132.68010254833007 133.91813397209825 143.18975465457328 147.45403487820968 136.50082634631241 134.38388233594242 135.1566634095648 133.09965822337384 133.25674095718725 130.49427038485769 147.00392346760884 141.07768894964451 129.54290357510368 134.60692353908166 137.28104323268332 132.62904942423845 134.2318741194554 146.37172893011672 147.55137302050741 145.36286835389916 168.08702690805197 132.08751859201277 136.12670134400835 144.6684528475069 148.02906873169184 157.6887044895073 154.35143632338847 162.63869513398927 141.52369763667497 126.13144382986437 133.00727015289368 158.57195651682716 159.43041829819481 150.78666804013804 160.16181474005188 161.90761870227217 142.74909666980014 135.02254136432748 158.8231511841322 159.83369190933379 161.3031694418512 157.39985927100602 150.99965353154911 116.30835971010541 164.78099420593313 163.51816102342477 125.93220471361468 167.14159315758684 162.6048306661495 158.97986340713931 161.84295930516498 163.45439628538227 160.30592223384977 155.50547105137372 158.13473854076429 161.7281640722403 163.22529283055556 158.22874282629945 162.07381191433225 162.59522010113918 160.9736874211855 164.50720279566872 163.81442959915518 161.31685939098139 163.48515140520735 162.72029836577764 163.69295426888817 159.47278550640991 160.54913945346078 168.09049741822409 165.83005867917194 164.92199610711012 164.29114207163212 163.77806217354112 162.94846606354602 164.27363433736912 166.02596508000187 165.4781661089437 164.89405712906222 164.29035549405722 165.91597543507862 164.82517555893222 164.61852792194537 169.73797780451267 167.5166741368221 166.62875458357672 165.91031339849559 165.34101899412576 166.65297136984637 165.46306052265848 168.9828596812028 163.47189187073232 169.66206724206623 168.21530667818973 166.93877823502166 166.38512140703327 169.23126317063938 167.95450578041414 168.07257343447566 160.82998790889536 169.77559843248201 169.2903028600831 167.99579422714405 167.03232924180935 168.72150293062018 168.6081851656711 167.51140249292231 169.53092373474891
