# Created by Octave 5.2.0, Fri Apr 02 16:03:19 2021 CEST <br1@br1>
# name: ptcls
# type: scalar struct
# ndims: 2
 1 1
# length: 2
# name: x
# type: matrix
# rows: 2
# columns: 320
 120.67852882649537 112.52640683574798 110.74669896708849 108.72104087878837 115.84405387005563 118.02309206479322 107.30083456117556 111.9947706559748 121.72910801142797 117.87605406682863 116.81075947286733 112.2900374319692 117.3464998977075 118.41063307096395 118.90417974264786 119.21699340682184 122.60125995726941 120.75435452812107 114.92001490586333 114.09729192918542 115.7691678971045 130.22790195931682 117.98682771788485 131.47359989923868 127.1708565737982 123.73412451645888 129.6971521726816 127.46833983069554 128.83979211941923 133.60598615543992 131.65003380179678 132.84538425149739 126.56701510597253 124.55114336781719 128.48871745980301 130.49785935848752 129.6501767100911 134.24642163986985 132.48011216822013 131.4258559068592 129.14141714108521 129.7740792693198 130.67283697704858 129.79325075886587 130.85903831680213 132.57255536144336 138.369640497804 136.23448501472876 131.78193128518819 130.41507126487411 130.92213052451083 131.9513100910865 132.91693964854491 132.43656467990647 137.66736332188316 141.64248058328164 133.62989325381614 133.09072185804183 141.03435595501901 137.04409105962679 139.57847821861719 139.30868936788053 140.68354148543798 140.49406017888248 103.43740971963308 104.47479710174315 103.80623483126122 100.33063379328171 102.22805895565536 101.17685733701916 100.92669138039004 89.488533707829674 105.84186454653509 104.87645771687784 103.9428549475053 102.80152074792032 103.19057290711628 102.08384784955379 101.72865335296761 100.11214865786748 108.6984944602456 105.91164890857141 104.81037417243229 103.87534572700825 104.00909657806596 102.95724811445626 102.97812601561304 102.05271733691224 107.03596878170029 106.76172002296201 105.69769801893392 104.73115782214036 105.06411544029626 103.97112375461889 103.92875584480416 102.9091455017702 110.12885288960787 111.57764097657648 107.95024085663337 105.79007893683999 106.15642885768992 105.12412274260944 106.26931651890509 103.7630797422531 110.81007255966267 111.34197840045644 110.71279063522266 106.8742363387848 108.04612682655956 107.27628927637031 107.30159584351574 106.77539103084192 112.28894197556338 111.19284467269597 112.74273965576901 109.12005903393654 107.57161299103306 108.30754348739757 109.05212266388294 107.92998757045464 112.10550492355405 113.3818657492568 112.40504852868764 109.98433442244183 108.59982262556606 108.7385974484677 109.63865864816061 110.15194603759342 111.25339168599672 111.91593458560158 112.39653633395658 113.81713685509895 109.65282336410334 109.15334230186397 110.32176033400449 104.78138284180838 109.56056778268673 111.19787728056383 112.32989061068379 113.97378456151205 115.06694566202512 111.21658372671374 109.92002850945127 107.12617840201156 115.26411902124856 113.32305947495401 110.87795694028144 113.30046196442493 114.87847028678208 111.98350452477351 110.93494186369014 106.03708200792013 115.45034547366703 114.08712918495213 116.29262005365388 111.96757302238855 112.77659873757528 114.71318006497236 116.76676831042938 121.71599714430593 113.75245787130039 114.60463056932905 115.57135718678886 116.37812416810704 117.53466832216655 113.67822814121497 123.01280721562638 121.95013066938884 113.71278834580303 114.86878146520681 115.97493972715354 116.88577261715031 118.09258115141144 119.15028556895081 121.06858054440129 120.25113411088252 122.20180721821414 115.32705266664033 116.4541176905044 117.16696033572417 117.59271299037175 120.13236089926851 119.50801303276593 120.07410270205153 121.37588928934584 129.24492134779655 129.97969942737717 118.38921297672198 126.77007986867744 120.94523662622349 122.00340513018172 120.40459349256476 130.93514065795907 129.93213011929828 128.97738018382466 127.94321028257033 129.13295382928692 127.13505331069345 126.92276928014387 124.50383921515636 128.8363457751847 131.49305424756903 129.06740635036519 127.97161488411163 130.09029554479912 128.62418074236439 127.80911626655457 128.35585856200447 131.21798628596613 129.94785657552563 130.6891192899846 130.72876966977665 129.34965129521677 129.83540348258649 129.54486190265536 132.1925187267309 132.05805907840315 131.5599639980683 132.85462340488348 130.58259793618936 129.81365558738526 132.10296597222523 130.67695008908862 131.68256724803791 129.92916183881795 132.67318554205943 132.47836700853406 131.00969598521897 132.17944410970571 132.84535156810705 134.52684323912973 133.74115139654953 136.26759348037515 132.69620157440065 131.73003538150476 133.99536187924141 134.80212676296847 138.56311062832782 134.58816899649145 142.00740922509539 135.1432948229299 133.4009924165299 131.69335044874373 138.71489617000364 139.60665798100612 137.35118091067619 140.28352922462776 140.82344446472513 134.87799406760362 133.2316173432358 139.06889409648682 139.91023240512644 140.86471885884148 139.58887442657195 137.60303437161042 132.26286148415883 139.79398416386741 140.93280973240465 137.93691743478092 139.97771136574218 141.63889279074195 139.31299193622027 141.36443977263281 142.21992668063271 140.91334683186275 141.30796107340225 140.07490070535064 140.99388366892555 141.50013150308413 140.63116144424632 140.41240717356632 142.78981399389724 141.02712446227451 141.92441539893966 141.86526334464466 142.69845766250421 142.51986931492294 141.23733860720878 142.18028570852556 140.34105632068989 139.75321442894273 142.91893736348308 142.75788081119492 143.55622792887871 143.34612904035819 142.2255492000713 143.11332372491961 142.75601069188241 143.789872486696 143.54401361020368 144.65285247260317 144.4866784082671 144.24876907236469 143.17985451991959 143.8177889986757 143.65192288479187 145.79164602600667 144.85107996416605 145.5585775952224 145.35797223261579 145.18074159588366 144.20446644647819 144.86216596572399 144.6673214101292 146.72430179721346 145.71019489052037 146.36984062573123 146.35100497908709 147.21116068897987 146.29393303971148 145.89635933114934 146.0168314598418 146.94423622988504 146.49701445430446 147.2989114790185 147.28894197586283 148.33532448786531 148.37851694628552 147.59869991067816 147.01552440069798
