# Created by Octave 5.2.0, Fri Apr 02 16:07:58 2021 CEST <br1@br1>
# name: ptcls
# type: scalar struct
# ndims: 2
 1 1
# length: 2
# name: x
# type: matrix
# rows: 2
# columns: 320
 189.51117365440228 77.001131413853273 77.861788055995163 52.866585139409622 82.487487871066705 107.14386279281629 31.117276485879806 60.322925641353329 43.098512391701568 115.5503853871128 82.06215481495839 78.172003809451397 99.858722087866965 106.01130913937277 105.36827327370625 109.41980964940582 23.196018856469163 61.689585591362288 79.143308577744222 80.103645091034366 81.058728201147076 155.22776369395774 106.34522160193795 157.36355220838445 153.89643335149992 141.59504188742653 154.42438773490085 154.11994403291106 162.44850137454401 157.24525100223141 150.95414137199162 156.09419929575472 154.46665106052637 143.36674120419565 161.12253816960302 154.09333469709458 156.39249852586806 159.36755048107597 159.20001020016653 156.10933593332581 159.34091303940696 160.13509729951571 153.64254741579376 162.34534029485752 155.44335513522719 168.11643396398259 175.48250387199928 174.98330261644043 157.28896064870804 153.27561173983887 145.01498378262096 158.29453062107083 160.21971067932947 157.06486169152998 176.71817962958397 180.20450815315166 158.17455603956864 163.87173065317199 179.2151973247438 181.30345040479745 176.13882830791079 177.80238930433035 177.43698339297302 175.90302552345455 67.35901011142542 68.247741108878145 67.547206212704054 39.878489747681186 68.613835269985927 68.414323708516605 70.069045143214339 24.228900571278515 69.643361056069637 69.554129846779148 69.491906754150165 68.645918537321222 71.199343720486596 68.112869436939874 69.105811807369989 68.943964116536492 77.342591141432038 75.216741870752813 70.638181719508907 70.18382025863184 70.523978663298649 69.480702268801821 72.238652955628027 70.567849418155603 79.105764355909287 76.168313551471854 74.961648787852582 70.817371934560896 71.696817507685211 71.21625772945066 72.282875239210327 72.068438389852759 104.15392449367413 52.782447453444888 76.349137463299542 71.869719227685565 72.468117598511881 70.923847495417959 73.288332719776008 69.85213150067878 79.676069876150308 81.873922786605263 78.562396374034051 72.658370478755089 73.594315036829983 74.244920350056702 73.200042178874384 75.282880163420813 78.893227323328901 86.097089822206698 80.269245826529968 76.995353158429609 73.68499408269308 76.331208050561358 93.04926838721704 73.457390499186374 64.10102366138733 83.058463520068926 78.014198863286936 78.429172103651084 75.951913505448175 74.559792961663732 74.555881723292586 75.867274083766588 117.67430682998908 78.108588127975594 78.698954819087675 80.701792514338891 76.744369660635726 74.760722232617312 76.986841298345311 40.676960481595991 74.980985602741754 73.748347768391099 82.728228131770692 97.671928160334772 80.864007361788595 78.020713575833739 75.676160895166703 32.47331397010214 122.13243163828618 123.57723153111435 38.557501317489425 80.785513174097829 79.746149158422483 81.488489732745876 77.332249779433681 40.821182674430609 228.13838075752682 129.02502461806077 146.58955331448772 74.42498660420469 78.993350852811403 81.945742154733793 106.73563293795112 24.316097901916606 128.06050338328961 117.32234701168338 100.18577823648801 98.230109729850824 63.213351438321531 80.998603764928731 44.069285582050043 63.867455568990039 121.38370631520887 125.43613616541643 120.66357901170993 65.541097955262444 25.373656247304183 25.965038227967465 89.381539119953317 64.375167964916599 118.94542029178902 102.83566997080511 91.77202646707002 64.140425549022353 94.802515694026042 125.34705308449179 122.92639726272077 85.866654665971893 91.015122208591976 174.64113757328144 145.22349865992527 62.667243394886171 166.37280310997826 42.862345352583596 43.891884638041276 64.977591235500711 144.71221656920224 148.07057455884308 184.64336930411054 175.38543271836528 174.52659033078822 155.95160091240024 124.35270556835412 126.09570570941017 136.7516594972611 137.94730085335942 153.96773445367464 173.30567169241675 165.64282096569784 153.54177313393467 154.9373660793039 156.31278783448673 123.21386114218153 130.78260549748975 158.40770397589515 163.49847445932463 157.41183522331036 117.07442039773991 155.50222364432321 157.92704451651963 163.17438945756916 117.8156282896573 158.47091812212136 123.36673323958095 122.64577565220118 126.77130341720172 158.18412647792141 153.35426990032545 116.74721212263195 121.82887661645108 158.44086421144493 118.19493050115996 225.42862501645993 156.48566606432291 161.49178297596603 155.92934475813442 190.01970780641491 115.79345986217017 159.40505344877101 154.91559943553855 159.24840000594241 172.7049719559397 169.92441359327165 177.71621833921174 147.71421775855973 88.744010164275977 128.96632329074325 174.43959731439639 173.91083476597981 158.45313474316694 175.11520739061913 176.56008074673733 146.7116151246606 123.71987337392538 173.33118439128597 175.46566286818626 174.56627324561245 173.4102054402095 155.1432323688235 105.31114955869697 194.66756487217307 185.3375315244258 105.66636901236143 182.04526192250347 176.45842930157096 174.38518250483344 177.07603832340234 179.56049593946764 166.78878000869872 165.32333444994151 161.99305671167846 177.89002569036862 178.15938756411117 173.85355312440498 174.49251678503734 177.29287778702445 175.35862590120109 181.03666783547487 178.35355809279395 175.66415340607111 177.2762298141497 177.28328164361872 178.95060825988745 172.33017142912684 176.33236957294636 184.32986769812837 183.05187088191437 181.15654538565468 179.97886621070893 180.4113455395881 178.56827041238466 178.19397246789029 183.53722832131615 181.82121609497162 181.29358259268028 180.08610626753099 179.20686131060742 178.41293010735802 180.16997630485486 183.55580368878171 183.0491846803495 182.53134093288065 180.86423982536436 179.52312239510286 179.2281664588823 178.4207587092973 181.97168285037333 180.72802338720999 184.60780157540475 183.68692495379011 181.88693084417383 181.4232983222557 184.8098183951931 181.42494825689297 180.68224294101404 171.24794075032514 183.61917695382331 183.17046099937218 182.46701158283173 180.28853797373966 184.14517979621499 182.69045714181115 181.84953710571719 185.84395841917072
