# Created by Octave 5.2.0, Fri Apr 02 16:06:58 2021 CEST <br1@br1>
# name: ptcls
# type: scalar struct
# ndims: 2
 1 1
# length: 2
# name: x
# type: matrix
# rows: 2
# columns: 320
 164.92617946819587 86.295760097774064 85.860959099377283 67.036848751937001 89.096419520440307 106.55924235169735 54.153477707920459 73.43206179728088 74.076565470633824 111.89427523248945 91.395098471226135 86.581766093762639 104.30584503725919 106.02552379956036 107.72490753410017 109.38707726100075 62.572838459951498 88.581026836571368 89.192374956470047 89.253574029329101 90.177760545445452 150.51912154171825 107.22289759613138 151.72828265286012 146.35485152199499 130.92189387925868 148.50712622087099 147.33212228479448 154.36208230782717 153.99428550700461 141.44815176110862 152.21052839904419 148.09735820386143 123.50463669195793 152.24433447826951 149.38253481019382 149.73922639710284 153.06324079278235 153.73429985042378 151.25284820977137 152.90655354914534 153.39098020770248 146.398373601716 152.44716073671097 148.17746277884987 157.93971854437578 166.82411613153795 164.92157012792677 150.73485774899464 147.4500642307564 141.64119410214863 150.97700935035596 154.11083579062216 149.57764787493994 167.43319710017869 168.11667571445088 152.37404405958696 164.71811965209494 169.49724129357227 169.61719783138082 166.21285243840833 167.68005377916305 168.48373834581079 165.68137510960011 75.791191136488081 76.870855095290409 75.528188820096958 55.211735232941436 78.050081290211224 76.358209904187433 74.910206801924772 4.6211884635901548 78.328266747595634 77.287275733735555 77.912267352447302 76.468797351708233 79.693394449305089 77.58080829939631 78.547142456681186 75.237915492226364 85.702645581961477 82.905597939459184 80.809140422198979 78.799516567981996 78.964026642758157 79.252682222737008 80.859662878806844 78.789860351835841 86.761147972382545 84.290612206295236 81.947608131923317 80.431577142473529 80.587371261729047 79.826679729665628 80.27610580681376 80.827118934665592 108.34064628575159 87.298188493147364 85.095298241264075 81.639338279993027 81.35941225490518 81.530602164418696 81.975603450459943 82.593208896154451 87.199121184853723 89.12776531443275 87.131338865803272 81.741981206298746 82.484917171993672 82.799027278389005 81.437968313439825 83.992048594839588 85.420803041030908 87.747216778239718 90.338941839923351 85.246830109749794 82.888594491439093 85.02175852672309 98.943424843856661 82.118495049195033 87.381581684770268 90.703744345922189 88.323542816407269 87.517312097375452 84.017974161407125 83.288842132281516 83.607736004017781 85.458377688407026 115.22549040098997 88.284047239502883 86.115941595168934 88.187084987490508 84.627296299270057 83.544512213232323 86.242189893088351 55.380565209958895 84.094755246112086 82.825558210647969 89.236098057673587 99.256877551939823 90.324036258740449 86.307214168398389 84.376081453869233 51.325495378140999 131.18014174441041 116.50692075923602 58.38892273849234 88.386512052453014 86.976951598563375 90.350169215387268 85.397662869594853 55.304902090002628 166.03368832451378 123.65353967056909 128.71291450641741 83.107478401766443 89.37312675321175 87.881415331762824 105.00914884560861 63.627012118685307 115.7827307126862 121.95412254401219 123.58530565731924 117.50903885587017 86.45671449973085 87.002539740685748 73.695402767112284 84.987599395894378 114.57084656662006 117.64648902376598 118.5399945059818 86.350655980853645 64.68492602426511 61.620769597576434 96.549660382189899 84.162147757990326 116.37136608318423 108.01757516054904 104.14919054269745 83.81492287586174 99.351490690666751 110.86919920875597 116.80297078742882 99.108692385669812 90.29688192141704 162.88199153056573 136.86498696663733 85.463370993881227 149.11634504740761 73.288221587942672 74.487951170347401 84.802408235545926 135.4059540420007 139.61294039781581 161.64058931123694 149.59242365740045 147.99399790970534 145.39940254971705 122.25252108996374 127.93722193504621 134.12466283102415 135.33527752564507 144.64249891547988 149.24918042113313 147.05369699455315 145.98198158048169 149.05738851373425 148.52316692173511 134.93396479054957 132.55358889238101 142.30110696694425 144.03193445480741 143.99951943119598 129.61904044461153 147.09815451196553 152.88960246288906 142.35931818329144 129.90097090071012 143.18265697715486 132.07988736241902 133.91200645612787 119.35202094247771 151.70602020310565 145.40392880393858 126.17515966075823 135.00084983230656 144.39949498353855 128.40775389005015 166.67749374288712 151.66492809588598 152.31664238096815 149.27938956008168 176.38280776598199 130.10945755609885 143.13683471909604 147.26834379953979 153.62274709951001 163.24616286369476 160.21560755724101 168.375061127641 143.80176394821027 111.9644489755276 130.27688000235884 164.28217838095827 165.76193494578044 153.68641969465156 166.83181712705272 167.46575444681665 144.11164377003729 134.13852740000067 164.60357712139222 165.53518028138288 165.11051309527136 163.2395749244447 151.12077334658889 112.14879317615299 169.97444975097059 170.72749968308435 118.26688861935827 171.61250384689293 167.33787788476721 165.61530589521848 166.60361556523617 168.97426881298844 163.93523170465213 158.72358083548266 160.01566303234918 167.69171423169098 168.57832011563883 164.41320441261433 165.47846506156151 168.59674792945759 166.43082520525678 170.50082292656433 168.39027527262357 166.5152403820189 167.61681246669676 168.51874484534255 169.35531451945633 164.72338096972786 166.58687613438968 174.91021669586866 171.85422247560075 170.84885277482425 169.53082541804389 170.76803082046672 167.77176949335563 168.97080869323889 172.83260734955581 171.74250227283446 171.64877049731987 170.49426012038089 171.04757577046232 170.0198674916287 170.58549966894083 175.24538106330306 172.66012483210841 172.61708609828131 172.42189459630407 171.36430492382013 170.7417600992612 169.93680317457671 174.67296653474511 169.18311225192653 175.53897852236128 173.5575694042152 173.58625256039275 173.1671910411909 176.33329406278131 171.86301578567625 172.9879812312208 164.77045711834808 175.52020741934263 174.37919496209508 174.48594422497513 172.245194568568 173.89075623974432 175.05988613382792 173.8404128576129 175.81215494720715
