# Created by Octave 5.2.0, Fri Apr 02 16:07:52 2021 CEST <br1@br1>
# name: ptcls
# type: scalar struct
# ndims: 2
 1 1
# length: 2
# name: x
# type: matrix
# rows: 2
# columns: 320
 186.88177591973857 78.008049521278025 78.772958112580085 54.401697030766755 83.403117371045482 107.12774226632018 35.154172628938348 61.743082058244816 45.814247572206625 115.94103967260985 84.110878832845557 79.896500140099789 100.34049374071779 106.17489508379809 105.06254529309138 109.41626364066194 27.264177008960782 64.602825059593272 80.042362690750466 80.895024262151878 83.179298088570221 154.4345670617389 106.0779476759508 156.63640872070624 152.89919976930324 141.367350164821 153.37001809738103 153.3845966768651 161.28660361735038 156.59717312715438 148.99575985253341 155.69051483660581 153.59215309170494 139.95840533590103 159.98214737100955 153.61108446961427 155.5591514388795 158.15676760875931 159.04653661575784 155.51415775711342 158.50963638150074 159.84166483496836 152.98939121707508 160.87933085214317 154.50918829554132 167.01395646019185 174.40425198957615 173.27981317195386 156.52066458704334 152.42382341672018 144.64948990056979 157.49409883453745 159.78983645286903 156.36052723124865 175.38928462542577 178.692538857942 158.18526682118369 165.37903691577043 178.12005897017437 179.79130412377452 174.74791651998302 176.39919004431815 175.83533000932252 174.57606475660302 67.779382138473622 68.880621485048152 68.861953595639008 41.539591341917713 69.98407829591855 68.952829100170547 69.513030900929095 21.103474259167747 69.996708948681459 70.089598050041616 70.151648589284875 69.020859691131847 72.124855664140597 68.85674190109593 70.072300022720555 69.537389500794418 78.508206294039667 76.706882920049921 71.15251492346178 71.055735976670164 71.354585306988042 71.009469534207312 73.114223200341115 71.800103761664744 80.215528040211694 77.342416202551604 76.161048113486117 71.130856267239182 72.428259608885 72.351930127392606 73.044885062939628 72.820719475862219 105.32161216113469 56.812993568539284 77.886985783183775 72.279043544239997 73.337282023938627 71.59373822903116 74.336035509208997 70.735344901834239 80.46052437456737 82.792022066733026 79.641454724902644 73.606310926802649 74.538115664969069 75.304105700179193 74.139418905987029 76.302961994108003 78.605724356881836 85.553458003537656 81.224874325025667 77.888744900566024 74.874316965528763 77.514127863112634 93.687802003352999 75.040506360544555 67.161779614590415 83.56878111457668 79.059901589678759 79.372005943109187 76.812955234045774 75.524083266184348 76.127469375450332 77.262815747424199 118.28237160742475 79.255335726274865 79.60025236842813 81.52419263280521 77.649343709847031 75.778118706654354 78.309105038470491 41.222637597560229 75.885222182684188 75.533863639728111 83.012591893139032 97.843631011091986 82.379899395464065 79.278007822339745 76.556938168174383 34.515633622639683 122.95737892288177 123.11519415118448 40.705905304764741 81.897343860244391 80.664998804809954 82.403921452469604 78.549741530662814 41.896157996721982 221.41037241061707 128.89660740867296 144.65291744361343 74.646526940270689 79.729018609747641 82.581536361503822 106.5477324308965 28.545362572945844 126.67666647944695 117.82866375090478 102.71943984504108 100.43446960926653 66.363498227831982 80.339689804318823 47.822379505333018 66.050175621019235 120.05036612508646 124.52112206611012 122.04948077868818 68.003509834721143 29.583577726178866 30.103623546977527 90.158085590028946 67.112217877835633 118.38658998465783 103.39704303302737 93.112885908596326 65.387563380074624 95.295321318662118 124.16111968218655 122.27888683603771 87.301208752272501 90.651124593484184 173.61781969218453 143.21910072708548 65.016020865442485 164.56614403063165 46.408883490707908 47.05267964122541 66.802025018534607 144.36996876276646 147.15433085806512 182.41763719100467 172.75196859399091 171.66101087815542 154.61919165051148 123.02352074016889 126.29520330052074 136.75128698133111 137.44058830208044 153.34065549065619 170.32657896304607 163.76961824949188 152.35659966431984 154.22803629744428 155.32440241038648 124.72485035355429 130.90626054945048 157.32415205549805 161.07996340844414 155.92250238716451 118.80329404991969 155.10305890132614 157.82497397168797 160.9602185923587 119.02013882329808 157.11532313914063 123.93640091004845 123.6497889187377 125.35533111705192 157.39253551196711 152.1030468518716 117.0554301479271 124.02495634932907 156.45320347670469 119.44224083285937 219.06391912848954 156.4991205153907 161.11576041911172 155.22934030201628 188.54237696870135 117.80259254727294 157.64163985029637 153.98601366577438 158.84227078358921 172.37475580803928 168.87262627270167 176.87883822389895 147.47581899085557 91.260422432545738 128.97827552641363 173.51190323107807 173.64283451983587 157.93674061291111 174.49911035660486 175.68103903341492 146.22754233053061 124.42342132494556 172.50338194269341 174.45769971780808 173.24691560858926 172.60456363239888 154.75169077074241 106.05189428392137 190.87529373609638 183.33249773527834 107.03142530311942 181.11518782863862 175.60203825066776 173.52740601217815 175.89515104916825 178.48775726602517 166.47127936380656 163.71173943608844 162.5043154124908 176.24172701870671 176.83535885758317 172.48783343231051 173.94914846813398 176.16540220481633 174.92524049114886 180.18528280332552 177.44048285002998 175.01654722500464 176.4790661534168 176.53807101996918 177.46745461171884 170.81687603226396 175.54386465323327 183.37966830249107 181.15964225547282 180.19680764156664 178.59153498246729 179.45147927744657 177.54792787744537 177.37445385045407 182.52147435529739 180.54292599801903 179.92406244170687 178.81027503740333 177.94996456974314 177.65039290401685 179.28132400801726 183.4785568998326 181.74317193000545 181.53532323405568 179.82567045820088 178.80707912699526 178.46567266535499 177.4420058759342 181.68959985631096 179.62343450183062 184.16334757438301 182.70529111417216 180.86012718634228 180.37714399384186 183.73040056637129 180.35574925306472 179.55196336496331 170.54621335686096 182.5885597120207 182.00359991206082 181.50524378179588 179.12534078859437 182.80953862660132 182.2870908557291 180.64655941540045 185.33981008430243
