# Created by Octave 5.2.0, Fri Apr 02 16:07:17 2021 CEST <br1@br1>
# name: ptcls
# type: scalar struct
# ndims: 2
 1 1
# length: 2
# name: x
# type: matrix
# rows: 2
# columns: 320
 172.72348042539551 83.429916253565153 83.151310134212011 62.667684138074392 86.740880112772658 106.00210536924004 48.710454239212957 69.390078149202481 65.618576222010063 115.33543848003325 89.279106352698562 83.871087884587283 102.93464879452992 107.24580963872666 106.57833400457521 109.39716974742565 51.665184963491086 80.289499119298569 85.014023576820847 86.478439139015606 88.172826643889763 152.91079137007705 106.45900582089402 154.1432209546895 149.15993971867539 137.00208988891018 150.70331761490442 149.42503399046376 155.86741975978578 154.74583991026176 141.58985651733084 153.44635047936623 149.2393252673379 125.27124401097939 154.49667979518759 151.62444361772262 152.31097324129425 155.2593509014882 155.50527440756494 153.62808943339721 153.6276875835363 156.46674609628519 148.53003444153867 154.52745162803888 150.74934687190671 161.07753913208788 170.21432006067661 168.03760307168494 152.50722872211753 150.23066406696032 142.68144592029427 153.34964068258998 156.15177773815398 151.72520163575896 170.79505571720406 171.80011721126675 154.20363117930196 169.62375249421049 172.30855670026097 173.51058033621379 169.69799225297118 171.0739854585602 170.98253521162286 169.03403829023611 73.488686839988375 74.229893857096243 74.350005063180618 50.483984541652859 75.392683588737313 74.826344918640373 73.280482065107904 4.2742556554943762 76.11151242800554 75.149203166619841 75.532100535398598 74.170361782426255 77.043193130135251 75.373038721413977 75.972629418883869 74.989727630111602 82.939266590549707 80.405161084245265 77.549887437966092 76.405849897916227 76.785938658233675 76.545328028186717 78.266542459293959 76.483543494348183 83.186792532728774 81.768672554652809 78.691024257388463 77.235450262285724 77.880849772419964 77.431205007858708 77.643179740631084 77.965920618273969 107.47568630187038 78.515934188275011 81.983758867231231 78.289987087996892 78.578251514757568 78.648565941671094 79.363095672716128 78.356562452884745 85.918590024715044 87.209245159533523 84.572619264751324 79.080944990931783 79.677412018018131 80.044817160761738 78.896237344438504 81.091855102766672 83.298251715681857 84.914245792543653 86.133828239993917 82.54058397524328 80.33552083901202 82.382863561957933 97.126059936392778 79.550850279801352 82.526787332158023 88.237769714975954 84.361603677250471 84.240233863229108 81.470733085891567 80.542826517857236 80.735442458986782 81.781988243078786 116.40842838785463 84.636661860456172 83.97332793660118 85.720055197678292 82.010976870168619 80.858795298013391 83.581682213078594 49.657779244404033 80.196159972659615 81.264468649537491 86.771053951023134 98.768184822861599 87.945359877899847 83.854705763740242 81.673840581586774 45.512739443995684 129.39018806515296 118.17172474017609 52.274234467016441 86.183240319942882 84.977937463106386 87.523879511276064 82.771460187024516 50.368457869756035 185.18263515802613 126.59113874931973 134.22487813890575 80.281176072346142 85.525547667614219 86.772663128763696 105.53596046983316 52.440711999154829 119.22523699721761 120.55498465440465 116.36223312186533 112.30409972919725 79.40180831923513 83.449847711435311 63.433599323806511 78.187917321486907 116.94022430358692 120.37583135232013 123.42238831400901 80.48031671382553 50.642595016938046 50.380177606124477 94.339489659666953 77.756068350869583 116.45625961132468 106.419821060378 100.33289828604566 78.461913767036421 97.948890066702532 115.5164009146682 118.79229223082126 95.02573075542962 88.691137435211459 166.66572184114841 137.65652004084885 78.913218888200049 154.8053657504914 64.473653465321576 64.520927133469655 77.432801333973671 137.01392887776339 142.22071093079921 169.27519283643281 157.26319934303658 156.51443706843082 147.71945024051391 120.31029428395888 127.36942109880843 135.94559084168006 135.79866220882363 147.86400969647684 155.30524813080919 153.72092679677124 148.07496312893591 149.4742578617319 151.4398425082594 131.08276862270512 131.06719716101807 149.61754680830873 148.11512527251631 148.49005966801317 125.7915950761208 148.44641146266468 155.28607379943722 149.09781301468809 126.59637215340619 149.26734373324305 128.06370757091497 130.96043932513979 120.39229716059575 152.93252118982903 149.08677797488966 123.76769052689482 132.00365051158039 147.31414697346403 125.2188440252373 184.79242588557207 153.14140946459193 154.29881723992457 150.82711149578947 180.58751861178214 125.74464510194834 148.02354211473664 149.79088537881259 155.04514191357339 165.73620243013059 163.20915608501713 171.0357949282286 145.12473432246367 104.81033464630599 129.04263371848489 166.97637103416227 167.53924825410189 155.15615683461047 168.8121911075005 169.94170880064092 144.68839551212383 132.95490663789664 166.27036758261275 167.94806808258886 167.73602808273901 166.20036495611095 152.32032057624059 110.04051972743738 174.01936060092433 172.9689365807171 114.38172840720091 174.79263795432362 170.41981030162128 168.50563999202365 169.85036434944197 173.21308623356728 164.82232066472312 160.3546775753735 160.96900832260454 169.9897659168906 171.17223300113545 166.63438157265901 168.17199492739513 171.90515487752765 169.10262317597736 173.87019103782123 171.54988345247045 169.21335629999334 170.68780523044728 170.71008190295618 171.95721437512594 167.62766366052722 169.00508381870929 177.57490307671412 174.87330254897188 173.85719080253281 172.6710365910437 173.44118797814735 171.8355154610195 172.17112655784135 176.20442672485586 174.70925871788788 174.36867013314617 173.28885675914282 173.2383436974232 172.81869792560587 174.49309527625306 178.72109123716592 175.88401946529498 175.52064180825806 175.0637582307325 173.88707569222117 173.68672981863571 172.52661707461627 176.73670289142717 172.8664306157111 179.05660082148347 176.57805635104572 176.18896671833033 175.80392721138728 179.36252260268446 175.54628333418901 174.81726702705737 166.76768123820767 178.11102635823497 177.45248678040582 176.86381522216033 174.55798212690749 177.4824442072572 177.4541472690602 176.21726073637274 179.14577637942148
