# Created by Octave 5.2.0, Fri Apr 02 16:05:23 2021 CEST <br1@br1>
# name: ptcls
# type: scalar struct
# ndims: 2
 1 1
# length: 2
# name: x
# type: matrix
# rows: 2
# columns: 320
 134.2405890282846 97.83659071364238 96.233875185705912 84.631592737491829 100.58915386651154 110.27628024094214 75.825966520061911 89.709239190893896 104.75363089754919 111.73483267331848 101.30408572034044 97.548670862563782 109.82768936608787 110.9400848775234 109.14725019120306 110.02695354705131 105.12143037407714 107.0404148874325 100.51019148328098 102.02687702125401 102.20958217005096 142.34173528568996 109.47608187781829 141.37319863487104 140.38899577769155 125.66843150196004 142.03770928168066 138.90391028088305 145.31839079238119 145.54974329660456 140.50703905060277 148.1086827199683 138.63947553097682 119.39769270147549 144.48269954781949 141.29958237081485 142.20268523157355 143.83789471302802 144.59423891111811 145.96712810810001 143.17342365678147 146.23619327995081 138.55697344780813 144.57822872564617 141.45154665390561 146.54557731277075 155.46900838754581 154.67617876320915 142.60161569032397 140.96068730555837 139.83201256964415 143.39070900951387 143.60754697808602 141.66977258899985 155.80806538176222 156.79191321908397 143.02640772027601 145.63092606993646 158.02423030139121 155.01007864159982 153.82886746181543 156.78225363787834 156.64020219234141 155.54717221165549 85.42545350523028 87.57024100465695 86.45314780673354 74.250515043806246 87.212981691027963 86.181702140975034 85.303389892026928 40.443382348553286 89.739682402821046 89.043172074735608 88.320182632505094 87.353559631017092 89.3733055984694 88.206107346726455 88.247169174354198 85.17255485570935 95.180181860236118 92.644191347843687 91.820303038990872 89.122433229604283 90.240108588204166 89.339593656101357 90.328946102739721 88.411969358827832 94.496798109281599 94.070255615273979 93.110059123429807 91.05304735893813 91.313289483719188 90.547577508189093 90.5169214340454 89.432866202983405 103.85919565804626 98.244195975531852 93.502008059530411 92.299082130108033 91.620066390302213 91.521869927882307 91.498727183673267 92.549422745443579 98.79242083249683 98.434506883804133 97.041148392659323 92.510186756345647 93.547479569432312 92.601457185877777 92.40118288894341 94.718737990234786 97.400165323600234 98.211500397914136 101.19150479319286 95.169954574925256 93.402862380015904 95.625616948604076 106.26200244418419 93.635118446655412 98.675258108945883 99.480116443321634 99.491674401080061 96.022498051262772 94.298536737927321 94.632153735006767 96.503213666982958 97.188491502761693 110.46176715658905 98.51793844929739 98.468864285429177 100.65062380968671 95.231192255828063 94.427539100089135 97.196319232288587 76.355593835633272 93.890383415965999 94.594100582053699 97.537634231942249 104.99662566274914 99.980675696816363 96.312554404751026 95.48118849518994 74.733620626455917 123.86007892832993 108.06541695343306 83.01293766957096 98.103407223009611 100.10960422316879 100.64529780892308 96.331703504965574 77.501595314939721 111.84874805148849 109.70652326886619 111.3411022797507 94.911202115466608 99.356099744943506 99.87232256960101 107.2049437695707 102.47384327004418 109.68433240586802 110.54068836235037 110.34788667529662 108.918054968558 109.10091130285699 99.59094050567262 104.00070324782111 106.18085595971725 110.78985462991025 109.50817687801346 109.10980956754294 108.02017868544552 106.15924882622636 107.21907129033001 103.77229191193828 105.91632389274133 117.83724661779245 108.34840476622686 105.73081120537279 108.01261657952472 107.23056072766188 106.69825841367152 110.00644121966404 106.77093046033524 118.27962875951894 148.68964498555727 137.47067437408137 105.72655685662282 136.92527465004628 103.63886598201866 104.76727769079842 108.06119900781191 138.1143618387747 136.75732892731077 141.29819891195262 136.66141284965232 136.07636982088704 135.58020473593865 134.36620475185674 120.13049181363455 138.242031011432 139.29478827881809 137.34760282184939 138.96785959716095 135.22374515159066 137.516456112074 138.76684036640123 141.50258295484721 134.56271562997665 137.62473938214214 136.54820630447546 136.34452755530285 130.62674768460943 133.15426605917284 139.96823566628487 143.02664544827172 135.65030606716198 135.46110809435461 133.88263263543527 131.68528707874472 129.02482536149074 128.28140876372453 142.2913699634037 137.62373032163205 133.04904792428525 133.35401348891622 135.00442527119941 130.13439368064704 129.3819511295265 140.92770774849123 142.3062740751343 142.24592566280344 159.45032354911112 132.77709981029571 134.2932381712321 141.13374817348171 143.81362792835657 151.94501386274999 146.90077331891143 157.30378416856573 140.00878850406474 129.27162291465723 130.49640611194417 151.12867025256904 153.07830602702921 147.76774850941163 155.80059255455691 156.97110526702872 140.47377814083919 131.25272985618361 152.16481998895608 152.29863799369679 155.23351733143218 150.7686913759172 146.60687014204751 120.63886733449422 157.35353537517491 158.03312177805992 133.91253379804601 161.15545840649372 155.58306352013221 155.04549370112073 156.85502836867434 158.05273315180673 156.20555327616404 152.1551101802466 155.14861802945384 154.54857841551845 157.149411767505 153.89268077658548 155.12792024068989 157.17026723359143 154.45042131172926 158.12633440401603 157.03561765734074 155.69095931096945 156.58607411464618 156.25963665419135 158.66038541778184 156.20749549192863 153.22130169671752 161.33769713577175 160.18076416094405 158.24867613597203 158.22055524336244 157.36746671435236 157.83635893862552 158.88305927195233 160.32430318268962 159.29553519688616 159.61738500120055 158.90093523829384 160.35142328085104 159.29754313212817 159.94336327924745 161.76885218162062 161.41159761869503 159.4375321546076 160.838033484362 159.95487029771485 160.68391380256713 159.66997444668317 163.05019923371907 157.84850483886987 162.73721809771834 160.53832175458831 161.83957300120858 160.93251020225688 163.6266167040572 161.78417618480361 162.62236516608567 156.72758160864322 162.32659695251797 161.61311180714716 163.54052148264861 161.40059148658116 162.7201668871889 163.61770214125903 162.15969958141153 163.71122887835563
