# Created by Octave 5.2.0, Fri Apr 02 16:05:07 2021 CEST <br1@br1>
# name: ptcls
# type: scalar struct
# ndims: 2
 1 1
# length: 2
# name: x
# type: matrix
# rows: 2
# columns: 320
 132.54312736775785 99.772971689459212 97.962798974426377 87.583730990101699 102.48417525193015 110.59066925663753 79.369151677575729 92.440309223379302 107.06588309423107 112.51480187216374 102.873896130803 98.740698935120037 110.75417331387791 111.75169452942559 109.53925824748141 110.06865499722444 107.22258461966864 108.2642492578014 102.04493903551806 103.28916984818636 104.45015022381855 140.91922832197807 110.7065132829363 140.76005218644295 140.5609398401059 125.43138407726627 140.96209392448776 137.48978075002543 142.88073545328339 143.94455234036394 139.66362139362008 144.6381122942052 138.13435406854759 120.97325520346294 142.45651938578638 139.5280972705454 140.35250466840171 141.86205074343255 142.92958491019473 144.93177055666536 141.61862726098255 144.02607250733703 136.11596778711552 142.87393471406452 139.96014635032188 144.0931840987154 153.40316709491515 152.824669886225 141.21747038820678 139.68654755272706 138.14328919229499 141.35122954815657 143.92612808948263 141.7569023277957 153.9427753425289 154.76412305337749 142.89656437031161 144.24218730798916 155.92731996622155 153.37317477479263 152.26133753682458 154.55124129492853 154.40803141994587 153.6001108503003 87.575449403410261 89.783869339135137 88.536669235096127 77.444941186568798 89.102780503450688 88.062141116450988 87.059786300575837 46.453817564151805 92.031280014489795 90.996325527299035 90.03340506646235 88.799235128075352 90.964285112233682 90.209111948052879 89.926721892949018 86.989265484936226 96.602310906773255 94.454744620578808 93.403285392135913 91.16798560181185 91.923895733825702 90.945556939280522 91.947875991474248 89.930532126906684 96.337399920646092 95.593906457678543 94.880812505810695 92.839647713142767 92.899986621229203 91.909756231768441 92.020909159648255 90.504861582068671 102.48945063665373 99.872084576837807 95.539397539350261 94.027900945878343 92.927692610917319 93.239027350296936 94.351971446593069 93.659218576289447 99.835141498508278 100.93824284573448 98.460682481966273 94.092537364508388 95.180710279206622 94.226266822452729 95.220232631595906 96.495646204728729 99.457027740650986 99.637188732019681 103.03957466216193 96.998894703097307 95.211972645947839 97.587054523719033 107.48995170598411 95.286255386757134 101.04989823307886 101.99848360414569 100.89635297300367 97.371281845805072 96.095437863982497 96.351563312138993 98.364962121668796 98.924424995083655 109.66248473303185 100.20750933041128 100.09814518442305 103.97342719491056 97.111771200615138 96.174583619025185 99.033210557042807 79.981780557389669 97.035004460142417 95.833985867851851 98.696854087620238 106.17170882796454 100.5541054300307 97.748134494225397 97.252547146653825 78.661158419797346 121.29717963110551 109.04391863713279 87.144483798946567 99.456329545851858 102.87593094395834 101.74168855207498 98.235984095036457 81.212124553580992 111.0750628614133 110.06062396096694 112.19391254575648 96.125335761156279 101.87554375796815 102.2653672274056 108.34936745483894 105.57682008044684 108.99779559680807 111.04929971295618 111.46524488361209 110.17003610545423 110.73486775241287 101.32578712139212 106.22172748572254 108.34629707047637 110.02578655493423 110.01964550237106 110.46922335041236 109.22258344657389 110.29310133327058 109.26605291290267 105.10021190915612 107.12473209925993 117.96761728355821 109.12610612105298 107.20641128489349 109.08506193835112 108.18431887972325 108.27732493178149 111.19305613259831 108.07224279975583 119.06357440873462 146.30671316720424 138.28058277071977 107.13036592271099 135.72593393379253 106.22334706041877 107.25147543127066 109.77800435233888 139.38192185938414 136.67967955549435 138.13220320581365 136.11412015647414 135.57309866683198 134.87308543419104 133.2087195212996 119.72242907486554 137.51904875222374 138.62386643737597 136.59043407723971 136.82781269025358 134.44218096087798 135.90022969334117 137.18885469937211 140.17972485535668 134.72483007631897 137.63312627148682 136.735087263753 135.33824559912247 130.0006097726245 131.47164357003635 138.46245121653817 142.18119504627273 135.77313450464243 135.799266071197 133.65570254824203 131.50745921137971 128.4515699963886 127.61853482458298 140.70306452088491 136.89609837902708 134.20238488125287 132.6359797813106 134.66678374393825 129.49152339530156 128.99073396056318 139.15831740973599 141.05537574920487 141.50740740804042 156.60930270735426 132.48389632534969 133.71089366073977 140.47078411583618 142.07534950395845 150.82545668711512 145.67878710854535 155.25113531563949 139.64861680858942 128.95520597417502 130.33728379008085 150.08513131837867 151.93774558735538 146.77468287430426 153.60604512056489 154.78797929368673 139.58716442132379 130.47856373779638 151.29067893298281 150.21436037928817 153.00504160090676 150.17909611514472 145.21414749212158 122.06337642146423 156.02072678084298 155.11839811050936 136.53764204950369 158.44858639741952 153.78280593967554 152.4961443003815 154.84151462230116 155.94914807010829 155.83610846939825 151.05301778842846 152.4230559618604 152.23704032506282 155.24650436256471 152.70530109318221 153.11015552844572 155.04349548036174 153.25617382917721 156.43329051467768 154.62182911701674 154.44745247762955 155.4748291515578 154.32140526029562 156.30714660175914 154.21648488608983 151.32959361802409 159.41679786460341 157.32087576129905 156.52705761909448 156.34158317592119 155.54822234455335 155.65268027793306 156.87180270706028 158.47342130493368 157.40730346834405 157.46456743863931 156.73650081849601 158.4210909930857 157.05552885951141 158.09668023387039 157.65658808170667 159.66894133458368 157.541791622462 158.74301872781845 158.04766736538423 158.64924155128708 157.42788209006767 159.25562529877607 155.82639115383586 160.63111515361297 158.61050898778407 159.99319219416333 159.15896841240669 162.2829220904448 160.01106639814981 161.0632542063216 155.37810585198133 160.60764066754368 159.63105809419881 161.20099947029999 159.54259702143872 161.64382788628279 161.58763454883362 160.37129265885875 162.24094432639899
