# Created by Octave 5.2.0, Fri Apr 02 16:05:56 2021 CEST <br1@br1>
# name: ptcls
# type: scalar struct
# ndims: 2
 1 1
# length: 2
# name: x
# type: matrix
# rows: 2
# columns: 320
 143.17604312048297 93.886373522976044 92.811492134978096 78.609230702167693 96.160313735152414 109.25254912371071 68.191845429699256 84.137856324623669 98.549488888640099 110.14369550767414 98.274012859014888 93.757188859414669 107.93766211259617 108.93588013768338 108.45421083844685 109.50269154292013 94.333892824469473 102.90088926368389 96.912791306736196 97.84986207784624 98.97500026884731 146.01896712276479 108.02943435027606 147.09609723068971 141.72659305245418 126.15200824833533 143.94858701687355 141.7887345238326 149.3106710630779 149.07516021089256 141.07282565003354 148.90178573415298 140.13666013942023 119.15871351651043 147.70218357127183 144.47153995596392 145.48462104605139 147.85674854234151 147.48690390306376 149.53461438727177 146.47266714005144 146.97733637529007 140.81999466829228 148.53632310307759 143.47703904822868 149.54150959406766 159.03048891368147 158.22167195004442 145.08397109724513 142.89139104151175 138.91572749142389 146.49256492172771 146.32620224690021 144.4451377419482 159.14252014358431 160.17944734468909 145.55529571329714 152.06585653364493 161.46797280014221 159.14822869871094 158.07497476294353 159.48527650921099 160.06039783006517 158.41085889732437 82.072194743028888 83.011988424365697 82.232661981611699 67.73388571257064 83.108252964849683 82.072264160032802 81.2679210636053 28.18209450873287 85.573457095751422 86.603210970363435 84.257495273889887 83.113682757308283 85.696541114794627 83.908399277727071 84.590473523626031 81.030606332610702 92.197848247161375 90.177699628475139 88.91106977974259 85.742814083975176 86.682810320759742 85.850817928408532 86.719076157023366 84.706015630057877 92.617830115715478 91.127350628866168 89.837162146620457 87.63943814768642 87.685398254426417 86.798207989817897 86.613604604715491 85.399798555396075 106.65347550168703 94.863230401907302 91.20292364426534 88.722623589921383 87.792540959369916 87.696184563539347 87.626491308034844 91.098677984874428 95.345948501275174 95.238448943036104 93.948356317912015 88.892214107503904 89.679630326508857 88.811808525099906 88.653082938920946 91.0070974494311 93.084664441011753 95.036871115181967 98.147276831874734 91.855925895592947 89.810367340394905 92.308878599935028 103.75698595011235 89.853153534197119 94.173420487959191 96.023875994846549 96.091364472673945 93.174106296054831 90.769454817484672 90.601014105576581 92.303857535728937 93.317927530436734 112.09230330064574 96.600482812980204 93.555633555940332 95.266769790712573 91.838850395388292 90.802491444780628 93.70301753604835 69.248199297929546 90.256870477090899 90.383178552073929 93.930569855501446 102.59161016751086 97.359573708649961 92.870414573488574 91.65809488320933 66.721443528039401 129.08839349466774 107.76843877164559 74.584583565644721 95.036466785266953 95.819083778418772 98.229612680632457 92.630276381814895 70.048112662466394 117.02870473934671 111.87146248590741 114.11704659910752 91.33441153396592 94.916690975210884 95.091621332785678 104.8703194516235 95.335104986574123 110.59119948143874 110.47711638668605 115.08682531531127 108.00120446819332 103.43628798128901 94.186164790672407 98.23387244509928 101.13928078682827 111.7623895030741 109.150190174375 108.11099724207926 104.56486831196165 92.957391536718887 95.363857075619578 102.84324392985907 100.05635514186915 117.57185540261652 109.31092693522771 104.88697753240422 103.56706312256966 105.07344871943717 106.24097132498706 110.91653560397779 105.17854759514674 116.5519345062543 153.55082589499744 135.61319866527319 102.31499949676561 138.40649835857485 99.296098438854756 98.670226507350023 101.78657145186206 138.67864964521965 136.89836221432915 147.75680019364495 139.16562223895912 137.81408938265795 138.18263430674946 131.25002051096624 118.1156516675119 137.6250504504884 140.02666427872433 138.01348696955702 139.99890649716633 136.95486324084078 139.10067252236917 140.93548798937587 142.89656510479386 134.96190072169298 136.57024212832829 136.00624797492665 139.00199330821451 130.58342883587756 134.24393088214003 141.91618920055492 145.79215880245664 135.94206774028711 134.64987427142222 134.95516933853767 132.87257104677664 131.6875123871082 129.42041429116782 145.62053394094144 139.96720912277868 130.6962405320713 134.01255202583522 136.78988849137909 132.83982096451055 132.78019096881306 144.87300047027986 146.15016733087057 144.66749526569322 165.24600606629511 130.6294129909179 135.07194369137795 143.74266454872168 146.65695275316318 155.70236257788099 152.34655819274704 160.72646438136897 140.9094605858736 130.1769120016271 131.87277659474779 156.1454016739003 157.47050833830139 149.79360240503067 159.15838204406984 160.39320969704167 142.1165483056111 134.0853955528444 156.78233700490233 157.30601981817861 159.47680735309888 155.11225324300088 149.99029034119729 117.73286879707541 162.16360359618596 161.88801937128929 128.55731296507236 164.96029118080486 160.59957234767094 158.24989547200383 159.99676429479945 161.08120565135755 158.21667572563584 154.40337865955559 157.50345309717602 159.01303754730239 160.81543965456359 156.31048994367734 159.73583101700817 160.05985174381473 158.52442540715865 162.75841797512106 161.69390565252445 159.20028920205081 161.25212560015629 160.05420639620257 161.82633314447759 158.09563372069744 158.00479734928453 166.36263806033585 164.11896371160935 162.60395194623561 161.95776538939265 161.08273202798966 160.98490147648684 162.08280415857354 165.24464334813939 163.81045932217867 163.02041653300876 162.55338393452661 164.28677609334787 163.09070198822835 162.23983209385742 167.23548212093831 166.43364386692167 164.88344463647303 164.10347019024846 163.74749951238996 164.77149199900703 163.27077550440623 167.17418998784532 161.27676284687101 167.63531074882937 165.9311427079044 165.43096051767219 165.13594277678854 167.34902876540758 166.07900341338163 166.68379203733679 159.48051215223347 168.38824906185633 167.06262662516281 166.46700704229445 165.42400019720179 167.48289523397699 167.45308296292961 166.18945936553811 167.82538557235492
