# Created by Octave 5.2.0, Fri Apr 02 16:05:11 2021 CEST <br1@br1>
# name: ptcls
# type: scalar struct
# ndims: 2
 1 1
# length: 2
# name: x
# type: matrix
# rows: 2
# columns: 320
 132.95051816628427 99.308240255263172 97.481180061565496 86.87521780947533 102.2644719633842 110.45309008742544 78.450283346701326 91.784852415582804 106.48434270811174 112.32760926444088 102.44124941713976 98.29786532336918 110.5318171664083 111.54130302762789 109.39190612434976 110.15889369726611 106.63615354234869 107.57750259929189 102.05314478460619 102.80836277902965 103.94100407940726 141.23899104322942 110.44196387803595 140.83189591043933 140.18116887419595 125.48827545919278 141.34802439278926 137.82917183743126 143.18069655182586 144.27095471042776 140.11549931834929 145.33056178729089 138.28790508781478 120.64421445401376 143.32321866556103 140.2456595287162 141.03649945925474 142.28908825660281 143.50191271891492 144.93693590760745 142.08192326946258 144.39448485408127 136.57390941129844 143.27031104024326 140.56351939943727 144.60767720989136 154.02401081361171 153.08573282645997 141.56140599857051 139.66760750735597 138.67278497168343 141.85390694735133 143.72226179972574 141.41267694808576 154.37487596938331 155.21953206985651 142.95694644335103 144.76882313010631 156.4063286519756 153.77201407971984 152.49715471208648 155.08911205669432 155.01366279586261 154.42153613796773 87.394762510422595 89.235174222368101 88.277793473227973 76.678278912305785 88.561061756200715 87.500974962604161 86.487824592684973 45.01131311240816 91.613702517239943 90.573802726737682 89.672668799239347 88.19407832797954 90.570708282589791 89.625935177970462 89.640900595682012 86.551343759136856 96.204732125459472 94.284526154197906 92.718123109526047 90.678236903022864 91.573696334532201 90.770833286074875 91.892607023660389 89.079418381046494 96.064683382018302 95.384109605147785 94.557921891694534 92.431528537367782 92.530782273702357 91.725514140298699 91.537071944535967 90.35678901556598 102.81818944178794 99.486131500952467 95.209205454804135 93.502280842162705 92.851454586091705 92.728869279216113 93.776119190151576 93.783226004856019 99.474926290927627 100.36270805227056 98.127179557531818 93.618284436386631 94.778379031809735 93.856780567506206 94.831202736251072 95.90963801547197 98.887567431142315 99.243509757605878 102.65256430023194 96.411468715235785 94.534315272117652 97.06242334652849 107.19524388315213 94.868696088973707 100.63123225578764 101.34807708512938 100.54772191708774 97.105434969366428 95.606221717767426 95.948488949341112 97.635907192219037 98.506071971615199 109.85431251468557 99.966768635298507 99.672322085736468 103.3650251973218 96.545681780686678 95.766472702700582 98.523265657156529 79.172272561764927 96.344535892119794 95.199852494917749 98.714762853001474 105.89261182764183 100.25092307547555 97.227407057315986 96.789403556170427 77.718549349395403 121.91227546243937 108.95121554568067 86.152912727896421 98.778362441568405 101.76915500545006 101.41942853638548 97.653772960180817 80.329324611781388 110.98432459638251 110.001425756166 112.07693821483224 96.106264107953578 100.93097945909837 101.78877739582313 108.07470577037456 105.04510151826484 109.3068713912445 110.92605117695166 111.41688825749014 109.97061183388092 110.30354076735073 101.15797166442223 105.56876678399816 108.042563454917 110.24894209495606 109.88576317079433 109.78413780355463 108.78511220358236 109.12111737709627 108.89688988802175 104.9232425043122 106.26280678090541 117.96541667813554 108.79488709706516 106.78335592065466 109.17160002059703 107.85140634868463 107.80522026975699 110.86868045276097 108.00549276791607 118.84633909856176 146.87861680360896 138.2268223840577 106.89650187795228 135.73442225300954 105.7584608779305 106.79913001009116 109.58010102349152 138.82754995857144 136.8280042904035 138.89205333642019 136.47112425285451 135.57843869160098 135.29946321107565 133.48651597663331 119.77126988114222 137.8389423389832 138.7625680553798 136.63609901362531 137.48141099808697 134.59638090862364 136.78718998599692 137.75011251612676 140.46348440387439 134.93770869716235 137.78289904668219 136.88421185637463 135.75388974116052 129.88206994603135 131.66634793578939 138.74183099038046 142.43725311834083 135.63037204732086 135.97457496974087 133.59649872432072 131.36319188652061 128.41931397519338 128.03651559384087 141.32027875867792 137.2356465053727 133.92558401158064 132.60202758944413 134.58540575296752 129.67570569808012 128.80228968034652 139.39150889371501 141.38249925123611 141.88905711968602 157.29114770937591 132.56491348246689 133.59587577646695 140.36927591507418 142.32899158259974 151.21342311539996 146.06040422207676 155.74883486479305 139.73700051479457 129.07867823012518 130.14756008740559 150.29606535974739 152.20859269687654 147.01301862673003 154.20584504259585 155.30675115041171 139.79800921471647 130.78327696324561 151.38816700440884 150.44059438091901 153.25772574048608 150.14831803749138 145.48350209932809 121.72149424059143 156.35300085311621 155.80553178108778 135.90761606915385 159.092030222251 154.39592339448009 153.1388723530724 155.45050058333638 156.6187073232789 155.43922624746418 151.31751996246481 153.05126776869196 152.51047120285938 155.69309846305896 153.23086759643834 154.10473564295404 155.99828127805975 153.72820323722948 156.94724239946245 155.01884914911858 154.75097931659957 155.84568116401277 155.12817888288345 156.8999811946785 154.29988336107462 151.76436722878435 160.08399824375323 158.10113345709203 156.55209044307273 156.96835892046104 156.21735772335484 156.14323303883603 157.24161062997862 158.7414821594796 157.66038649683418 158.19528037460256 157.34359476690412 158.87460276846315 157.68103293205351 158.36011644527269 158.60796534429278 159.92569004479802 157.76447183322406 159.23532863944325 158.50234246713049 159.27272780445475 157.98180902934502 159.83079852031088 156.39133036944008 161.04839347029596 158.89309217950819 160.26663168994548 159.54219663800203 162.7088430455741 160.76032777737916 161.4582832308904 155.70198003358018 161.04991559828102 159.89982892757189 161.46918270380689 160.04163000648248 162.22563487030416 162.32930210589362 160.68630601049162 162.5941815194368
