# Created by Octave 5.2.0, Fri Apr 02 16:07:41 2021 CEST <br1@br1>
# name: ptcls
# type: scalar struct
# ndims: 2
 1 1
# length: 2
# name: x
# type: matrix
# rows: 2
# columns: 320
 182.43202590723075 79.712064779996837 80.525344421478522 56.999578693063441 85.033180490490111 107.31285930628572 42.159681915490715 64.146423686830502 51.520661435902333 116.60214692498947 85.948550757222037 81.317419404606099 101.15579961477303 106.74394936861822 105.12691980054211 109.41026270278768 34.500155084215336 69.532922621214936 81.523979122161919 82.137557082311218 86.108878723870902 153.98032066285637 106.14524437681699 155.74664417006724 151.55745454202315 140.98202571118088 152.64380454828347 152.14016268971039 159.32031510517655 156.39639396929726 145.68157574268105 156.01758842330733 152.13178423912706 134.19045232801784 158.13749634800809 152.88830477611089 154.47826539201938 157.08097167106612 158.19104420880439 155.13794511422714 157.22054958275751 158.20571144614271 152.01390485594126 157.03490390293925 153.39314334691386 165.1482252999306 172.9131612787653 171.20737126373896 155.22077678029342 152.05396222334628 144.0309617924832 156.31236526450286 158.89637899462866 154.98858854091748 173.96612802221301 176.33701447114936 156.54902411826416 167.60733458181426 176.30607629108508 176.27897727553403 173.09400121168784 174.99808029962477 174.86146794704828 173.14233734586074 69.833889473502268 70.656928089279916 69.767695516405681 44.350686347548759 71.025302119756944 70.850923787573294 69.864501344084246 15.81429126944183 71.818981391111024 72.126829695767768 71.668004911459761 70.733941967167326 73.126143901237612 70.764452296328386 71.932385394214052 70.519254384497359 80.045734800304473 77.902385870989079 73.95401574352276 72.515241876650322 72.757763632763485 72.336345131990797 74.548360086170661 73.422225238766018 81.894731041419547 78.936132191304878 77.913490937672762 73.220712862630549 73.979780271679729 73.635514144096575 74.455338317842802 74.511943165115667 105.69171777674993 63.633917763314415 79.210943955684712 74.341305163411135 74.86271279759093 73.488401781224837 75.754895636604942 72.432092161512216 81.986415615541532 84.044021763897035 81.596541245253405 75.291013014326381 75.903876086668291 76.773702160177933 75.496530352538642 77.917483936680426 79.903263152220674 84.633465695020817 82.753499084305716 79.670445132665378 76.837839893544341 79.167399146272274 94.76839735373693 76.680924820635369 72.341520458472559 85.374917305545921 80.093982428910252 80.985283103928268 78.60665569467578 77.05205693059348 77.624634738405661 78.918087498497329 117.94305064108445 80.651074438403199 81.066735589854119 83.085835450959308 79.480106109171714 77.478425690147716 79.957339920072002 42.237612482810988 76.281185934095689 77.338712952978511 84.37128126507811 98.134205066219579 85.262312939489135 80.770691585847786 78.222080657001854 37.971866880780141 125.6903568432293 121.39178115322892 44.341665898615275 83.203151868690398 82.192070778979698 83.948384967605961 80.25414069619903 43.449986808681167 210.02451213123135 128.67928597740129 141.37553366213388 77.372517054193523 81.030088788971895 84.142377498526912 106.22974695741945 36.53786842056499 124.33478864217487 118.68550746343331 107.00717487490013 104.16492478981618 70.996388983583046 79.076744993843008 53.046136810136929 70.231019434260645 117.72719908198411 122.95473824569252 123.76834169809435 72.170668399958942 35.74987014612411 36.878881948075694 91.47224115477232 70.330147813886413 118.87597600671693 104.34705898448043 95.382032655794688 69.139426370135453 96.129300068046248 121.57607277823536 121.18309996011254 89.728915667550453 90.035128629455613 171.63682017624808 142.35643635104114 69.659878776836791 161.4738217037586 52.791569052747747 52.037943633156907 69.204320262822733 141.26138650311356 145.60376459521012 178.74204016538266 167.92405578384773 166.89321785568532 152.36434520731513 121.18626003485302 126.63281460855401 136.97362984446173 136.36010147905785 151.97207177500746 165.57466950794364 160.63448215312255 150.65829464782001 153.21959872341327 153.89603418914086 126.65012145953824 131.11552294507632 155.4924713629988 156.9898172461773 153.5446458187451 120.40731010101067 153.19212652934806 156.81378654136972 157.20841895460657 121.10509978397602 154.43786010445888 124.23112140052883 126.40621393565641 123.87740281583883 156.12409311838923 150.72534162662257 119.65577591180062 127.09814449790971 153.42951871394547 120.75865339236206 208.2928783950012 155.39532297623731 158.54047157558952 153.97754644425106 186.04227862795531 121.19381141301118 154.55817903527156 152.79546532315186 157.66217136170312 170.59557098807957 167.09267849942938 174.75813812661801 146.89718921031169 95.518966271156103 128.99850238677888 171.43382140343002 171.63883801748298 157.06284285401662 172.53189577072467 173.6686795223282 145.58352792950922 125.9974487313208 170.47456422489807 172.16202575265646 172.60211420131367 171.40052037081449 154.62965329638237 107.30546228045498 184.45760412119736 179.84833708016433 109.34152056440217 179.99579701770494 174.51718980283147 172.01759338407595 174.27812666939622 177.08010117905593 165.9339705801429 162.55305513681333 162.12342042189604 173.76696872514106 174.82205098642356 170.82710108870231 172.24596082929503 175.21258135724037 173.10703885813697 178.67256670606349 175.55095977257906 173.64113132226194 174.64658594990354 174.25057292608045 175.51186178838057 169.24182532317744 173.18129582932926 181.44907385085403 178.83326459638636 177.61381290831588 176.56790656033036 177.37964754680806 175.69537924415235 175.51255564786445 180.25555813310592 178.49925506259316 177.7789531236333 176.66986720632244 176.72473102576416 175.866604943895 178.23940418957287 181.96987579783209 179.87882773811961 178.85861584836064 178.18168200879316 177.11415662253947 177.44229520476267 176.34230259431115 180.56793458813917 177.36074044843932 182.32402152579601 181.09724064207197 179.3379608791646 178.80563326605971 182.28400046979749 179.31459324131555 178.53375430564583 169.3586746909985 181.04065512173958 180.38059801903245 179.98724075666922 177.75520914058998 181.46091659951594 180.76863747112844 179.65327848477887 183.32382722093303
