# Created by Octave 5.2.0, Fri Apr 02 16:05:02 2021 CEST <br1@br1>
# name: ptcls
# type: scalar struct
# ndims: 2
 1 1
# length: 2
# name: x
# type: matrix
# rows: 2
# columns: 320
 131.99993963638929 100.3926136017206 98.537622157193766 88.528415230936858 102.91103064066384 110.92594653455411 80.517952027177373 93.314251633774632 107.76871734065691 112.76439201579423 102.93125054237906 99.558084801388404 111.05064817717073 111.73952062465717 109.70915297821826 110.09017142858119 107.86642510602056 109.01507093027817 102.82008069138578 103.90140357626832 104.67116998414355 140.11966011268885 111.08484341302801 140.37480288830898 140.65104018608201 125.35552890136427 140.53909199105465 137.03725930015099 142.35635776160424 143.12302238406318 139.30891248135171 143.63325690958104 137.49291541572777 121.12996942391943 142.08805041090727 138.57901065249484 139.75020750650006 141.41401154052247 142.76367194758052 144.58891576576534 141.12702855394707 143.39464095588136 135.88851953290785 142.41206124719639 139.41208957970335 143.42229581465077 153.12183806786607 152.26497055943557 141.18492053883548 139.63798947531112 137.80010694121188 140.46018872839284 143.91215241907875 141.61306274433377 153.31737785106981 154.28050715475575 142.44863267325141 143.55837460147956 155.16503838944993 152.48268556201202 151.59772794252166 153.7499058699818 153.57657803538007 152.9567196657012 87.993235473708481 90.587205014931058 89.184204729222628 78.467157552252814 89.29711288872673 88.653382493170497 87.303827371168481 48.377156833143331 92.886771317466952 91.68257034840984 90.765891748661758 89.6781173608898 91.353173733527186 90.43758054840211 90.640855959921339 87.726763586688989 97.050113651700585 95.025365955674246 94.006770485268248 91.723826726148047 92.446438178343442 91.701793536866319 92.300863506764173 91.20776097078469 97.181022361290445 96.207209500558378 95.252437301360303 93.224160656527332 93.575791318894815 92.710003969918318 92.461172748703177 91.207141343078519 101.98234648924267 100.56074194057967 95.971044678384004 94.352380170383512 93.732086082540562 93.499744948139863 94.98636438781557 93.859507247841876 100.55917859188389 101.53087365160967 99.170793894751043 94.639990374082174 95.714421267700629 94.704940764060083 96.039471843888833 96.926988912340704 99.670476575809431 100.35597980863882 104.06340035468419 97.500296878079268 95.290591366247355 97.958113065158457 107.88289546976009 95.772358831785837 101.81409956071506 102.6845429093059 101.61487308129858 98.186170474945996 96.160399717210268 97.227669735906574 98.590173892820005 99.399137218378542 109.40671435749354 100.69322735556325 100.4044803294713 103.75815542866302 97.538521635781947 96.6891046973588 99.626352291394355 81.179235317415788 97.433245527821086 97.017340042546621 99.197813277950814 106.50032497883245 100.83552968495847 98.396370084110544 97.740002897798675 79.917970513666603 120.47705185599369 109.23317134720754 88.466578560346761 100.40163365998946 104.19426923827773 101.93332348561508 98.671100401253881 82.347437801684919 110.81243273829196 110.12896857444977 112.26895510523335 96.33530531099548 103.18113709404807 103.32425288380468 108.71558303412478 106.78875890580041 108.98459648516096 111.13889480766882 111.29679960536988 110.48202519537568 111.05489524122079 101.97536263180838 107.08010213975309 109.07513283571471 109.82459734325946 110.24390256698861 110.45619522084323 109.50399565536189 111.26840728007089 110.03371013309913 106.02660163271428 108.32449894696137 118.1325101867631 109.24741490593483 107.33480531383493 109.67712425334055 108.44851931997381 108.44615384100159 112.11692650404031 108.71612667218827 119.19126272632383 145.54417498533127 138.05044420286839 107.56261314546082 135.68745066666665 106.99058575086804 108.04524400117504 109.97131210545103 139.50496109057289 136.57829362309164 137.01531297270455 135.62741012500155 135.51998432651592 134.5420931226239 132.83832424752131 119.93931477863907 136.56211645058144 138.34085148167657 136.18239718947362 136.50056375298928 134.29651668847629 135.33736577128701 136.9310687777905 140.12901503364967 134.86596900851751 137.69934497405998 136.89814640371122 135.20513278975665 130.16128523943618 131.32738745311428 138.30191453123564 141.56555924608273 135.73330434730212 135.81294257884667 133.78672540773584 131.39276555802769 128.331495444344 127.37261184453222 140.30312775388876 136.7404021440781 134.57145270748251 132.92825740095813 134.59290292647981 129.12068928617217 129.19309770646566 138.57171983524188 140.9974128219983 141.25421547336583 155.70017603799207 132.43255708334632 133.42533372063042 140.23982583036513 141.37255044798079 150.44665678497825 144.80797292675771 154.73953376632932 139.53402916796574 128.12588852545647 130.65351868829057 149.97035156628633 151.66970779381322 146.4569018710699 152.96643430208312 154.11023036099465 139.30278072915058 130.18645430622072 151.09798762155694 149.81355044606951 152.49307183266168 150.43237795015762 144.43148956001255 122.51921932929463 155.46718013280946 154.31273443474024 137.37767668997014 157.57631644230432 153.34228722322317 151.85199299395379 154.16878835620204 155.20232345212352 155.4935468183408 150.70034822304666 152.01838059792772 151.8674466064237 154.47194010584371 152.34610591102256 152.00205605278697 154.45791901981386 153.00967568298066 155.40835009051256 153.55028420229795 153.83857485805666 154.68302368054941 153.69445570738731 155.80745249209198 153.60672264962403 150.87027477058763 158.66292854436676 156.53224369617678 155.74798675654634 155.58158911910979 154.89823605855059 154.89959640352498 156.12742403868816 157.91632137986966 156.76987773624492 156.94298054612324 156.06103580636446 157.47664309654181 156.40000987044735 157.48883329462234 156.26998955948974 158.99400120029145 156.89659853775692 158.08433873793479 157.12662659345784 157.99910010763818 156.87565756912321 158.78379466091863 155.56148772522596 160.21111465363865 158.1852044474895 159.18235142552609 158.17594173474996 161.74191854096372 159.39002406573024 160.20019786524068 154.94627360984953 160.09783527760604 159.21827362955213 160.52818150082783 158.92419483774265 161.38747167404787 160.93184964211068 159.92923158239557 161.26451136114903
