# Created by Octave 5.2.0, Fri Apr 02 16:07:53 2021 CEST <br1@br1>
# name: ptcls
# type: scalar struct
# ndims: 2
 1 1
# length: 2
# name: x
# type: matrix
# rows: 2
# columns: 320
 187.48856001235328 77.775683804180005 78.542826920325837 54.04744044045357 83.335891021213811 107.17793784282671 34.222581211309453 61.415353654346781 45.236536398565278 115.85088868364899 83.888713214951679 79.57870670020317 100.22931566698298 106.1487053138729 105.18263572784713 109.41708195037207 26.114688524508846 63.930539028463045 79.901935718790085 80.534305592206181 82.546538027405418 154.62310644676219 106.1703508182202 156.68585986461852 153.14138078945658 141.4198944084992 153.589571843003 153.55429222056802 161.55473386901045 156.64213059777214 149.44769404933146 155.76359466373657 153.71465297622055 140.74494438243056 160.23034886263662 153.73206446328891 155.72023919279903 158.48346215953347 159.07030802846211 155.64632239587769 158.67325992362228 160.28290127519153 153.21630423567754 161.03603397815866 154.5121630664573 167.26837434568202 174.75562610492108 173.87344620399156 156.64850383523054 152.71295405158068 144.7338346425816 157.73967321742995 159.84545451833858 156.57417669939292 175.7377235986456 178.98441359888295 158.21738000974329 165.00006727238872 178.66593143566021 180.07369442998572 174.87818217196096 176.79005706565593 175.97000633805757 175.0322597569851 67.773903616983276 68.819845064756265 68.685374266970044 41.156260204786207 69.82592606358925 68.819792290695631 69.539816458186365 21.824726485039463 69.807594154071481 70.017252050559804 69.912217914203964 68.894587626772946 72.079057793292222 68.725301323995382 69.919194967520937 69.059269984868934 78.181602677832558 76.45295807352818 71.017568519721834 71.041344332386771 71.042047918775282 70.811752776733897 73.088047240620313 71.669701980739944 79.840955555394942 77.129964165286097 76.035030016936986 71.079289491484218 72.169047033329178 72.145741648574329 72.885311520094433 72.408965450392031 104.91384712088482 55.882867541979039 77.545059624846203 72.024599133092636 73.074770945872757 71.449906479883623 74.075202213076238 70.568457947202404 80.246502313969458 82.578192240105523 79.434982158418961 73.27505825065883 74.402420543667091 74.985004392106632 73.914730942663923 76.043058272855546 78.524978863669091 85.678911500153589 81.012736073755477 77.811067555674995 74.323206778828762 77.117181950660751 93.540448091937009 74.529049796522571 66.455451317697396 83.418832340770763 78.78404888434784 79.171686859550235 76.704554174337829 75.319542117574429 75.75148202158941 76.966684951357806 118.13453505069781 79.111317844433572 79.532062298613837 81.321310701356083 77.390244811314929 75.521664008656032 78.004899749769223 41.05889322005325 75.682752464174314 75.098679095417765 82.941204215336342 97.80400727630186 81.863883156806864 79.140571645497261 76.270618143462329 34.044329087438712 122.6020120836702 123.22168478360622 40.210119769239668 81.648493581372463 80.572601366987044 82.065927681986565 78.2381860851619 41.685905657708432 222.9629897214424 128.92624214930092 145.09983341381519 74.612344406011204 79.580230086383722 82.437972322939572 106.59109408637065 27.555337036826092 126.99601345725678 117.71182142646907 102.13474870460576 99.925771175555212 65.545937134384204 80.491746872151879 46.907161356755253 65.500442324096554 120.36557393089484 124.7788094389478 121.71332504798923 67.435260939461443 28.735761006176368 29.249585913381186 89.978882558473032 66.526769490102197 118.51555082476503 103.26749540328377 92.80345680670564 65.339854477715662 95.181596943746101 124.44735726695083 122.42831231911842 86.970157809280053 90.735124043124443 173.94583442258877 143.54030717823662 64.38589863017576 165.0088059869891 45.673435549699164 46.240404078661747 66.319460663702344 144.59029594375582 147.3657717120908 182.93224795325747 173.42449807852083 172.14743356165457 154.92667071094735 123.34719289161166 126.24916539487984 136.79500740248466 137.51388751182131 153.41299111694852 171.12411978879646 164.17615516903112 152.70247613786594 154.3340240750413 155.55670164570492 124.51626096360575 130.87772476822877 157.57420249866661 161.63491130448801 156.31221259393558 118.48305112478671 155.29443557728987 157.6816010483538 161.47435113848965 118.79070729151724 157.4419913133502 123.98626577487262 123.29809044461402 125.63569706088154 157.74273575797801 152.11857388655139 116.79234494609716 123.45599793836681 156.91546462660881 119.21909759710732 220.53269741032886 156.39108597025782 161.27990545436231 155.33558993514012 188.88329946971217 117.33894654301845 157.98515466225953 154.51510341407862 159.12150059337094 172.50083219601268 169.11534642360243 176.8477538021512 147.44630733898128 90.67971190909887 128.975517318182 173.5308087081562 173.70207245805329 158.05590848912399 174.6613421137591 175.78856654896703 146.423778188982 124.27363972577677 172.68309254365272 174.65846972649285 173.66800785230222 172.7173814753873 154.81290308389649 105.88095319348497 191.75043322903716 183.79421756585322 106.7164123129445 181.49758115707789 176.00825790312081 173.71036016227245 176.14437388657495 178.7019268325493 166.54454874339706 163.9399328941409 162.56117545561418 176.64670770208963 177.09768638408295 172.66629345117383 174.08868451495195 176.55761024526535 174.98771337140221 180.13870438425761 177.77676061337888 175.21182688001807 176.55653068401045 176.74590708296495 178.07939759705272 171.20093363347547 175.76253031995103 183.55664382405155 181.59987677505504 180.36133980817027 178.86481851810734 179.67738728384026 177.94325312648738 177.44592938604788 182.6699405660909 180.73766035602276 180.46199715793858 179.20803686075945 178.26241572493637 177.68495851781245 179.33352287389073 183.49784070111838 182.02330461015325 181.4798817250223 180.11130823124918 178.80029436354752 178.74847735120571 177.61694980690498 181.73678879192738 179.81188756685142 184.3827402799111 182.62940295338072 181.20387714888633 180.6339228756319 184.15686679025768 180.6067904502417 179.80121664238797 170.70815044766039 182.96059142169042 182.39251775026381 181.81953494923863 179.32033946037291 183.0959419294548 182.31588245669496 180.83037612338566 185.53762080375745
