# Created by Octave 5.2.0, Fri Apr 02 16:06:18 2021 CEST <br1@br1>
# name: ptcls
# type: scalar struct
# ndims: 2
 1 1
# length: 2
# name: x
# type: matrix
# rows: 2
# columns: 320
 150.94394895895186 91.175440156832479 90.368397121713429 74.476237148513874 93.602087508916782 108.11703213167728 63.156632410232824 80.314358279144102 89.569306808709868 108.85390986298964 97.084033011314247 91.451430962657909 106.64058458569011 107.78595971793877 108.01540040647727 109.20485169234541 83.101334029838739 100.10880351652055 93.798827492474402 94.87761336447393 95.955809190658755 147.18439965762045 106.937623920467 149.45241606540512 143.61437539077875 126.48387464290661 145.44668029651726 143.76851586703327 151.70367921464128 151.24903477048065 141.20687068970321 149.96118554063395 142.11796016748914 120.49662963524571 149.47700668689842 146.40669733055773 147.38555667375942 150.59202382253144 149.84595791019575 151.1086265018287 148.35768144992844 149.19281279437376 142.93634938009887 149.87969423736644 144.80004718253184 152.59694294908221 162.59539007086303 161.35970367718011 146.54887932749747 144.76499113489331 139.91902007324182 148.4563179187677 149.21897282413278 145.88120211113164 162.37757817007088 163.36262659937128 147.66458975910533 156.58862052542813 164.020049922824 162.28651730934578 161.25426669075051 161.91432492162619 163.52758544520313 161.66810952331664 79.99007915932593 81.005410866947201 80.445736097243639 63.261689112703067 81.541597557623959 79.629936772799567 79.244325436853416 19.767485206896186 83.200810706269138 83.103364942478962 82.123459397898131 81.242049016291347 83.467648502546851 82.235272873887908 82.662328596806418 78.688765412607367 89.630902844559344 87.352116418065876 86.37877142719735 83.140927207809156 84.23219875352774 83.552204401764911 84.137896296574411 82.398506183418235 89.645775449943315 88.407987095003278 87.325267175774371 85.342103370408907 85.181996208038029 84.29962083330588 84.636892539421012 83.73078279380077 108.77882124493246 92.454551946247747 88.61211514461489 86.259781748158105 84.990579520415181 84.809922102592751 85.837001161539163 87.774398330808211 92.628503940983521 93.040943252792985 91.605325533295414 85.960969125958925 86.98247029515845 86.908704699174578 85.725756062681654 88.69726354827101 90.341641537589013 92.783747195335053 94.589421585321034 89.520752795121723 87.205724670095179 89.990514892821267 102.03785698359246 86.699985360987711 91.240073690328003 93.592266312782243 93.810812874799737 90.619958926386957 88.297947968911458 87.842214899822366 89.477175675572198 90.994220012297134 113.21129869362582 93.744338258647602 90.963034248945121 92.472355855552053 89.100062214680136 88.009483887170134 91.618167368383567 64.442794104939864 88.653512504076048 87.926363473728401 92.233697840875237 100.94110933744538 94.765456231580515 90.55974153399923 88.826477847141149 61.222890617361401 132.40668918054422 107.93321259505952 68.800418984518871 92.691157780236267 93.137930386175398 95.984067836438271 89.878106561386844 64.656869309846414 133.42872237108375 115.96452511952509 119.24397511216696 87.556488619396205 92.696377582672241 92.07710760656478 104.117660526416 84.019446408691479 112.34242960662904 114.96109664710292 131.6965129868106 110.94866541343706 99.011124819225373 91.463164237583115 90.051022340277754 94.377247045161212 113.15464203493876 112.00881302979037 111.59226177764238 97.685588206081704 82.962794670598498 83.090706948930617 100.31334850234636 93.296824804018485 117.37654592775621 109.27449219666947 106.61560767896223 97.01589879180014 102.03955763583917 107.60648404988687 113.38120682602465 106.27686314098912 107.62116600914881 156.88693044069169 135.57171357402456 96.143900406084242 138.91529092670007 90.756133378849526 89.025387809819961 95.896303512402142 138.3522864314304 137.32689534445007 152.18917362225733 140.78504014251894 139.03021422699797 140.01288671708249 132.45547371961007 122.98927101125938 137.14256209988375 138.1162531697106 138.4787820531887 140.94285145089754 138.1486873435004 139.39285218267059 143.15539470076581 144.27317750739098 134.76176918162733 136.82139675120013 136.41963880886189 139.79830888962914 134.35903069816194 133.71783461372334 144.05498297298402 148.28405089078291 136.68387181657206 134.87658174083134 135.46503416637651 133.21326300369188 133.67053814146129 131.33580129472401 147.35395432928945 141.87275965634811 129.08156879231663 134.44771027785157 137.85711612770882 132.58546672181032 134.58992824791557 147.24399719059292 148.19278095525661 145.95925539193894 169.22343524475471 132.50575707569911 137.0377744087879 145.18432498055503 148.63902855768654 158.3167954860977 155.15338757564504 163.30203716333088 141.83746808403927 124.2239675421533 133.01520893516664 159.60515016747641 160.08976364158011 151.18389429418099 160.79046906428516 162.30131321556203 142.93404038843209 134.8023439722991 159.38620866113982 160.46100617941775 161.57562882363982 158.51870980526382 151.00413725397297 115.7385560753174 165.44231264186169 164.55585549224918 124.88216141303161 167.79643140167087 163.21731683255965 159.63594585480249 162.65424291479113 164.63105914442627 160.59138408472592 155.94630800810097 158.39239943002249 162.71079726833091 163.67944278165015 158.95990203596571 162.65899022779632 163.38916885033291 161.74454461247498 165.42313814276525 164.43474522464601 161.50572621653359 164.15591481488519 163.8441889315958 164.48349990231338 160.16194181560169 161.21709742411366 168.84402214736497 166.74387051533756 165.4748909066972 164.75935136816989 164.86926785704262 163.90824491434242 165.18071650952959 166.52441502393376 165.72836159181784 165.92791114543266 165.14208528012503 166.74310598144061 165.65039520921482 165.81294310308468 170.58763247347659 167.56600259684762 167.37955384632707 167.00599585702577 166.44240219926218 166.78593422068431 166.32303827198064 170.06372907855842 164.65348646949209 170.01553906774188 168.57784846916067 168.01915210176622 167.54099287386273 169.94930125762227 167.93603111240833 168.92069283167729 161.36977821156012 170.85794313174011 169.20528741793541 168.91575485207963 167.80116914768487 169.72498354607973 169.66063584329973 168.6193262489069 170.68308003391027
