# Created by Octave 5.2.0, Fri Apr 02 16:05:01 2021 CEST <br1@br1>
# name: ptcls
# type: scalar struct
# ndims: 2
 1 1
# length: 2
# name: x
# type: matrix
# rows: 2
# columns: 320
 131.93204116996822 100.47006884075327 98.596439820986575 88.646500761041253 102.87155970530446 110.93625238279557 80.641411730808557 93.423494435074048 107.91442920582713 112.79559078374804 102.85137895201674 99.634699081462685 111.08770753508233 111.76905731473448 109.80290579498758 110.08032078323258 107.87919304328778 108.98796045232757 102.87819098205435 103.96417350335983 104.59613588448637 140.09759415854441 111.07270428645519 140.35596191828625 140.57921461401781 125.34604700437652 140.44633344968537 136.98069411891669 142.36597121007219 143.1350151694127 139.1451515850118 143.5364148095986 137.47366110560981 121.09424744392678 142.02350042280233 138.52651017233634 139.71502754598873 141.3672351388287 142.71007456120614 144.45645994046177 140.94928341302852 143.26535767077738 135.89316583923232 142.22974038404305 139.3702635632705 143.43136082387332 153.16791052311939 152.2262095657739 141.17031772116673 139.62879089105124 137.72095816336608 140.41824474801254 143.89729910943049 141.57789699913573 153.22611959686512 154.34372341714385 142.29220784389159 143.43194145934763 155.16203543099539 152.44785347438977 151.49448400378424 153.60575453298105 153.4451367133303 152.83219621570566 88.025990873289331 90.646819355177271 89.275083338942409 78.594934597963316 89.36408993768022 88.702805431394822 87.419855784996344 48.617574241767272 92.993052689002141 91.776278185241139 90.802038812446796 89.851429179479538 91.328643168001861 90.47321413665739 90.749495025615246 87.911592281016013 97.075472503532012 95.204663121612327 94.077633068287213 91.781255985582916 92.571893244660473 91.798164111720212 92.492897133570608 91.134147747817337 97.310131329045049 96.272789538918403 95.325696581560763 93.274298874338115 93.588215643847391 92.827697107913096 92.577509120113149 91.315663874295211 101.87712066573555 100.63983714984028 96.034338932603077 94.406316445989077 93.810893344253216 93.509484255217984 95.016349131722393 93.900264555148908 100.69132323179649 101.65407585973587 99.22148616375577 94.654431739115068 95.709715367382699 94.740599164672943 96.087587483955446 96.946840846542003 99.751037057607562 100.37198638117296 104.28678194543575 97.546507062294836 95.396872478569861 98.101326668039661 107.93201344023208 95.920119852731361 101.96839339109091 102.76695902981928 101.6880308241129 98.241894871533532 96.286589384349256 97.200874871858645 98.512614505570895 99.481528945350064 109.37474306055125 100.69685007210023 100.52364596059861 103.84687615528905 97.647911155781742 96.709638611125271 99.649087165604683 81.333333455684325 97.491908901597455 97.166228640319744 99.302358160466994 106.53943421182177 100.90591410232015 98.524382587649256 97.847199719967278 80.07507202540026 120.37453588410472 109.19006378812263 88.631840405521785 100.52118225331057 104.40091211839564 101.95424292832723 98.826239591609578 82.505076004501689 110.82429666121546 110.03464845283351 112.18364888479927 96.351698938472538 103.22441023134623 103.46818308667173 108.76135998153551 106.88360232708496 108.97323955609033 111.19149657758493 111.42474276051676 110.46936111361246 111.10453298499564 101.96639568135861 107.26015776165919 109.11374707443241 109.78761813685352 110.28882364745148 110.41736801872148 109.51481560374607 111.28136128508173 110.1853836083408 106.10977165998951 108.50482293890828 118.14770937003817 109.26374573556768 107.32395759756766 109.82868183092015 108.50030023916375 108.55242908511929 112.21888431322415 108.8436125875002 119.21263619564803 145.44885771259715 137.93741706898942 107.60805943118086 135.74417189034014 107.14431647075577 108.1809194745001 110.08072680705503 139.46225888456942 136.60218256744 136.81799735219437 135.5656427794936 135.54194163439041 134.63265303222153 132.79202483829903 120.02173674916047 136.35016466824939 138.28816427875245 136.19776540965697 136.40057372535992 134.309914855882 135.25093777058632 136.8384639189477 140.22206252350421 134.80593504999325 137.68155251221305 136.94034187584091 135.14827591836803 130.10411641565452 131.40390951777508 138.3433850968452 141.61502112150072 135.74390852103255 135.85583800018151 133.74695202969548 131.4145987568547 128.3554761260948 127.29016547033166 140.21011418957357 136.75926728701714 134.61758618576121 132.88633482811423 134.68765066588952 129.13285569176668 129.08503797684457 138.55949205757491 140.99835506865611 141.18691720411155 155.58653520432179 132.43192706365178 133.44622216282693 140.09466836920325 141.26315163932824 150.45133138539379 144.72795041962357 154.68368402881279 139.52565685392452 128.11673417554857 130.72428650531143 149.99721554420253 151.51235461482082 146.41717924566561 152.87596760363834 154.01785555403981 139.26128162659214 130.1210794614307 151.01602222078844 149.69365514923012 152.45800268884184 150.51011903062525 144.35861778853646 122.57619969277343 155.34611624633308 154.26389703074128 137.48268102002845 157.45111608382072 153.31615358595377 151.77438937347495 153.99906199875855 155.1223958359391 155.42104366661985 150.65626452737393 151.97968667619807 151.89390419035047 154.32970324901777 152.35858545044937 151.90588811580042 154.33682608409552 152.89431004304754 155.29030713698077 153.51104616212223 153.75461403707874 154.60426081170249 153.70539892123011 155.74951352348967 153.53201667682407 150.83745380574814 158.52182239972666 156.40738302632082 155.633285594347 155.41412107372904 154.92551273690117 154.87592358612341 156.0781550011618 157.7841896666591 156.56819219210408 156.87795440065833 155.97723154383991 157.30145180744225 156.24681765441571 157.33506487869465 156.25354001303623 158.93873194819756 156.87253708023658 157.89695505638761 157.01097520011587 157.91712959977758 156.81628476641083 158.6808964600614 155.46625996867482 160.24343520138518 158.1898196595522 159.10032195424128 158.02439571958391 161.67462580919386 159.41337679669974 160.11374150690844 154.89229457958305 159.96193463165162 159.14205793986795 160.44122099537537 158.83483098824942 161.2227031532538 160.96765080464803 159.78843641793554 161.06897389904307
