# Created by Octave 5.2.0, Fri Apr 02 16:02:40 2021 CEST <br1@br1>
# name: ptcls
# type: scalar struct
# ndims: 2
 1 1
# length: 2
# name: x
# type: matrix
# rows: 2
# columns: 320
 121.54747217199437 116.98115952243637 116.83383938428801 116.37710718538723 117.97461079955282 120.28021785124565 117.01386927252935 119.38726323062488 121.90758245201825 119.80252200990529 120.26823024338076 117.98166609575323 119.97883244885053 121.36681682829577 121.31106834505921 122.12643895962329 123.61209432125177 122.74733869472843 121.35741859879852 119.111451882853 120.48455638813807 124.50703354706553 122.61906294126364 125.11066167458129 124.67650920925615 123.36920672517937 124.26678481230714 123.28730926891355 124.60822093715343 127.0256817652658 125.74618617360842 126.11860067794589 125.98253534854983 124.71098009774666 125.7593025764057 124.79223616354155 125.75123270360251 128.11898565011506 127.08302972995946 127.33568452314634 127.36732270400755 126.56774746361323 127.75485920165779 126.8765914454996 126.71629512303517 127.86563335198309 129.26938386107969 130.58720309352674 129.903028694135 128.34230027060786 128.86223162228035 127.84948510979916 130.61391354722082 129.40588226589952 130.24210569286538 132.28348476751387 130.65978336664881 131.52813166945299 132.88579431232537 132.04168537561759 131.06748165012908 132.05034198990947 131.40217362560173 132.86083010561964 107.74059815072461 107.85890532187796 107.77892827396236 106.36448144998018 106.61056955558 106.19766058422681 106.6064552602701 105.11955319043477 108.86709572749862 108.96390106918105 108.70844278180876 107.48732888295758 107.7475094288707 107.30424496027753 107.6907504877797 107.1630342187073 109.8663015563191 109.92023044826858 110.02193814969239 108.59341393099791 108.81386063902592 108.34728445498558 108.78246910643833 108.2532737397303 110.77534026071856 110.9145276809202 110.77269843903288 109.61203397712264 110.04447058919681 109.4231533843901 110.03501560599511 109.25613726049644 111.87859659941827 112.79439019020742 111.78895165829127 110.49766929368698 111.44101284422543 110.72049436068258 111.15767386181128 110.3981555480198 112.62873974108459 112.93915700880933 113.13299904018538 111.52117177741567 112.70309557046595 111.96993206383185 112.34341103745226 111.6243191177813 114.07322389145233 113.80383711701494 114.35729692103315 113.68294249595407 113.97516484352947 113.24124186319811 113.51572126613661 112.72148644738155 115.31714341246091 115.00064127570627 115.45901525920338 114.27597656445981 114.75951057501081 114.2318156441149 115.07041521460874 113.89687320393271 114.48051802873039 116.11092897226409 116.50399249106135 115.35457644009858 115.86027263082795 115.16342159186681 115.31496417699393 115.53193241606905 115.08423214837255 115.7972368527526 116.30930958659549 116.65903135725787 117.90922886756474 116.31948001294732 116.0897299180219 115.90442408262024 116.74280323371448 116.19389285125845 116.83310423708078 117.24564712976515 117.96776621804776 117.54119537298322 116.8749172344904 115.48298612597708 118.1923129904137 117.60405792059255 118.79961922630751 117.38976457545313 118.01687284565098 118.91567836048024 119.19886734791572 120.38231921395752 119.05441716631148 119.16559890279343 120.03015192386648 119.71526325405353 120.45124387111132 118.8812489629006 119.78444185568956 120.79288573739592 120.11823639773561 120.24598910081939 121.06152962891846 120.85502865620886 121.53541267417529 121.07695657597641 121.83432311508936 121.1676809526372 122.66161150557492 121.55257857022016 122.26317297722936 121.94568924227636 123.80284292114956 122.5108814726443 123.71634727674959 122.3136719976888 124.00244897984697 124.40005019902702 125.02663365090193 123.10251116809012 125.3122025570826 123.8787796735128 124.79299985710701 124.08768108769898 126.18159829310835 126.08320953821658 126.12861540267235 125.00881076054416 126.76623176200458 126.22390062826675 126.39041203292133 126.18486538193287 128.38343323898906 127.14302056856074 127.08245747720494 126.14190039396111 127.99512978248042 127.38854085620513 127.449969877426 127.30806305101804 129.45088007916834 128.56121162215209 128.09210586719303 129.34486353860422 129.01256499402874 128.80173832513753 128.35767000792995 128.17109839372856 130.52516148112841 129.29236518870601 130.31999384268786 130.6607129484012 130.16577394778113 129.90139531213435 129.56425795542242 129.19218753676381 129.85577512198057 130.57310217935253 131.42901157005016 131.43358945815476 130.96040452889343 131.37407000778254 131.90780353800758 130.72296020065752 131.26424037022511 131.95431328656247 131.97387980120041 132.28900233505078 132.32787385393496 133.5263200823897 131.83689557433496 133.11832119404221 133.38682348255625 133.94998102229536 133.17128280683534 133.31396863947802 133.8069910268193 133.24219529790108 134.00557548175101 134.01760230951979 133.9370816106584 134.15821773790975 133.86125742388955 134.610016105575 134.67450731135213 134.2571311514119 133.8166437338827 134.97451920930459 135.66271675307493 134.81868287182951 135.14739362683568 135.39340971182813 135.75952543866271 135.16422268936515 135.19508098795757 135.22840831084505 136.51082231924548 136.36682426596457 136.24649272322301 136.13644384741769 136.88897084769582 135.83881952945617 136.57432256415038 136.39895704294267 137.56796865407824 137.2692044113081 136.93137361584454 137.27294043076486 138.16526741086346 137.51726901975951 138.10238189802223 136.96542712321707 138.72367413635129 138.36461787333482 138.09235676603666 138.72053872964028 139.33638642070918 138.68496588838823 139.2927405056306 138.57357285491446 139.46506067216131 139.17739463018373 139.43950996795931 139.75799710915538 140.47005331615588 139.90596738959806 140.4974523339518 139.81341285329864 140.56193597547852 140.26077207281253 140.45532252438713 141.18311545682025 141.61539278874395 141.03460003185501 141.64964465773633 140.9642551680403 141.67719516666952 141.2855384142037 141.66851596401995 142.18909466308978 142.78482044517855 142.225216805114 142.77987243227906 142.07761743921796 142.79792655232387 142.35533238665695 142.78431624298906 143.39831183690529 143.99884971107096 143.36906803313062 144.47195422587686 143.17220583236073
