# Created by Octave 5.2.0, Fri Apr 02 16:07:33 2021 CEST <br1@br1>
# name: ptcls
# type: scalar struct
# ndims: 2
 1 1
# length: 2
# name: x
# type: matrix
# rows: 2
# columns: 320
 179.19584407995234 80.951348604519609 81.605101069243602 58.888947174733758 85.863439445683809 106.80479408790175 44.519087562012338 65.894308507621162 56.316491666032285 117.08295219944738 86.763475621333072 81.856080371121323 101.74874934135866 107.20740229104071 105.25739888638105 109.40589838433367 40.404959382655392 73.118448120576147 82.143206624158793 83.527604527067354 86.970944931538284 153.82097597140077 106.23135994554009 155.19996160009975 151.29982019413893 140.70178974489716 152.42049013997121 151.23511978996152 157.84860966131441 155.89711917339596 143.27126002642478 155.01099684836936 150.61670048578969 129.9955774131937 156.9447503367247 152.42488243263782 154.29774177327735 156.22905304802447 157.15218655173993 154.74541458989881 156.03220576645387 157.96611978190575 150.57551326921092 156.13349471266142 152.83892184894606 163.79132991064969 172.17585153330549 170.95722851635975 154.87133086012352 151.55512675792144 143.58112316842022 155.73140986300552 157.96993438551536 153.57822077898626 173.08975748872851 174.59952526372916 155.75902894819652 169.22581722715427 174.44589931955176 174.67825433011683 172.17655303697711 173.54614248079665 173.53030510515987 172.38641753379457 70.902750327233633 72.631396939136295 71.562893747438977 46.395119078916792 72.573421412105816 72.00862809933507 70.781621287809685 11.967612731459345 73.823040951770977 73.235018593641399 73.154848689602559 71.938939757787253 74.39787946154469 72.641038767442765 73.053681064020182 71.991168646673955 81.324669848111398 79.339936280078717 75.38530694751384 73.660130779008554 74.199897371442731 73.726278966586747 75.906074562703992 74.867801647257451 82.69050839064306 80.025897785428228 78.449179170072298 74.881953440713374 75.234148275187906 74.827518734236946 75.384812545292462 76.159830978960684 106.43315225358046 68.594589904968004 80.422487499141795 76.085653968605612 76.236246359846518 75.151257091659232 77.023571422916632 74.003529483119863 83.199658687304066 85.292289302407639 82.824054741925281 76.383849710770789 77.299186446490552 77.761532920099484 76.460823322488793 78.785410141340094 80.55010953399939 83.757986473307838 84.425311730269399 81.049187726565407 77.07450447871247 79.806981922327054 95.554284881288879 77.19786598409415 76.108604708568663 86.178880362624653 81.194783183677416 82.116450817699118 79.212541711921531 78.013929259377122 78.403039686914653 79.529486196646531 117.43150989000785 81.125618065320523 82.288719086738979 84.689785813698194 80.34404320094157 78.116735475103752 80.464158977846211 44.600383025501607 78.353137647486136 77.581180001763485 85.032197474689838 98.345531651766919 86.725584390072271 82.330367421387265 79.076774202783298 40.485491068518655 126.02270487010777 120.39855252818569 46.985855421415664 84.142329631512695 83.338926052990885 85.698550174853295 80.809991294537454 45.690947334932339 201.74388647349627 128.52123402738553 138.99198182105783 78.641227876443338 82.336602765696526 85.514716761852327 105.99848479489069 41.66213210923096 122.63160476052245 119.30866652709042 110.12552762388853 106.8779831029432 74.270052594348087 79.358852939277639 56.473094907294552 73.372306491376634 118.18601132705825 121.66298391019386 124.56608505552299 75.20132917467734 40.616562766910775 41.47041933575909 92.427990656403864 72.367530651410888 117.34826670371299 105.03797967644628 97.03232119921168 71.880496039066358 96.735830067598343 119.50956400140637 120.38616405034878 91.494520696843509 89.587131564707562 169.97978739788152 139.88718932687598 73.022971563992598 159.24685012819043 56.940290151809862 55.883249277695199 71.251228410993207 140.84245415586244 144.47608004040649 176.13360801406532 164.53054848208981 163.23618906520676 150.7244568849905 120.03782810784745 126.87835010530549 136.97519712612345 135.73442949929284 150.75111146986239 162.19057630002325 158.33239305724172 149.64879042049344 151.77195116650188 153.24539612718218 127.75601579092802 131.26771377825875 153.84626600636309 153.99939920668464 151.96208999470645 121.83248358327427 151.51593600842179 156.84481172886382 154.80369383713085 123.19679656420921 152.95277045110791 126.40966992638305 129.09650907414772 122.83835256487252 154.99873505864068 150.151740801372 120.85346788244343 128.07867950451774 150.88222959603971 122.3357529786164 200.45939422519149 153.96956995071113 156.40240624285528 152.82731709799151 184.22402528923092 122.90166843033782 152.06094092715125 151.73021696729867 156.87691901652974 168.72461851693348 165.79817102795863 173.33200481594565 146.35374638875601 98.616089062872732 129.01321283068089 169.59012284705167 169.93120568530986 156.42728084754791 171.40778400452635 172.28472234084458 145.2377749826536 128.00237031792798 168.86292228512096 170.64258434964586 171.02416463248684 169.83501945044711 153.52449200356378 108.21714809611578 179.7901934921799 177.24967273640084 111.02158984533509 178.37493600576022 172.71804804247412 171.32088155063522 173.21698517809361 175.38730813204791 165.54320055566023 161.76590906872522 161.79296993640676 172.15912297328543 173.33716070360586 169.8690794215504 170.83381322883318 173.73646110825948 171.360522456658 177.71041920532934 173.8260210431217 172.04323600108924 173.26487235809941 172.78493715928005 174.37369699623699 168.88663819033161 171.74397667768156 180.44140192622223 177.50313747136656 176.42861226188776 174.9292338825035 175.95023533719723 174.18940158382745 174.40773475941296 178.96419982770593 177.12347771386885 176.53296563776087 175.4593195834243 175.59399822595603 174.81867150856499 177.42654663832781 181.20716211063444 178.43029464441415 178.02443594138515 177.26657151999717 175.93409796132116 176.35829255810557 174.94921715522793 179.80519283797682 175.58832830010547 181.09353195325306 179.14639348043912 178.41102986651654 177.73532042261238 181.28132662385713 178.62599327189682 177.42786738000896 168.49501020673489 180.24537270292518 179.67016786208757 179.05978686272235 176.63676206399072 180.05212154084239 179.76927321609961 178.60308358700337 182.33497804625654
