# Created by Octave 5.2.0, Fri Apr 02 16:05:08 2021 CEST <br1@br1>
# name: ptcls
# type: scalar struct
# ndims: 2
 1 1
# length: 2
# name: x
# type: matrix
# rows: 2
# columns: 320
 132.67892430059999 99.618061211393865 97.802556932365164 87.34755992989291 102.3737720928123 110.55549876621168 79.100622707889656 92.221823620780469 107.01276450465724 112.45240433625612 102.81110456407971 98.596823735870117 110.68005459805471 111.66776385072548 109.37510448317163 110.19221406551385 107.12932939781422 108.05723653766115 101.90821788818744 102.9945077408351 104.27080313334405 141.15869126145938 110.64299798174929 140.78891100730925 140.3930716354688 125.45034787124177 141.11391137179891 137.60291111249404 143.06089696671478 144.0433942139413 139.74565338832647 144.87499854600821 138.27836508643665 120.87729311384521 142.80622642210997 139.78817184262266 140.59410777774332 142.16017012135407 143.10757940470398 144.86090066977758 141.58711880063422 144.20161848369438 136.22164575726461 142.96799572977045 140.02661734375403 144.09046737076585 153.49379600032452 152.82299647960997 141.32746783903741 139.66784964723436 138.07773321785871 141.58054299904205 143.98204855745809 141.57714936950495 154.09220715826007 154.91522011256049 142.89198803590878 144.46108204205171 156.08321970886379 153.45357116555894 152.39524391928467 154.65975992697156 154.6319234304604 153.92949443512939 87.616152188572485 89.50119367958159 88.494665958866761 77.189387095147794 88.952380167872334 88.002503431360509 86.930939699835264 45.972982746903924 91.934732633427359 90.980621170117601 89.836808060810412 88.595811412017994 90.851168832057908 89.928930753375028 89.812072334819575 86.816209278429611 96.429607342335061 94.265878506738659 93.354038362119184 90.84675518669026 91.736766547336984 90.728362959141037 91.957917504065094 89.687823635226565 96.327272839670826 95.492776453622227 94.91102911861698 92.875883356281534 92.795506578738184 91.758025911895601 92.023542802928958 90.345828951442812 102.59903023836513 99.824533292260668 95.52962110021231 93.951985958462259 92.919240845408126 92.951816008793614 94.026428329553681 93.738246327341514 99.575704259400752 100.7293543563152 98.312024041384404 93.92314727346043 95.119773933899566 94.031426273853796 95.027787499889357 96.429507923543355 99.331020585355446 99.409460778924398 103.09843738562292 96.6604160332368 94.90224911956598 97.509942762823641 107.39171576504012 95.317058872138318 101.12823544180608 101.86756190987214 100.79242139785319 97.242422822698757 95.893264635780724 96.146587805954297 98.124805558798997 98.763933321808295 109.72642732691642 100.14014593965746 99.997571537866079 103.7496314699559 96.873396877381481 96.11594282316382 98.924560812533443 79.789747942495211 96.737010867680112 95.69792820434931 98.6719587755954 106.0806004905283 100.44470367808246 97.533800774624098 97.06342157330036 78.346955396330031 121.50221157488346 108.81561631942482 86.813960108596518 99.214318602615208 102.39121098029028 101.65702566538867 97.872443364911405 80.802294048728569 111.10091838354862 110.07925673408499 112.20895802921464 96.111495819068026 101.67642851117894 102.0363614001419 108.25781356001748 105.32249275030888 109.1797256515725 111.02958295632803 111.46710303152226 110.10577756414928 110.60175635918166 101.16524120537188 105.88422890573597 108.20028847456329 110.10074517354828 109.99050563884892 110.26762099109902 109.11109310069143 109.9150233517657 109.11914495753172 104.99397623976722 106.84140772571017 117.89257107060081 108.83591697847589 107.20675431960142 109.11916344794302 108.0285170934831 108.16757307780719 111.0632943888758 108.03219795697285 119.0654753164935 146.49734771267248 138.21437893360653 106.97760592207615 135.75519552281366 106.00955755418231 107.13025349197676 109.75791228797831 139.18946796720016 136.5481650551138 138.3854963731502 136.06248883708622 135.62615848890874 135.08217171983372 133.30131833974417 119.72499118342576 137.64424121229845 138.64071253389892 136.51210085565123 137.21346094285943 134.59921383710821 136.16740264980913 137.40067540473791 140.21834629809638 134.74766940253389 137.67266018612165 136.81113888935369 135.34670175720387 130.03779357045843 131.59410647031041 138.72873380645035 142.39368931448075 135.73505818163503 135.91657499751062 133.59966591661342 131.43360088569898 128.44057526731035 127.70289410789685 141.05141323085402 137.06625596179288 134.11011792469546 132.47749075831211 134.75158727704905 129.61306770510831 128.81322038260481 139.15352882509518 141.09224279550651 141.59612884894159 156.83658437469481 132.70038645332929 133.59738977280787 140.47627244347805 142.06167021601755 150.98246175840134 145.84687776503438 155.41648827314424 139.67447452900799 128.98184126556737 130.35578590135611 150.18803331708338 152.16607674528913 146.85412812511285 153.78288819567058 154.94078701021564 139.66104953410451 130.68758322370036 151.30750162055909 150.41636583178379 153.13785587395452 150.16151300835219 145.30750659211492 121.94941569450663 156.10782469990406 155.37110277239884 136.32763338938707 158.58382927866901 153.97260273445102 152.66809884518443 155.04359561529995 156.17509818314974 155.774717186315 151.14118517977391 152.44336672202348 152.33720312322669 155.58127714523209 152.73258506706614 153.48045736754705 155.44670318490924 153.41363301335176 156.55690535650297 154.81682450192645 154.55658541746575 155.6118239418868 154.6200122940046 156.66981935746094 154.26974796071619 151.37160763165994 159.66259289641081 157.49041760532555 156.61741817870293 156.51048425422977 155.72658520230223 155.80585700952381 157.02112537902738 158.66038103056462 157.48150726790098 157.59673004898772 156.77126613786459 158.40408228999905 157.39417034760373 158.20476007904813 157.98754580589184 159.69639190333947 157.60374255338195 158.97196454781965 158.24326649209632 158.78373044507151 157.71255094315862 159.25374126266098 156.05255955273984 160.71739827368199 158.77547882844098 159.98815808791602 159.29413842086737 162.55358298819706 160.29298799192898 161.28312652013537 155.48606391251428 160.72752477116813 159.76178864022214 161.30745150201463 159.58648866738542 161.8035464048202 161.87415382000745 160.58301257406811 162.31641248237941
