# Created by Octave 5.2.0, Fri Apr 02 16:06:55 2021 CEST <br1@br1>
# name: ptcls
# type: scalar struct
# ndims: 2
 1 1
# length: 2
# name: x
# type: matrix
# rows: 2
# columns: 320
 164.03841880094228 86.605581053904757 86.228231788785919 67.50919087235458 89.558860060612332 106.652476125033 54.664545501584215 73.869033002478545 74.890604708139819 111.47323278929919 91.525242048661397 86.793256344493457 104.4540824689056 106.000589440422 107.9126221902041 109.38598618138725 63.69829203420143 89.477408211411671 89.780308608815133 89.652234861918927 90.317975511087184 150.15129497732255 107.23407293647385 151.23594500028463 146.06095923575722 130.26457539172878 148.12876600253242 147.10586155985726 154.09894129224804 153.84200231944902 141.43283232800351 152.16143963148824 147.68505412133072 123.31365211692858 152.0423411891193 149.12129998363486 149.94215720954625 153.07241342573488 153.68178810066414 150.91109173662554 152.61473577720736 153.15600899861758 146.27943401945532 152.04208270714352 148.11295336563396 157.60049469705555 166.39764770757336 164.88172178144197 150.49220893045646 147.24842319404559 141.52873444613289 150.89293023865059 153.73850011405554 149.20027790085095 166.93217487789224 167.76661472857816 152.3028316482791 164.20196097738594 169.31537659810124 169.21130498672022 165.55694400120873 167.35655839644889 168.06498767783577 165.40987485184783 76.120189171689233 77.271427081317711 75.612111134128739 55.722843415783444 78.234692920710316 76.562796167577602 74.938281773685745 5.5828580980857758 78.627204281170378 77.814308060779169 78.436210637936341 76.676785672567206 79.916438949250107 77.829315950415378 78.680880427125899 75.491115684814844 86.061038681767741 83.135336615717094 81.080636615583074 79.369020654914522 79.643532468593989 79.465721904090572 81.158571474300629 79.03449556293711 87.099369360310391 84.742249880123026 82.252669458615003 80.397380000810585 80.960734320251376 80.513296726202142 80.588310990222382 81.340084404085971 108.30181108396566 87.392719336516961 85.213646539252082 81.506976973254297 81.611299044379336 81.680999708711013 82.299719574377107 82.868712231136811 87.648245758803071 89.302587478336676 87.252094194395397 82.050312688501307 82.840362909429558 83.042611425834096 81.751742487293413 84.002846752099742 85.445722486161998 87.752353328895893 90.626789724205295 85.431799248574507 83.137534032364726 85.062100068287876 99.139896725744649 82.416063666373077 87.557131646773186 90.702285686691368 88.654880004509309 87.967262851541079 84.289637027936962 83.334110101333508 83.992530556552012 85.999179858558037 115.09760521322082 88.48912730078132 86.382475616401095 88.76289296728342 85.232834883913583 83.942148728338509 86.324090955514777 55.871625525196734 84.270794906261798 83.523418896881196 89.527768406400057 99.309709198326658 90.948603337920261 86.952700662608976 84.424673770029955 51.953901425075628 131.7956923605625 115.86567790961855 59.049970119192437 88.632109917558765 87.326986520384665 90.651314189116192 85.649137271433503 56.043558159966871 163.96353191008001 123.39504956774694 128.1170265461484 83.129360451489802 89.681138842972629 88.313137491058157 104.952546412644 64.872909100284502 115.44275637550351 122.12214001953019 123.90916331991653 116.79768908283137 87.285866430440464 87.038423926935423 74.966369287171133 85.606010758134971 114.61171840151513 117.44372557769799 118.32366210321932 86.796838333926004 65.820680762760418 63.235488802126042 96.788597757597785 85.089194133482565 116.43518702569673 108.19030533354051 104.5617626785517 84.51950385294748 99.502316651463858 110.41582381914017 116.58571593273649 99.550900182083737 91.45094017174371 162.50356880659317 136.8270990757276 86.069701638930539 148.2426551736512 74.310142310038742 75.435228458408488 85.579220812991238 135.57373777809951 139.3310192591149 160.81522676797252 148.58274448051901 147.12916486754054 145.04550346099043 122.9215851954682 127.99860580923408 134.07092069452779 134.94940553503869 144.50217924342977 148.93294361802248 146.37721339756516 145.54181338577271 148.76437866747864 148.42388744672343 135.25216874779289 132.70617799417829 141.21758764485281 143.54801134643884 143.66395482599083 129.99222261357411 147.0165841283528 152.60008379516549 141.92806917920575 129.80217054212326 142.61331832323268 132.09202685121423 134.22154299861702 120.16886613497168 151.48060417117813 145.06474370066266 126.35969357387305 135.35471768060745 143.88697815341186 128.88873282900144 164.7191227004347 151.49334340668909 152.04129310402035 148.90336514829286 175.9282444313009 130.83453231249064 142.70855140472261 147.23599789399532 153.3256130384878 163.19920359306414 159.89198068937333 168.06323739118423 143.6606798250306 112.73751656578918 130.53935089940086 163.97251884512229 165.50298622145343 153.52752919303438 166.39951591605211 167.21675515901691 144.0532422268185 134.13397071881974 164.30260335490337 165.33033387082591 164.69129176042185 163.0326834349957 151.17298290612354 112.37671463006819 169.6063002089866 170.41604406316713 118.6869059395915 171.20608577175099 166.96945700691145 165.46966869913604 166.40979017273892 168.44134398389903 163.58536328134255 158.54724605279176 159.9125986766459 167.31369669587863 168.41658222003164 164.32157087497578 165.00068575560547 168.15239492963195 165.86193285058465 169.90582480292375 168.30638477152615 166.07441029858984 167.13215063670458 168.24275015630323 169.1013922136122 164.34655711267396 166.3618798630726 174.32720479724819 171.48593795360986 170.52779899153748 169.3007971449949 170.36239369142837 167.38679184525984 168.86344946505284 172.42665737369782 171.53781309382268 171.07811974048678 170.16100743410874 170.84207075558814 169.98399209699409 170.07956226815378 175.33559088290306 172.52183474816906 172.15250682324159 172.09882489168868 171.08882278822099 170.67652734256546 169.75681619872176 174.3301207060253 168.88582636999951 175.18746531632041 173.24868943961167 173.07544010875677 172.96927087038301 175.98450566557995 171.76081664893817 172.847849297973 164.55454099728217 175.34652332858317 174.06735673841754 174.01057413882694 171.93530377474895 173.80882798496242 174.72159638422659 173.552829328738 175.42978948426784
