# Created by Octave 5.2.0, Fri Apr 02 16:04:43 2021 CEST <br1@br1>
# name: ptcls
# type: scalar struct
# ndims: 2
 1 1
# length: 2
# name: x
# type: matrix
# rows: 2
# columns: 320
 129.82718871091504 102.87118125076614 100.87922965827526 92.307152194277492 104.73692859644815 112.30143871340837 85.484223716457777 96.81002127535595 111.11420046845706 113.76275259031617 104.52820867159613 101.66676064285424 112.23880616726372 111.7531382352721 111.36185345743112 111.26662045227526 110.6506037177957 112.21998156902424 106.22855803768786 105.36208735996109 106.14375640634871 138.12943823925659 112.29504111598391 138.52236395473594 138.42129190381388 125.05210819775624 138.22170185368984 135.22717350065324 140.22656637073618 141.60417817285625 137.36357795182181 141.7765752271616 135.84278838684327 120.76326338985537 139.10134498771242 137.13785654675806 138.07190140721295 139.31383314485444 141.75166878104511 143.64521928566873 139.15165816546283 140.62365406561702 135.0963354182262 139.31332412928955 137.05172032686588 142.71670573283797 152.12696532895592 150.2040927793372 139.44039563964103 137.2627250048964 137.86091541561623 138.24899035793328 141.74543547070212 139.57540427135154 151.0995868305512 153.30478098268358 140.57490798985896 141.41178807623083 152.20857564863502 150.13077514768486 149.99864139237044 151.43501895167881 151.00347336436641 151.17524406845376 91.736943181597809 93.666691543325697 92.562216504461176 82.556023014988881 91.202629067097334 91.300783529917084 89.38690083633756 56.070513909109437 96.200594924492805 95.200874961995837 93.496777822535947 92.307666863640293 93.432996004274699 92.387988804288042 92.731884734412574 90.044852900331051 98.446224592496876 97.318332788643275 96.654173686966004 94.466704799216757 94.547465639880897 93.831203761723401 94.084825173952666 92.945619969049375 96.87695678078606 98.632099439173601 98.002767203453175 95.529587070698 95.684057640610021 94.837815287826231 94.997307593425077 94.154245607744812 101.5412511055132 102.94023258298009 98.028741810062712 96.738473229397897 95.968983984663936 96.12078800262897 96.860840802179069 95.699785275196774 101.45511374632363 105.08618551952144 101.00611164504629 96.875375607500402 97.842844336570693 97.04796213393098 97.783388759552508 98.885836348025137 101.81529255119409 102.11059790663327 107.39493660155047 99.099474825635482 97.787682239487609 99.683643197803008 107.59533365394572 98.010286450367289 104.18549869731947 104.27718156379494 102.71506717709732 99.794085025268245 99.02616466621275 99.033980102456482 100.37813596811088 100.89481495480061 108.38363285534032 103.60311047197196 102.46685515613943 106.03296255121029 99.785735924142998 98.887689694693591 101.18059766183939 85.72046753307896 98.969906676621406 98.934048045757237 102.8363184442201 107.08494412455197 102.56680144004939 100.52642219447577 99.901648248533519 84.945218889143632 117.19654075554644 109.44888402854487 93.754957605947538 103.71220888857322 108.89894820676646 103.59874293629095 100.17892223255447 86.766207327668042 110.88004048647635 110.10548621938332 112.13235996034548 100.04819532783476 107.96296196352203 104.89913852137823 110.18044535126812 109.41146573228349 108.90403777920784 111.27576333553235 112.02684037433649 112.55783991713919 111.75952713844426 103.86984640592668 112.32813150122043 113.34336092890177 109.69146413227261 110.97841631666076 111.32052855783823 110.61043350992708 112.08858410236691 112.96370131308092 108.99267458375181 113.01122779266983 119.04416608202412 110.26692070518598 108.74723000003388 111.089228461473 109.48713417544046 109.84453910706418 112.84300894081994 110.80545788240414 119.4499317142392 142.49402225783939 138.4396413334226 109.45915859806101 133.23488882449541 110.09140955787817 111.70495653242027 111.86430481286644 138.34403969133439 136.3244348227748 135.23912162436756 134.21075133590139 135.02488698016268 133.55945308787619 131.35674315240817 121.80042050962297 136.036209737973 137.18053493713848 134.88216724521638 134.52359225242361 134.3813543795423 133.61159422468936 136.19331914494467 138.57053625322948 135.29295884610997 137.16823224081415 135.43921602700888 133.85770196058007 130.0091252543501 131.014150571051 137.4779459441647 139.17788384870624 134.30875970481404 135.48299961589024 133.20419394961451 130.51568601129605 128.19090586635994 127.16416085001124 136.54224909906003 136.67245693407315 136.01810806187817 132.28796703976948 134.30285144181718 129.10214429521312 127.82457874216934 138.11886391009597 139.87712711564168 140.32547561460294 152.06366936054329 132.09064069413893 133.27780965710431 139.04574495626747 140.53904523004417 148.03623626959291 140.41299896128112 151.88709330738115 139.0476169128076 127.96555911621942 131.6600620363391 147.97787267381077 148.92787347459281 145.18577785813247 150.57833666031706 151.22865577364078 138.19330765312068 129.33801325003284 149.19308867137448 148.22679283329754 149.88499148370803 148.81494538438827 142.53231198967566 124.34259096061623 152.27058462621517 152.0724886461245 140.73781525183597 154.64527117837898 150.63226570541067 148.37438659355124 152.31414608675689 153.52635115362176 152.11501733450442 149.28966996151945 150.58405562345661 150.8533843537823 151.86604927144592 149.78873091260286 149.77554490519151 152.14851056138252 151.44622739536922 152.51579211439926 150.95936031757009 151.97380110526419 152.06121492905237 151.65238943782282 153.04627823497415 149.67084366405405 149.396368888859 155.76839257774131 153.39671588095246 153.2658357652474 153.0817638329768 152.9286226283707 152.62422024364764 153.78200483383452 155.10453717201389 153.9002577742996 154.12799213236397 154.03539918209964 154.43303750442288 153.18226293384564 154.82778169717551 154.96191503131811 156.19181375062811 154.30677237821561 155.07648612616885 155.15338465401157 155.24610437750252 154.07806643489377 155.94965990213382 154.38898906519361 157.27925251936318 155.47694997257807 156.05654759163571 156.03669539197193 158.88019893838242 156.60810233473254 157.53858807657051 153.15554204626284 156.86821704926757 156.03564947970685 157.0946844352741 157.02779923877333 158.12393042689405 158.72495217203826 157.75727851267627 156.90749320411382
