# Created by Octave 5.2.0, Fri Apr 02 16:07:52 2021 CEST <br1@br1>
# name: ptcls
# type: scalar struct
# ndims: 2
 1 1
# length: 2
# name: x
# type: matrix
# rows: 2
# columns: 320
 187.08403728394347 77.930594282245352 78.588715005431808 54.28361150066236 83.370700148795947 107.15364546704947 34.843642156395383 61.633839256945471 45.607731414043734 115.91098934295623 84.070369133710599 79.808353595622123 100.30343438280619 106.10274123693269 105.05509595112633 109.41653641056531 26.857690190103177 64.378729715883196 79.982739697260868 80.784179671355631 82.966310529152764 154.53298118322101 106.12693322996259 156.6226467685608 152.90392997748023 141.38486491271374 153.37939741829263 153.44116185809941 161.37598036790374 156.57446165247484 149.14640458479943 155.68674619443618 153.62424051372179 140.22058501807754 160.04644668107557 153.63987869936011 155.67304008948165 158.27865951221935 159.10183326672657 155.58636630677691 158.60030399219582 159.94035468056595 153.06648992952032 160.88984284692589 154.52212386979002 167.09876242202191 174.46365310192166 173.4815575614621 156.57862150056658 152.55327572866841 144.67760481457373 157.6230530399562 159.83586189024354 156.36320966930964 175.50737678652487 178.75782124086652 158.23011788424921 165.27040143199594 178.27528570482463 179.90010299491072 174.7800314356341 176.62627983113293 175.8705453007907 174.71879440506081 67.763824877205067 68.932557717995238 68.876329408930985 41.411814296207211 69.923144317991628 68.899524349647791 69.512438264778623 21.343891667791652 69.990321050674282 70.018621198209516 70.071837531757126 68.974126920790241 71.996491380520823 68.798808261817769 70.016633437127382 69.308920979834269 78.467501973690091 76.650523573524396 71.088679788291714 71.080782528765795 71.346775300013292 71.009828135599221 73.115442894090776 71.717747085602468 80.118808389537776 77.250056046936351 76.169222429844027 71.017975632087015 72.326762043858665 72.159163130783099 73.04566110463719 72.683578352555102 105.26923804300961 56.502951559685869 77.77707708444099 72.176529577789182 73.210344629026537 71.538806781999924 74.325723455712492 70.743360558545916 80.381821112209465 82.704156162662585 79.600533219954372 73.518807330306302 74.588338641272998 75.195670796630964 74.071193522120566 76.222619554013448 78.572306440396886 85.595275835742967 81.1473177711148 77.868541785216649 74.656280317960068 77.325876369346105 93.638684032881002 74.855856184167152 66.926336848959409 83.547566372722827 78.993497937726488 79.299935103710297 76.747449755169427 75.362196955217442 76.117474549303239 77.094304445415105 118.231031380486 79.228854528774008 79.590771652154103 81.452953877690234 77.585915306586045 75.653248238699788 78.222661518080912 41.186699861579712 75.819365265989049 75.415856022583455 82.882084025550768 97.830423099495277 82.202839933775152 79.18096724349823 76.492905545835583 34.358532110906026 122.83010835390682 123.1505754341046 40.540643459589717 81.937695037469041 80.597418157342403 82.318095294058352 78.474786868365953 41.807430160528995 221.92791151422551 128.90648565554895 144.80188943368069 74.606445875083907 79.676224910930301 82.469056906089619 106.56218631605455 28.211437001447575 126.78311547205023 117.78971630942621 102.52454279822931 100.26490346469609 66.142907575165395 80.390375493596508 47.509471581902808 65.854983983301608 120.15749676838567 124.6012669089541 121.93347454310521 67.814093536301243 29.317543468111811 29.829614070676953 90.098351246176975 66.868934314556853 118.42957693136023 103.35386048977951 93.009742874632764 65.354116622345501 95.257413193690113 124.26684758036052 122.32869533039795 87.190858437941685 90.679124410030937 173.70971752406251 143.29911682275286 64.819436452809029 164.68862583334516 46.136604934249512 46.83083133734641 66.653409285706218 144.47046387781259 147.22481114274035 182.6462659214769 173.00335884942467 171.79708021830518 154.72168467065677 123.12110696353632 126.27985733197377 136.76016115055856 137.47072067648443 153.38342955353954 170.59128369872238 163.93020273874396 152.45322963471597 154.21081500378517 155.32968470572982 124.60824180641362 130.89674862237658 157.4075022032209 161.2680638698173 156.09652741784367 118.69500818901503 155.16835702635029 157.83069384181795 161.12847827837717 118.9590259850229 157.19691428466848 123.96579181291091 123.58976144600435 125.45465297431744 157.50230211895266 152.14800615031777 116.96202687568486 123.82152334900107 156.61036776326938 119.35974183944953 219.55351188910265 156.47804702905628 161.17683225291077 155.35035824121724 188.65601780237162 117.64804387918811 157.73624416847395 154.18108008424642 158.91535661426531 172.37660340506829 168.95353298966859 176.85782704526687 147.49172707036072 91.066852258063449 128.97735612366975 173.58558271422925 173.70924509870707 157.9764632383154 174.56985509878675 175.6781506246476 146.26720898655117 124.37713684427418 172.56681403943008 174.55104353520787 173.36159568536513 172.66212759304642 154.7456256757817 105.99491392044257 191.16700690040997 183.42931253574872 106.92642097306111 181.2494810905275 175.6853205155405 173.51897155117462 175.93768361998821 178.65028025654439 166.49570249033673 163.77011619141987 162.52326876019859 176.39957208842219 176.90355988716951 172.61396902127319 173.97506386780452 176.28768312603535 174.96806782663089 180.16020382063431 177.49623237917848 175.10090191202437 176.52264227235665 176.61930662264197 177.72201632999796 170.93313676463205 175.59131853341171 183.50468675903181 181.36397810408312 180.25901332192637 178.66058052593382 179.5332607722118 177.71244382396631 177.34358783740782 182.52132549946921 180.74476595754072 180.06457727468677 178.98252595224707 178.0687274985535 177.67497191181798 179.28176070145378 183.49723416113454 181.78013640654225 181.48744775023411 179.91655172154685 178.82666989975144 178.55277597589557 177.45611763276005 181.62887986374864 179.70239805785599 184.22250229734652 182.67875021692038 181.02687536875641 180.44245966407433 183.92070037453774 180.38474002427623 179.74266191264135 170.60019238712744 182.67839901712554 182.08958189744493 181.57858025631887 179.17222207603797 182.83711463379814 182.33278826940887 180.68042664618579 185.43598305840194
