# Created by Octave 5.2.0, Fri Apr 02 16:05:44 2021 CEST <br1@br1>
# name: ptcls
# type: scalar struct
# ndims: 2
 1 1
# length: 2
# name: x
# type: matrix
# rows: 2
# columns: 320
 139.16404329415354 95.280567825564162 94.213259697836548 80.7347702440468 98.430853032289363 109.72853947285327 71.130268594466216 86.104226748013161 103.04646788690185 110.70527333084273 99.633188626412547 95.18695904724747 108.60473055500501 109.23634530724962 108.70323902200464 109.7219450539414 100.1040863823208 105.38009012611165 98.07998347840909 99.062588202053391 99.588853415150012 144.7975936134923 108.7935976339885 144.46130982485951 140.96543074493241 125.98133410255582 143.10765083382793 140.77056126161511 147.25266379801425 147.15732234268773 141.00388820106056 148.0554156071467 139.50657990795591 119.13614742914312 146.80436171773451 143.78117491348658 144.1209098605805 146.16323872197714 147.27107979322577 148.12466056889949 145.95710188343512 146.24706209721137 140.61124986951924 146.99942641676293 142.6144075750789 148.27113188232036 157.83443730717067 156.7132643865194 144.26914186887518 141.80598155870544 138.99785670643644 145.53080854765886 145.36906076005988 143.59428604729433 158.01095682561674 158.94472043936102 144.60840944566664 149.43084730760464 159.93371015452925 157.67012520615947 156.61208812702858 158.37130895190276 158.61169674751716 157.50450460350959 84.062375917123362 85.144880259920811 83.576201861064575 70.033872535359677 84.988314222942535 83.436390228644427 82.575936714846662 32.50960786396324 86.849480928082087 87.162198216174076 85.891722390461752 84.664224483795891 86.961979070291278 86.128603404646938 85.917251175384408 82.326730668178726 93.147166509234864 90.845076768496369 89.897441615996968 87.007205580224593 87.946029549417332 86.921646101967085 87.903469470965888 86.030402383952833 93.327877775780493 91.956359044528696 91.021468779372483 88.829772832085055 88.875180677143476 87.941828631086736 87.915430437835667 87.192407318707623 105.6672590862844 96.340311870525454 92.31471501565278 90.088186705666075 88.799323275753238 88.974862913172089 88.936831458151758 90.954134633848653 96.224243055100544 95.976839192929546 95.147530969104551 90.009798587300509 91.041289430264754 90.038183617638637 89.884199645097127 91.891201855265521 94.390968871238655 96.239557845310031 99.107301651100457 93.130263848850049 91.184395905700313 92.814125665396546 104.64110941860829 90.861006864278465 95.857450970541848 96.381700084796833 97.370562036083626 94.312865296509472 92.195504522909928 91.825477680082557 92.939470564280825 95.158822139967128 111.51681995568455 97.357976165728502 95.327503178278405 97.963981411234272 93.193089945908696 92.098307938603284 95.11728759352647 71.491111731140762 92.692426655168376 91.581303558923238 95.241386901102345 103.44043916583026 98.597879177398127 94.136135801371267 93.066106275401737 69.54927073924523 127.24310600066616 107.59110149694486 77.559296778795158 96.249519810984282 97.007992626357321 98.776400506687878 94.180927766454559 72.700305869384465 110.80756106865952 108.86975875834138 110.50560970576277 91.731751131517484 96.101871848417005 97.270758967904101 105.69430450501663 100.35623996544879 109.43320705014393 109.77574758236385 109.09608159790839 107.58772949352844 106.64965561168917 96.859009933080046 101.46267376493273 103.34739147173534 110.41637370567076 108.40890713734444 108.07857547785267 106.89588673438578 99.986291690960115 101.00782914440504 103.6154086143206 103.85686607801091 117.87972471269667 107.15861987550277 104.74167054612458 106.60299548906873 105.91409568374439 105.79360925769159 108.49595762415242 104.58173601045839 117.03025312883891 151.83511498578326 135.73167247109865 104.44895115767174 138.17398612268019 102.49381910632711 102.08390666948988 105.39426007718744 138.79379241085678 136.73270922363227 145.47729385893001 138.68188998119098 136.7854821400237 136.78393719949557 133.21128038221809 118.85093739851855 137.83404195946645 139.73483180222024 137.63512531688579 139.58371253982247 135.59085110618665 138.51331441590517 140.57122632565412 142.24337580314426 134.59864499116154 136.87919117648525 135.84803998197506 137.79265534901359 130.08697330699167 134.21619624674551 141.79686916695937 144.95996417694559 135.64364873170607 134.79412138296837 134.48251310015416 133.09233758595687 130.86409917857904 129.60948933257217 144.87350741782956 139.60206892950626 131.52664314108799 133.39786408596817 136.63314713463654 131.80750596961556 131.84494510454579 143.5787083135784 144.65583278469063 143.87652878863685 163.20047106023017 132.20704655934964 135.31227721325519 142.73239610897667 145.76867954387495 154.46642977691204 150.90304593868521 158.9742876993927 140.60272016884161 130.27030600278846 131.29823095768259 154.29638915930812 155.65189216252162 149.07859514775336 157.88999787704282 158.98166227069433 141.52560322385 132.85447416704329 154.90104909551539 155.4710906854591 158.36496551211289 153.8350118487283 148.90678220652535 118.75851533969382 160.11766924116816 160.87573049775185 130.44739090612188 163.12101248127541 159.23968482228366 156.53695710664181 158.74949453841512 159.79937559002738 156.2642490505666 153.60987213744653 157.34683526252854 156.96280187018877 160.16575295587137 155.51139794211355 158.05220670188407 159.06302345324877 157.16126256617798 161.40321545294381 160.29375860090252 158.23583239897181 159.50706570227942 159.01625043554418 160.52445989417978 157.7615700223769 156.0695751915226 164.16490691040482 163.07668315249737 161.20336322042306 161.14970285992786 160.07199133706246 159.63166775349953 161.11938158245897 163.56925246860524 162.47141249452892 162.09693743847509 160.92381276175072 162.7452508498416 161.55959749708313 160.90158416400888 165.52191586783854 164.7934091308627 163.0520707838281 163.06620031403847 162.39422266354322 163.29359821043215 162.20094978736003 165.92596887876073 160.01727421591175 166.2885633183368 164.12314229982312 164.17598684703083 163.5598170064815 166.17150288258028 164.65727966215778 165.12548836393091 158.50888960743691 167.24533922680175 165.30385687536102 165.23612066221651 163.86470512961026 166.03204327946031 165.73368886972537 164.62870172897826 166.25663864604914
