# Created by Octave 5.2.0, Fri Apr 02 16:04:23 2021 CEST <br1@br1>
# name: ptcls
# type: scalar struct
# ndims: 2
 1 1
# length: 2
# name: x
# type: matrix
# rows: 2
# columns: 320
 127.58653931902057 105.49008059262309 104.54394264308516 96.203974687722521 107.455817945852 115.10906380996126 91.027673055050684 100.41503371823669 114.15710728117071 114.79231193279192 107.33009335741927 104.07774899020012 112.8493417507097 112.17602466164468 112.95555606398716 114.04881744194309 114.56711802096473 115.21054641883262 107.47595475415008 107.45443581131275 108.75380612376181 137.35916173970026 113.25905711880662 137.95125601162462 135.01117666416815 124.73920559716046 136.29943833115161 133.36052251992118 139.94248813359789 140.93797221509013 136.33414030384336 138.87324915899819 132.32432754828142 122.55017253827816 135.09218531183615 134.60304032924986 135.71163924432489 137.86951308862359 141.21924574951808 141.98162772106875 136.26041336319628 137.07366560330715 133.65786608358638 137.25661852883147 135.50339396032444 141.18080669647088 150.27931149283509 148.08383796075367 137.63125006414572 135.65522794731251 136.75079665866889 136.59467251413071 138.43572836986456 137.35504303672008 149.16649328983189 150.77753249220612 138.76118175673835 139.20305549100567 149.2927396739498 147.96487009495053 146.51290694257366 148.41525325653149 148.93693502375407 149.15945340971351 95.781942579177795 96.696360927636476 95.270859884564572 86.77266552343545 94.49578597725386 93.879800179109921 93.846056348539619 64.004288393699483 98.360510995417897 97.295104050683605 96.279080670854555 95.482764996228482 95.942361400993789 94.960543088370358 94.525055059278358 93.385030889718962 100.49546899535736 99.188830505214469 98.0027052742455 96.953449695766722 96.822898678587762 95.656911098202485 95.472997444778741 94.396898174415355 99.466570727641511 99.962829782627296 98.869345567010171 97.886796596081567 97.704482644340089 96.641937122755067 96.469393900290058 95.427324700947864 103.15594238986948 105.15328959202589 100.28777880714098 98.873264762179417 97.570207248086973 97.513361087958032 98.73211859561323 96.482807495836155 104.51674221843733 107.90355884956838 102.87039737204734 98.777167720087078 99.975471492254314 99.875735063858428 100.01649616372623 101.33829231468464 104.2794546593766 105.19372287616193 109.27623128498396 101.37797823023968 100.01250415975038 101.90644798605696 104.92479284356153 100.74418066529891 105.19443898398603 106.40819560810802 106.42985590007272 101.6415593237022 101.06360552516232 100.95246581845277 102.15849956793465 103.18672178512153 107.18211714430203 106.41289228785607 105.40143483965082 108.68956787935224 101.81415266305612 100.9702280394413 103.75989523038656 89.830024490017294 101.92585421153768 102.23771954386602 105.37135614625316 109.91520021960055 105.37977107619842 102.45901468425139 102.13879199547236 90.129568776354319 113.8061219245435 110.24343159485082 99.20859849672334 104.35236734365584 110.55204988814889 106.46347622567276 102.83746919053137 91.474670507779905 111.06468944732137 110.40758152359933 112.1231070615117 101.17878106268678 110.60216419068716 107.25744522755581 111.69108461582219 113.45357353087053 109.38855614791532 111.45123223418651 112.59064926597196 113.6299460638698 112.86712591569787 106.28847693920426 117.60950355192691 116.52108805913541 110.03795899741544 111.39979685303487 112.31246560198497 111.65655823026626 113.19842876249776 114.46558890159974 111.89808406880029 117.83169128582009 120.50474147381112 110.50208970619167 109.55770235749713 112.04028083756437 110.18999036750401 110.7224814451265 114.00193969005642 113.71407174817303 119.19625385822772 139.34855225761339 137.50152046905035 112.27086601676454 131.52342321391495 113.00496851479974 115.75932312475625 114.79901082410184 136.13204180243383 135.07203284319002 133.42521895704519 132.43901423608514 133.98115592454366 132.36963316692513 129.82886264807274 121.55461104864877 134.23730069870766 135.51366521216607 133.95945499584045 132.88533274634173 133.68983682630471 132.94086121225098 133.19761020588132 135.98540541193384 136.34503453338078 135.94726525457051 134.84022429777576 132.82924255424663 129.39624803449166 131.20993507216772 135.13917056623004 137.83880909150301 134.51345283863199 134.27887045390437 133.16199152628835 130.12842566439349 128.42285100930775 127.59797877402193 134.63792878420799 135.85074785394409 135.40883536642278 132.16732695300425 133.39068183572215 129.48776690560337 128.06862729139229 136.66925080941834 139.72235320934513 138.66475553790582 148.31352184942423 132.33788781162644 132.68439532051968 138.95676488581242 139.07089627540236 145.54843352519745 138.6792520335496 148.99154523077732 138.36657381222096 128.85385778620099 130.78884349698728 145.52370191528243 146.52715518501438 143.87493121979074 147.59444216014384 148.19079917923935 137.22859400591943 129.20327743281553 147.33249760251653 146.54668671378454 147.4119133644509 146.3129292558034 141.12321310064218 126.22294295541664 148.73584988131159 150.00048080534287 144.26564286113256 151.39071310016669 148.31517189895555 146.52386523722939 149.64491403625496 150.73331656350823 148.66727776946689 147.83490800431952 148.271221043803 148.42029543676202 148.44330162825 147.36196578784185 147.41459225485903 150.28393783777355 149.46107060277677 149.56796096583381 148.81349394925459 150.28195772973413 149.49434607363736 148.71357510423672 149.9449396346279 147.11774958471122 146.87772914696302 153.20191856391037 150.72005693581804 151.34782389997821 150.72528548190806 149.65278024310987 149.72395232899157 150.76840242808981 152.05983160627682 151.33659696927199 152.45017067083865 151.94704574995757 151.76004223486615 150.23248554358358 151.89442001492461 151.77394808520259 153.12670394019253 152.34787079462265 153.21460532811011 152.85839396272505 152.57882780889241 151.16553606639016 153.39138881275073 151.69721158649216 154.59400324007515 153.4081915218749 154.10254058313561 153.69895832282953 155.72667265635968 154.48377251997567 154.19518241109392 151.34964712787149 154.1670005791504 154.117746980666 155.11372112127296 154.89675283677713 156.04209204150882 155.88572569775852 155.35795951134705 152.80452223100826
