# Created by Octave 5.2.0, Fri Apr 02 16:06:48 2021 CEST <br1@br1>
# name: ptcls
# type: scalar struct
# ndims: 2
 1 1
# length: 2
# name: x
# type: matrix
# rows: 2
# columns: 320
 161.81901713280831 87.38013344423149 86.60751185180554 68.690046173398528 90.345865014273116 106.89806257146941 56.007088584076953 74.961461015472707 77.171462183069877 110.40700235370356 92.49159163817356 87.67627142588421 104.82467604802162 105.97051736682764 107.92121132056269 109.3832584823535 66.969806491575852 91.718361648512428 90.331728608583674 90.435770170369992 91.242235116101284 149.58714885467253 106.97242593619028 150.78601726211559 145.61511000788457 128.62127917290405 147.72896027163404 146.54020974751421 153.98562218192112 152.88207246105966 141.39453374524075 152.04410616391635 146.78583271428218 122.83619067935521 151.59249321040096 148.42882687792047 149.34740490582487 152.98112269437428 153.05159716864949 150.83689000732409 152.13305659768622 152.48479348893952 145.58437089257563 151.88895945761868 147.17840551275981 156.75243507875498 165.74439183604696 164.74220225386532 149.98054425339356 146.71592226436994 141.24758530609353 150.42268479080218 153.14408414161474 148.4818637517786 165.954695011692 166.9441439589672 151.61092560158127 162.91156429061343 168.39140399068941 168.29701496782351 164.64745770945461 166.36583238492707 167.53155563105025 164.64895644837051 76.884046745086721 77.97237811645914 76.710987560327169 57.000613872888465 78.671841313705485 77.493710869087693 75.828161274193775 7.9870321843248284 79.827468128058797 78.774370660816402 79.004083045136284 77.685603259967863 80.60643199968716 78.753226068378055 79.557724050803003 76.29251964289962 86.506793155211994 83.850381630979044 81.770845733435578 79.804152350032368 80.13831765304343 80.301675794951137 81.617187281045489 79.686399443862513 87.566417333796778 85.474151899700018 82.825909999050523 81.143067568399346 81.38869151387992 80.961407775232786 81.419402477578643 81.930589106073938 108.91024010319299 88.113784456677962 86.272535812143872 82.211326434787139 82.129968997222775 82.671823693297256 82.794343886013252 83.880809193580887 88.177667026041206 89.585682963658925 88.304922529795519 82.777805681328886 83.220174783307158 83.678108155089674 82.554656843517577 84.796094857890296 86.711953722582308 88.931155105987614 91.681608431280139 85.955021445200487 83.819238735132956 86.006027438627655 99.631076430464617 83.104051222540122 88.383356082246124 90.545661527912401 89.48314924272448 88.34610309902439 84.807184420629639 83.993670157678551 84.503078222914553 87.169727372410478 114.77789224379794 89.226605042452931 86.998149780305397 89.489976723924457 85.363064141528739 84.263458448747855 87.060527978923659 57.311225569273688 84.553718252136733 84.92068484648162 90.402082324205452 99.441788314293746 91.311213556364891 87.267645784542523 85.049430564163316 53.5249165424122 133.32177130899748 114.09119013196468 60.70258857094268 89.254926458771493 87.870764095159416 91.593345242715785 86.150902293370422 57.613375480561814 158.78814087399559 122.48072742287819 126.62730664547455 83.688627146280254 90.280657608454973 89.505815820083058 104.81104033023247 68.180780594926986 115.02480818473964 121.21622830681098 125.87129185361697 115.99454709577854 89.131051039323907 88.170415728243157 77.621550744337441 87.269084171091691 114.29059970545973 116.625087354117 117.28521833839122 88.687350726576113 68.424373862144094 66.856970997960659 97.3859411961175 86.378982111847805 116.594739381978 108.62213076601917 105.59319301818732 86.670772882292795 99.527468874633357 109.29600967272064 116.04257879600567 101.00833235194155 94.336085797560386 161.55737148591277 135.75795391633432 87.968848642882818 146.46737937135447 76.563341747061742 78.381499508594047 87.111536939575956 135.82204806586282 138.62621641236262 158.75182040981147 146.23193356051618 145.11752978143934 143.46397881775056 125.03581337134975 128.15206549470375 133.88657110488509 134.92937669776151 143.68924414384372 147.87156911302193 144.17235522567873 144.83479187387462 147.74932203844713 147.42330004793732 136.14208969800254 133.9496875581687 139.19750539418263 142.71578342070771 142.73319847599939 130.91575660988082 146.74262741621831 152.04411943132988 140.5105695698287 130.42177260073061 141.23510090115772 132.13517316514745 134.59362810108726 122.20778032170576 151.008282517319 144.44444675938777 126.82102835666009 135.71440860123235 142.73540161053836 129.83593555672658 159.82319509430363 150.84450308356296 151.37642711133446 148.59622937739968 174.79183609459815 132.18511283928115 141.64508652905178 146.70907654900802 152.70960420807842 161.9131530961271 159.08305403045318 167.28611562450646 143.34029802540033 114.67018554144312 131.15327329496824 163.03483815178865 164.02597497418824 153.13030293899143 165.23136324813299 166.21761437636857 143.87490986045265 134.24620799881961 163.04445953094984 164.1006667716949 164.12673683342948 162.15554284298054 150.94340946281901 112.94651826485619 168.5348253200041 169.78850604739677 119.73694924017457 169.98526805944334 165.96969061939336 164.39769406335705 165.42084314088231 167.93155533767953 163.2852316767283 158.10640909606451 159.65493778738769 166.13924786464116 167.00953322571601 163.1063907299351 164.30069856108381 167.1135415534103 165.11679239667822 168.94702970639267 167.68748754256541 165.41397672083164 166.51507396683226 167.26577755848288 168.38078419557911 163.51590554138156 165.17082814168188 173.96572527680689 170.44586847989208 169.47226024683172 168.40198043194178 169.42062254808127 166.97524615501703 168.14390433365429 171.68344485341149 170.42938945337747 170.64374070987202 169.32490833774287 170.11449140926663 169.21653812264398 169.01980155251394 174.63658838503807 171.68687445700436 171.68092810796566 171.33219123019123 170.22712656457361 169.99903442383186 169.15114127721299 173.75404108874253 168.08978630233105 174.69929528421912 172.7085417269829 172.63704237451154 172.26862580269358 175.11240833270236 171.01777108600425 172.57384104074049 164.01475069461742 174.90355525669884 173.69581624152337 173.54362874984648 171.22794508552141 173.92145523877636 174.4629521615326 173.04078900009023 175.29720608868658
