# Created by Octave 5.2.0, Fri Apr 02 16:05:22 2021 CEST <br1@br1>
# name: ptcls
# type: scalar struct
# ndims: 2
 1 1
# length: 2
# name: x
# type: matrix
# rows: 2
# columns: 320
 134.10479209544246 97.991501191707727 96.312683873876253 84.867763797700619 100.75970029376596 110.35813634734343 76.058708524506059 89.927724793492729 104.79228042672757 111.7972302092261 101.45882517695777 97.604386540109786 109.90180808191107 111.03642331495065 109.22150511084747 109.98406022507038 105.36348328955972 107.01981802990579 100.6353787656746 102.17212295266469 102.54227083161341 142.2800124022869 109.4897369026597 141.27714625459291 140.34529937586163 125.64946770798454 141.7602084793842 138.79077991841444 145.27688450299587 145.36757825841633 140.4334853577466 147.87560706067759 138.81607165365918 119.47614277931893 144.24871443808797 141.36040200605021 142.15789414910321 143.64103036794594 144.46471781707339 145.8617586852418 142.94094092657116 146.17700930174229 138.33215893059642 144.48197274846331 141.40786712995273 146.24884374130107 155.29017198939223 154.53391980327726 142.5055930822999 140.69841192935118 139.75933560593512 143.28132364422541 143.63621274591 141.54556441455111 155.74244825213287 156.57833737003864 142.86188499609796 145.43961815977332 157.7842182370407 154.77579187065072 153.65343442435503 156.55794274460297 156.55744166029214 155.53154719395451 85.675435284526969 87.591472174286508 86.571159871349778 74.50606913522725 87.518924883770978 86.395523022598695 85.610490834415785 40.924217165801167 89.913913858514462 89.029331284396818 88.479697815922847 87.476743099060869 89.475419810478655 88.343978273106913 88.625577996375753 85.456204542779687 95.408880628197764 92.78813334067722 92.106269649568219 89.258100941870183 90.343475532298498 89.59760109487199 90.428887386814864 88.701203162041139 94.584395667145287 94.091687873155422 93.183183864983846 91.123121402615681 91.424381363224754 90.722422819871056 90.455288891215432 89.554888134339791 103.74961605633486 98.421417013949451 93.594054147214379 92.368010077259015 91.761359523034201 91.525645651928883 91.402892335301743 92.581578055108082 98.761139872007931 98.655575088640148 97.292122164610745 92.510069173185769 93.70199613692796 92.80640086446202 92.754860278766088 94.771524117705624 97.525385382397474 98.401605194572156 101.38803193925426 95.242737787937315 93.463169366715434 95.717710384021515 106.36023838512818 93.812574758574158 99.039151461766792 99.487039543468185 99.776982797330291 95.995030915561316 94.388071915828334 94.759411079546936 96.778400694179837 97.338733408771233 110.39782456270447 98.670069011105866 98.666472027749066 100.76948123821749 95.414301010202649 94.373307506375866 97.302572903642286 76.701160548099111 94.01643007251289 94.602991372582181 97.820588625873668 105.09093999589574 99.753163321946445 96.508264015531154 95.936220647199931 75.047823649923231 123.65504698455197 108.13798730959125 83.343461359921008 98.175890974785617 100.28689088192674 100.77793959873296 96.448934896671574 77.793678687462673 111.64644315564105 109.72924074806964 111.6414292203923 95.224155866444377 99.455927916754618 99.913120275365273 107.29649766439216 102.66559177352347 109.77283775251526 110.74266631955017 110.38203389888848 109.0675622650905 109.27315177119499 99.84659352461891 104.22955366058028 106.41167807634119 110.6482582579431 109.46499962455017 109.21005597108093 108.07555759147732 106.63094981595113 107.47968265460167 103.74237055802203 105.831832348406 117.82290042554312 108.39624654656183 105.95226347355577 107.97390921367237 107.29445076658611 106.90908758730151 110.15365580347648 106.99688736199663 118.3671202569668 148.49901044008902 137.58000321113849 105.92720872583551 136.83728620947159 103.74484324421748 104.80358606984443 108.17389451484827 138.23195143643619 136.75438153473078 141.04492043031763 136.61710662325501 135.94156967605608 135.46831420149357 134.27360593341217 120.14544171684857 138.27110151308676 139.32800418887061 137.33555212806633 138.83074808102643 135.27367670282436 137.18892480617404 138.85362517152436 141.41558853221821 134.61111180202923 137.84531055582016 136.67862958407295 136.15307751347331 130.49844737916899 133.19635656133477 139.74465490648245 142.91720598025736 135.71970416265009 135.34288982863615 133.90601834272002 131.63047447775864 128.99840366058095 128.1854038609813 142.25982525296371 137.54013149791191 133.14131488084266 133.17306362304032 134.95243586130462 130.11979670939459 129.19480940502777 140.89549469604367 142.09250389260836 142.15044119760157 159.22304188177057 132.82251877741368 134.1763185108467 141.07906823857536 143.68792435286443 151.75303320374744 146.90583669780409 157.16983458609829 140.01871764320262 129.28827994864062 130.30333038095736 151.03604523104835 152.99263288105146 147.68830325860304 155.59026964358961 156.65868921843054 140.36410616850202 131.25586341518419 152.13821043650228 151.93640545576412 155.03303114733825 150.62762092028524 146.37361339554033 120.75282806145182 157.27865293986272 157.76820163242138 134.12254245816263 161.00276238855938 155.53904426876193 154.68832051596797 156.90895734136726 157.97021236229952 156.22307878262643 152.06694278890114 154.91821454690981 154.24277126062361 156.90902687997601 153.80797171387832 154.80174638022373 157.08548920151603 154.20086160682607 157.76573236536868 156.79697431192645 155.58222972216615 156.6382558760871 156.04993930379769 158.46260067237787 155.96896990619561 153.03972818698881 161.14585859139041 160.04441832451974 158.34168149021281 158.15272007446211 157.12993492169051 157.64105623668431 158.8155898646167 160.14069419318045 159.11783183121901 159.42912860244084 158.58630237238572 160.17303666435765 159.10823524564884 159.83786122235011 161.50306109375887 161.2965365913864 159.32749822973091 160.61013692910541 159.77643694716446 160.63143781288125 159.5710549439205 162.71115066186542 157.75550516659331 162.51961000992034 160.37169857183122 161.67348398552238 160.97567653605725 163.58405239763147 161.70480128190934 162.54965644031537 156.61962354811027 162.2776176431706 161.43473544255568 163.29873709791656 161.20392734018063 162.74088740246185 163.46566825669595 162.1535008798113 163.61090178691038
