# Created by Octave 5.2.0, Fri Apr 02 16:06:14 2021 CEST <br1@br1>
# name: ptcls
# type: scalar struct
# ndims: 2
 1 1
# length: 2
# name: x
# type: matrix
# rows: 2
# columns: 320
 149.61230795807148 91.640171591028519 91.036023793699655 75.184750329140243 93.8273478057164 108.48810460470463 64.095615625241081 80.969815086940599 91.285049548782865 109.23863716528371 97.660602180024568 92.151299341686581 106.86294073315972 107.70610749400105 107.75112361022158 109.2410748057526 84.721215901637166 100.36279018604226 94.056397351301285 95.529694150772315 96.725441046458968 147.21414553330325 107.37226017191853 149.29038239124492 143.26619727964382 126.42698326098011 145.18982299023457 143.42912477962744 151.71212421804773 150.67122049391233 141.18389154004555 149.72649952825461 141.31038823511633 120.21015277270169 149.01494151500509 146.13028070156841 146.85877307578502 150.37146179913543 149.3969422826421 150.9099956704236 147.93048873110803 148.76740225078049 142.31671805840389 149.65856060855944 144.90514224456851 152.08810717810186 161.89528179300157 160.74802040541067 146.51590312891636 144.51788001087272 139.93566577040994 148.18410110227913 148.48975076623594 146.06142516671383 161.91436710918668 162.8628976887139 147.42462256679445 155.81438251336462 163.38758846498482 161.78315148398767 160.88708857773804 161.36171830798997 163.02295514301363 161.0909683153194 80.593373781698091 81.273523463199211 80.668694962549168 64.028351386966079 81.672585312829185 79.93007635707194 79.620219551198574 21.209989658639618 83.672338477086512 84.07436140179 82.388548178440175 81.622915107364449 83.901175958608221 82.862325181520433 83.124410684447739 78.788635300272176 89.927036629111683 88.100623418234605 86.923329856222267 83.602005642272701 84.618944444775877 83.544435748480097 84.591193166150035 82.458446262158148 90.167931190590721 88.862692696926374 87.736862573466283 85.846395374309012 85.730079053114494 84.642455417748948 84.612764340720076 84.039299290237707 108.62191312110613 93.334085230971723 89.089303157166412 86.656908449622989 85.405619337354707 85.153452151081524 85.880618387567225 88.396637707392287 93.341084141329503 93.418441806800828 91.846839889298991 86.544793393585209 87.510318162763028 86.903194277716594 85.970859524776543 89.309844987939982 90.853038040872008 92.97314980500542 94.747358691076599 89.693345531022572 87.597357991348488 90.380320410480664 102.33256480642444 87.330682707260095 91.649204980990646 94.12733958525196 93.884436980975011 90.96101479293597 88.665383561135982 88.468844587215585 89.662094441200693 91.641204317812083 113.01947091197209 94.476783326632898 90.960953743316452 92.798967926695653 89.712321010987424 88.492972526397949 92.016004976340511 65.339314763575231 88.815465404742781 88.86218035893107 92.415145004638887 101.22405233688518 95.570282041664996 90.838263613544484 89.441446403711637 62.165499687763344 132.05887026099194 107.74134446212598 69.791990055569016 93.2003476290691 93.489914941368852 96.537700433751453 90.634083625314062 65.432541704501489 130.39855069484776 115.18482158736855 118.36525878452832 87.802392427686243 92.818969532828433 92.83025069192891 104.03275687696909 85.976338458366627 112.09572418808168 114.176963367456 129.96876585492188 110.09008761773819 100.32828487087374 92.06740731298386 91.334280317888556 95.541468279335078 112.90586462712558 111.69334374554607 110.88640460824858 98.795283949253175 84.815871588281027 85.343592858115585 100.71101349987974 94.422288777345543 117.47227734152497 109.68592674390577 106.14524815254235 97.998718018662004 102.80518916096752 107.21267673942636 113.05532454398616 106.2634615917423 109.14855785477927 156.31502680428696 135.39809434315023 96.998187151153004 138.82806934359289 92.474059799575201 90.394705544709296 96.98645849240998 138.34316589541896 137.53612472499768 151.42933817735235 140.97267182050047 138.66141157777827 139.8149814905756 131.66149920389131 122.15226047317284 137.25763620380025 138.64345099302545 138.53701942218353 140.59608162516506 138.0861784730229 139.40774564169629 142.24565373054614 144.12956080967135 134.69684363529311 136.62290906669037 135.7708696499312 139.59887205514951 132.88789211035686 133.79568070093407 143.52737630819186 147.72422786151884 136.57019865401796 134.66677063499003 135.29052677417098 133.38335968198359 133.56188820785309 130.83838255767813 147.2686682346453 141.28573677973378 129.35836966198886 134.40294270078076 137.50612779152576 132.3881434557141 134.29420570892322 146.723549960095 147.5765807180008 145.59587504218311 168.54159024273306 132.31297430200877 136.54296312966522 145.01458926168749 148.38011851373693 158.03409354734558 154.6722168242911 162.8396600620348 141.60651741430254 125.36845331477994 133.17224604689622 158.99304136406499 159.71492193722568 150.94555854175522 160.42071448237562 162.09735254432098 142.86576255857108 134.89717419457625 159.14277261116794 160.27473408179293 161.3103549859722 157.78224563791949 151.05138279236098 116.08043825619021 165.04918382983377 163.92957656142534 125.51218739338145 167.33727663368984 163.05185864724464 159.19468930024738 162.26700546071004 163.89354981595528 160.34375386752183 155.68180583406462 158.23780289646757 161.96327699076019 163.39123545564007 158.54975843571566 162.31551643481689 162.77638050907896 161.26944668444369 164.77596034796809 164.0301770195031 161.412964253773 163.85698141062846 163.04757017008617 163.99369924754336 160.07563476840528 161.09150294278948 168.18888505714352 165.88532107690418 165.20406420831324 164.42227594190709 164.10077851721169 163.52876841230849 164.80697738729424 166.27354792983695 165.49865315521359 165.2754956094343 164.58698906778562 166.2379291416861 165.03737628940723 164.87342117554297 169.95273882100116 167.27958921065914 167.09426648034119 166.36659203863647 165.70065884743747 166.90528392733989 165.84508129074615 169.37388646069226 163.78668648407412 169.73804152147628 168.19489197884994 167.71790540053081 166.77568011110111 169.35838746214191 167.91196363161916 168.34393236418941 161.04590402996126 170.16099134774851 169.29743669151731 168.68590190771477 167.25736901802125 169.11550611249911 169.03957510197455 167.75228091285726 170.14995906881907
