# Created by Octave 5.2.0, Fri Apr 02 16:06:53 2021 CEST <br1@br1>
# name: ptcls
# type: scalar struct
# ndims: 2
 1 1
# length: 2
# name: x
# type: matrix
# rows: 2
# columns: 320
 163.37259830050209 86.837946771002777 86.323394128894137 67.863447462667764 89.681721969986754 106.62911627421025 55.034547403638314 74.196761406376794 75.504867378374769 111.18299255779603 91.770298456158841 86.701112592862216 104.5652605426404 106.13312371180399 107.94239133506589 109.38516787167713 64.682526132030446 90.149694242541898 90.0004461505455 89.835243564734725 90.684899706651976 149.97008291372632 107.27986318085598 151.08732894413822 145.8968321261319 129.77158652608136 147.91351070587791 146.93616601615435 153.99661443455801 153.7152969247114 141.42134275317468 152.01737123228222 147.49106266080895 123.17041368565657 152.07136953173938 148.92279215724008 149.80732009175588 152.96115207125231 153.57358693304803 150.76449717451794 152.48140641064427 153.03104826937033 146.02573472668524 152.07163144042065 147.83346800060008 157.34607681156538 166.32031509498398 164.78316025377995 150.32539483240984 146.96224464642728 141.44438970412108 150.83184264346033 153.50558730936035 149.1834567724672 166.57251518961758 167.39524512003086 151.91554411265088 163.81484197135418 169.00655921234153 169.05207965537403 165.39729435250433 167.06215389342785 167.8336177629574 165.33628571183328 76.419484625210558 77.479277560822254 75.846910221992815 56.10617455291495 78.555043137278119 76.76595175544432 74.937126470115217 6.3041103239574916 78.980899814406783 78.08567249685585 78.771402456060017 76.991894965110902 80.182940889785129 78.10721231558658 79.136092830044987 75.752780155496438 86.178106826582294 83.296445134900253 81.291924830065028 79.660534994354563 80.066983339669932 79.654514434517509 81.255581381183546 79.125454722399212 87.309284501955489 85.012353000774368 82.448340401485197 80.424768423571223 81.040541616066591 80.759861095095772 80.788230590753955 81.293895578640971 108.28834293080583 87.566580769575651 85.383170866574829 81.729926341140299 81.86549949204786 82.051574292419502 82.495762063278903 83.179236253641619 87.820642139287116 89.401963275405905 87.809591188099148 82.188994599559777 82.962123471444045 83.012501889727744 82.078499159013759 84.259648674729149 85.710344824828326 87.842542868779617 90.755062196629225 85.493723660068582 83.402221308083028 85.460268749494702 99.287250637160639 82.589812632929394 87.886753016899291 90.540619764454391 88.985805447548884 88.363139241337137 84.335337302220069 83.646412365235662 84.155260386774074 86.220161202734005 115.00169132239395 88.654930225176471 86.466107103195725 88.941234134883487 85.257470901072551 84.24157295268796 86.52281779392311 56.311087631081662 84.493740660575526 83.871938989044224 89.780478463955461 99.349332933116784 91.210273600939431 87.084196093795512 84.677889288689514 52.4252059602766 132.32442075790874 115.22588920376437 59.54575565471751 88.814091846236266 87.595371937922366 90.873507612231677 85.707084678022468 56.539682286177204 162.41091459925468 123.33836505782423 127.67011057594631 83.229731402092767 90.0550554562233 88.590391708870868 104.91009458792054 65.656470329668068 115.43835026076879 122.13220777342642 124.00950688397131 116.6051509228227 87.82297569899012 87.569193649993977 75.788439806886274 86.104748756554685 114.39311184027127 117.32553903670691 117.94505459407135 87.381416588545321 66.623967400125963 64.505775211718472 96.967800789153699 85.405689680068548 116.48305273258111 108.31985296328411 104.87119178044239 85.04229776720868 99.529814794897646 110.05025067603877 116.42277479171725 99.968177356558229 92.316483859488713 162.21975176361374 136.59294254842533 86.757984582692487 147.68126945100093 74.916008788329762 76.433681615958875 86.112610052614727 135.74282494379213 139.11957840508921 160.1962048605242 147.83428849047272 146.62887168540792 144.5011063630119 123.54469524303809 128.04464371487498 134.02503225912139 134.67439584453484 144.16716388368238 148.58620207145634 145.7283955453654 145.43908467242031 148.38583325445859 148.02006706026754 135.57930533482559 133.0057905208599 140.43661596754373 143.24162576832217 143.35371752848945 130.2774098519964 147.01684502634978 152.40927744634647 141.36065139264392 129.92998450076252 142.48517918224778 132.03406603257844 134.47523664465834 120.7805403909919 151.34135856169232 144.9800480935879 126.49809400870916 135.44092738182113 143.60047110560907 129.07632707501432 163.25034441859538 151.34816036117729 151.74432064631111 148.64112095259063 175.58732193029007 131.29950252074792 142.4862671827525 147.11278664293897 153.21560057906936 163.14305809817483 159.64926053847256 167.94686202728906 143.56730387399836 113.31731725848536 130.79952662068351 163.85943777093595 165.082400769907 153.4083613168215 166.08782631123 166.9283492268143 143.99700392805192 134.14966603987847 164.05736237961236 164.8321179857804 164.49341713478802 162.70451443663381 151.20658433942012 112.54765572050459 169.21408647071323 170.29855393001463 119.00191892976642 170.81358890623932 166.73322588908036 165.16541759693342 166.27442368041531 168.283102893413 163.38420732876253 158.41499496577359 159.83530040986844 166.95544338922775 168.00495939302732 163.95711353976225 164.61291056127254 167.61844770977328 165.55062465331605 169.77030530317398 168.16219747100718 165.8081417454577 166.96773354863831 167.90919148858532 169.05870460964712 164.22450209299595 166.03784412391951 174.31568702073523 171.24591789553872 170.17921709314069 169.14615152199875 170.03481817108278 167.12465639387682 168.70287338935702 172.2635275939204 170.99100828904199 170.99271539075545 169.96007249535819 170.58070942591323 169.75876500690956 169.71234483951193 175.16205658677612 172.13239524320139 171.91421471628237 171.9253715316963 170.79542162500681 170.4845705264332 169.54071745519289 174.24179383527314 168.3978803002623 174.8293822733547 173.1877812654277 172.90120225358129 172.70716170352196 175.72291436767892 171.60582670467318 172.74519691377736 164.39260390648275 175.18692637035741 174.0816112656579 173.71615563372012 171.64938559441808 173.90789297314956 174.47149197077135 173.51491893496294 175.25089457078863
