# Created by Octave 5.2.0, Fri Apr 02 16:03:50 2021 CEST <br1@br1>
# name: ptcls
# type: scalar struct
# ndims: 2
 1 1
# length: 2
# name: x
# type: matrix
# rows: 2
# columns: 320
 123.85212366586953 109.15819435100896 106.82783905085284 102.69867884346424 112.44438869101742 116.44319275697779 98.660493896935492 106.42338778970458 118.84099900151722 116.5082441702515 111.55454921417339 108.18578331076006 115.11199265734498 115.93395570253983 117.05759458265567 116.1456599902554 120.88072598698459 118.96360364858378 110.3294960779553 109.91211707771832 111.74028553450653 135.00101016318411 115.00706966630865 133.73864681793421 130.12653547633764 124.21770126283417 132.81339367478768 130.24943755203441 136.14261422368318 137.01525609820652 133.53373895213548 135.96298924409945 130.62285524882512 122.88949936251079 131.09205947452256 131.40181194402862 131.48405570468373 135.44476715876797 138.11570039111388 137.30476591011796 131.7707467280612 133.9530321595339 133.37130035580475 133.03555679889388 132.17707507383582 137.11156576901274 145.20780650167706 143.59532912106786 134.51666625881978 132.46867728177915 133.82722415122018 134.04045758399633 134.97398767812112 135.05249950750672 145.72407861957589 145.77029095232049 135.98960936662229 134.52122891037331 144.10457893391265 144.63105081935493 143.96517211741491 144.16680807623297 144.65469351269539 144.66297445749723 100.22296414416236 101.30290062193804 98.53819745309039 93.800403037513064 98.26562195373009 97.143661701428016 97.363558187266804 77.227245868012318 102.23728552766875 101.19753470728803 99.547771486662995 99.257011742239342 99.462635533681024 98.363622545893335 98.532046782623283 96.723658833251392 104.7863020219083 102.65368775154289 101.58011298598879 100.43157387333839 100.64650477366601 99.441466870953974 99.459976039080644 98.374369979449057 103.64602735343726 103.54093192197193 102.47460423610676 101.35700220613887 101.33778233796104 100.35134306031399 100.34388752438619 99.165838962509341 106.84897355913608 108.4537508197029 104.49758377397541 102.16684805753886 101.3945773792384 101.42180190594617 102.54014562059989 100.53916741066588 108.96531531697572 108.62341575545885 107.54807214910477 102.5706882961376 104.13450268928037 103.58830972338438 102.49231348035704 104.13799608532091 109.99566360196488 108.19556738070096 113.84586574073305 105.59271584580993 103.40887863726033 104.62239370341479 105.4168730692367 103.47864962619053 108.09203979084458 109.37152997736089 109.13210355924119 106.66926142732457 104.46695543959969 105.25298648743107 105.78913523940126 108.01034841031999 109.85034397853603 109.85957196830738 108.88956080341133 112.86967683544734 105.36962099438671 105.59699926500932 108.45217043874277 97.847938557316368 107.39160155314487 105.24338765803365 108.32292260608176 114.04913674945249 111.23013045741193 107.58564422752708 106.5404853601022 98.770151921705462 112.68300979312707 110.76158182911922 107.01198463154064 108.70073903233985 113.24396083605824 110.21398846334247 106.45032508695041 99.75971805800134 112.14635444708065 111.1025241966673 113.30024966474956 106.31038890318396 111.87989515876113 110.81562927436211 114.20881672341231 119.86439784483331 110.61048371127067 111.77988230401016 112.9327750442917 114.14646280599119 115.56199342165809 109.24813126334546 121.91360829638664 121.53285897432313 109.72124751684031 112.2122174786932 113.29070924216718 114.63375490561272 115.76973237374372 116.67240694181795 117.26965776656736 120.23253239258975 120.24635221703261 112.78599892789281 113.85096696216097 114.87296241754845 113.40496326882297 116.5557499147717 116.58973740835148 117.65690988022612 121.46613900796527 134.10610225723673 133.95435923391267 115.76614684510794 129.60586762366839 118.34301833427358 119.45106313651587 117.75210932780872 133.61980791151507 132.95088483983406 131.78565587090421 130.65239154978127 131.44747139732399 129.38675056235755 127.28239514084703 123.78378370349687 131.49329872016281 134.77973866792476 130.42363000820399 130.15693003084294 132.15234538202205 130.9107525540187 130.72654026659265 131.26816034067417 134.86206730942797 133.23568986595913 132.59775478207067 131.41923959532488 129.57702274608778 130.63074153329134 131.72887493412094 135.37625324560074 134.5239509486901 133.25446404667207 133.56974898394276 129.94125319148296 128.24663245244167 129.33052829468949 133.03424750504001 134.22035831954832 133.2884554394349 132.13773824005588 132.40543449462203 128.9519663780309 129.82455830073806 136.33894219879957 136.83357327625151 135.57991378899121 142.06327599755915 132.66101911579935 131.6278647811672 136.44153615144594 137.25245462672461 141.54012441705299 136.0982484476821 145.00911149895427 136.92179335753659 130.46246043453499 131.08250254552468 142.33073517479497 142.90021855700695 140.66129915620655 143.14221121107741 144.10316321006437 135.93044654762494 130.15756269977317 142.91390667043447 143.59745627824455 144.30585523417724 142.77169810664859 139.70175170586188 129.35686294674727 145.32299358729193 144.06876612322094 141.64646081105201 144.04468217705863 144.94146776800133 142.41348064543959 145.52131450534185 146.25861186922742 144.11016879351294 145.40520822721993 143.42727643791227 144.74424761341186 144.49585070938636 143.80439567797376 143.34269360722959 146.80278351873915 144.24653647594687 145.82360294991173 145.52635798917726 146.45921318357549 145.85963234034597 144.16209514850971 145.43950146600403 142.42298254267095 142.48403479765733 146.94607190458188 146.70903822577435 146.84983021114766 146.82085827995917 145.44162078363007 146.1409087639274 146.79743249494877 147.75139566722393 147.52847239640079 148.20572317920599 147.89402906338344 147.5470188466949 146.49765083105891 147.9725381448655 147.49817081529747 149.92127136322011 148.70482040059946 148.86084698551275 148.62423465228613 148.24664637190705 147.19251308633878 149.08676582991475 148.62434100883777 150.59607475240639 149.38921997086683 149.61618513601212 149.38954634822315 151.45471391431994 150.13512585843856 149.89580716420312 148.18949512187513 151.50379163822387 149.98388305558285 150.81592315861818 150.66395919049313 151.835052213148 152.65084889815165 150.96130546810633 148.77617817555412
