# Created by Octave 5.2.0, Fri Apr 02 16:03:33 2021 CEST <br1@br1>
# name: ptcls
# type: scalar struct
# ndims: 2
 1 1
# length: 2
# name: x
# type: matrix
# rows: 2
# columns: 320
 121.88306813966261 111.27886497976674 109.22305111713113 106.12315921649169 114.49225328748058 116.82084641192239 103.32189255208655 109.59142902738765 120.90427245585887 117.40204500069564 115.81128825949669 110.41443426217 115.79182131569061 117.80946255413565 118.80732994483722 117.93176884913643 122.10512099404757 120.96170756061332 112.44773086549978 112.78585842993493 113.8104694945949 133.19296295356168 116.60635502148511 132.43060391730933 128.69568282536616 123.94272625018939 131.0960592351324 128.60904729623957 132.85971009130392 134.22270203242647 132.1217725442832 133.19885354712591 127.8378058936194 124.52384260629159 129.78728409722351 131.07602276951584 129.84987564434911 135.23571619432425 135.22733441073495 134.12485989488528 129.87825304388824 131.68888398622019 132.21027946189881 130.31442295020338 131.02353179585629 134.79754715600859 142.10146621414142 140.02295888648544 133.31217121036013 130.43311903919422 132.68479904228067 132.11408591377415 133.71692397429723 133.13723436080289 141.11875486827151 143.62928386634687 134.56368050853035 134.10361125138175 142.29182669765004 141.23926020605711 142.6723870437753 141.89080883220291 142.59562421763914 142.85563747631687 101.82942772354096 103.77739102002975 100.98902477372201 97.505937363117624 100.21581520312334 99.284325886720637 99.293249119360055 84.19935071810454 104.44266567224125 103.27940945360859 102.27243860605428 101.13079512379022 101.35970200040185 100.40349478120068 100.48600779259876 98.102108112162568 107.15208597659215 104.73993480625229 103.46519932400354 102.19205282486961 102.22392226643966 101.37741369503409 101.39816069993537 100.51777149648821 105.88788128533632 105.75620129783388 104.41890409218297 103.04941495730348 103.32329851095844 102.32404823851648 102.28440598599947 101.44152874496604 109.16123890197915 110.38176604235925 106.78351674647844 104.47404675020144 104.07801762578887 103.26247264004029 104.52054000472715 102.52262253266316 109.47542422587181 109.98643893244078 109.29814080825687 105.28801145299029 106.40050511246073 105.82812294933773 105.13456439336565 105.76595292671747 110.70189865893234 109.81751392890128 112.50054977483805 107.93991615740312 105.42910770677324 106.98966978904481 107.3220694643211 106.24817846935667 109.44090078190818 111.66700999250268 111.63851031131152 108.81757630213215 106.76135018007682 106.99645717089578 108.04628716662529 108.34678497744062 110.07870020670457 111.18630314249225 110.52170433313415 112.96322430350173 107.79262561007243 107.56053572289194 109.36377532861826 102.30802211093508 109.13580954046246 109.71860947954654 110.72067679872768 114.69447761684739 114.37641087021106 109.71432707851164 108.33675618186265 103.32609259146771 114.12592190459422 111.87973717183053 109.33141781471406 111.2775119478584 113.84501601724028 111.47569978457575 108.84729810902262 103.25892431652291 113.84417281832165 112.80142124823223 114.86149246248985 109.26083862879344 111.98168332644434 112.8712205998507 115.54731163854053 121.12849945717103 112.47035371500459 113.16071208032646 114.50356028725744 115.4834245884344 116.53711111295912 111.914646670428 122.26284722203191 122.38002565363264 111.98401416635583 113.54814021481923 114.6441305519606 115.75291828781751 116.85859708769063 117.98868034024846 120.34663673615742 119.90139070082331 121.17852877527143 113.86430204209755 115.1438121161506 116.3550586867497 115.6133912101585 118.68002210218555 117.57578218173623 119.02171718012218 121.59456937510487 131.34190134794721 131.948250906531 117.43305295247961 128.18641864465081 119.92411756450113 121.32397153843893 118.78442322676678 132.27900400276806 131.85302364292426 130.09922559963601 129.08300181968582 130.36733889271542 128.07492701217654 126.09112431599428 123.50374018504969 129.69557292389302 133.3597906638424 129.74364134351026 128.62171255892633 130.86779995383151 129.85284227857633 128.93480879262708 129.60773523420602 132.30898060179621 130.67721081836527 131.76514608668822 131.08613926063836 130.06331594987637 130.05882994734236 130.70279607131403 134.05984838639961 132.85424764686911 131.9178726641133 132.94504977155268 130.13147578447564 129.72207656944406 130.66164748331138 131.50480152387783 132.60716638742471 131.16238798773256 132.28284963098574 132.44216291642465 130.59313609530113 131.46311555419766 134.62274537819596 135.31445114270954 134.51405303114592 138.76769182112119 133.02712806471268 132.00843350953264 135.13395397551722 136.32868751919105 139.23258833719117 136.24656563228316 143.33980158029951 135.97179618032283 131.84172948452311 131.18712028332433 140.0552643222745 140.56664509457636 139.58485678400575 141.51542321219577 142.12784486702037 135.4341726434495 131.83135508757911 140.88334284598571 141.22385748263861 142.51552265883424 140.49967102372921 138.06025527958971 131.00929348762836 142.2327972927504 142.23182499397856 139.21852434465782 141.46617203524954 143.28023383893125 140.6709219386376 143.26597820486418 144.24768700795923 142.24790698943701 143.32635050735453 142.10316925825785 142.20404569603119 142.74820053457961 141.66077051088158 141.55767227996103 144.77193430613414 142.6258464738207 143.658250817446 143.54276001157075 144.23745500462724 143.93638849278463 142.49201602467866 143.29500467220757 141.409627137483 140.96473551868462 144.29797243853844 144.61432567959568 144.95514209056154 144.92025479945306 143.55544742457371 144.42289986400195 144.16293298705708 145.65429335005163 145.31961626592798 146.07771211678494 145.98576783834619 145.59048680142465 144.38693015216552 145.26840685589906 145.39614694248917 147.68861347050404 146.33357647060893 146.99839472091188 146.89093980010517 146.53416198922108 145.41623079531536 146.50082866869204 146.51801697447061 148.53107896727315 147.38362781947956 147.86225272466106 147.89328700242635 148.55447636462043 147.40603462234927 147.4722003320245 146.19543659732824 148.91243892520546 147.98342612099594 148.88512880879364 148.9124820375531 149.86571865007909 149.53360559217936 148.52080774331947 147.33654662274188
